 #  Spin polarization functions (in cm)      MU=(1-cos(TH))/2
 #  Z =  79,   projectile: electron
 #  Kinetic energy = 4.95000E+06 eV
 #
 # TH (deg)      MU            U            S            T      1-U^2-T^2-S^2
 #------------------------------------------------------------------------------
  0.000E+00  0.00000E+00  0.00000E+00  0.00000E+00  1.00000E+00  0.00000E+00
  1.000E-04  7.61557E-13  1.58202E-06  1.45748E-11  1.00000E+00 -2.22045E-16
  1.250E-04  1.18994E-12  1.97753E-06  1.82185E-11  1.00000E+00  2.22045E-16
  1.500E-04  1.71346E-12  2.37304E-06  2.18623E-11  1.00000E+00  2.22045E-16
  1.750E-04  2.33225E-12  2.76854E-06  2.55061E-11  1.00000E+00  0.00000E+00
  2.000E-04  3.04617E-12  3.16405E-06  2.91498E-11  1.00000E+00  0.00000E+00
  2.250E-04  3.85530E-12  3.55956E-06  3.27936E-11  1.00000E+00  1.11022E-16
  2.500E-04  4.75964E-12  3.95506E-06  3.64375E-11  1.00000E+00  3.33067E-16
  2.750E-04  5.75917E-12  4.35057E-06  4.00814E-11  1.00000E+00 -2.22045E-16
  3.000E-04  6.85391E-12  4.74607E-06  4.37253E-11  1.00000E+00 -2.22045E-16
  3.250E-04  8.04379E-12  5.14158E-06  4.73692E-11  1.00000E+00 -2.22045E-16
  3.500E-04  9.32893E-12  5.53709E-06  5.10132E-11  1.00000E+00  0.00000E+00
  3.750E-04  1.07092E-11  5.93259E-06  5.46572E-11  1.00000E+00 -2.22045E-16
  4.000E-04  1.21847E-11  6.32810E-06  5.83013E-11  1.00000E+00  2.22045E-16
  4.250E-04  1.37554E-11  6.72360E-06  6.19454E-11  1.00000E+00  3.33067E-16
  4.500E-04  1.54213E-11  7.11911E-06  6.55896E-11  1.00000E+00  1.11022E-16
  4.750E-04  1.71823E-11  7.51462E-06  6.92338E-11  1.00000E+00 -2.22045E-16
  5.000E-04  1.90386E-11  7.91012E-06  7.28781E-11  1.00000E+00  0.00000E+00
  5.250E-04  2.09900E-11  8.30563E-06  7.65225E-11  1.00000E+00  0.00000E+00
  5.500E-04  2.30367E-11  8.70114E-06  8.01669E-11  1.00000E+00  0.00000E+00
  5.750E-04  2.51785E-11  9.09664E-06  8.38114E-11  1.00000E+00  2.22045E-16
  6.000E-04  2.74156E-11  9.49215E-06  8.74560E-11  1.00000E+00  0.00000E+00
  6.250E-04  2.97478E-11  9.88765E-06  9.11006E-11  1.00000E+00  3.33067E-16
  6.500E-04  3.21752E-11  1.02832E-05  9.47454E-11  1.00000E+00 -2.22045E-16
  6.750E-04  3.46979E-11  1.06787E-05  9.83902E-11  1.00000E+00  0.00000E+00
  7.000E-04  3.73157E-11  1.10742E-05  1.02035E-10  1.00000E+00  3.33067E-16
  7.250E-04  4.00286E-11  1.14697E-05  1.05680E-10  1.00000E+00  0.00000E+00
  7.500E-04  4.28368E-11  1.18652E-05  1.09325E-10  1.00000E+00  3.33067E-16
  7.750E-04  4.57402E-11  1.22607E-05  1.12970E-10  1.00000E+00  1.11022E-16
  8.000E-04  4.87388E-11  1.26562E-05  1.16616E-10  1.00000E+00  1.11022E-16
  8.250E-04  5.18325E-11  1.30517E-05  1.20261E-10  1.00000E+00  1.11022E-16
  8.500E-04  5.50215E-11  1.34472E-05  1.23906E-10  1.00000E+00 -2.22045E-16
  8.750E-04  5.83057E-11  1.38427E-05  1.27552E-10  1.00000E+00  4.44089E-16
  9.000E-04  6.16850E-11  1.42382E-05  1.31198E-10  1.00000E+00 -2.22045E-16
  9.250E-04  6.51595E-11  1.46337E-05  1.34844E-10  1.00000E+00  2.22045E-16
  9.500E-04  6.87293E-11  1.50292E-05  1.38489E-10  1.00000E+00 -4.44089E-16
  9.750E-04  7.23943E-11  1.54247E-05  1.42135E-10  1.00000E+00  2.22045E-16
  1.000E-03  7.61544E-11  1.58202E-05  1.45782E-10  1.00000E+00 -2.22045E-16
  1.250E-03  1.18991E-10  1.97753E-05  1.82251E-10  1.00000E+00 -2.22045E-16
  1.500E-03  1.71347E-10  2.37304E-05  2.18736E-10  1.00000E+00  0.00000E+00
  1.750E-03  2.33223E-10  2.76854E-05  2.55240E-10  1.00000E+00  2.22045E-16
  2.000E-03  3.04617E-10  3.16405E-05  2.91766E-10  1.00000E+00 -2.22045E-16
  2.250E-03  3.85531E-10  3.55956E-05  3.28317E-10  1.00000E+00 -4.44089E-16
  2.500E-03  4.75965E-10  3.95506E-05  3.64896E-10  1.00000E+00  2.22045E-16
  2.750E-03  5.75917E-10  4.35057E-05  4.01506E-10  1.00000E+00 -2.22045E-16
  3.000E-03  6.85389E-10  4.74607E-05  4.38151E-10  1.00000E+00  0.00000E+00
  3.250E-03  8.04380E-10  5.14158E-05  4.74833E-10  1.00000E+00  0.00000E+00
  3.500E-03  9.32891E-10  5.53709E-05  5.11555E-10  1.00000E+00  0.00000E+00
  3.750E-03  1.07092E-09  5.93259E-05  5.48320E-10  1.00000E+00 -4.44089E-16
  4.000E-03  1.21847E-09  6.32810E-05  5.85131E-10  1.00000E+00  1.11022E-16
  4.250E-03  1.37554E-09  6.72360E-05  6.21991E-10  1.00000E+00  0.00000E+00
  4.500E-03  1.54213E-09  7.11911E-05  6.58902E-10  1.00000E+00  2.22045E-16
  4.750E-03  1.71823E-09  7.51462E-05  6.95868E-10  1.00000E+00  0.00000E+00
  5.000E-03  1.90386E-09  7.91012E-05  7.32891E-10  1.00000E+00  0.00000E+00
  5.250E-03  2.09900E-09  8.30563E-05  7.69973E-10  1.00000E+00  2.22045E-16
  5.500E-03  2.30367E-09  8.70114E-05  8.07118E-10  1.00000E+00 -2.22045E-16
  5.750E-03  2.51785E-09  9.09664E-05  8.44328E-10  1.00000E+00  4.44089E-16
  6.000E-03  2.74156E-09  9.49215E-05  8.81605E-10  1.00000E+00 -2.22045E-16
  6.250E-03  2.97478E-09  9.88765E-05  9.18953E-10  1.00000E+00  4.44089E-16
  6.500E-03  3.21752E-09  1.02832E-04  9.56372E-10  1.00000E+00 -2.22045E-16
  6.750E-03  3.46978E-09  1.06787E-04  9.93867E-10  1.00000E+00  3.33067E-16
  7.000E-03  3.73156E-09  1.10742E-04  1.03144E-09  1.00000E+00  0.00000E+00
  7.250E-03  4.00286E-09  1.14697E-04  1.06909E-09  1.00000E+00  1.11022E-16
  7.500E-03  4.28368E-09  1.18652E-04  1.10682E-09  1.00000E+00  3.33067E-16
  7.750E-03  4.57402E-09  1.22607E-04  1.14464E-09  1.00000E+00 -4.44089E-16
  8.000E-03  4.87388E-09  1.26562E-04  1.18254E-09  1.00000E+00 -4.44089E-16
  8.250E-03  5.18326E-09  1.30517E-04  1.22054E-09  1.00000E+00 -4.44089E-16
  8.500E-03  5.50215E-09  1.34472E-04  1.25862E-09  1.00000E+00  0.00000E+00
  8.750E-03  5.83057E-09  1.38427E-04  1.29679E-09  1.00000E+00  0.00000E+00
  9.000E-03  6.16850E-09  1.42382E-04  1.33506E-09  1.00000E+00  2.22045E-16
  9.250E-03  6.51596E-09  1.46337E-04  1.37343E-09  1.00000E+00  2.22045E-16
  9.500E-03  6.87293E-09  1.50292E-04  1.41189E-09  1.00000E+00  1.11022E-16
  9.750E-03  7.23942E-09  1.54247E-04  1.45046E-09  1.00000E+00  1.11022E-16
  1.000E-02  7.61544E-09  1.58202E-04  1.48913E-09  1.00000E+00  0.00000E+00
  1.250E-02  1.18991E-08  1.97753E-04  1.88190E-09  1.00000E+00  2.22045E-16
  1.500E-02  1.71347E-08  2.37304E-04  2.28709E-09  1.00000E+00 -2.22045E-16
  1.750E-02  2.33223E-08  2.76854E-04  2.70678E-09  1.00000E+00  4.44089E-16
  2.000E-02  3.04617E-08  3.16405E-04  3.14339E-09  1.00000E+00 -2.22045E-16
  2.250E-02  3.85531E-08  3.55956E-04  3.59957E-09  1.00000E+00  4.44089E-16
  2.500E-02  4.75965E-08  3.95507E-04  4.07799E-09  1.00000E+00  4.44089E-16
  2.750E-02  5.75917E-08  4.35057E-04  4.58088E-09  1.00000E+00  1.11022E-16
  3.000E-02  6.85389E-08  4.74608E-04  5.10969E-09  1.00000E+00  1.11022E-16
  3.250E-02  8.04380E-08  5.14159E-04  5.66500E-09  1.00000E+00 -2.22045E-16
  3.500E-02  9.32891E-08  5.53710E-04  6.24675E-09  1.00000E+00  1.11022E-16
  3.750E-02  1.07092E-07  5.93260E-04  6.85483E-09  1.00000E+00  2.22045E-16
  4.000E-02  1.21847E-07  6.32811E-04  7.48965E-09  1.00000E+00 -2.22045E-16
  4.250E-02  1.37554E-07  6.72362E-04  8.15249E-09  1.00000E+00  2.22045E-16
  4.500E-02  1.54213E-07  7.11913E-04  8.84544E-09  1.00000E+00  0.00000E+00
  4.750E-02  1.71823E-07  7.51464E-04  9.57084E-09  1.00000E+00 -4.44089E-16
  5.000E-02  1.90386E-07  7.91015E-04  1.03304E-08  1.00000E+00  1.11022E-16
  5.250E-02  2.09900E-07  8.30566E-04  1.11248E-08  1.00000E+00 -2.22045E-16
  5.500E-02  2.30367E-07  8.70117E-04  1.19533E-08  1.00000E+00  0.00000E+00
  5.750E-02  2.51785E-07  9.09668E-04  1.28145E-08  1.00000E+00  0.00000E+00
  6.000E-02  2.74156E-07  9.49219E-04  1.37070E-08  1.00000E+00  2.22045E-16
  6.250E-02  2.97478E-07  9.88770E-04  1.46307E-08  1.00000E+00  0.00000E+00
  6.500E-02  3.21752E-07  1.02832E-03  1.55873E-08  9.99999E-01  1.11022E-16
  6.750E-02  3.46978E-07  1.06787E-03  1.65794E-08  9.99999E-01  2.22045E-16
  7.000E-02  3.73156E-07  1.10742E-03  1.76099E-08  9.99999E-01  0.00000E+00
  7.250E-02  4.00286E-07  1.14698E-03  1.86806E-08  9.99999E-01 -2.22045E-16
  7.500E-02  4.28368E-07  1.18653E-03  1.97913E-08  9.99999E-01  1.11022E-16
  7.750E-02  4.57402E-07  1.22608E-03  2.09399E-08  9.99999E-01  1.11022E-16
  8.000E-02  4.87388E-07  1.26563E-03  2.21238E-08  9.99999E-01  3.33067E-16
  8.250E-02  5.18325E-07  1.30518E-03  2.33409E-08  9.99999E-01 -2.22045E-16
  8.500E-02  5.50215E-07  1.34473E-03  2.45913E-08  9.99999E-01  2.22045E-16
  8.750E-02  5.83057E-07  1.38428E-03  2.58772E-08  9.99999E-01  1.11022E-16
  9.000E-02  6.16850E-07  1.42384E-03  2.72025E-08  9.99999E-01  2.22045E-16
  9.250E-02  6.51596E-07  1.46339E-03  2.85702E-08  9.99999E-01  2.22045E-16
  9.500E-02  6.87293E-07  1.50294E-03  2.99815E-08  9.99999E-01  0.00000E+00
  9.750E-02  7.23942E-07  1.54249E-03  3.14347E-08  9.99999E-01  0.00000E+00
  1.000E-01  7.61543E-07  1.58204E-03  3.29262E-08  9.99999E-01  0.00000E+00
  1.250E-01  1.18991E-06  1.97756E-03  4.99015E-08  9.99998E-01  3.33067E-16
  1.500E-01  1.71347E-06  2.37309E-03  7.06178E-08  9.99997E-01  0.00000E+00
  1.750E-01  2.33223E-06  2.76863E-03  9.48833E-08  9.99996E-01  0.00000E+00
  2.000E-01  3.04617E-06  3.16417E-03  1.22527E-07  9.99995E-01  1.11022E-16
  2.250E-01  3.85531E-06  3.55971E-03  1.53459E-07  9.99994E-01  0.00000E+00
  2.500E-01  4.75964E-06  3.95526E-03  1.87673E-07  9.99992E-01  0.00000E+00
  2.750E-01  5.75916E-06  4.35082E-03  2.25125E-07  9.99991E-01  0.00000E+00
  3.000E-01  6.85388E-06  4.74639E-03  2.65783E-07  9.99989E-01  0.00000E+00
  3.250E-01  8.04378E-06  5.14196E-03  3.09656E-07  9.99987E-01  1.11022E-16
  3.500E-01  9.32888E-06  5.53754E-03  3.56644E-07  9.99985E-01 -2.22045E-16
  3.750E-01  1.07092E-05  5.93313E-03  4.06489E-07  9.99982E-01 -2.22045E-16
  4.000E-01  1.21846E-05  6.32873E-03  4.58890E-07  9.99980E-01  0.00000E+00
  4.250E-01  1.37553E-05  6.72434E-03  5.13513E-07  9.99977E-01  1.11022E-16
  4.500E-01  1.54212E-05  7.11995E-03  5.70219E-07  9.99975E-01 -2.22045E-16
  4.750E-01  1.71822E-05  7.51558E-03  6.29212E-07  9.99972E-01 -2.22045E-16
  5.000E-01  1.90385E-05  7.91121E-03  6.90302E-07  9.99969E-01  1.11022E-16
  5.250E-01  2.09899E-05  8.30685E-03  7.53260E-07  9.99965E-01 -2.22045E-16
  5.500E-01  2.30365E-05  8.70250E-03  8.18150E-07  9.99962E-01 -2.22045E-16
  5.750E-01  2.51783E-05  9.09815E-03  8.85249E-07  9.99959E-01  4.44089E-16
  6.000E-01  2.74153E-05  9.49381E-03  9.55016E-07  9.99955E-01 -2.22045E-16
  6.250E-01  2.97475E-05  9.88948E-03  1.02811E-06  9.99951E-01  0.00000E+00
  6.500E-01  3.21749E-05  1.02852E-02  1.10433E-06  9.99947E-01  2.22045E-16
  6.750E-01  3.46974E-05  1.06808E-02  1.18317E-06  9.99943E-01  0.00000E+00
  7.000E-01  3.73152E-05  1.10765E-02  1.26477E-06  9.99939E-01 -4.44089E-16
  7.250E-01  4.00281E-05  1.14722E-02  1.34968E-06  9.99934E-01  0.00000E+00
  7.500E-01  4.28362E-05  1.18679E-02  1.43797E-06  9.99930E-01 -2.22045E-16
  7.750E-01  4.57395E-05  1.22636E-02  1.52968E-06  9.99925E-01 -2.22045E-16
  8.000E-01  4.87380E-05  1.26594E-02  1.62447E-06  9.99920E-01 -2.22045E-16
  8.250E-01  5.18317E-05  1.30551E-02  1.72198E-06  9.99915E-01  2.22045E-16
  8.500E-01  5.50205E-05  1.34508E-02  1.82230E-06  9.99910E-01 -2.22045E-16
  8.750E-01  5.83045E-05  1.38465E-02  1.92583E-06  9.99904E-01 -4.44089E-16
  9.000E-01  6.16838E-05  1.42423E-02  2.03229E-06  9.99899E-01 -2.22045E-16
  9.250E-01  6.51582E-05  1.46380E-02  2.14104E-06  9.99893E-01  2.22045E-16
  9.500E-01  6.87277E-05  1.50338E-02  2.25200E-06  9.99887E-01  1.11022E-16
  9.750E-01  7.23925E-05  1.54296E-02  2.36550E-06  9.99881E-01 -2.22045E-16
  1.000E+00  7.61524E-05  1.58253E-02  2.48179E-06  9.99875E-01 -2.22045E-16
  1.100E+00  9.21439E-05  1.74085E-02  2.96595E-06  9.99848E-01 -2.22045E-16
  1.200E+00  1.09658E-04  1.89917E-02  3.48363E-06  9.99820E-01  1.11022E-16
  1.300E+00  1.28695E-04  2.05751E-02  4.03631E-06  9.99788E-01  3.33067E-16
  1.400E+00  1.49255E-04  2.21585E-02  4.62752E-06  9.99754E-01 -2.22045E-16
  1.500E+00  1.71338E-04  2.37421E-02  5.26263E-06  9.99718E-01  2.22045E-16
  1.600E+00  1.94942E-04  2.53257E-02  5.94646E-06  9.99679E-01  1.11022E-16
  1.700E+00  2.20070E-04  2.69095E-02  6.68098E-06  9.99638E-01  0.00000E+00
  1.800E+00  2.46720E-04  2.84933E-02  7.47008E-06  9.99594E-01 -2.22045E-16
  1.900E+00  2.74892E-04  3.00771E-02  8.31658E-06  9.99548E-01  0.00000E+00
  2.000E+00  3.04586E-04  3.16611E-02  9.21842E-06  9.99499E-01 -2.22045E-16
  2.100E+00  3.35803E-04  3.32451E-02  1.01770E-05  9.99447E-01 -2.22045E-16
  2.200E+00  3.68542E-04  3.48292E-02  1.11943E-05  9.99393E-01  0.00000E+00
  2.300E+00  4.02802E-04  3.64134E-02  1.22681E-05  9.99337E-01  2.22045E-16
  2.400E+00  4.38585E-04  3.79976E-02  1.33976E-05  9.99278E-01  2.22045E-16
  2.500E+00  4.75889E-04  3.95819E-02  1.45845E-05  9.99216E-01  0.00000E+00
  2.600E+00  5.14715E-04  4.11662E-02  1.58274E-05  9.99152E-01  2.22045E-16
  2.700E+00  5.55063E-04  4.27506E-02  1.71270E-05  9.99086E-01 -2.22045E-16
  2.800E+00  5.96931E-04  4.43350E-02  1.84842E-05  9.99017E-01  1.11022E-16
  2.900E+00  6.40321E-04  4.59195E-02  1.98978E-05  9.98945E-01  1.11022E-16
  3.000E+00  6.85233E-04  4.75040E-02  2.13692E-05  9.98871E-01  0.00000E+00
  3.100E+00  7.31665E-04  4.90886E-02  2.28992E-05  9.98794E-01 -2.22045E-16
  3.200E+00  7.79618E-04  5.06732E-02  2.44882E-05  9.98715E-01  3.33067E-16
  3.300E+00  8.29092E-04  5.22579E-02  2.61370E-05  9.98634E-01  2.22045E-16
  3.400E+00  8.80086E-04  5.38426E-02  2.78460E-05  9.98549E-01 -2.22045E-16
  3.500E+00  9.32601E-04  5.54273E-02  2.96165E-05  9.98463E-01  1.11022E-16
  3.600E+00  9.86636E-04  5.70120E-02  3.14486E-05  9.98373E-01 -4.44089E-16
  3.700E+00  1.04219E-03  5.85968E-02  3.33424E-05  9.98282E-01 -4.44089E-16
  3.800E+00  1.09927E-03  6.01816E-02  3.53007E-05  9.98187E-01  0.00000E+00
  3.900E+00  1.15786E-03  6.17664E-02  3.73217E-05  9.98091E-01 -2.22045E-16
  4.000E+00  1.21797E-03  6.33512E-02  3.94051E-05  9.97991E-01 -2.22045E-16
  4.100E+00  1.27961E-03  6.49361E-02  4.15555E-05  9.97889E-01  2.22045E-16
  4.200E+00  1.34276E-03  6.65210E-02  4.37684E-05  9.97785E-01  2.22045E-16
  4.300E+00  1.40743E-03  6.81058E-02  4.60448E-05  9.97678E-01  1.11022E-16
  4.400E+00  1.47362E-03  6.96907E-02  4.83907E-05  9.97569E-01  2.22045E-16
  4.500E+00  1.54133E-03  7.12756E-02  5.07986E-05  9.97457E-01 -2.22045E-16
  4.600E+00  1.61056E-03  7.28605E-02  5.32697E-05  9.97342E-01  2.22045E-16
  4.700E+00  1.68131E-03  7.44453E-02  5.58121E-05  9.97225E-01  0.00000E+00
  4.800E+00  1.75357E-03  7.60302E-02  5.84152E-05  9.97106E-01  0.00000E+00
  4.900E+00  1.82735E-03  7.76151E-02  6.10821E-05  9.96983E-01  2.22045E-16
  5.000E+00  1.90265E-03  7.91999E-02  6.38216E-05  9.96859E-01  0.00000E+00
  5.100E+00  1.97947E-03  8.07848E-02  6.66193E-05  9.96732E-01  2.22045E-16
  5.200E+00  2.05780E-03  8.23696E-02  6.94793E-05  9.96602E-01  0.00000E+00
  5.300E+00  2.13765E-03  8.39544E-02  7.24131E-05  9.96470E-01 -2.22045E-16
  5.400E+00  2.21902E-03  8.55392E-02  7.54029E-05  9.96335E-01  1.11022E-16
  5.500E+00  2.30190E-03  8.71240E-02  7.84548E-05  9.96197E-01 -2.22045E-16
  5.600E+00  2.38630E-03  8.87087E-02  8.15815E-05  9.96058E-01  2.22045E-16
  5.700E+00  2.47222E-03  9.02934E-02  8.47600E-05  9.95915E-01  2.22045E-16
  5.800E+00  2.55965E-03  9.18781E-02  8.79989E-05  9.95770E-01  2.22045E-16
  5.900E+00  2.64859E-03  9.34627E-02  9.13139E-05  9.95623E-01  3.33067E-16
  6.000E+00  2.73905E-03  9.50473E-02  9.46764E-05  9.95473E-01 -2.22045E-16
  6.100E+00  2.83103E-03  9.66319E-02  9.80987E-05  9.95320E-01 -4.44089E-16
  6.200E+00  2.92452E-03  9.82164E-02  1.01599E-04  9.95165E-01  3.33067E-16
  6.300E+00  3.01952E-03  9.98009E-02  1.05139E-04  9.95007E-01 -2.22045E-16
  6.400E+00  3.11604E-03  1.01385E-01  1.08738E-04  9.94847E-01 -2.22045E-16
  6.500E+00  3.21407E-03  1.02970E-01  1.12418E-04  9.94684E-01  1.11022E-16
  6.600E+00  3.31362E-03  1.04554E-01  1.16128E-04  9.94519E-01  0.00000E+00
  6.700E+00  3.41468E-03  1.06138E-01  1.19903E-04  9.94351E-01  0.00000E+00
  6.800E+00  3.51725E-03  1.07722E-01  1.23759E-04  9.94181E-01 -2.22045E-16
  6.900E+00  3.62133E-03  1.09306E-01  1.27624E-04  9.94008E-01  0.00000E+00
  7.000E+00  3.72692E-03  1.10890E-01  1.31575E-04  9.93833E-01 -2.22045E-16
  7.100E+00  3.83403E-03  1.12474E-01  1.35580E-04  9.93655E-01  2.22045E-16
  7.200E+00  3.94265E-03  1.14058E-01  1.39612E-04  9.93474E-01  2.22045E-16
  7.300E+00  4.05278E-03  1.15642E-01  1.43721E-04  9.93291E-01  0.00000E+00
  7.400E+00  4.16442E-03  1.17226E-01  1.47885E-04  9.93105E-01 -2.22045E-16
  7.500E+00  4.27757E-03  1.18810E-01  1.52060E-04  9.92917E-01  1.11022E-16
  7.600E+00  4.39223E-03  1.20393E-01  1.56322E-04  9.92726E-01  2.22045E-16
  7.700E+00  4.50840E-03  1.21977E-01  1.60621E-04  9.92533E-01 -4.44089E-16
  7.800E+00  4.62608E-03  1.23560E-01  1.64946E-04  9.92337E-01  1.11022E-16
  7.900E+00  4.74527E-03  1.25143E-01  1.69353E-04  9.92139E-01 -2.22045E-16
  8.000E+00  4.86597E-03  1.26726E-01  1.73786E-04  9.91938E-01 -2.22045E-16
  8.100E+00  4.98817E-03  1.28309E-01  1.78248E-04  9.91734E-01  1.11022E-16
  8.200E+00  5.11188E-03  1.29892E-01  1.82775E-04  9.91528E-01 -2.22045E-16
  8.300E+00  5.23711E-03  1.31475E-01  1.87330E-04  9.91319E-01  3.33067E-16
  8.400E+00  5.36383E-03  1.33058E-01  1.91921E-04  9.91108E-01  3.33067E-16
  8.500E+00  5.49207E-03  1.34641E-01  1.96570E-04  9.90894E-01  1.11022E-16
  8.600E+00  5.62181E-03  1.36223E-01  2.01244E-04  9.90678E-01  2.22045E-16
  8.700E+00  5.75306E-03  1.37805E-01  2.05945E-04  9.90459E-01  3.33067E-16
  8.800E+00  5.88581E-03  1.39388E-01  2.10693E-04  9.90238E-01 -4.44089E-16
  8.900E+00  6.02007E-03  1.40970E-01  2.15469E-04  9.90014E-01  1.11022E-16
  9.000E+00  6.15583E-03  1.42552E-01  2.20276E-04  9.89787E-01  4.44089E-16
  9.100E+00  6.29310E-03  1.44134E-01  2.25130E-04  9.89558E-01  1.11022E-16
  9.200E+00  6.43187E-03  1.45715E-01  2.30006E-04  9.89327E-01  0.00000E+00
  9.300E+00  6.57214E-03  1.47297E-01  2.34903E-04  9.89092E-01  1.11022E-16
  9.400E+00  6.71392E-03  1.48878E-01  2.39835E-04  9.88856E-01  1.11022E-16
  9.500E+00  6.85720E-03  1.50459E-01  2.44790E-04  9.88616E-01  1.11022E-16
  9.600E+00  7.00198E-03  1.52041E-01  2.49771E-04  9.88374E-01  0.00000E+00
  9.700E+00  7.14827E-03  1.53622E-01  2.54785E-04  9.88130E-01  0.00000E+00
  9.800E+00  7.29605E-03  1.55202E-01  2.59816E-04  9.87883E-01 -2.22045E-16
  9.900E+00  7.44534E-03  1.56783E-01  2.64859E-04  9.87633E-01  1.11022E-16
  1.000E+01  7.59612E-03  1.58363E-01  2.69926E-04  9.87381E-01  0.00000E+00
  1.025E+01  7.97965E-03  1.62314E-01  2.82684E-04  9.86739E-01  2.22045E-16
  1.050E+01  8.37255E-03  1.66263E-01  2.95545E-04  9.86081E-01  0.00000E+00
  1.075E+01  8.77480E-03  1.70211E-01  3.08473E-04  9.85408E-01 -2.22045E-16
  1.100E+01  9.18641E-03  1.74157E-01  3.21465E-04  9.84718E-01  3.33067E-16
  1.125E+01  9.60736E-03  1.78103E-01  3.34463E-04  9.84012E-01 -2.22045E-16
  1.150E+01  1.00376E-02  1.82047E-01  3.47500E-04  9.83290E-01  0.00000E+00
  1.175E+01  1.04773E-02  1.85989E-01  3.60516E-04  9.82552E-01  3.33067E-16
  1.200E+01  1.09262E-02  1.89930E-01  3.73499E-04  9.81798E-01  3.33067E-16
  1.225E+01  1.13844E-02  1.93870E-01  3.86423E-04  9.81027E-01  1.11022E-16
  1.250E+01  1.18520E-02  1.97807E-01  3.99249E-04  9.80241E-01  0.00000E+00
  1.275E+01  1.23288E-02  2.01743E-01  4.12013E-04  9.79438E-01  3.33067E-16
  1.300E+01  1.28150E-02  2.05678E-01  4.24631E-04  9.78620E-01  3.33067E-16
  1.325E+01  1.33104E-02  2.09610E-01  4.37117E-04  9.77785E-01  1.11022E-16
  1.350E+01  1.38150E-02  2.13541E-01  4.49417E-04  9.76934E-01  0.00000E+00
  1.375E+01  1.43290E-02  2.17469E-01  4.61529E-04  9.76067E-01  1.11022E-16
  1.400E+01  1.48521E-02  2.21396E-01  4.73466E-04  9.75184E-01 -2.22045E-16
  1.425E+01  1.53845E-02  2.25320E-01  4.85130E-04  9.74285E-01 -2.22045E-16
  1.450E+01  1.59262E-02  2.29242E-01  4.96555E-04  9.73369E-01  0.00000E+00
  1.475E+01  1.64770E-02  2.33162E-01  5.07657E-04  9.72438E-01 -2.22045E-16
  1.500E+01  1.70371E-02  2.37080E-01  5.18491E-04  9.71490E-01  3.33067E-16
  1.525E+01  1.76063E-02  2.40995E-01  5.29025E-04  9.70526E-01  1.11022E-16
  1.550E+01  1.81848E-02  2.44907E-01  5.39176E-04  9.69546E-01  3.33067E-16
  1.575E+01  1.87724E-02  2.48817E-01  5.48996E-04  9.68550E-01  2.22045E-16
  1.600E+01  1.93692E-02  2.52725E-01  5.58361E-04  9.67538E-01  0.00000E+00
  1.625E+01  1.99751E-02  2.56630E-01  5.67407E-04  9.66510E-01  2.22045E-16
  1.650E+01  2.05901E-02  2.60532E-01  5.75994E-04  9.65465E-01  0.00000E+00
  1.675E+01  2.12143E-02  2.64431E-01  5.84133E-04  9.64404E-01  2.22045E-16
  1.700E+01  2.18476E-02  2.68327E-01  5.91819E-04  9.63328E-01  0.00000E+00
  1.725E+01  2.24900E-02  2.72220E-01  5.98947E-04  9.62235E-01 -2.22045E-16
  1.750E+01  2.31415E-02  2.76110E-01  6.05717E-04  9.61126E-01  1.11022E-16
  1.775E+01  2.38021E-02  2.79997E-01  6.11847E-04  9.60001E-01 -2.22045E-16
  1.800E+01  2.44717E-02  2.83881E-01  6.17381E-04  9.58859E-01  0.00000E+00
  1.825E+01  2.51504E-02  2.87761E-01  6.22503E-04  9.57702E-01  4.44089E-16
  1.850E+01  2.58382E-02  2.91638E-01  6.26838E-04  9.56529E-01  2.22045E-16
  1.875E+01  2.65349E-02  2.95512E-01  6.30750E-04  9.55339E-01  2.22045E-16
  1.900E+01  2.72407E-02  2.99381E-01  6.33934E-04  9.54133E-01  0.00000E+00
  1.925E+01  2.79555E-02  3.03248E-01  6.36525E-04  9.52912E-01 -2.22045E-16
  1.950E+01  2.86793E-02  3.07110E-01  6.38386E-04  9.51674E-01 -2.22045E-16
  1.975E+01  2.94120E-02  3.10969E-01  6.39688E-04  9.50420E-01  0.00000E+00
  2.000E+01  3.01537E-02  3.14824E-01  6.40280E-04  9.49150E-01  1.11022E-16
  2.025E+01  3.09043E-02  3.18675E-01  6.40186E-04  9.47864E-01  0.00000E+00
  2.050E+01  3.16639E-02  3.22522E-01  6.39321E-04  9.46562E-01  0.00000E+00
  2.075E+01  3.24324E-02  3.26364E-01  6.37731E-04  9.45244E-01  0.00000E+00
  2.100E+01  3.32098E-02  3.30203E-01  6.35451E-04  9.43910E-01 -2.22045E-16
  2.125E+01  3.39961E-02  3.34037E-01  6.32390E-04  9.42560E-01  3.33067E-16
  2.150E+01  3.47912E-02  3.37867E-01  6.28516E-04  9.41194E-01  3.33067E-16
  2.175E+01  3.55952E-02  3.41692E-01  6.23780E-04  9.39812E-01 -2.22045E-16
  2.200E+01  3.64081E-02  3.45513E-01  6.18257E-04  9.38414E-01 -4.44089E-16
  2.225E+01  3.72297E-02  3.49329E-01  6.11951E-04  9.37000E-01  2.22045E-16
  2.250E+01  3.80602E-02  3.53141E-01  6.04799E-04  9.35570E-01  2.22045E-16
  2.275E+01  3.88995E-02  3.56947E-01  5.96760E-04  9.34124E-01  0.00000E+00
  2.300E+01  3.97476E-02  3.60749E-01  5.87832E-04  9.32663E-01  0.00000E+00
  2.325E+01  4.06044E-02  3.64546E-01  5.78096E-04  9.31185E-01  1.11022E-16
  2.350E+01  4.14700E-02  3.68338E-01  5.67534E-04  9.29692E-01  0.00000E+00
  2.375E+01  4.23443E-02  3.72125E-01  5.56074E-04  9.28183E-01  0.00000E+00
  2.400E+01  4.32273E-02  3.75906E-01  5.43665E-04  9.26658E-01  0.00000E+00
  2.425E+01  4.41190E-02  3.79683E-01  5.30326E-04  9.25117E-01 -2.22045E-16
  2.450E+01  4.50194E-02  3.83453E-01  5.16112E-04  9.23560E-01 -2.22045E-16
  2.475E+01  4.59284E-02  3.87219E-01  5.00980E-04  9.21988E-01 -2.22045E-16
  2.500E+01  4.68461E-02  3.90979E-01  4.84847E-04  9.20400E-01  1.11022E-16
  2.550E+01  4.87074E-02  3.98482E-01  4.49512E-04  9.17176E-01 -2.22045E-16
  2.600E+01  5.06030E-02  4.05962E-01  4.10358E-04  9.13890E-01  0.00000E+00
  2.650E+01  5.25328E-02  4.13418E-01  3.67116E-04  9.10541E-01 -2.22045E-16
  2.700E+01  5.44967E-02  4.20849E-01  3.19983E-04  9.07130E-01  1.11022E-16
  2.750E+01  5.64946E-02  4.28256E-01  2.68879E-04  9.03657E-01  2.22045E-16
  2.800E+01  5.85262E-02  4.35637E-01  2.13535E-04  9.00123E-01  3.33067E-16
  2.850E+01  6.05914E-02  4.42991E-01  1.54076E-04  8.96526E-01  2.22045E-16
  2.900E+01  6.26901E-02  4.50319E-01  9.00346E-05  8.92868E-01  0.00000E+00
  2.950E+01  6.48222E-02  4.57619E-01  2.17465E-05  8.89149E-01 -2.22045E-16
  3.000E+01  6.69873E-02  4.64890E-01 -5.09212E-05  8.85368E-01  2.22045E-16
  3.050E+01  6.91854E-02  4.72133E-01 -1.27862E-04  8.81527E-01  0.00000E+00
  3.100E+01  7.14163E-02  4.79346E-01 -2.08900E-04  8.77626E-01  4.44089E-16
  3.150E+01  7.36799E-02  4.86529E-01 -2.94568E-04  8.73665E-01  2.22045E-16
  3.200E+01  7.59760E-02  4.93681E-01 -3.84550E-04  8.69643E-01  3.33067E-16
  3.250E+01  7.83043E-02  5.00801E-01 -4.79433E-04  8.65562E-01  2.22045E-16
  3.300E+01  8.06647E-02  5.07890E-01 -5.78845E-04  8.61422E-01  0.00000E+00
  3.350E+01  8.30571E-02  5.14946E-01 -6.82655E-04  8.57222E-01  4.44089E-16
  3.400E+01  8.54812E-02  5.21969E-01 -7.91082E-04  8.52964E-01  2.22045E-16
  3.450E+01  8.79369E-02  5.28958E-01 -9.03349E-04  8.48648E-01  0.00000E+00
  3.500E+01  9.04240E-02  5.35912E-01 -1.02084E-03  8.44273E-01  0.00000E+00
  3.550E+01  9.29422E-02  5.42832E-01 -1.14219E-03  8.39841E-01 -2.22045E-16
  3.600E+01  9.54915E-02  5.49715E-01 -1.26928E-03  8.35351E-01  0.00000E+00
  3.650E+01  9.80716E-02  5.56563E-01 -1.40026E-03  8.30804E-01  1.11022E-16
  3.700E+01  1.00682E-01  5.63374E-01 -1.53642E-03  8.26201E-01  0.00000E+00
  3.750E+01  1.03323E-01  5.70148E-01 -1.67640E-03  8.21540E-01  1.11022E-16
  3.800E+01  1.05995E-01  5.76883E-01 -1.82098E-03  8.16825E-01  1.11022E-16
  3.850E+01  1.08696E-01  5.83581E-01 -1.97004E-03  8.12053E-01  2.22045E-16
  3.900E+01  1.11427E-01  5.90239E-01 -2.12380E-03  8.07226E-01  2.22045E-16
  3.950E+01  1.14188E-01  5.96858E-01 -2.28257E-03  8.02344E-01 -2.22045E-16
  4.000E+01  1.16978E-01  6.03437E-01 -2.44589E-03  7.97407E-01  2.22045E-16
  4.050E+01  1.19797E-01  6.09975E-01 -2.61379E-03  7.92417E-01  0.00000E+00
  4.100E+01  1.22645E-01  6.16472E-01 -2.78584E-03  7.87372E-01 -2.22045E-16
  4.150E+01  1.25522E-01  6.22927E-01 -2.96219E-03  7.82274E-01  0.00000E+00
  4.200E+01  1.28428E-01  6.29340E-01 -3.14305E-03  7.77123E-01  1.11022E-16
  4.250E+01  1.31361E-01  6.35711E-01 -3.32862E-03  7.71920E-01 -4.44089E-16
  4.300E+01  1.34323E-01  6.42038E-01 -3.51908E-03  7.66665E-01  0.00000E+00
  4.350E+01  1.37313E-01  6.48322E-01 -3.71413E-03  7.61357E-01  0.00000E+00
  4.400E+01  1.40330E-01  6.54562E-01 -3.91357E-03  7.55999E-01  0.00000E+00
  4.450E+01  1.43375E-01  6.60757E-01 -4.11714E-03  7.50589E-01  2.22045E-16
  4.500E+01  1.46447E-01  6.66906E-01 -4.32487E-03  7.45129E-01  1.11022E-16
  4.550E+01  1.49545E-01  6.73011E-01 -4.53704E-03  7.39619E-01  0.00000E+00
  4.600E+01  1.52671E-01  6.79069E-01 -4.75386E-03  7.34059E-01  0.00000E+00
  4.650E+01  1.55823E-01  6.85081E-01 -4.97547E-03  7.28450E-01  0.00000E+00
  4.700E+01  1.59001E-01  6.91045E-01 -5.20163E-03  7.22793E-01 -2.22045E-16
  4.750E+01  1.62205E-01  6.96962E-01 -5.43206E-03  7.17087E-01  0.00000E+00
  4.800E+01  1.65435E-01  7.02832E-01 -5.66653E-03  7.11333E-01  0.00000E+00
  4.850E+01  1.68690E-01  7.08653E-01 -5.90505E-03  7.05532E-01  2.22045E-16
  4.900E+01  1.71970E-01  7.14425E-01 -6.14789E-03  6.99685E-01 -2.22045E-16
  4.950E+01  1.75276E-01  7.20149E-01 -6.39531E-03  6.93790E-01  2.22045E-16
  5.000E+01  1.78606E-01  7.25822E-01 -6.64742E-03  6.87850E-01  2.22045E-16
  5.050E+01  1.81961E-01  7.31446E-01 -6.90404E-03  6.81865E-01  2.22045E-16
  5.100E+01  1.85340E-01  7.37019E-01 -7.16483E-03  6.75834E-01  3.33067E-16
  5.150E+01  1.88743E-01  7.42541E-01 -7.42957E-03  6.69759E-01  0.00000E+00
  5.200E+01  1.92169E-01  7.48013E-01 -7.69826E-03  6.63640E-01  2.22045E-16
  5.250E+01  1.95619E-01  7.53432E-01 -7.97116E-03  6.57477E-01 -2.22045E-16
  5.300E+01  1.99092E-01  7.58800E-01 -8.24854E-03  6.51271E-01  0.00000E+00
  5.350E+01  2.02589E-01  7.64115E-01 -8.53054E-03  6.45023E-01  0.00000E+00
  5.400E+01  2.06107E-01  7.69378E-01 -8.81700E-03  6.38733E-01  0.00000E+00
  5.450E+01  2.09649E-01  7.74587E-01 -9.10759E-03  6.32402E-01  0.00000E+00
  5.500E+01  2.13212E-01  7.79743E-01 -9.40207E-03  6.26029E-01  2.22045E-16
  5.550E+01  2.16797E-01  7.84845E-01 -9.70039E-03  6.19616E-01  1.11022E-16
  5.600E+01  2.20404E-01  7.89893E-01 -1.00028E-02  6.13162E-01  2.22045E-16
  5.650E+01  2.24032E-01  7.94887E-01 -1.03096E-02  6.06670E-01  0.00000E+00
  5.700E+01  2.27680E-01  7.99826E-01 -1.06210E-02  6.00138E-01 -2.22045E-16
  5.750E+01  2.31350E-01  8.04709E-01 -1.09369E-02  5.93569E-01  5.55112E-16
  5.800E+01  2.35040E-01  8.09537E-01 -1.12569E-02  5.86961E-01  0.00000E+00
  5.850E+01  2.38751E-01  8.14309E-01 -1.15807E-02  5.80316E-01 -2.22045E-16
  5.900E+01  2.42481E-01  8.19025E-01 -1.19082E-02  5.73634E-01 -2.22045E-16
  5.950E+01  2.46231E-01  8.23685E-01 -1.22398E-02  5.66915E-01  2.22045E-16
  6.000E+01  2.50000E-01  8.28288E-01 -1.25757E-02  5.60161E-01  0.00000E+00
  6.050E+01  2.53788E-01  8.32834E-01 -1.29162E-02  5.53372E-01  2.22045E-16
  6.100E+01  2.57595E-01  8.37322E-01 -1.32612E-02  5.46549E-01 -2.22045E-16
  6.150E+01  2.61421E-01  8.41753E-01 -1.36103E-02  5.39691E-01  1.11022E-16
  6.200E+01  2.65264E-01  8.46126E-01 -1.39633E-02  5.32800E-01  3.33067E-16
  6.250E+01  2.69126E-01  8.50441E-01 -1.43199E-02  5.25876E-01  0.00000E+00
  6.300E+01  2.73005E-01  8.54698E-01 -1.46805E-02  5.18919E-01  4.44089E-16
  6.350E+01  2.76901E-01  8.58896E-01 -1.50453E-02  5.11930E-01  0.00000E+00
  6.400E+01  2.80814E-01  8.63034E-01 -1.54148E-02  5.04910E-01  1.11022E-16
  6.450E+01  2.84744E-01  8.67114E-01 -1.57889E-02  4.97859E-01  1.11022E-16
  6.500E+01  2.88691E-01  8.71134E-01 -1.61673E-02  4.90779E-01  0.00000E+00
  6.550E+01  2.92653E-01  8.75095E-01 -1.65495E-02  4.83669E-01 -2.22045E-16
  6.600E+01  2.96632E-01  8.78995E-01 -1.69352E-02  4.76530E-01  2.22045E-16
  6.650E+01  3.00625E-01  8.82836E-01 -1.73248E-02  4.69361E-01  0.00000E+00
  6.700E+01  3.04634E-01  8.86617E-01 -1.77186E-02  4.62165E-01 -4.44089E-16
  6.750E+01  3.08658E-01  8.90337E-01 -1.81172E-02  4.54942E-01  0.00000E+00
  6.800E+01  3.12697E-01  8.93996E-01 -1.85208E-02  4.47693E-01  2.22045E-16
  6.850E+01  3.16749E-01  8.97593E-01 -1.89289E-02  4.40418E-01 -2.22045E-16
  6.900E+01  3.20816E-01  9.01130E-01 -1.93407E-02  4.33117E-01  4.44089E-16
  6.950E+01  3.24896E-01  9.04606E-01 -1.97556E-02  4.25791E-01  2.22045E-16
  7.000E+01  3.28990E-01  9.08021E-01 -2.01740E-02  4.18439E-01  3.33067E-16
  7.050E+01  3.33097E-01  9.11374E-01 -2.05972E-02  4.11064E-01 -4.44089E-16
  7.100E+01  3.37216E-01  9.14664E-01 -2.10261E-02  4.03667E-01 -4.44089E-16
  7.150E+01  3.41348E-01  9.17892E-01 -2.14605E-02  3.96249E-01 -2.22045E-16
  7.200E+01  3.45492E-01  9.21058E-01 -2.18986E-02  3.88809E-01  0.00000E+00
  7.250E+01  3.49647E-01  9.24163E-01 -2.23392E-02  3.81344E-01 -2.22045E-16
  7.300E+01  3.53814E-01  9.27206E-01 -2.27832E-02  3.73858E-01 -4.44089E-16
  7.350E+01  3.57992E-01  9.30186E-01 -2.32324E-02  3.66354E-01  0.00000E+00
  7.400E+01  3.62181E-01  9.33102E-01 -2.36873E-02  3.58831E-01  0.00000E+00
  7.450E+01  3.66381E-01  9.35955E-01 -2.41473E-02  3.51290E-01 -2.22045E-16
  7.500E+01  3.70590E-01  9.38746E-01 -2.46113E-02  3.43729E-01  0.00000E+00
  7.550E+01  3.74810E-01  9.41474E-01 -2.50790E-02  3.36151E-01  2.22045E-16
  7.600E+01  3.79039E-01  9.44139E-01 -2.55505E-02  3.28554E-01  0.00000E+00
  7.650E+01  3.83277E-01  9.46741E-01 -2.60266E-02  3.20942E-01  1.11022E-16
  7.700E+01  3.87524E-01  9.49280E-01 -2.65076E-02  3.13314E-01  0.00000E+00
  7.750E+01  3.91780E-01  9.51754E-01 -2.69938E-02  3.05671E-01  1.11022E-16
  7.800E+01  3.96044E-01  9.54166E-01 -2.74848E-02  2.98014E-01  0.00000E+00
  7.850E+01  4.00316E-01  9.56513E-01 -2.79802E-02  2.90343E-01  0.00000E+00
  7.900E+01  4.04596E-01  9.58798E-01 -2.84800E-02  2.82658E-01  2.22045E-16
  7.950E+01  4.08882E-01  9.61019E-01 -2.89840E-02  2.74960E-01  0.00000E+00
  8.000E+01  4.13176E-01  9.63176E-01 -2.94928E-02  2.67250E-01  3.33067E-16
  8.050E+01  4.17476E-01  9.65269E-01 -3.00065E-02  2.59529E-01  3.33067E-16
  8.100E+01  4.21783E-01  9.67299E-01 -3.05253E-02  2.51797E-01  3.33067E-16
  8.150E+01  4.26095E-01  9.69264E-01 -3.10492E-02  2.44055E-01  2.22045E-16
  8.200E+01  4.30413E-01  9.71166E-01 -3.15779E-02  2.36304E-01  0.00000E+00
  8.250E+01  4.34737E-01  9.73004E-01 -3.21113E-02  2.28543E-01  1.11022E-16
  8.300E+01  4.39065E-01  9.74778E-01 -3.26494E-02  2.20774E-01 -4.44089E-16
  8.350E+01  4.43398E-01  9.76489E-01 -3.31924E-02  2.12998E-01 -4.44089E-16
  8.400E+01  4.47736E-01  9.78135E-01 -3.37405E-02  2.05214E-01 -2.22045E-16
  8.450E+01  4.52077E-01  9.79718E-01 -3.42940E-02  1.97424E-01 -2.22045E-16
  8.500E+01  4.56422E-01  9.81237E-01 -3.48527E-02  1.89629E-01  1.11022E-16
  8.550E+01  4.60770E-01  9.82692E-01 -3.54167E-02  1.81829E-01  0.00000E+00
  8.600E+01  4.65122E-01  9.84084E-01 -3.59859E-02  1.74024E-01 -2.22045E-16
  8.650E+01  4.69476E-01  9.85412E-01 -3.65600E-02  1.66215E-01 -2.22045E-16
  8.700E+01  4.73832E-01  9.86676E-01 -3.71394E-02  1.58403E-01  0.00000E+00
  8.750E+01  4.78190E-01  9.87877E-01 -3.77242E-02  1.50588E-01  0.00000E+00
  8.800E+01  4.82550E-01  9.89014E-01 -3.83146E-02  1.42772E-01  0.00000E+00
  8.850E+01  4.86912E-01  9.90087E-01 -3.89108E-02  1.34955E-01 -2.22045E-16
  8.900E+01  4.91274E-01  9.91098E-01 -3.95125E-02  1.27138E-01  2.22045E-16
  8.950E+01  4.95637E-01  9.92045E-01 -4.01199E-02  1.19320E-01  2.22045E-16
  9.000E+01  5.00000E-01  9.92929E-01 -4.07327E-02  1.11503E-01  1.11022E-16
  9.050E+01  5.04363E-01  9.93750E-01 -4.13512E-02  1.03688E-01  1.11022E-16
  9.100E+01  5.08726E-01  9.94508E-01 -4.19755E-02  9.58740E-02  4.44089E-16
  9.150E+01  5.13088E-01  9.95203E-01 -4.26057E-02  8.80634E-02  1.11022E-16
  9.200E+01  5.17450E-01  9.95836E-01 -4.32422E-02  8.02564E-02  0.00000E+00
  9.250E+01  5.21810E-01  9.96406E-01 -4.38847E-02  7.24537E-02 -2.22045E-16
  9.300E+01  5.26168E-01  9.96913E-01 -4.45334E-02  6.46557E-02 -2.22045E-16
  9.350E+01  5.30524E-01  9.97359E-01 -4.51881E-02  5.68629E-02  3.33067E-16
  9.400E+01  5.34878E-01  9.97742E-01 -4.58490E-02  4.90760E-02  0.00000E+00
  9.450E+01  5.39230E-01  9.98064E-01 -4.65161E-02  4.12957E-02  0.00000E+00
  9.500E+01  5.43578E-01  9.98323E-01 -4.71897E-02  3.35230E-02  2.22045E-16
  9.550E+01  5.47923E-01  9.98521E-01 -4.78700E-02  2.57586E-02  3.33067E-16
  9.600E+01  5.52264E-01  9.98658E-01 -4.85571E-02  1.80031E-02  1.11022E-16
  9.650E+01  5.56602E-01  9.98734E-01 -4.92509E-02  1.02571E-02  4.44089E-16
  9.700E+01  5.60935E-01  9.98748E-01 -4.99514E-02  2.52100E-03 -2.22045E-16
  9.750E+01  5.65263E-01  9.98702E-01 -5.06586E-02 -5.20456E-03  0.00000E+00
  9.800E+01  5.69587E-01  9.98596E-01 -5.13727E-02 -1.29188E-02 -2.22045E-16
  9.850E+01  5.73905E-01  9.98429E-01 -5.20939E-02 -2.06209E-02  1.11022E-16
  9.900E+01  5.78217E-01  9.98203E-01 -5.28225E-02 -2.83100E-02  3.33067E-16
  9.950E+01  5.82524E-01  9.97916E-01 -5.35585E-02 -3.59854E-02  0.00000E+00
  1.000E+02  5.86824E-01  9.97570E-01 -5.43019E-02 -4.36465E-02  2.22045E-16
  1.005E+02  5.91118E-01  9.97165E-01 -5.50529E-02 -5.12930E-02  0.00000E+00
  1.010E+02  5.95404E-01  9.96701E-01 -5.58113E-02 -5.89241E-02 -2.22045E-16
  1.015E+02  5.99684E-01  9.96178E-01 -5.65773E-02 -6.65393E-02  2.22045E-16
  1.020E+02  6.03956E-01  9.95598E-01 -5.73513E-02 -7.41376E-02  0.00000E+00
  1.025E+02  6.08220E-01  9.94959E-01 -5.81333E-02 -8.17181E-02  0.00000E+00
  1.030E+02  6.12476E-01  9.94262E-01 -5.89237E-02 -8.92801E-02  2.22045E-16
  1.035E+02  6.16723E-01  9.93508E-01 -5.97223E-02 -9.68230E-02  1.11022E-16
  1.040E+02  6.20961E-01  9.92697E-01 -6.05294E-02 -1.04346E-01  2.22045E-16
  1.045E+02  6.25190E-01  9.91830E-01 -6.13448E-02 -1.11850E-01  4.44089E-16
  1.050E+02  6.29410E-01  9.90906E-01 -6.21689E-02 -1.19332E-01 -2.22045E-16
  1.055E+02  6.33619E-01  9.89926E-01 -6.30017E-02 -1.26793E-01 -2.22045E-16
  1.060E+02  6.37819E-01  9.88891E-01 -6.38436E-02 -1.34231E-01  3.33067E-16
  1.065E+02  6.42008E-01  9.87801E-01 -6.46948E-02 -1.41646E-01  1.11022E-16
  1.070E+02  6.46186E-01  9.86656E-01 -6.55553E-02 -1.49036E-01 -2.22045E-16
  1.075E+02  6.50353E-01  9.85457E-01 -6.64254E-02 -1.56403E-01  3.33067E-16
  1.080E+02  6.54508E-01  9.84204E-01 -6.73049E-02 -1.63744E-01 -4.44089E-16
  1.085E+02  6.58652E-01  9.82898E-01 -6.81942E-02 -1.71060E-01 -4.44089E-16
  1.090E+02  6.62784E-01  9.81539E-01 -6.90933E-02 -1.78348E-01 -2.22045E-16
  1.095E+02  6.66903E-01  9.80127E-01 -7.00028E-02 -1.85610E-01  1.11022E-16
  1.100E+02  6.71010E-01  9.78663E-01 -7.09227E-02 -1.92843E-01  2.22045E-16
  1.105E+02  6.75104E-01  9.77148E-01 -7.18533E-02 -2.00047E-01 -2.22045E-16
  1.110E+02  6.79184E-01  9.75582E-01 -7.27947E-02 -2.07221E-01  0.00000E+00
  1.115E+02  6.83251E-01  9.73965E-01 -7.37470E-02 -2.14366E-01  0.00000E+00
  1.120E+02  6.87303E-01  9.72299E-01 -7.47103E-02 -2.21479E-01  0.00000E+00
  1.125E+02  6.91342E-01  9.70583E-01 -7.56849E-02 -2.28561E-01 -4.44089E-16
  1.130E+02  6.95366E-01  9.68818E-01 -7.66712E-02 -2.35610E-01  1.11022E-16
  1.135E+02  6.99375E-01  9.67006E-01 -7.76694E-02 -2.42626E-01  2.22045E-16
  1.140E+02  7.03368E-01  9.65145E-01 -7.86800E-02 -2.49608E-01 -4.44089E-16
  1.145E+02  7.07347E-01  9.63238E-01 -7.97029E-02 -2.56554E-01  0.00000E+00
  1.150E+02  7.11309E-01  9.61284E-01 -8.07383E-02 -2.63466E-01 -4.44089E-16
  1.155E+02  7.15256E-01  9.59285E-01 -8.17864E-02 -2.70341E-01  1.11022E-16
  1.160E+02  7.19186E-01  9.57240E-01 -8.28476E-02 -2.77179E-01  5.55112E-16
  1.165E+02  7.23099E-01  9.55150E-01 -8.39222E-02 -2.83980E-01  0.00000E+00
  1.170E+02  7.26995E-01  9.53018E-01 -8.50106E-02 -2.90742E-01  1.11022E-16
  1.175E+02  7.30874E-01  9.50842E-01 -8.61131E-02 -2.97464E-01 -2.22045E-16
  1.180E+02  7.34736E-01  9.48624E-01 -8.72300E-02 -3.04145E-01 -2.22045E-16
  1.185E+02  7.38579E-01  9.46364E-01 -8.83614E-02 -3.10786E-01  0.00000E+00
  1.190E+02  7.42405E-01  9.44063E-01 -8.95077E-02 -3.17385E-01  0.00000E+00
  1.195E+02  7.46212E-01  9.41722E-01 -9.06691E-02 -3.23941E-01  2.22045E-16
  1.200E+02  7.50000E-01  9.39342E-01 -9.18460E-02 -3.30455E-01  4.44089E-16
  1.205E+02  7.53769E-01  9.36924E-01 -9.30390E-02 -3.36923E-01  0.00000E+00
  1.210E+02  7.57519E-01  9.34468E-01 -9.42485E-02 -3.43346E-01  3.33067E-16
  1.215E+02  7.61249E-01  9.31976E-01 -9.54748E-02 -3.49723E-01  2.22045E-16
  1.220E+02  7.64960E-01  9.29447E-01 -9.67182E-02 -3.56052E-01  0.00000E+00
  1.225E+02  7.68650E-01  9.26884E-01 -9.79790E-02 -3.62335E-01  2.22045E-16
  1.230E+02  7.72320E-01  9.24286E-01 -9.92575E-02 -3.68568E-01  0.00000E+00
  1.235E+02  7.75968E-01  9.21656E-01 -1.00554E-01 -3.74753E-01  0.00000E+00
  1.240E+02  7.79596E-01  9.18993E-01 -1.01870E-01 -3.80886E-01  3.33067E-16
  1.245E+02  7.83203E-01  9.16299E-01 -1.03205E-01 -3.86968E-01  0.00000E+00
  1.250E+02  7.86788E-01  9.13576E-01 -1.04560E-01 -3.92997E-01  0.00000E+00
  1.255E+02  7.90351E-01  9.10823E-01 -1.05935E-01 -3.98972E-01 -2.22045E-16
  1.260E+02  7.93893E-01  9.08043E-01 -1.07331E-01 -4.04893E-01  4.44089E-16
  1.265E+02  7.97411E-01  9.05235E-01 -1.08748E-01 -4.10759E-01  1.11022E-16
  1.270E+02  8.00908E-01  9.02402E-01 -1.10186E-01 -4.16568E-01 -2.22045E-16
  1.275E+02  8.04381E-01  8.99545E-01 -1.11647E-01 -4.22320E-01  3.33067E-16
  1.280E+02  8.07831E-01  8.96664E-01 -1.13132E-01 -4.28013E-01  1.11022E-16
  1.285E+02  8.11257E-01  8.93761E-01 -1.14639E-01 -4.33645E-01 -2.22045E-16
  1.290E+02  8.14660E-01  8.90838E-01 -1.16171E-01 -4.39217E-01  0.00000E+00
  1.295E+02  8.18039E-01  8.87895E-01 -1.17728E-01 -4.44727E-01  0.00000E+00
  1.300E+02  8.21394E-01  8.84934E-01 -1.19310E-01 -4.50173E-01  0.00000E+00
  1.305E+02  8.24724E-01  8.81957E-01 -1.20918E-01 -4.55556E-01  3.33067E-16
  1.310E+02  8.28030E-01  8.78963E-01 -1.22553E-01 -4.60873E-01  2.22045E-16
  1.315E+02  8.31310E-01  8.75957E-01 -1.24216E-01 -4.66122E-01  0.00000E+00
  1.320E+02  8.34565E-01  8.72938E-01 -1.25908E-01 -4.71303E-01 -2.22045E-16
  1.325E+02  8.37795E-01  8.69909E-01 -1.27629E-01 -4.76413E-01  0.00000E+00
  1.330E+02  8.40999E-01  8.66870E-01 -1.29379E-01 -4.81453E-01  0.00000E+00
  1.335E+02  8.44177E-01  8.63824E-01 -1.31161E-01 -4.86420E-01 -2.22045E-16
  1.340E+02  8.47329E-01  8.60772E-01 -1.32974E-01 -4.91314E-01  0.00000E+00
  1.345E+02  8.50455E-01  8.57716E-01 -1.34820E-01 -4.96132E-01  0.00000E+00
  1.350E+02  8.53553E-01  8.54658E-01 -1.36700E-01 -5.00872E-01  2.22045E-16
  1.355E+02  8.56625E-01  8.51600E-01 -1.38615E-01 -5.05532E-01  3.33067E-16
  1.360E+02  8.59670E-01  8.48544E-01 -1.40566E-01 -5.10112E-01 -2.22045E-16
  1.365E+02  8.62687E-01  8.45492E-01 -1.42553E-01 -5.14609E-01  2.22045E-16
  1.370E+02  8.65677E-01  8.42445E-01 -1.44579E-01 -5.19022E-01  1.11022E-16
  1.375E+02  8.68639E-01  8.39406E-01 -1.46643E-01 -5.23349E-01 -2.22045E-16
  1.380E+02  8.71572E-01  8.36376E-01 -1.48748E-01 -5.27588E-01  0.00000E+00
  1.385E+02  8.74478E-01  8.33359E-01 -1.50895E-01 -5.31736E-01 -2.22045E-16
  1.390E+02  8.77355E-01  8.30358E-01 -1.53085E-01 -5.35790E-01  0.00000E+00
  1.395E+02  8.80203E-01  8.27374E-01 -1.55320E-01 -5.39749E-01  0.00000E+00
  1.400E+02  8.83022E-01  8.24409E-01 -1.57600E-01 -5.43609E-01 -2.22045E-16
  1.405E+02  8.85812E-01  8.21467E-01 -1.59928E-01 -5.47370E-01  4.44089E-16
  1.410E+02  8.88573E-01  8.18550E-01 -1.62305E-01 -5.51030E-01  2.22045E-16
  1.415E+02  8.91304E-01  8.15659E-01 -1.64732E-01 -5.54584E-01  0.00000E+00
  1.420E+02  8.94005E-01  8.12800E-01 -1.67211E-01 -5.58029E-01 -4.44089E-16
  1.425E+02  8.96677E-01  8.09975E-01 -1.69745E-01 -5.61362E-01  2.22045E-16
  1.430E+02  8.99318E-01  8.07189E-01 -1.72335E-01 -5.64577E-01  2.22045E-16
  1.435E+02  9.01928E-01  8.04443E-01 -1.74983E-01 -5.67673E-01  2.22045E-16
  1.440E+02  9.04508E-01  8.01739E-01 -1.77691E-01 -5.70649E-01  0.00000E+00
  1.445E+02  9.07058E-01  7.99081E-01 -1.80460E-01 -5.73501E-01  2.22045E-16
  1.450E+02  9.09576E-01  7.96474E-01 -1.83294E-01 -5.76223E-01 -2.22045E-16
  1.455E+02  9.12063E-01  7.93923E-01 -1.86194E-01 -5.78808E-01  0.00000E+00
  1.460E+02  9.14519E-01  7.91431E-01 -1.89164E-01 -5.81252E-01  0.00000E+00
  1.465E+02  9.16943E-01  7.89003E-01 -1.92206E-01 -5.83551E-01  2.22045E-16
  1.470E+02  9.19335E-01  7.86641E-01 -1.95321E-01 -5.85701E-01  2.22045E-16
  1.475E+02  9.21696E-01  7.84349E-01 -1.98514E-01 -5.87698E-01  4.44089E-16
  1.480E+02  9.24024E-01  7.82133E-01 -2.01785E-01 -5.89535E-01  2.22045E-16
  1.485E+02  9.26320E-01  7.79998E-01 -2.05140E-01 -5.91203E-01 -2.22045E-16
  1.490E+02  9.28584E-01  7.77949E-01 -2.08580E-01 -5.92696E-01  0.00000E+00
  1.495E+02  9.30815E-01  7.75993E-01 -2.12111E-01 -5.94007E-01 -2.22045E-16
  1.500E+02  9.33013E-01  7.74134E-01 -2.15734E-01 -5.95127E-01 -2.22045E-16
  1.505E+02  9.35178E-01  7.72376E-01 -2.19453E-01 -5.96050E-01 -2.22045E-16
  1.510E+02  9.37310E-01  7.70726E-01 -2.23273E-01 -5.96767E-01  0.00000E+00
  1.515E+02  9.39409E-01  7.69190E-01 -2.27196E-01 -5.97268E-01 -2.22045E-16
  1.520E+02  9.41474E-01  7.67774E-01 -2.31227E-01 -5.97543E-01  4.44089E-16
  1.525E+02  9.43505E-01  7.66486E-01 -2.35370E-01 -5.97578E-01  2.22045E-16
  1.530E+02  9.45503E-01  7.65334E-01 -2.39631E-01 -5.97362E-01  2.22045E-16
  1.535E+02  9.47467E-01  7.64323E-01 -2.44014E-01 -5.96882E-01  1.11022E-16
  1.540E+02  9.49397E-01  7.63461E-01 -2.48523E-01 -5.96124E-01  1.11022E-16
  1.545E+02  9.51293E-01  7.62756E-01 -2.53163E-01 -5.95073E-01 -2.22045E-16
  1.550E+02  9.53154E-01  7.62214E-01 -2.57939E-01 -5.93715E-01  0.00000E+00
  1.555E+02  9.54981E-01  7.61845E-01 -2.62857E-01 -5.92029E-01  2.22045E-16
  1.560E+02  9.56773E-01  7.61658E-01 -2.67924E-01 -5.89994E-01  2.22045E-16
  1.565E+02  9.58530E-01  7.61663E-01 -2.73144E-01 -5.87590E-01 -4.44089E-16
  1.570E+02  9.60252E-01  7.61868E-01 -2.78523E-01 -5.84792E-01  3.33067E-16
  1.575E+02  9.61940E-01  7.62282E-01 -2.84069E-01 -5.81577E-01  1.11022E-16
  1.580E+02  9.63592E-01  7.62914E-01 -2.89786E-01 -5.77916E-01  2.22045E-16
  1.585E+02  9.65209E-01  7.63772E-01 -2.95680E-01 -5.73781E-01  1.11022E-16
  1.590E+02  9.66790E-01  7.64868E-01 -3.01759E-01 -5.69138E-01 -2.22045E-16
  1.595E+02  9.68336E-01  7.66211E-01 -3.08030E-01 -5.63949E-01  0.00000E+00
  1.600E+02  9.69846E-01  7.67812E-01 -3.14497E-01 -5.58172E-01  0.00000E+00
  1.605E+02  9.71321E-01  7.69681E-01 -3.21168E-01 -5.51763E-01  2.22045E-16
  1.610E+02  9.72759E-01  7.71824E-01 -3.28049E-01 -5.44676E-01  1.11022E-16
  1.615E+02  9.74162E-01  7.74251E-01 -3.35143E-01 -5.36857E-01  3.33067E-16
  1.620E+02  9.75528E-01  7.76967E-01 -3.42457E-01 -5.28248E-01 -2.22045E-16
  1.625E+02  9.76858E-01  7.79978E-01 -3.49993E-01 -5.18785E-01  0.00000E+00
  1.630E+02  9.78152E-01  7.83292E-01 -3.57756E-01 -5.08394E-01  0.00000E+00
  1.635E+02  9.79410E-01  7.86910E-01 -3.65745E-01 -4.96994E-01  0.00000E+00
  1.640E+02  9.80631E-01  7.90832E-01 -3.73962E-01 -4.84497E-01  0.00000E+00
  1.645E+02  9.81815E-01  7.95054E-01 -3.82401E-01 -4.70806E-01 -4.44089E-16
  1.650E+02  9.82963E-01  7.99566E-01 -3.91057E-01 -4.55816E-01  0.00000E+00
  1.655E+02  9.84074E-01  8.04353E-01 -3.99919E-01 -4.39409E-01  0.00000E+00
  1.660E+02  9.85148E-01  8.09394E-01 -4.08972E-01 -4.21455E-01  0.00000E+00
  1.665E+02  9.86185E-01  8.14658E-01 -4.18193E-01 -4.01806E-01  0.00000E+00
  1.670E+02  9.87185E-01  8.20104E-01 -4.27553E-01 -3.80299E-01  2.22045E-16
  1.675E+02  9.88148E-01  8.25678E-01 -4.37012E-01 -3.56759E-01 -4.44089E-16
  1.680E+02  9.89074E-01  8.31303E-01 -4.46518E-01 -3.30994E-01 -4.44089E-16
  1.685E+02  9.89962E-01  8.36885E-01 -4.56003E-01 -3.02795E-01  0.00000E+00
  1.690E+02  9.90814E-01  8.42300E-01 -4.65382E-01 -2.71939E-01 -2.22045E-16
  1.695E+02  9.91627E-01  8.47393E-01 -4.74547E-01 -2.38180E-01  0.00000E+00
  1.700E+02  9.92404E-01  8.51973E-01 -4.83361E-01 -2.01259E-01  4.44089E-16
  1.705E+02  9.93143E-01  8.55797E-01 -4.91653E-01 -1.60900E-01 -2.22045E-16
  1.710E+02  9.93844E-01  8.58566E-01 -4.99215E-01 -1.16826E-01 -2.22045E-16
  1.715E+02  9.94508E-01  8.59914E-01 -5.05786E-01 -6.87648E-02  2.22045E-16
  1.720E+02  9.95134E-01  8.59390E-01 -5.11055E-01 -1.64639E-02 -2.22045E-16
  1.725E+02  9.95722E-01  8.56457E-01 -5.14644E-01  4.02920E-02  2.22045E-16
  1.730E+02  9.96273E-01  8.50472E-01 -5.16104E-01  1.01659E-01 -2.22045E-16
  1.735E+02  9.96786E-01  8.40684E-01 -5.14907E-01  1.67696E-01  0.00000E+00
  1.740E+02  9.97261E-01  8.26226E-01 -5.10444E-01  2.38325E-01  0.00000E+00
  1.745E+02  9.97698E-01  8.06122E-01 -5.02030E-01  3.13263E-01 -4.44089E-16
  1.750E+02  9.98097E-01  7.79308E-01 -4.88921E-01  3.91962E-01  0.00000E+00
  1.755E+02  9.98459E-01  7.44676E-01 -4.70340E-01  4.73538E-01  0.00000E+00
  1.760E+02  9.98782E-01  7.01134E-01 -4.45523E-01  5.56705E-01  1.11022E-16
  1.765E+02  9.99067E-01  6.47707E-01 -4.13789E-01  6.39730E-01  2.22045E-16
  1.770E+02  9.99315E-01  5.83661E-01 -3.74622E-01  7.20415E-01  0.00000E+00
  1.775E+02  9.99524E-01  5.08648E-01 -3.27775E-01  7.96141E-01  2.22045E-16
  1.780E+02  9.99695E-01  4.22864E-01 -2.73386E-01  8.63971E-01  2.22045E-16
  1.785E+02  9.99829E-01  3.27172E-01 -2.12058E-01  9.20864E-01  1.11022E-16
  1.790E+02  9.99924E-01  2.23173E-01 -1.44912E-01  9.63947E-01 -2.22045E-16
  1.795E+02  9.99981E-01  1.13165E-01 -7.35609E-02  9.90849E-01  2.22045E-16
  1.800E+02  1.00000E+00  1.59562E-15 -1.03757E-15  1.00000E+00  0.00000E+00
