 #  Scattering amplitudes (in cm)      MU=(1-cos(TH))/2
 #  Z =  79,   projectile: electron
 #  Kinetic energy = 8.10000E+06 eV
 #
 # TH (deg)      MU          Re(F)        Im(F)        Re(G)        Im(G)        ERRF         ERRG 
 #-----------------------------------------------------------------------------------------------------------------
  0.000E+00  0.00000E+00  1.69109E-06  2.68266E-07  0.00000E+00  0.00000E+00  1.09015E-08  0.00000E+00
  1.000E-04  7.61557E-13  1.69108E-06  2.68265E-07  1.38817E-12  2.20219E-13  1.08964E-08  1.62151E-07
  1.250E-04  1.18994E-12  1.69108E-06  2.68265E-07  1.73521E-12  2.75273E-13  1.08936E-08  1.62130E-07
  1.500E-04  1.71346E-12  1.69107E-06  2.68265E-07  2.08224E-12  3.30328E-13  1.08900E-08  1.62104E-07
  1.750E-04  2.33225E-12  1.69106E-06  2.68265E-07  2.42927E-12  3.85383E-13  1.08859E-08  1.62073E-07
  2.000E-04  3.04617E-12  1.69105E-06  2.68265E-07  2.77629E-12  4.40437E-13  1.08811E-08  1.62038E-07
  2.250E-04  3.85530E-12  1.69104E-06  2.68265E-07  3.12331E-12  4.95491E-13  1.08757E-08  1.61998E-07
  2.500E-04  4.75964E-12  1.69103E-06  2.68265E-07  3.47032E-12  5.50546E-13  1.08696E-08  1.61954E-07
  2.750E-04  5.75917E-12  1.69102E-06  2.68264E-07  3.81732E-12  6.05600E-13  1.08629E-08  1.61905E-07
  3.000E-04  6.85391E-12  1.69100E-06  2.68264E-07  4.16431E-12  6.60654E-13  1.08556E-08  1.61851E-07
  3.250E-04  8.04379E-12  1.69099E-06  2.68264E-07  4.51130E-12  7.15707E-13  1.08476E-08  1.61792E-07
  3.500E-04  9.32893E-12  1.69097E-06  2.68264E-07  4.85827E-12  7.70761E-13  1.08390E-08  1.61729E-07
  3.750E-04  1.07092E-11  1.69095E-06  2.68263E-07  5.20524E-12  8.25815E-13  1.08298E-08  1.61661E-07
  4.000E-04  1.21847E-11  1.69093E-06  2.68263E-07  5.55219E-12  8.80868E-13  1.08199E-08  1.61588E-07
  4.250E-04  1.37554E-11  1.69091E-06  2.68263E-07  5.89913E-12  9.35921E-13  1.08094E-08  1.61511E-07
  4.500E-04  1.54213E-11  1.69089E-06  2.68263E-07  6.24606E-12  9.90974E-13  1.07983E-08  1.61429E-07
  4.750E-04  1.71823E-11  1.69087E-06  2.68262E-07  6.59297E-12  1.04603E-12  1.07865E-08  1.61342E-07
  5.000E-04  1.90386E-11  1.69084E-06  2.68262E-07  6.93987E-12  1.10108E-12  1.07741E-08  1.61251E-07
  5.250E-04  2.09900E-11  1.69082E-06  2.68261E-07  7.28676E-12  1.15613E-12  1.07611E-08  1.61155E-07
  5.500E-04  2.30367E-11  1.69079E-06  2.68261E-07  7.63363E-12  1.21118E-12  1.07475E-08  1.61055E-07
  5.750E-04  2.51785E-11  1.69077E-06  2.68261E-07  7.98048E-12  1.26624E-12  1.07332E-08  1.60950E-07
  6.000E-04  2.74156E-11  1.69074E-06  2.68260E-07  8.32731E-12  1.32129E-12  1.07183E-08  1.60840E-07
  6.250E-04  2.97478E-11  1.69071E-06  2.68260E-07  8.67413E-12  1.37634E-12  1.07028E-08  1.60726E-07
  6.500E-04  3.21752E-11  1.69067E-06  2.68259E-07  9.02093E-12  1.43139E-12  1.06866E-08  1.60607E-07
  6.750E-04  3.46979E-11  1.69064E-06  2.68259E-07  9.36771E-12  1.48644E-12  1.06699E-08  1.60483E-07
  7.000E-04  3.73157E-11  1.69061E-06  2.68258E-07  9.71446E-12  1.54149E-12  1.06525E-08  1.60355E-07
  7.250E-04  4.00286E-11  1.69057E-06  2.68258E-07  1.00612E-11  1.59654E-12  1.06345E-08  1.60222E-07
  7.500E-04  4.28368E-11  1.69054E-06  2.68257E-07  1.04079E-11  1.65159E-12  1.06159E-08  1.60085E-07
  7.750E-04  4.57402E-11  1.69050E-06  2.68257E-07  1.07546E-11  1.70664E-12  1.05966E-08  1.59943E-07
  8.000E-04  4.87388E-11  1.69046E-06  2.68256E-07  1.11013E-11  1.76169E-12  1.05768E-08  1.59796E-07
  8.250E-04  5.18325E-11  1.69042E-06  2.68255E-07  1.14479E-11  1.81674E-12  1.05563E-08  1.59645E-07
  8.500E-04  5.50215E-11  1.69038E-06  2.68255E-07  1.17945E-11  1.87179E-12  1.05353E-08  1.59489E-07
  8.750E-04  5.83057E-11  1.69034E-06  2.68254E-07  1.21411E-11  1.92683E-12  1.05136E-08  1.59329E-07
  9.000E-04  6.16850E-11  1.69029E-06  2.68253E-07  1.24877E-11  1.98188E-12  1.04913E-08  1.59165E-07
  9.250E-04  6.51595E-11  1.69025E-06  2.68253E-07  1.28342E-11  2.03693E-12  1.04685E-08  1.58995E-07
  9.500E-04  6.87293E-11  1.69020E-06  2.68252E-07  1.31807E-11  2.09197E-12  1.04450E-08  1.58822E-07
  9.750E-04  7.23943E-11  1.69015E-06  2.68251E-07  1.35272E-11  2.14702E-12  1.04209E-08  1.58643E-07
  1.000E-03  7.61544E-11  1.69011E-06  2.68250E-07  1.38737E-11  2.20207E-12  1.03962E-08  1.58461E-07
  1.250E-03  1.18991E-10  1.68955E-06  2.68242E-07  1.73364E-11  2.75249E-12  1.01170E-08  1.56388E-07
  1.500E-03  1.71347E-10  1.68888E-06  2.68232E-07  2.07954E-11  3.30287E-12  9.78072E-09  1.53879E-07
  1.750E-03  2.33223E-10  1.68808E-06  2.68219E-07  2.42498E-11  3.85317E-12  9.39013E-09  1.50947E-07
  2.000E-03  3.04617E-10  1.68716E-06  2.68205E-07  2.76990E-11  4.40339E-12  8.94861E-09  1.47609E-07
  2.250E-03  3.85531E-10  1.68612E-06  2.68189E-07  3.11422E-11  4.95351E-12  8.45991E-09  1.43883E-07
  2.500E-03  4.75965E-10  1.68496E-06  2.68171E-07  3.45786E-11  5.50353E-12  7.92818E-09  1.39791E-07
  2.750E-03  5.75917E-10  1.68368E-06  2.68151E-07  3.80075E-11  6.05344E-12  7.35791E-09  1.35354E-07
  3.000E-03  6.85389E-10  1.68228E-06  2.68130E-07  4.14283E-11  6.60322E-12  6.75394E-09  1.30597E-07
  3.250E-03  8.04380E-10  1.68076E-06  2.68106E-07  4.48402E-11  7.15286E-12  6.12134E-09  1.25546E-07
  3.500E-03  9.32891E-10  1.67913E-06  2.68080E-07  4.82425E-11  7.70234E-12  5.46542E-09  1.20228E-07
  3.750E-03  1.07092E-09  1.67738E-06  2.68053E-07  5.16345E-11  8.25167E-12  4.79167E-09  1.14673E-07
  4.000E-03  1.21847E-09  1.67551E-06  2.68024E-07  5.50155E-11  8.80082E-12  4.10568E-09  1.08911E-07
  4.250E-03  1.37554E-09  1.67353E-06  2.67993E-07  5.83849E-11  9.34979E-12  3.41314E-09  1.02971E-07
  4.500E-03  1.54213E-09  1.67143E-06  2.67960E-07  6.17419E-11  9.89856E-12  2.71972E-09  9.68856E-08
  4.750E-03  1.71823E-09  1.66923E-06  2.67925E-07  6.50860E-11  1.04471E-11  2.03111E-09  9.06866E-08
  5.000E-03  1.90386E-09  1.66691E-06  2.67888E-07  6.84165E-11  1.09955E-11  1.35286E-09  8.44061E-08
  5.250E-03  2.09900E-09  1.66448E-06  2.67850E-07  7.17328E-11  1.15436E-11  6.90426E-10  7.80762E-08
  5.500E-03  2.30367E-09  1.66195E-06  2.67809E-07  7.50342E-11  1.20914E-11  4.90536E-11  7.17289E-08
  5.750E-03  2.51785E-09  1.65931E-06  2.67767E-07  7.83202E-11  1.26390E-11  5.66236E-10  6.53958E-08
  6.000E-03  2.74156E-09  1.65656E-06  2.67723E-07  8.15901E-11  1.31864E-11  1.15070E-09  5.91082E-08
  6.250E-03  2.97478E-09  1.65371E-06  2.67677E-07  8.48434E-11  1.37335E-11  1.69992E-09  5.28962E-08
  6.500E-03  3.21752E-09  1.65076E-06  2.67629E-07  8.80796E-11  1.42803E-11  2.20983E-09  4.67892E-08
  6.750E-03  3.46978E-09  1.64770E-06  2.67579E-07  9.12980E-11  1.48267E-11  2.67677E-09  4.08153E-08
  7.000E-03  3.73156E-09  1.64455E-06  2.67528E-07  9.44982E-11  1.53729E-11  3.09752E-09  3.50015E-08
  7.250E-03  4.00286E-09  1.64129E-06  2.67474E-07  9.76796E-11  1.59188E-11  3.46928E-09  2.93730E-08
  7.500E-03  4.28368E-09  1.63795E-06  2.67419E-07  1.00842E-10  1.64643E-11  3.78978E-09  2.39537E-08
  7.750E-03  4.57402E-09  1.63450E-06  2.67362E-07  1.03984E-10  1.70095E-11  4.05720E-09  1.87655E-08
  8.000E-03  4.87388E-09  1.63097E-06  2.67303E-07  1.07106E-10  1.75543E-11  4.27028E-09  1.38284E-08
  8.250E-03  5.18326E-09  1.62734E-06  2.67242E-07  1.10208E-10  1.80988E-11  4.42825E-09  9.16044E-09
  8.500E-03  5.50215E-09  1.62363E-06  2.67180E-07  1.13288E-10  1.86428E-11  4.53088E-09  4.77766E-09
  8.750E-03  5.83057E-09  1.61983E-06  2.67115E-07  1.16347E-10  1.91865E-11  4.57848E-09  6.93781E-10
  9.000E-03  6.16850E-09  1.61594E-06  2.67049E-07  1.19384E-10  1.97298E-11  4.57185E-09  3.07968E-09
  9.250E-03  6.51596E-09  1.61197E-06  2.66981E-07  1.22399E-10  2.02727E-11  4.51231E-09  6.53347E-09
  9.500E-03  6.87293E-09  1.60791E-06  2.66912E-07  1.25391E-10  2.08152E-11  4.40170E-09  9.66067E-09
  9.750E-03  7.23942E-09  1.60378E-06  2.66840E-07  1.28360E-10  2.13573E-11  4.24229E-09  1.24567E-08
  1.000E-02  7.61544E-09  1.59957E-06  2.66767E-07  1.31305E-10  2.18989E-11  4.03682E-09  1.49192E-08
  1.250E-02  1.18991E-08  1.55357E-06  2.65936E-07  1.59412E-10  2.72884E-11  2.99522E-10  2.22537E-08
  1.500E-02  1.71347E-08  1.50186E-06  2.64933E-07  1.84927E-10  3.26225E-11  3.24795E-09  8.00875E-09
  1.750E-02  2.33223E-08  1.44624E-06  2.63764E-07  2.07759E-10  3.78916E-11  3.14389E-09  8.16830E-09
  2.000E-02  3.04617E-08  1.38833E-06  2.62436E-07  2.27930E-10  4.30868E-11  2.14866E-10  1.21388E-08
  2.250E-02  3.85531E-08  1.32946E-06  2.60959E-07  2.45549E-10  4.81997E-11  3.20412E-09  3.85031E-09
  2.500E-02  4.75965E-08  1.27071E-06  2.59340E-07  2.60775E-10  5.32229E-11  2.72428E-09  6.25249E-09
  2.750E-02  5.75917E-08  1.21287E-06  2.57588E-07  2.73796E-10  5.81499E-11  6.55846E-10  8.39771E-09
  3.000E-02  6.85389E-08  1.15652E-06  2.55714E-07  2.84810E-10  6.29747E-11  3.33101E-09  1.97825E-09
  3.250E-02  8.04380E-08  1.10206E-06  2.53726E-07  2.94014E-10  6.76923E-11  2.43881E-09  5.45556E-09
  3.500E-02  9.32891E-08  1.04972E-06  2.51635E-07  3.01593E-10  7.22985E-11  1.10627E-09  6.47791E-09
  3.750E-02  1.07092E-07  9.99648E-07  2.49449E-07  3.07722E-10  7.67897E-11  3.52825E-09  8.56713E-10
  4.000E-02  1.21847E-07  9.51899E-07  2.47177E-07  3.12558E-10  8.11632E-11  2.17617E-09  5.06226E-09
  4.250E-02  1.37554E-07  9.06476E-07  2.44829E-07  3.16246E-10  8.54168E-11  1.59008E-09  5.27510E-09
  4.500E-02  1.54213E-07  8.63342E-07  2.42414E-07  3.18916E-10  8.95489E-11  3.74790E-09  5.41879E-11
  4.750E-02  1.71823E-07  8.22436E-07  2.39938E-07  3.20683E-10  9.35587E-11  1.88615E-09  4.84426E-09
  5.000E-02  1.90386E-07  7.83677E-07  2.37411E-07  3.21653E-10  9.74457E-11  2.11315E-09  4.40570E-09
  5.250E-02  2.09900E-07  7.46975E-07  2.34840E-07  3.21919E-10  1.01210E-10  3.95957E-09  5.88107E-10
  5.500E-02  2.30367E-07  7.12238E-07  2.32231E-07  3.21565E-10  1.04852E-10  1.54143E-09  4.70580E-09
  5.750E-02  2.51785E-07  6.79368E-07  2.29592E-07  3.20666E-10  1.08372E-10  2.67305E-09  3.70552E-09
  6.000E-02  2.74156E-07  6.48269E-07  2.26928E-07  3.19291E-10  1.11772E-10  4.13946E-09  1.13821E-09
  6.250E-02  2.97478E-07  6.18847E-07  2.24246E-07  3.17500E-10  1.15052E-10  1.12556E-09  4.59836E-09
  6.500E-02  3.21752E-07  5.91010E-07  2.21550E-07  3.15347E-10  1.18216E-10  3.26201E-09  3.09423E-09
  6.750E-02  3.46978E-07  5.64669E-07  2.18845E-07  3.12881E-10  1.21264E-10  4.26662E-09  1.62737E-09
  7.000E-02  3.73156E-07  5.39742E-07  2.16136E-07  3.10145E-10  1.24199E-10  6.28898E-10  4.49374E-09
  7.250E-02  4.00286E-07  5.16146E-07  2.13428E-07  3.07179E-10  1.27023E-10  3.86803E-09  2.52924E-09
  7.500E-02  4.28368E-07  4.93807E-07  2.10724E-07  3.04018E-10  1.29738E-10  4.32184E-09  2.06958E-09
  7.750E-02  4.57402E-07  4.72650E-07  2.08027E-07  3.00692E-10  1.32347E-10  4.71778E-11  4.37397E-09
  8.000E-02  4.87388E-07  4.52608E-07  2.05341E-07  2.97231E-10  1.34852E-10  4.47567E-09  1.98739E-09
  8.250E-02  5.18325E-07  4.33617E-07  2.02668E-07  2.93657E-10  1.37256E-10  4.28772E-09  2.47001E-09
  8.500E-02  5.50215E-07  4.15614E-07  2.00011E-07  2.89995E-10  1.39562E-10  6.18980E-10  4.22709E-09
  8.750E-02  5.83057E-07  3.98542E-07  1.97373E-07  2.86262E-10  1.41771E-10  5.06676E-09  1.45658E-09
  9.000E-02  6.16850E-07  3.82348E-07  1.94755E-07  2.82476E-10  1.43888E-10  4.14910E-09  2.82906E-09
  9.250E-02  6.51596E-07  3.66979E-07  1.92160E-07  2.78653E-10  1.45914E-10  1.36432E-09  4.04524E-09
  9.500E-02  6.87293E-07  3.52388E-07  1.89589E-07  2.74806E-10  1.47853E-10  5.62126E-09  9.31506E-10
  9.750E-02  7.23942E-07  3.38529E-07  1.87042E-07  2.70946E-10  1.49706E-10  3.89371E-09  3.14463E-09
  1.000E-01  7.61543E-07  3.25361E-07  1.84523E-07  2.67083E-10  1.51476E-10  2.17926E-09  3.82371E-09
  1.250E-01  1.18991E-06  2.23871E-07  1.60962E-07  2.29715E-10  1.65169E-10  7.05877E-09  1.09136E-09
  1.500E-01  1.71347E-06  1.59462E-07  1.40514E-07  1.96349E-10  1.73025E-10  1.41660E-09  3.88750E-09
  1.750E-01  2.33223E-06  1.16182E-07  1.22971E-07  1.66901E-10  1.76661E-10  1.00605E-08  2.67868E-10
  2.000E-01  3.04617E-06  8.55903E-08  1.07929E-07  1.40519E-10  1.77202E-10  4.83319E-10  3.95123E-09
  2.250E-01  3.85531E-06  6.31605E-08  9.49950E-08  1.16656E-10  1.75463E-10  1.30428E-08  5.55383E-10
  2.500E-01  4.75964E-06  4.63487E-08  8.38381E-08  9.51159E-11  1.72063E-10  3.65323E-09  3.94783E-09
  2.750E-01  5.75916E-06  3.36077E-08  7.41913E-08  7.58654E-11  1.67491E-10  1.56772E-08  1.40721E-09
  3.000E-01  6.85388E-06  2.39096E-08  6.58363E-08  5.88787E-11  1.62142E-10  8.15296E-09  3.80990E-09
  3.250E-01  8.04378E-06  1.65189E-08  5.85903E-08  4.40674E-11  1.56322E-10  1.74347E-08  2.26763E-09
  3.500E-01  9.32888E-06  1.08858E-08  5.22965E-08  3.12725E-11  1.50264E-10  1.38371E-08  3.48620E-09
  3.750E-01  1.07092E-05  6.59089E-09  4.68194E-08  2.02847E-11  1.44136E-10  1.77815E-08  3.08751E-09
  4.000E-01  1.21846E-05  3.31280E-09  4.20412E-08  1.08729E-11  1.38055E-10  2.03652E-08  2.96517E-09
  4.250E-01  1.37553E-05  8.06340E-10  3.78601E-08  2.80766E-12  1.32096E-10  1.63166E-08  3.81571E-09
  4.500E-01  1.54212E-05 -1.11446E-09  3.41890E-08 -4.12291E-12  1.26305E-10  2.72782E-08  2.26313E-09
  4.750E-01  1.71822E-05 -2.58970E-09  3.09536E-08 -1.01045E-11  1.20706E-10  1.27876E-08  4.40935E-09
  5.000E-01  1.90385E-05 -3.72437E-09  2.80910E-08 -1.52937E-11  1.15309E-10  3.40417E-08  1.40923E-09
  5.250E-01  2.09899E-05 -4.59700E-09  2.55483E-08 -1.98194E-11  1.10116E-10  7.07957E-09  4.83350E-09
  5.500E-01  2.30365E-05 -5.26633E-09  2.32811E-08 -2.37853E-11  1.05123E-10  4.00656E-08  4.39254E-10
  5.750E-01  2.51783E-05 -5.77640E-09  2.12523E-08 -2.72743E-11  1.00324E-10  7.77387E-10  5.06000E-09
  6.000E-01  2.74153E-05 -6.16045E-09  1.94306E-08 -3.03518E-11  9.57130E-11  4.47296E-08  6.05576E-10
  6.250E-01  2.97475E-05 -6.44378E-09  1.77898E-08 -3.30703E-11  9.12822E-11  1.05924E-08  5.06829E-09
  6.500E-01  3.21749E-05 -6.64590E-09  1.63078E-08 -3.54717E-11  8.70251E-11  4.74207E-08  1.67916E-09
  6.750E-01  3.46974E-05 -6.78200E-09  1.49658E-08 -3.75902E-11  8.29357E-11  2.20040E-08  4.84697E-09
  7.000E-01  3.73152E-05 -6.86409E-09  1.37479E-08 -3.94542E-11  7.90084E-11  4.75814E-08  2.73193E-09
  7.250E-01  4.00281E-05 -6.90185E-09  1.26403E-08 -4.10881E-11  7.52382E-11  3.44844E-08  4.39525E-09
  7.500E-01  4.28362E-05 -6.90312E-09  1.16314E-08 -4.25128E-11  7.16203E-11  4.47574E-08  3.71313E-09
  7.750E-01  4.57395E-05 -6.87436E-09  1.07108E-08 -4.37469E-11  6.81501E-11  4.73583E-08  3.72363E-09
  8.000E-01  4.87380E-05 -6.82094E-09  9.86950E-09 -4.48073E-11  6.48233E-11  3.86421E-08  4.57332E-09
  8.250E-01  5.18317E-05 -6.74737E-09  9.09976E-09 -4.57093E-11  6.16355E-11  5.98357E-08  2.85385E-09
  8.500E-01  5.50205E-05 -6.65746E-09  8.39458E-09 -4.64670E-11  5.85823E-11  2.91124E-08  5.26702E-09
  8.750E-01  5.83045E-05 -6.55441E-09  7.74781E-09 -4.70935E-11  5.56592E-11  7.10529E-08  1.81806E-09
  9.000E-01  6.16838E-05 -6.44096E-09  7.15397E-09 -4.76009E-11  5.28616E-11  1.62545E-08  5.75511E-09
  9.250E-01  6.51582E-05 -6.31944E-09  6.60816E-09 -4.80003E-11  5.01850E-11  8.01227E-08  6.57567E-10
  9.500E-01  6.87277E-05 -6.19181E-09  6.10600E-09 -4.83022E-11  4.76247E-11  3.78364E-10  6.00686E-09
  9.750E-01  7.23925E-05 -6.05974E-09  5.64354E-09 -4.85162E-11  4.51761E-11  8.61885E-08  5.78990E-10
  1.000E+00  7.61524E-05 -5.92463E-09  5.21723E-09 -4.86510E-11  4.28344E-11  1.52178E-12  3.71974E-11
  1.100E+00  9.21439E-05 -5.37482E-09  3.81410E-09 -4.85509E-11  3.44459E-11  3.42138E-12  2.45726E-11
  1.200E+00  1.09658E-04 -4.84228E-09  2.78264E-09 -4.77181E-11  2.74148E-11  4.04695E-12  1.39199E-11
  1.300E+00  1.28695E-04 -4.34938E-09  2.01400E-09 -4.64337E-11  2.14950E-11  3.80464E-12  5.80875E-12
  1.400E+00  1.49255E-04 -3.90358E-09  1.43414E-09 -4.48814E-11  1.64829E-11  3.03769E-12  2.10453E-13
  1.500E+00  1.71338E-04 -3.50507E-09  9.92063E-10 -4.31792E-11  1.22153E-11  2.02991E-12  3.18906E-12
  1.600E+00  1.94942E-04 -3.15074E-09  6.52127E-10 -4.14030E-11  8.56352E-12  9.98639E-13  4.82087E-12
  1.700E+00  2.20070E-04 -2.83633E-09  3.89016E-10 -3.96019E-11  5.42574E-12  9.82464E-14  5.14283E-12
  1.800E+00  2.46720E-04 -2.55734E-09  1.84447E-10 -3.78080E-11  2.72105E-12  5.78767E-13  4.58764E-12
  1.900E+00  2.74892E-04 -2.30955E-09  2.49953E-11 -3.60426E-11  3.84217E-13  9.92759E-13  3.53244E-12
  2.000E+00  3.04586E-04 -2.08914E-09 -9.93488E-11 -3.43199E-11 -1.63797E-12  1.15105E-12  2.28409E-12
  2.100E+00  3.35803E-04 -1.89274E-09 -1.96153E-10 -3.26491E-11 -3.38950E-12  1.09146E-12  1.07001E-12
  2.200E+00  3.68542E-04 -1.71741E-09 -2.71210E-10 -3.10361E-11 -4.90718E-12  8.73249E-13  4.48845E-14
  2.300E+00  4.02802E-04 -1.56057E-09 -3.29000E-10 -2.94846E-11 -6.22205E-12  5.64445E-13  7.07809E-13
  2.400E+00  4.38585E-04 -1.42001E-09 -3.73023E-10 -2.79962E-11 -7.36053E-12  2.29886E-13  1.16006E-12
  2.500E+00  4.75889E-04 -1.29380E-09 -4.06033E-10 -2.65714E-11 -8.34522E-12  7.48030E-14  1.32950E-12
  2.600E+00  5.14715E-04 -1.18026E-09 -4.30209E-10 -2.52099E-11 -9.19554E-12  3.09237E-13  1.26457E-12
  2.700E+00  5.55063E-04 -1.07793E-09 -4.47290E-10 -2.39103E-11 -9.92825E-12  4.50920E-13  1.03092E-12
  2.800E+00  5.96931E-04 -9.85541E-10 -4.58667E-10 -2.26712E-11 -1.05579E-11  4.96146E-13  7.01033E-13
  2.900E+00  6.40321E-04 -9.01978E-10 -4.65459E-10 -2.14905E-11 -1.10970E-11  4.54723E-13  3.41229E-13
  3.000E+00  6.85233E-04 -8.26270E-10 -4.68567E-10 -2.03661E-11 -1.15565E-11  3.48601E-13  7.83417E-15
  3.100E+00  7.31665E-04 -7.57564E-10 -4.68724E-10 -1.92955E-11 -1.19459E-11  2.04425E-13  2.57509E-13
  3.200E+00  7.79618E-04 -6.95113E-10 -4.66521E-10 -1.82764E-11 -1.22736E-11  5.06526E-14  4.32705E-13
  3.300E+00  8.29092E-04 -6.38258E-10 -4.62441E-10 -1.73063E-11 -1.25469E-11  8.72561E-14  5.10197E-13
  3.400E+00  8.80086E-04 -5.86419E-10 -4.56879E-10 -1.63829E-11 -1.27719E-11  1.89871E-13  4.99260E-13
  3.500E+00  9.32601E-04 -5.39086E-10 -4.50154E-10 -1.55038E-11 -1.29545E-11  2.46854E-13  4.16926E-13
  3.600E+00  9.86636E-04 -4.95805E-10 -4.42529E-10 -1.46668E-11 -1.30994E-11  2.56792E-13  2.88421E-13
  3.700E+00  1.04219E-03 -4.56176E-10 -4.34219E-10 -1.38696E-11 -1.32109E-11  2.24116E-13  1.40118E-13
  3.800E+00  1.09927E-03 -4.19843E-10 -4.25399E-10 -1.31101E-11 -1.32929E-11  1.60099E-13  2.98317E-15
  3.900E+00  1.15786E-03 -3.86490E-10 -4.16214E-10 -1.23864E-11 -1.33486E-11  7.92827E-14  1.22731E-13
  4.000E+00  1.21797E-03 -3.55835E-10 -4.06781E-10 -1.16966E-11 -1.33811E-11  3.49419E-15  2.04480E-13
  4.100E+00  1.27961E-03 -3.27628E-10 -3.97195E-10 -1.10387E-11 -1.33930E-11  7.45994E-14  2.43335E-13
  4.200E+00  1.34276E-03 -3.01645E-10 -3.87535E-10 -1.04113E-11 -1.33865E-11  1.24736E-13  2.40475E-13
  4.300E+00  1.40743E-03 -2.77683E-10 -3.77865E-10 -9.81249E-12 -1.33638E-11  1.48686E-13  2.02187E-13
  4.400E+00  1.47362E-03 -2.55565E-10 -3.68236E-10 -9.24093E-12 -1.33267E-11  1.45416E-13  1.40138E-13
  4.500E+00  1.54133E-03 -2.35127E-10 -3.58689E-10 -8.69515E-12 -1.32768E-11  1.19533E-13  6.62383E-14
  4.600E+00  1.61056E-03 -2.16224E-10 -3.49258E-10 -8.17379E-12 -1.32156E-11  7.72989E-14  7.17658E-15
  4.700E+00  1.68131E-03 -1.98726E-10 -3.39969E-10 -7.67558E-12 -1.31443E-11  2.81865E-14  6.90198E-14
  4.800E+00  1.75357E-03 -1.82515E-10 -3.30842E-10 -7.19933E-12 -1.30642E-11  2.00726E-14  1.12051E-13
  4.900E+00  1.82735E-03 -1.67483E-10 -3.21893E-10 -6.74391E-12 -1.29763E-11  5.95358E-14  1.32611E-13
  5.000E+00  1.90265E-03 -1.53534E-10 -3.13135E-10 -6.30826E-12 -1.28814E-11  8.47643E-14  1.30784E-13
  5.100E+00  1.97947E-03 -1.40580E-10 -3.04576E-10 -5.89139E-12 -1.27805E-11  9.37256E-14  1.09800E-13
  5.200E+00  2.05780E-03 -1.28543E-10 -2.96221E-10 -5.49236E-12 -1.26743E-11  8.64583E-14  7.48782E-14
  5.300E+00  2.13765E-03 -1.17350E-10 -2.88076E-10 -5.11028E-12 -1.25634E-11  6.60249E-14  3.34545E-14
  5.400E+00  2.21902E-03 -1.06934E-10 -2.80142E-10 -4.74432E-12 -1.24485E-11  3.72827E-14  7.83710E-15
  5.500E+00  2.30190E-03 -9.72375E-11 -2.72419E-10 -4.39369E-12 -1.23301E-11  5.62051E-15  4.30198E-14
  5.600E+00  2.38630E-03 -8.82046E-11 -2.64907E-10 -4.05767E-12 -1.22087E-11  2.36990E-14  6.74469E-14
  5.700E+00  2.47222E-03 -7.97856E-11 -2.57604E-10 -3.73554E-12 -1.20848E-11  4.60611E-14  7.89547E-14
  5.800E+00  2.55965E-03 -7.19350E-11 -2.50508E-10 -3.42665E-12 -1.19586E-11  5.85273E-14  7.72856E-14
  5.900E+00  2.64859E-03 -6.46110E-11 -2.43616E-10 -3.13037E-12 -1.18307E-11  6.02893E-14  6.40261E-14
  6.000E+00  2.73905E-03 -5.77754E-11 -2.36923E-10 -2.84613E-12 -1.17013E-11  5.23285E-14  4.27427E-14
  6.100E+00  2.83103E-03 -5.13930E-11 -2.30427E-10 -2.57337E-12 -1.15707E-11  3.64212E-14  1.75478E-14
  6.200E+00  2.92452E-03 -4.54318E-11 -2.24122E-10 -2.31156E-12 -1.14392E-11  1.65077E-14  7.53997E-15
  6.300E+00  3.01952E-03 -3.98619E-11 -2.18004E-10 -2.06020E-12 -1.13071E-11  4.22862E-15  2.88230E-14
  6.400E+00  3.11604E-03 -3.46560E-11 -2.12069E-10 -1.81883E-12 -1.11744E-11  2.22551E-14  4.32498E-14
  6.500E+00  3.21407E-03 -2.97893E-11 -2.06311E-10 -1.58700E-12 -1.10415E-11  3.48010E-14  4.96924E-14
  6.600E+00  3.31362E-03 -2.52383E-11 -2.00726E-10 -1.36429E-12 -1.09084E-11  4.05618E-14  4.79651E-14
  6.700E+00  3.41468E-03 -2.09815E-11 -1.95309E-10 -1.15030E-12 -1.07754E-11  3.91093E-14  3.91726E-14
  6.800E+00  3.51725E-03 -1.69996E-11 -1.90055E-10 -9.44658E-13 -1.06426E-11  3.15384E-14  2.53774E-14
  6.900E+00  3.62133E-03 -1.32739E-11 -1.84959E-10 -7.46997E-13 -1.05102E-11  1.95697E-14  9.17941E-15
  7.000E+00  3.72692E-03 -9.78749E-12 -1.80016E-10 -5.56979E-13 -1.03781E-11  5.57270E-15  6.70328E-15
  7.100E+00  3.83403E-03 -6.52531E-12 -1.75223E-10 -3.74281E-13 -1.02467E-11  7.96815E-15  1.99365E-14
  7.200E+00  3.94265E-03 -3.47173E-12 -1.70573E-10 -1.98594E-13 -1.01158E-11  1.89548E-14  2.88408E-14
  7.300E+00  4.05278E-03 -6.14363E-13 -1.66062E-10 -2.96275E-14 -9.98567E-12  2.58197E-14  3.24804E-14
  7.400E+00  4.16442E-03  2.05990E-12 -1.61687E-10  1.32897E-13 -9.85631E-12  2.78454E-14  3.08405E-14
  7.500E+00  4.27757E-03  4.56270E-12 -1.57442E-10  2.89244E-13 -9.72782E-12  2.51698E-14  2.46795E-14
  7.600E+00  4.39223E-03  6.90440E-12 -1.53324E-10  4.39665E-13 -9.60023E-12  1.86392E-14  1.54130E-14
  7.700E+00  4.50840E-03  9.09555E-12 -1.49328E-10  5.84400E-13 -9.47361E-12  9.74253E-15  4.75459E-15
  7.800E+00  4.62608E-03  1.11453E-11 -1.45450E-10  7.23677E-13 -9.34801E-12  4.48682E-17  5.62525E-15
  7.900E+00  4.74527E-03  1.30623E-11 -1.41687E-10  8.57712E-13 -9.22345E-12  8.72175E-15  1.41563E-14
  8.000E+00  4.86597E-03  1.48548E-11 -1.38035E-10  9.86715E-13 -9.09998E-12  1.52974E-14  1.96536E-14
  8.100E+00  4.98817E-03  1.65303E-11 -1.34490E-10  1.11088E-12 -8.97763E-12  1.87578E-14  2.17457E-14
  8.200E+00  5.11188E-03  1.80960E-11 -1.31048E-10  1.23040E-12 -8.85642E-12  1.88210E-14  2.02645E-14
  8.300E+00  5.23711E-03  1.95584E-11 -1.27707E-10  1.34545E-12 -8.73638E-12  1.58513E-14  1.59509E-14
  8.400E+00  5.36383E-03  2.09237E-11 -1.24462E-10  1.45621E-12 -8.61753E-12  1.05697E-14  9.56186E-15
  8.500E+00  5.49207E-03  2.21977E-11 -1.21311E-10  1.56283E-12 -8.49987E-12  4.06678E-15  2.38271E-15
  8.600E+00  5.62181E-03  2.33859E-11 -1.18251E-10  1.66549E-12 -8.38344E-12  2.38989E-15  4.49721E-15
  8.700E+00  5.75306E-03  2.44932E-11 -1.15278E-10  1.76431E-12 -8.26823E-12  7.97210E-15  9.99478E-15
  8.800E+00  5.88581E-03  2.55244E-11 -1.12390E-10  1.85946E-12 -8.15426E-12  1.16123E-14  1.36826E-14
  8.900E+00  6.02007E-03  2.64840E-11 -1.09584E-10  1.95106E-12 -8.04153E-12  1.31303E-14  1.47414E-14
  9.000E+00  6.15583E-03  2.73761E-11 -1.06857E-10  2.03925E-12 -7.93004E-12  1.23316E-14  1.36297E-14
  9.100E+00  6.29310E-03  2.82046E-11 -1.04207E-10  2.12415E-12 -7.81980E-12  9.53380E-15  1.04931E-14
  9.200E+00  6.43187E-03  2.89733E-11 -1.01631E-10  2.20589E-12 -7.71081E-12  5.60686E-15  6.04110E-15
  9.300E+00  6.57214E-03  2.96854E-11 -9.91274E-11  2.28458E-12 -7.60307E-12  1.06555E-15  1.15523E-15
  9.400E+00  6.71392E-03  3.03443E-11 -9.66929E-11  2.36032E-12 -7.49658E-12  3.31155E-15  3.55164E-15
  9.500E+00  6.85720E-03  3.09530E-11 -9.43256E-11  2.43323E-12 -7.39132E-12  6.60151E-15  7.26607E-15
  9.600E+00  7.00198E-03  3.15144E-11 -9.20235E-11  2.50341E-12 -7.28731E-12  8.69404E-15  9.39890E-15
  9.700E+00  7.14827E-03  3.20311E-11 -8.97843E-11  2.57094E-12 -7.18453E-12  8.91448E-15  1.00477E-14
  9.800E+00  7.29605E-03  3.25057E-11 -8.76062E-11  2.63594E-12 -7.08298E-12  7.71583E-15  9.06712E-15
  9.900E+00  7.44534E-03  3.29406E-11 -8.54872E-11  2.69848E-12 -6.98264E-12  5.46117E-15  6.84808E-15
  1.000E+01  7.59612E-03  3.33379E-11 -8.34253E-11  2.75866E-12 -6.88352E-12  2.53996E-15  3.97907E-15
  1.025E+01  7.97965E-03  3.41806E-11 -7.85092E-11  2.89926E-12 -6.64096E-12  4.26462E-15  3.94344E-15
  1.050E+01  8.37255E-03  3.48315E-11 -7.39131E-11  3.02678E-12 -6.40578E-12  5.77135E-15  6.98999E-15
  1.075E+01  8.77480E-03  3.53163E-11 -6.96128E-11  3.14230E-12 -6.17780E-12  2.05087E-15  3.81864E-15
  1.100E+01  9.18641E-03  3.56572E-11 -6.55861E-11  3.24680E-12 -5.95686E-12  2.57914E-15  1.68059E-15
  1.125E+01  9.60736E-03  3.58735E-11 -6.18128E-11  3.34117E-12 -5.74276E-12  3.65223E-15  4.45604E-15
  1.150E+01  1.00376E-02  3.59819E-11 -5.82742E-11  3.42625E-12 -5.53532E-12  1.38033E-15  3.23580E-15
  1.175E+01  1.04773E-02  3.59971E-11 -5.49535E-11  3.50276E-12 -5.33434E-12  1.63159E-15  1.62875E-16
  1.200E+01  1.09262E-02  3.59318E-11 -5.18350E-11  3.57138E-12 -5.13963E-12  2.30677E-15  2.96228E-15
  1.225E+01  1.13844E-02  3.57969E-11 -4.89043E-11  3.63273E-12 -4.95099E-12  8.55964E-16  2.91272E-15
  1.250E+01  1.18520E-02  3.56022E-11 -4.61484E-11  3.68737E-12 -4.76823E-12  6.84335E-16  5.01285E-16
  1.275E+01  1.23288E-02  3.53561E-11 -4.35550E-11  3.73582E-12 -4.59116E-12  1.31414E-15  1.51184E-15
  1.300E+01  1.28150E-02  3.50661E-11 -4.11132E-11  3.77856E-12 -4.41958E-12  5.05104E-16  2.24383E-15
  1.325E+01  1.33104E-02  3.47385E-11 -3.88125E-11  3.81601E-12 -4.25333E-12  6.07145E-16  1.01479E-15
  1.350E+01  1.38150E-02  3.43792E-11 -3.66436E-11  3.84858E-12 -4.09222E-12  4.67406E-16  6.09971E-16
  1.375E+01  1.43290E-02  3.39929E-11 -3.45976E-11  3.87664E-12 -3.93607E-12  1.12524E-16  2.11329E-15
  1.400E+01  1.48521E-02  3.35843E-11 -3.26666E-11  3.90051E-12 -3.78471E-12  3.25287E-16  1.46981E-15
  1.425E+01  1.53845E-02  3.31569E-11 -3.08431E-11  3.92051E-12 -3.63799E-12  2.09099E-16  2.17898E-16
  1.450E+01  1.59262E-02  3.27144E-11 -2.91202E-11  3.93693E-12 -3.49574E-12  4.03487E-16  1.36564E-15
  1.475E+01  1.64770E-02  3.22595E-11 -2.74915E-11  3.95003E-12 -3.35781E-12  0.00000E+00  1.31754E-15
  1.500E+01  1.70371E-02  3.17948E-11 -2.59510E-11  3.96006E-12 -3.22405E-12  4.70329E-16  3.91338E-16
  1.525E+01  1.76063E-02  3.13228E-11 -2.44934E-11  3.96723E-12 -3.09432E-12  3.63657E-16  8.50443E-16
  1.550E+01  1.81848E-02  3.08453E-11 -2.31134E-11  3.97176E-12 -2.96847E-12  3.51662E-16  1.09578E-15
  1.575E+01  1.87724E-02  3.03641E-11 -2.18064E-11  3.97385E-12 -2.84639E-12  8.50603E-16  1.76579E-16
  1.600E+01  1.93692E-02  2.98808E-11 -2.05679E-11  3.97366E-12 -2.72793E-12  6.58717E-16  8.54061E-16
  1.625E+01  1.99751E-02  2.93966E-11 -1.93940E-11  3.97137E-12 -2.61297E-12  3.18980E-16  8.26569E-16
  1.650E+01  2.05901E-02  2.89128E-11 -1.82806E-11  3.96713E-12 -2.50140E-12  6.18153E-16  6.40268E-16
  1.675E+01  2.12143E-02  2.84304E-11 -1.72244E-11  3.96108E-12 -2.39309E-12  7.49047E-16  0.00000E+00
  1.700E+01  2.18476E-02  2.79502E-11 -1.62219E-11  3.95336E-12 -2.28795E-12  2.90581E-16  1.20216E-15
  1.725E+01  2.24900E-02  2.74731E-11 -1.52701E-11  3.94408E-12 -2.18586E-12  4.22908E-16  1.16554E-15
  1.750E+01  2.31415E-02  2.69996E-11 -1.43662E-11  3.93336E-12 -2.08671E-12  8.21008E-16  4.23942E-16
  1.775E+01  2.38021E-02  2.65305E-11 -1.35073E-11  3.92132E-12 -1.99042E-12  1.32876E-16  1.09697E-15
  1.800E+01  2.44717E-02  2.60661E-11 -1.26910E-11  3.90804E-12 -1.89689E-12  6.45420E-16  1.06485E-15
  1.825E+01  2.51504E-02  2.56069E-11 -1.19150E-11  3.89362E-12 -1.80602E-12  8.78142E-16  6.46285E-16
  1.850E+01  2.58382E-02  2.51532E-11 -1.11769E-11  3.87814E-12 -1.71773E-12  1.21962E-16  8.78961E-16
  1.875E+01  2.65349E-02  2.47053E-11 -1.04748E-11  3.86169E-12 -1.63193E-12  9.48935E-16  9.76194E-16
  1.900E+01  2.72407E-02  2.42636E-11 -9.80672E-12  3.84435E-12 -1.54855E-12  6.92428E-16  4.74496E-16
  1.925E+01  2.79555E-02  2.38281E-11 -9.17080E-12  3.82617E-12 -1.46750E-12  1.12319E-16  5.76791E-16
  1.950E+01  2.86793E-02  2.33991E-11 -8.56536E-12  3.80723E-12 -1.38870E-12  8.74824E-16  7.85537E-16
  1.975E+01  2.94120E-02  2.29767E-11 -7.98878E-12  3.78758E-12 -1.31210E-12  6.39006E-16  6.55211E-16
  2.000E+01  3.01537E-02  2.25609E-11 -7.43957E-12  3.76729E-12 -1.23761E-12  2.07515E-16  3.18897E-16
  2.025E+01  3.09043E-02  2.21519E-11 -6.91630E-12  3.74640E-12 -1.16517E-12  6.06699E-16  8.28041E-16
  2.050E+01  3.16639E-02  2.17498E-11 -6.41763E-12  3.72497E-12 -1.09472E-12  7.88588E-16  8.06521E-16
  2.075E+01  3.24324E-02  2.13544E-11 -5.94232E-12  3.70304E-12 -1.02619E-12  0.00000E+00  1.96448E-16
  2.100E+01  3.32098E-02  2.09659E-11 -5.48917E-12  3.68066E-12 -9.59522E-13  5.62576E-16  3.82908E-16
  2.125E+01  3.39961E-02  2.05842E-11 -5.05708E-12  3.65786E-12 -8.94660E-13  7.31888E-16  9.33198E-16
  2.150E+01  3.47912E-02  2.02093E-11 -4.64500E-12  3.63469E-12 -8.31548E-13  1.78580E-16  1.81996E-16
  2.175E+01  3.55952E-02  1.98411E-11 -4.25192E-12  3.61118E-12 -7.70133E-13  5.23026E-16  5.32547E-16
  2.200E+01  3.64081E-02  1.94797E-11 -3.87693E-12  3.58736E-12 -7.10361E-13  5.10752E-16  6.92763E-16
  2.225E+01  3.72297E-02  1.91249E-11 -3.51913E-12  3.56326E-12 -6.52185E-13  1.66299E-16  0.00000E+00
  2.250E+01  3.80602E-02  1.87768E-11 -3.17769E-12  3.53892E-12 -5.95555E-13  4.87447E-16  3.29962E-16
  2.275E+01  3.88995E-02  1.84351E-11 -2.85182E-12  3.51435E-12 -5.40426E-13  0.00000E+00  6.44331E-16
  2.300E+01  3.97476E-02  1.80999E-11 -2.54079E-12  3.48959E-12 -4.86753E-13  3.10453E-16  0.00000E+00
  2.325E+01  4.06044E-02  1.77711E-11 -2.24388E-12  3.46466E-12 -4.34493E-13  4.55331E-16  3.07342E-16
  2.350E+01  4.14700E-02  1.74486E-11 -1.96043E-12  3.43959E-12 -3.83604E-13  0.00000E+00  3.00292E-16
  2.375E+01  4.23443E-02  1.71322E-11 -1.68981E-12  3.41438E-12 -3.34046E-13  1.45210E-16  0.00000E+00
  2.400E+01  4.32273E-02  1.68219E-11 -1.43141E-12  3.38907E-12 -2.85780E-13  1.42084E-16  4.30300E-16
  2.425E+01  4.41190E-02  1.65176E-11 -1.18468E-12  3.36367E-12 -2.38770E-13  0.00000E+00  7.01181E-16
  2.450E+01  4.50194E-02  1.62193E-11 -9.49073E-13  3.33820E-12 -1.92979E-13  1.36122E-16  0.00000E+00
  2.475E+01  4.59284E-02  1.59267E-11 -7.24082E-13  3.31267E-12 -1.48372E-13  1.33280E-16  2.68279E-16
  2.500E+01  4.68461E-02  1.56398E-11 -5.09222E-13  3.28710E-12 -1.04916E-13  1.30525E-16  3.93695E-16
  2.550E+01  4.87074E-02  1.50827E-11 -1.08086E-13  3.23590E-12 -2.13269E-14  2.50525E-16  1.25679E-16
  2.600E+01  5.06030E-02  1.45472E-11  2.57726E-13  3.18470E-12  5.80362E-14  1.20310E-16  1.20454E-16
  2.650E+01  5.25328E-02  1.40325E-11  5.91280E-13  3.13358E-12  1.33404E-13  0.00000E+00  1.15532E-16
  2.700E+01  5.44967E-02  1.35377E-11  8.95340E-13  3.08263E-12  2.04993E-13  3.33726E-16  1.10891E-16
  2.750E+01  5.64946E-02  1.30621E-11  1.17242E-12  3.03191E-12  2.73004E-13  0.00000E+00  4.26043E-16
  2.800E+01  5.85262E-02  1.26049E-11  1.42478E-12  2.98148E-12  3.37628E-13  4.12634E-16  0.00000E+00
  2.850E+01  6.05914E-02  1.21654E-11  1.65450E-12  2.93141E-12  3.99041E-13  1.98886E-16  1.96915E-16
  2.900E+01  6.26901E-02  1.17428E-11  1.86346E-12  2.88172E-12  4.57410E-13  0.00000E+00  3.79009E-16
  2.950E+01  6.48222E-02  1.13364E-11  2.05335E-12  2.83247E-12  5.12892E-13  3.70364E-16  1.82483E-16
  3.000E+01  6.69873E-02  1.09456E-11  2.22572E-12  2.78368E-12  5.65633E-13  1.78858E-16  1.75826E-16
  3.050E+01  6.91854E-02  1.05697E-11  2.38199E-12  2.73538E-12  6.15771E-13  1.72855E-16  1.69508E-16
  3.100E+01  7.14163E-02  1.02081E-11  2.52344E-12  2.68760E-12  6.63436E-13  1.67152E-16  1.63507E-16
  3.150E+01  7.36799E-02  9.86021E-12  2.65126E-12  2.64036E-12  7.08750E-13  0.00000E+00  1.57804E-16
  3.200E+01  7.59760E-02  9.52539E-12  2.76654E-12  2.59367E-12  7.51828E-13  0.00000E+00  3.04757E-16
  3.250E+01  7.83043E-02  9.20313E-12  2.87025E-12  2.54756E-12  7.92778E-13  0.00000E+00  0.00000E+00
  3.300E+01  8.06647E-02  8.89289E-12  2.96331E-12  2.50203E-12  8.31703E-13  0.00000E+00  0.00000E+00
  3.350E+01  8.30571E-02  8.59416E-12  3.04654E-12  2.45709E-12  8.68698E-13  0.00000E+00  0.00000E+00
  3.400E+01  8.54812E-02  8.30648E-12  3.12070E-12  2.41275E-12  9.03855E-13  0.00000E+00  1.33135E-16
  3.450E+01  8.79369E-02  8.02937E-12  3.18649E-12  2.36901E-12  9.37261E-13  1.34199E-16  0.00000E+00
  3.500E+01  9.04240E-02  7.76239E-12  3.24455E-12  2.32588E-12  9.68995E-13  0.00000E+00  0.00000E+00
  3.550E+01  9.29422E-02  7.50512E-12  3.29548E-12  2.28336E-12  9.99136E-13  0.00000E+00  2.41793E-16
  3.600E+01  9.54915E-02  7.25717E-12  3.33984E-12  2.24145E-12  1.02775E-12  1.23061E-16  2.34344E-16
  3.650E+01  9.80716E-02  7.01813E-12  3.37810E-12  2.20016E-12  1.05492E-12  0.00000E+00  2.27219E-16
  3.700E+01  1.00682E-01  6.78765E-12  3.41075E-12  2.15947E-12  1.08070E-12  1.16417E-16  0.00000E+00
  3.750E+01  1.03323E-01  6.56538E-12  3.43819E-12  2.11939E-12  1.10516E-12  1.13305E-16  1.06933E-16
  3.800E+01  1.05995E-01  6.35099E-12  3.46083E-12  2.07992E-12  1.12834E-12  0.00000E+00  1.03804E-16
  3.850E+01  1.08696E-01  6.14415E-12  3.47904E-12  2.04104E-12  1.15032E-12  0.00000E+00  1.00803E-16
  3.900E+01  1.11427E-01  5.94456E-12  3.49314E-12  2.00277E-12  1.17114E-12  1.04718E-16  9.79253E-17
  3.950E+01  1.14188E-01  5.75193E-12  3.50347E-12  1.96508E-12  1.19085E-12  0.00000E+00  2.85490E-16
  4.000E+01  1.16978E-01  5.56597E-12  3.51030E-12  1.92798E-12  1.20950E-12  0.00000E+00  0.00000E+00
  4.050E+01  1.19797E-01  5.38644E-12  3.51389E-12  1.89147E-12  1.22713E-12  9.71277E-17  0.00000E+00
  4.100E+01  1.22645E-01  5.21307E-12  3.51449E-12  1.85553E-12  1.24379E-12  0.00000E+00  0.00000E+00
  4.150E+01  1.25522E-01  5.04562E-12  3.51234E-12  1.82015E-12  1.25952E-12  0.00000E+00  0.00000E+00
  4.200E+01  1.28428E-01  4.88386E-12  3.50764E-12  1.78535E-12  1.27436E-12  9.03913E-17  0.00000E+00
  4.250E+01  1.31361E-01  4.72757E-12  3.50060E-12  1.75109E-12  1.28835E-12  0.00000E+00  0.00000E+00
  4.300E+01  1.34323E-01  4.57654E-12  3.49140E-12  1.71739E-12  1.30151E-12  0.00000E+00  0.00000E+00
  4.350E+01  1.37313E-01  4.43057E-12  3.48021E-12  1.68423E-12  1.31389E-12  0.00000E+00  0.00000E+00
  4.400E+01  1.40330E-01  4.28945E-12  3.46718E-12  1.65160E-12  1.32551E-12  0.00000E+00  0.00000E+00
  4.450E+01  1.43375E-01  4.15302E-12  3.45246E-12  1.61950E-12  1.33641E-12  0.00000E+00  0.00000E+00
  4.500E+01  1.46447E-01  4.02110E-12  3.43618E-12  1.58792E-12  1.34662E-12  0.00000E+00  0.00000E+00
  4.550E+01  1.49545E-01  3.89351E-12  3.41848E-12  1.55686E-12  1.35616E-12  0.00000E+00  0.00000E+00
  4.600E+01  1.52671E-01  3.77009E-12  3.39948E-12  1.52630E-12  1.36506E-12  0.00000E+00  0.00000E+00
  4.650E+01  1.55823E-01  3.65068E-12  3.37928E-12  1.49624E-12  1.37335E-12  0.00000E+00  0.00000E+00
  4.700E+01  1.59001E-01  3.53515E-12  3.35798E-12  1.46667E-12  1.38104E-12  0.00000E+00  0.00000E+00
  4.750E+01  1.62205E-01  3.42335E-12  3.33569E-12  1.43758E-12  1.38817E-12  0.00000E+00  0.00000E+00
  4.800E+01  1.65435E-01  3.31514E-12  3.31248E-12  1.40897E-12  1.39476E-12  0.00000E+00  0.00000E+00
  4.850E+01  1.68690E-01  3.21039E-12  3.28843E-12  1.38083E-12  1.40082E-12  0.00000E+00  0.00000E+00
  4.900E+01  1.71970E-01  3.10899E-12  3.26364E-12  1.35316E-12  1.40638E-12  0.00000E+00  0.00000E+00
  4.950E+01  1.75276E-01  3.01080E-12  3.23816E-12  1.32593E-12  1.41146E-12  0.00000E+00  0.00000E+00
  5.000E+01  1.78606E-01  2.91571E-12  3.21207E-12  1.29916E-12  1.41607E-12  0.00000E+00  0.00000E+00
  5.050E+01  1.81961E-01  2.82362E-12  3.18543E-12  1.27282E-12  1.42023E-12  0.00000E+00  0.00000E+00
  5.100E+01  1.85340E-01  2.73442E-12  3.15830E-12  1.24692E-12  1.42397E-12  0.00000E+00  0.00000E+00
  5.150E+01  1.88743E-01  2.64801E-12  3.13072E-12  1.22145E-12  1.42729E-12  0.00000E+00  0.00000E+00
  5.200E+01  1.92169E-01  2.56429E-12  3.10274E-12  1.19639E-12  1.43022E-12  0.00000E+00  0.00000E+00
  5.250E+01  1.95619E-01  2.48317E-12  3.07442E-12  1.17175E-12  1.43276E-12  0.00000E+00  0.00000E+00
  5.300E+01  1.99092E-01  2.40455E-12  3.04581E-12  1.14752E-12  1.43493E-12  0.00000E+00  0.00000E+00
  5.350E+01  2.02589E-01  2.32836E-12  3.01693E-12  1.12369E-12  1.43675E-12  0.00000E+00  0.00000E+00
  5.400E+01  2.06107E-01  2.25451E-12  2.98783E-12  1.10024E-12  1.43823E-12  0.00000E+00  0.00000E+00
  5.450E+01  2.09649E-01  2.18292E-12  2.95854E-12  1.07719E-12  1.43938E-12  0.00000E+00  0.00000E+00
  5.500E+01  2.13212E-01  2.11352E-12  2.92910E-12  1.05452E-12  1.44022E-12  0.00000E+00  0.00000E+00
  5.550E+01  2.16797E-01  2.04623E-12  2.89953E-12  1.03222E-12  1.44075E-12  0.00000E+00  0.00000E+00
  5.600E+01  2.20404E-01  1.98098E-12  2.86987E-12  1.01029E-12  1.44099E-12  0.00000E+00  0.00000E+00
  5.650E+01  2.24032E-01  1.91771E-12  2.84014E-12  9.88728E-13  1.44094E-12  0.00000E+00  0.00000E+00
  5.700E+01  2.27680E-01  1.85634E-12  2.81036E-12  9.67520E-13  1.44063E-12  0.00000E+00  0.00000E+00
  5.750E+01  2.31350E-01  1.79682E-12  2.78057E-12  9.46662E-13  1.44005E-12  0.00000E+00  0.00000E+00
  5.800E+01  2.35040E-01  1.73909E-12  2.75077E-12  9.26150E-13  1.43922E-12  0.00000E+00  0.00000E+00
  5.850E+01  2.38751E-01  1.68308E-12  2.72099E-12  9.05977E-13  1.43815E-12  0.00000E+00  0.00000E+00
  5.900E+01  2.42481E-01  1.62875E-12  2.69125E-12  8.86139E-13  1.43684E-12  0.00000E+00  0.00000E+00
  5.950E+01  2.46231E-01  1.57604E-12  2.66156E-12  8.66630E-13  1.43531E-12  0.00000E+00  0.00000E+00
  6.000E+01  2.50000E-01  1.52489E-12  2.63195E-12  8.47445E-13  1.43357E-12  0.00000E+00  0.00000E+00
  6.050E+01  2.53788E-01  1.47527E-12  2.60242E-12  8.28578E-13  1.43161E-12  0.00000E+00  0.00000E+00
  6.100E+01  2.57595E-01  1.42711E-12  2.57299E-12  8.10024E-13  1.42945E-12  0.00000E+00  0.00000E+00
  6.150E+01  2.61421E-01  1.38037E-12  2.54368E-12  7.91778E-13  1.42710E-12  0.00000E+00  0.00000E+00
  6.200E+01  2.65264E-01  1.33501E-12  2.51449E-12  7.73835E-13  1.42456E-12  0.00000E+00  0.00000E+00
  6.250E+01  2.69126E-01  1.29099E-12  2.48542E-12  7.56191E-13  1.42185E-12  0.00000E+00  0.00000E+00
  6.300E+01  2.73005E-01  1.24826E-12  2.45651E-12  7.38841E-13  1.41895E-12  0.00000E+00  0.00000E+00
  6.350E+01  2.76901E-01  1.20678E-12  2.42774E-12  7.21779E-13  1.41590E-12  0.00000E+00  0.00000E+00
  6.400E+01  2.80814E-01  1.16652E-12  2.39914E-12  7.05002E-13  1.41268E-12  0.00000E+00  0.00000E+00
  6.450E+01  2.84744E-01  1.12744E-12  2.37072E-12  6.88504E-13  1.40930E-12  0.00000E+00  0.00000E+00
  6.500E+01  2.88691E-01  1.08950E-12  2.34247E-12  6.72282E-13  1.40578E-12  0.00000E+00  0.00000E+00
  6.550E+01  2.92653E-01  1.05266E-12  2.31440E-12  6.56330E-13  1.40211E-12  0.00000E+00  0.00000E+00
  6.600E+01  2.96632E-01  1.01690E-12  2.28651E-12  6.40645E-13  1.39831E-12  0.00000E+00  0.00000E+00
  6.650E+01  3.00625E-01  9.82183E-13  2.25883E-12  6.25223E-13  1.39437E-12  0.00000E+00  0.00000E+00
  6.700E+01  3.04634E-01  9.48474E-13  2.23134E-12  6.10059E-13  1.39030E-12  0.00000E+00  0.00000E+00
  6.750E+01  3.08658E-01  9.15744E-13  2.20406E-12  5.95149E-13  1.38611E-12  0.00000E+00  0.00000E+00
  6.800E+01  3.12697E-01  8.83963E-13  2.17698E-12  5.80490E-13  1.38181E-12  0.00000E+00  0.00000E+00
  6.850E+01  3.16749E-01  8.53105E-13  2.15013E-12  5.66077E-13  1.37738E-12  0.00000E+00  0.00000E+00
  6.900E+01  3.20816E-01  8.23142E-13  2.12348E-12  5.51906E-13  1.37285E-12  0.00000E+00  0.00000E+00
  6.950E+01  3.24896E-01  7.94050E-13  2.09705E-12  5.37974E-13  1.36821E-12  0.00000E+00  0.00000E+00
  7.000E+01  3.28990E-01  7.65802E-13  2.07084E-12  5.24277E-13  1.36347E-12  0.00000E+00  0.00000E+00
  7.050E+01  3.33097E-01  7.38372E-13  2.04485E-12  5.10812E-13  1.35862E-12  0.00000E+00  0.00000E+00
  7.100E+01  3.37216E-01  7.11735E-13  2.01909E-12  4.97574E-13  1.35369E-12  0.00000E+00  0.00000E+00
  7.150E+01  3.41348E-01  6.85868E-13  1.99357E-12  4.84561E-13  1.34866E-12  0.00000E+00  0.00000E+00
  7.200E+01  3.45492E-01  6.60752E-13  1.96827E-12  4.71769E-13  1.34355E-12  0.00000E+00  0.00000E+00
  7.250E+01  3.49647E-01  6.36364E-13  1.94319E-12  4.59194E-13  1.33835E-12  0.00000E+00  0.00000E+00
  7.300E+01  3.53814E-01  6.12686E-13  1.91834E-12  4.46833E-13  1.33307E-12  0.00000E+00  0.00000E+00
  7.350E+01  3.57992E-01  5.89694E-13  1.89372E-12  4.34684E-13  1.32772E-12  0.00000E+00  0.00000E+00
  7.400E+01  3.62181E-01  5.67367E-13  1.86934E-12  4.22742E-13  1.32229E-12  0.00000E+00  0.00000E+00
  7.450E+01  3.66381E-01  5.45687E-13  1.84520E-12  4.11005E-13  1.31678E-12  0.00000E+00  0.00000E+00
  7.500E+01  3.70590E-01  5.24637E-13  1.82128E-12  3.99469E-13  1.31121E-12  0.00000E+00  0.00000E+00
  7.550E+01  3.74810E-01  5.04201E-13  1.79759E-12  3.88132E-13  1.30557E-12  0.00000E+00  0.00000E+00
  7.600E+01  3.79039E-01  4.84360E-13  1.77414E-12  3.76990E-13  1.29987E-12  0.00000E+00  0.00000E+00
  7.650E+01  3.83277E-01  4.65098E-13  1.75092E-12  3.66041E-13  1.29411E-12  0.00000E+00  0.00000E+00
  7.700E+01  3.87524E-01  4.46397E-13  1.72793E-12  3.55282E-13  1.28829E-12  0.00000E+00  0.00000E+00
  7.750E+01  3.91780E-01  4.28241E-13  1.70517E-12  3.44709E-13  1.28241E-12  0.00000E+00  0.00000E+00
  7.800E+01  3.96044E-01  4.10616E-13  1.68264E-12  3.34321E-13  1.27648E-12  0.00000E+00  0.00000E+00
  7.850E+01  4.00316E-01  3.93508E-13  1.66035E-12  3.24114E-13  1.27050E-12  0.00000E+00  0.00000E+00
  7.900E+01  4.04596E-01  3.76902E-13  1.63828E-12  3.14086E-13  1.26447E-12  0.00000E+00  0.00000E+00
  7.950E+01  4.08882E-01  3.60785E-13  1.61644E-12  3.04234E-13  1.25839E-12  0.00000E+00  0.00000E+00
  8.000E+01  4.13176E-01  3.45143E-13  1.59483E-12  2.94555E-13  1.25226E-12  0.00000E+00  0.00000E+00
  8.050E+01  4.17476E-01  3.29962E-13  1.57344E-12  2.85048E-13  1.24609E-12  0.00000E+00  0.00000E+00
  8.100E+01  4.21783E-01  3.15230E-13  1.55229E-12  2.75709E-13  1.23989E-12  0.00000E+00  0.00000E+00
  8.150E+01  4.26095E-01  3.00934E-13  1.53135E-12  2.66536E-13  1.23364E-12  0.00000E+00  0.00000E+00
  8.200E+01  4.30413E-01  2.87063E-13  1.51064E-12  2.57527E-13  1.22735E-12  0.00000E+00  0.00000E+00
  8.250E+01  4.34737E-01  2.73606E-13  1.49015E-12  2.48679E-13  1.22103E-12  0.00000E+00  0.00000E+00
  8.300E+01  4.39065E-01  2.60551E-13  1.46988E-12  2.39990E-13  1.21467E-12  0.00000E+00  0.00000E+00
  8.350E+01  4.43398E-01  2.47887E-13  1.44983E-12  2.31458E-13  1.20828E-12  0.00000E+00  0.00000E+00
  8.400E+01  4.47736E-01  2.35604E-13  1.42999E-12  2.23081E-13  1.20186E-12  0.00000E+00  0.00000E+00
  8.450E+01  4.52077E-01  2.23691E-13  1.41038E-12  2.14855E-13  1.19541E-12  0.00000E+00  0.00000E+00
  8.500E+01  4.56422E-01  2.12138E-13  1.39097E-12  2.06780E-13  1.18893E-12  0.00000E+00  0.00000E+00
  8.550E+01  4.60770E-01  2.00935E-13  1.37178E-12  1.98852E-13  1.18243E-12  0.00000E+00  0.00000E+00
  8.600E+01  4.65122E-01  1.90074E-13  1.35281E-12  1.91071E-13  1.17590E-12  0.00000E+00  0.00000E+00
  8.650E+01  4.69476E-01  1.79545E-13  1.33404E-12  1.83433E-13  1.16935E-12  1.51081E-17  0.00000E+00
  8.700E+01  4.73832E-01  1.69340E-13  1.31548E-12  1.75937E-13  1.16277E-12  0.00000E+00  0.00000E+00
  8.750E+01  4.78190E-01  1.59449E-13  1.29712E-12  1.68580E-13  1.15617E-12  1.49990E-17  0.00000E+00
  8.800E+01  4.82550E-01  1.49864E-13  1.27898E-12  1.61362E-13  1.14955E-12  2.98967E-17  0.00000E+00
  8.850E+01  4.86912E-01  1.40576E-13  1.26103E-12  1.54279E-13  1.14292E-12  0.00000E+00  0.00000E+00
  8.900E+01  4.91274E-01  1.31579E-13  1.24329E-12  1.47330E-13  1.13626E-12  0.00000E+00  0.00000E+00
  8.950E+01  4.95637E-01  1.22864E-13  1.22575E-12  1.40514E-13  1.12959E-12  0.00000E+00  0.00000E+00
  9.000E+01  5.00000E-01  1.14423E-13  1.20840E-12  1.33827E-13  1.12290E-12  0.00000E+00  0.00000E+00
  9.050E+01  5.04363E-01  1.06251E-13  1.19125E-12  1.27269E-13  1.11620E-12  0.00000E+00  0.00000E+00
  9.100E+01  5.08726E-01  9.83388E-14  1.17430E-12  1.20838E-13  1.10948E-12  2.93945E-17  0.00000E+00
  9.150E+01  5.13088E-01  9.06801E-14  1.15754E-12  1.14532E-13  1.10275E-12  0.00000E+00  0.00000E+00
  9.200E+01  5.17450E-01  8.32679E-14  1.14097E-12  1.08349E-13  1.09601E-12  0.00000E+00  0.00000E+00
  9.250E+01  5.21810E-01  7.60958E-14  1.12459E-12  1.02287E-13  1.08926E-12  1.46046E-17  0.00000E+00
  9.300E+01  5.26168E-01  6.91576E-14  1.10840E-12  9.63453E-14  1.08249E-12  7.28922E-18  0.00000E+00
  9.350E+01  5.30524E-01  6.24472E-14  1.09240E-12  9.05218E-14  1.07572E-12  0.00000E+00  0.00000E+00
  9.400E+01  5.34878E-01  5.59586E-14  1.07658E-12  8.48148E-14  1.06894E-12  1.45332E-17  0.00000E+00
  9.450E+01  5.39230E-01  4.96859E-14  1.06094E-12  7.92229E-14  1.06216E-12  7.25700E-18  0.00000E+00
  9.500E+01  5.43578E-01  4.36231E-14  1.04548E-12  7.37443E-14  1.05536E-12  7.24857E-18  0.00000E+00
  9.550E+01  5.47923E-01  3.77647E-14  1.03021E-12  6.83777E-14  1.04856E-12  7.24129E-18  0.00000E+00
  9.600E+01  5.52264E-01  3.21053E-14  1.01511E-12  6.31215E-14  1.04175E-12  1.08527E-17  7.00214E-18
  9.650E+01  5.56602E-01  2.66396E-14  1.00019E-12  5.79741E-14  1.03494E-12  1.08452E-17  2.08020E-17
  9.700E+01  5.60935E-01  2.13627E-14  9.85438E-13  5.29341E-14  1.02813E-12  2.16789E-17  0.00000E+00
  9.750E+01  5.65263E-01  1.62698E-14  9.70862E-13  4.80001E-14  1.02131E-12  3.61178E-18  6.80145E-18
  9.800E+01  5.69587E-01  1.13557E-14  9.56456E-13  4.31707E-14  1.01449E-12  1.26385E-17  6.73696E-18
  9.850E+01  5.73905E-01  6.61572E-15  9.42220E-13  3.84443E-14  1.00767E-12  1.53457E-17  0.00000E+00
  9.900E+01  5.78217E-01  2.04506E-15  9.28151E-13  3.38198E-14  1.00084E-12  3.61110E-18  0.00000E+00
  9.950E+01  5.82524E-01 -2.36078E-15  9.14248E-13  2.92956E-14  9.94018E-13  1.94145E-17  6.55034E-18
  1.000E+02  5.86824E-01 -6.60611E-15  9.00510E-13  2.48704E-14  9.87192E-13  1.44539E-17  3.24517E-18
  1.005E+02  5.91118E-01 -1.06950E-14  8.86935E-13  2.05430E-14  9.80367E-13  7.23103E-18  1.28628E-17
  1.010E+02  5.95404E-01 -1.46317E-14  8.73520E-13  1.63120E-14  9.73542E-13  2.17088E-17  0.00000E+00
  1.015E+02  5.99684E-01 -1.84201E-14  8.60264E-13  1.21761E-14  9.66718E-13  3.62131E-18  7.89578E-18
  1.020E+02  6.03956E-01 -2.20645E-14  8.47166E-13  8.13406E-15  9.59895E-13  1.08752E-17  1.25215E-17
  1.025E+02  6.08220E-01 -2.55686E-14  8.34224E-13  4.18466E-15  9.53075E-13  2.17763E-17  4.65438E-18
  1.030E+02  6.12476E-01 -2.89364E-14  8.21437E-13  3.26649E-16  9.46257E-13  1.45372E-17  1.41301E-17
  1.035E+02  6.16723E-01 -3.21715E-14  8.08803E-13 -3.44119E-15  9.39443E-13  2.18387E-17  5.33652E-18
  1.040E+02  6.20961E-01 -3.52772E-14  7.96321E-13 -7.12004E-15  9.32631E-13  1.45834E-17  1.05819E-17
  1.045E+02  6.25190E-01 -3.82570E-14  7.83988E-13 -1.07111E-14  9.25823E-13  7.30502E-18  1.79868E-17
  1.050E+02  6.29410E-01 -4.11144E-14  7.71804E-13 -1.42155E-14  9.19020E-13  2.92781E-17  1.18905E-17
  1.055E+02  6.33619E-01 -4.38526E-14  7.59766E-13 -1.76344E-14  9.12220E-13  7.33521E-18  1.17916E-17
  1.060E+02  6.37819E-01 -4.64751E-14  7.47874E-13 -2.09689E-14  9.05426E-13  1.47042E-17  2.33889E-17
  1.065E+02  6.42008E-01 -4.89850E-14  7.36126E-13 -2.42202E-14  8.98637E-13  1.47404E-17  5.79944E-18
  1.070E+02  6.46186E-01 -5.13855E-14  7.24521E-13 -2.73893E-14  8.91854E-13  1.47790E-17  3.45148E-17
  1.075E+02  6.50353E-01 -5.36794E-14  7.13056E-13 -3.04773E-14  8.85076E-13  2.96403E-17  5.70630E-18
  1.080E+02  6.54508E-01 -5.58694E-14  7.01731E-13 -3.34853E-14  8.78304E-13  1.48637E-17  1.69827E-17
  1.085E+02  6.58652E-01 -5.79586E-14  6.90544E-13 -3.64144E-14  8.71539E-13  2.98197E-17  2.80815E-17
  1.090E+02  6.62784E-01 -5.99497E-14  6.79493E-13 -3.92655E-14  8.64781E-13  4.48755E-17  0.00000E+00
  1.095E+02  6.66903E-01 -6.18456E-14  6.68578E-13 -4.20397E-14  8.58030E-13  0.00000E+00  2.21171E-17
  1.100E+02  6.71010E-01 -6.36489E-14  6.57797E-13 -4.47381E-14  8.51286E-13  4.51907E-17  1.09737E-17
  1.105E+02  6.75104E-01 -6.53624E-14  6.47149E-13 -4.73615E-14  8.44549E-13  3.02400E-17  0.00000E+00
  1.110E+02  6.79184E-01 -6.69883E-14  6.36632E-13 -4.99110E-14  8.37820E-13  1.51791E-17  0.00000E+00
  1.115E+02  6.83251E-01 -6.85291E-14  6.26244E-13 -5.23876E-14  8.31100E-13  4.57229E-17  1.07277E-17
  1.120E+02  6.87303E-01 -6.99872E-14  6.15985E-13 -5.47922E-14  8.24387E-13  1.53056E-17  0.00000E+00
  1.125E+02  6.91342E-01 -7.13649E-14  6.05853E-13 -5.71258E-14  8.17683E-13  3.07458E-17  0.00000E+00
  1.130E+02  6.95366E-01 -7.26647E-14  5.95847E-13 -5.93893E-14  8.10987E-13  7.72155E-17  0.00000E+00
  1.135E+02  6.99375E-01 -7.38889E-14  5.85966E-13 -6.15836E-14  8.04301E-13  0.00000E+00  0.00000E+00
  1.140E+02  7.03368E-01 -7.50397E-14  5.76208E-13 -6.37096E-14  7.97623E-13  4.67763E-17  1.03440E-17
  1.145E+02  7.07347E-01 -7.61191E-14  5.66572E-13 -6.57682E-14  7.90955E-13  6.26840E-17  0.00000E+00
  1.150E+02  7.11309E-01 -7.71292E-14  5.57057E-13 -6.77604E-14  7.84296E-13  0.00000E+00  0.00000E+00
  1.155E+02  7.15256E-01 -7.80719E-14  5.47662E-13 -6.96869E-14  7.77646E-13  6.33516E-17  1.01286E-17
  1.160E+02  7.19186E-01 -7.89493E-14  5.38385E-13 -7.15487E-14  7.71006E-13  0.00000E+00  0.00000E+00
  1.165E+02  7.23099E-01 -7.97633E-14  5.29225E-13 -7.33466E-14  7.64376E-13  0.00000E+00  0.00000E+00
  1.170E+02  7.26995E-01 -8.05160E-14  5.20181E-13 -7.50814E-14  7.57756E-13  0.00000E+00  0.00000E+00
  1.175E+02  7.30874E-01 -8.12094E-14  5.11252E-13 -7.67540E-14  7.51145E-13  0.00000E+00  0.00000E+00
  1.180E+02  7.34736E-01 -8.18450E-14  5.02437E-13 -7.83652E-14  7.44546E-13  0.00000E+00  0.00000E+00
  1.185E+02  7.38579E-01 -8.24247E-14  4.93735E-13 -7.99159E-14  7.37956E-13  0.00000E+00  0.00000E+00
  1.190E+02  7.42405E-01 -8.29500E-14  4.85144E-13 -8.14067E-14  7.31377E-13  0.00000E+00  0.00000E+00
  1.195E+02  7.46212E-01 -8.34227E-14  4.76663E-13 -8.28385E-14  7.24808E-13  0.00000E+00  0.00000E+00
  1.200E+02  7.50000E-01 -8.38444E-14  4.68291E-13 -8.42122E-14  7.18250E-13  0.00000E+00  0.00000E+00
  1.205E+02  7.53769E-01 -8.42171E-14  4.60027E-13 -8.55283E-14  7.11702E-13  0.00000E+00  0.00000E+00
  1.210E+02  7.57519E-01 -8.45421E-14  4.51871E-13 -8.67878E-14  7.05165E-13  0.00000E+00  0.00000E+00
  1.215E+02  7.61249E-01 -8.48212E-14  4.43820E-13 -8.79914E-14  6.98640E-13  0.00000E+00  0.00000E+00
  1.220E+02  7.64960E-01 -8.50555E-14  4.35875E-13 -8.91399E-14  6.92125E-13  0.00000E+00  0.00000E+00
  1.225E+02  7.68650E-01 -8.52467E-14  4.28033E-13 -9.02339E-14  6.85621E-13  0.00000E+00  0.00000E+00
  1.230E+02  7.72320E-01 -8.53960E-14  4.20294E-13 -9.12742E-14  6.79128E-13  0.00000E+00  0.00000E+00
  1.235E+02  7.75968E-01 -8.55050E-14  4.12657E-13 -9.22615E-14  6.72646E-13  0.00000E+00  0.00000E+00
  1.240E+02  7.79596E-01 -8.55751E-14  4.05121E-13 -9.31965E-14  6.66175E-13  0.00000E+00  0.00000E+00
  1.245E+02  7.83203E-01 -8.56078E-14  3.97685E-13 -9.40800E-14  6.59715E-13  0.00000E+00  0.00000E+00
  1.250E+02  7.86788E-01 -8.56043E-14  3.90348E-13 -9.49126E-14  6.53267E-13  0.00000E+00  0.00000E+00
  1.255E+02  7.90351E-01 -8.55659E-14  3.83109E-13 -9.56950E-14  6.46830E-13  0.00000E+00  0.00000E+00
  1.260E+02  7.93893E-01 -8.54937E-14  3.75967E-13 -9.64279E-14  6.40404E-13  0.00000E+00  0.00000E+00
  1.265E+02  7.97411E-01 -8.53889E-14  3.68920E-13 -9.71121E-14  6.33990E-13  0.00000E+00  0.00000E+00
  1.270E+02  8.00908E-01 -8.52528E-14  3.61969E-13 -9.77480E-14  6.27586E-13  0.00000E+00  0.00000E+00
  1.275E+02  8.04381E-01 -8.50865E-14  3.55112E-13 -9.83365E-14  6.21194E-13  0.00000E+00  0.00000E+00
  1.280E+02  8.07831E-01 -8.48915E-14  3.48349E-13 -9.88781E-14  6.14814E-13  0.00000E+00  0.00000E+00
  1.285E+02  8.11257E-01 -8.46688E-14  3.41678E-13 -9.93735E-14  6.08444E-13  0.00000E+00  0.00000E+00
  1.290E+02  8.14660E-01 -8.44194E-14  3.35099E-13 -9.98234E-14  6.02086E-13  0.00000E+00  0.00000E+00
  1.295E+02  8.18039E-01 -8.41442E-14  3.28610E-13 -1.00228E-13  5.95740E-13  0.00000E+00  0.00000E+00
  1.300E+02  8.21394E-01 -8.38444E-14  3.22212E-13 -1.00589E-13  5.89405E-13  0.00000E+00  0.00000E+00
  1.305E+02  8.24724E-01 -8.35208E-14  3.15902E-13 -1.00906E-13  5.83081E-13  0.00000E+00  0.00000E+00
  1.310E+02  8.28030E-01 -8.31747E-14  3.09680E-13 -1.01180E-13  5.76768E-13  0.00000E+00  0.00000E+00
  1.315E+02  8.31310E-01 -8.28072E-14  3.03546E-13 -1.01411E-13  5.70466E-13  0.00000E+00  0.00000E+00
  1.320E+02  8.34565E-01 -8.24191E-14  2.97499E-13 -1.01601E-13  5.64176E-13  0.00000E+00  0.00000E+00
  1.325E+02  8.37795E-01 -8.20115E-14  2.91538E-13 -1.01749E-13  5.57897E-13  0.00000E+00  0.00000E+00
  1.330E+02  8.40999E-01 -8.15850E-14  2.85661E-13 -1.01857E-13  5.51630E-13  0.00000E+00  0.00000E+00
  1.335E+02  8.44177E-01 -8.11405E-14  2.79869E-13 -1.01925E-13  5.45373E-13  0.00000E+00  0.00000E+00
  1.340E+02  8.47329E-01 -8.06789E-14  2.74160E-13 -1.01953E-13  5.39127E-13  0.00000E+00  0.00000E+00
  1.345E+02  8.50455E-01 -8.02012E-14  2.68534E-13 -1.01942E-13  5.32893E-13  0.00000E+00  0.00000E+00
  1.350E+02  8.53553E-01 -7.97083E-14  2.62990E-13 -1.01892E-13  5.26670E-13  0.00000E+00  0.00000E+00
  1.355E+02  8.56625E-01 -7.92010E-14  2.57528E-13 -1.01805E-13  5.20457E-13  0.00000E+00  0.00000E+00
  1.360E+02  8.59670E-01 -7.86802E-14  2.52146E-13 -1.01681E-13  5.14256E-13  0.00000E+00  0.00000E+00
  1.365E+02  8.62687E-01 -7.81465E-14  2.46844E-13 -1.01520E-13  5.08065E-13  0.00000E+00  0.00000E+00
  1.370E+02  8.65677E-01 -7.76005E-14  2.41621E-13 -1.01323E-13  5.01885E-13  0.00000E+00  0.00000E+00
  1.375E+02  8.68639E-01 -7.70431E-14  2.36477E-13 -1.01090E-13  4.95716E-13  0.00000E+00  0.00000E+00
  1.380E+02  8.71572E-01 -7.64749E-14  2.31410E-13 -1.00822E-13  4.89558E-13  4.84211E-17  0.00000E+00
  1.385E+02  8.74478E-01 -7.58970E-14  2.26421E-13 -1.00520E-13  4.83411E-13  0.00000E+00  0.00000E+00
  1.390E+02  8.77355E-01 -7.53100E-14  2.21508E-13 -1.00183E-13  4.77274E-13  0.00000E+00  0.00000E+00
  1.395E+02  8.80203E-01 -7.47146E-14  2.16671E-13 -9.98133E-14  4.71147E-13  5.04856E-17  0.00000E+00
  1.400E+02  8.83022E-01 -7.41114E-14  2.11910E-13 -9.94103E-14  4.65031E-13  0.00000E+00  0.00000E+00
  1.405E+02  8.85812E-01 -7.35009E-14  2.07223E-13 -9.89749E-14  4.58925E-13  0.00000E+00  0.00000E+00
  1.410E+02  8.88573E-01 -7.28836E-14  2.02610E-13 -9.85075E-14  4.52830E-13  5.27303E-17  0.00000E+00
  1.415E+02  8.91304E-01 -7.22602E-14  1.98070E-13 -9.80086E-14  4.46745E-13  0.00000E+00  0.00000E+00
  1.420E+02  8.94005E-01 -7.16317E-14  1.93603E-13 -9.74787E-14  4.40670E-13  0.00000E+00  0.00000E+00
  1.425E+02  8.96677E-01 -7.09987E-14  1.89209E-13 -9.69184E-14  4.34605E-13  5.51713E-17  0.00000E+00
  1.430E+02  8.99318E-01 -7.03618E-14  1.84887E-13 -9.63282E-14  4.28549E-13  5.60311E-17  0.00000E+00
  1.435E+02  9.01928E-01 -6.97213E-14  1.80636E-13 -9.57084E-14  4.22504E-13  0.00000E+00  0.00000E+00
  1.440E+02  9.04508E-01 -6.90775E-14  1.76455E-13 -9.50597E-14  4.16469E-13  5.78243E-17  0.00000E+00
  1.445E+02  9.07058E-01 -6.84311E-14  1.72343E-13 -9.43824E-14  4.10443E-13  0.00000E+00  0.00000E+00
  1.450E+02  9.09576E-01 -6.77827E-14  1.68300E-13 -9.36770E-14  4.04427E-13  0.00000E+00  0.00000E+00
  1.455E+02  9.12063E-01 -6.71331E-14  1.64328E-13 -9.29441E-14  3.98420E-13  6.07091E-17  0.00000E+00
  1.460E+02  9.14519E-01 -6.64829E-14  1.60424E-13 -9.21841E-14  3.92423E-13  0.00000E+00  0.00000E+00
  1.465E+02  9.16943E-01 -6.58325E-14  1.56588E-13 -9.13975E-14  3.86435E-13  0.00000E+00  0.00000E+00
  1.470E+02  9.19335E-01 -6.51820E-14  1.52820E-13 -9.05847E-14  3.80457E-13  0.00000E+00  0.00000E+00
  1.475E+02  9.21696E-01 -6.45319E-14  1.49117E-13 -8.97461E-14  3.74487E-13  0.00000E+00  0.00000E+00
  1.480E+02  9.24024E-01 -6.38827E-14  1.45482E-13 -8.88823E-14  3.68526E-13  0.00000E+00  0.00000E+00
  1.485E+02  9.26320E-01 -6.32350E-14  1.41912E-13 -8.79937E-14  3.62575E-13  0.00000E+00  0.00000E+00
  1.490E+02  9.28584E-01 -6.25894E-14  1.38407E-13 -8.70807E-14  3.56632E-13  6.84427E-17  0.00000E+00
  1.495E+02  9.30815E-01 -6.19464E-14  1.34969E-13 -8.61439E-14  3.50697E-13  6.96727E-17  0.00000E+00
  1.500E+02  9.33013E-01 -6.13063E-14  1.31595E-13 -8.51835E-14  3.44772E-13  7.09359E-17  0.00000E+00
  1.505E+02  9.35178E-01 -6.06693E-14  1.28285E-13 -8.42001E-14  3.38855E-13  0.00000E+00  0.00000E+00
  1.510E+02  9.37310E-01 -6.00357E-14  1.25038E-13 -8.31942E-14  3.32946E-13  1.47132E-16  0.00000E+00
  1.515E+02  9.39409E-01 -5.94061E-14  1.21854E-13 -8.21660E-14  3.27045E-13  7.49339E-17  0.00000E+00
  1.520E+02  9.41474E-01 -5.87807E-14  1.18734E-13 -8.11162E-14  3.21152E-13  0.00000E+00  0.00000E+00
  1.525E+02  9.43505E-01 -5.81603E-14  1.15676E-13 -8.00450E-14  3.15268E-13  1.55557E-16  0.00000E+00
  1.530E+02  9.45503E-01 -5.75451E-14  1.12680E-13 -7.89529E-14  3.09391E-13  7.92564E-17  0.00000E+00
  1.535E+02  9.47467E-01 -5.69356E-14  1.09746E-13 -7.78405E-14  3.03522E-13  8.07715E-17  0.00000E+00
  1.540E+02  9.49397E-01 -5.63318E-14  1.06873E-13 -7.67080E-14  2.97661E-13  8.23247E-17  0.00000E+00
  1.545E+02  9.51293E-01 -5.57341E-14  1.04062E-13 -7.55558E-14  2.91807E-13  0.00000E+00  0.00000E+00
  1.550E+02  9.53154E-01 -5.51428E-14  1.01310E-13 -7.43845E-14  2.85960E-13  1.71095E-16  0.00000E+00
  1.555E+02  9.54981E-01 -5.45581E-14  9.86185E-14 -7.31944E-14  2.80121E-13  8.72173E-17  0.00000E+00
  1.560E+02  9.56773E-01 -5.39807E-14  9.59870E-14 -7.19860E-14  2.74289E-13  1.77852E-16  0.00000E+00
  1.565E+02  9.58530E-01 -5.34109E-14  9.34153E-14 -7.07596E-14  2.68464E-13  1.81348E-16  0.00000E+00
  1.570E+02  9.60252E-01 -5.28489E-14  9.09030E-14 -6.95156E-14  2.62645E-13  0.00000E+00  0.00000E+00
  1.575E+02  9.61940E-01 -5.22950E-14  8.84495E-14 -6.82545E-14  2.56834E-13  1.88570E-16  0.00000E+00
  1.580E+02  9.63592E-01 -5.17492E-14  8.60544E-14 -6.69766E-14  2.51029E-13  1.92297E-16  0.00000E+00
  1.585E+02  9.65209E-01 -5.12119E-14  8.37172E-14 -6.56824E-14  2.45230E-13  0.00000E+00  0.00000E+00
  1.590E+02  9.66790E-01 -5.06832E-14  8.14378E-14 -6.43723E-14  2.39438E-13  9.99889E-17  0.00000E+00
  1.595E+02  9.68336E-01 -5.01637E-14  7.92160E-14 -6.30466E-14  2.33652E-13  2.03927E-16  0.00000E+00
  1.600E+02  9.69846E-01 -4.96537E-14  7.70519E-14 -6.17057E-14  2.27872E-13  2.07947E-16  0.00000E+00
  1.605E+02  9.71321E-01 -4.91535E-14  7.49450E-14 -6.03501E-14  2.22098E-13  1.06016E-16  0.00000E+00
  1.610E+02  9.72759E-01 -4.86631E-14  7.28951E-14 -5.89801E-14  2.16330E-13  0.00000E+00  0.00000E+00
  1.615E+02  9.74162E-01 -4.81826E-14  7.09014E-14 -5.75962E-14  2.10567E-13  1.10196E-16  0.00000E+00
  1.620E+02  9.75528E-01 -4.77123E-14  6.89637E-14 -5.61986E-14  2.04810E-13  1.12331E-16  0.00000E+00
  1.625E+02  9.76858E-01 -4.72522E-14  6.70817E-14 -5.47879E-14  1.99058E-13  2.28983E-16  0.00000E+00
  1.630E+02  9.78152E-01 -4.68029E-14  6.52555E-14 -5.33643E-14  1.93312E-13  2.33351E-16  0.00000E+00
  1.635E+02  9.79410E-01 -4.63646E-14  6.34851E-14 -5.19283E-14  1.87571E-13  2.37759E-16  0.00000E+00
  1.640E+02  9.80631E-01 -4.59376E-14  6.17703E-14 -5.04802E-14  1.81834E-13  2.42201E-16  0.00000E+00
  1.645E+02  9.81815E-01 -4.55219E-14  6.01107E-14 -4.90205E-14  1.76103E-13  1.23335E-16  0.00000E+00
  1.650E+02  9.82963E-01 -4.51176E-14  5.85058E-14 -4.75495E-14  1.70376E-13  2.51159E-16  0.00000E+00
  1.655E+02  9.84074E-01 -4.47247E-14  5.69552E-14 -4.60675E-14  1.64653E-13  1.27831E-16  0.00000E+00
  1.660E+02  9.85148E-01 -4.43435E-14  5.54587E-14 -4.45750E-14  1.58935E-13  1.30085E-16  0.00000E+00
  1.665E+02  9.86185E-01 -4.39741E-14  5.40165E-14 -4.30724E-14  1.53221E-13  2.64671E-16  5.40786E-17
  1.670E+02  9.87185E-01 -4.36171E-14  5.26285E-14 -4.15599E-14  1.47511E-13  0.00000E+00  0.00000E+00
  1.675E+02  9.88148E-01 -4.32724E-14  5.12947E-14 -4.00380E-14  1.41805E-13  2.73612E-16  0.00000E+00
  1.680E+02  9.89074E-01 -4.29403E-14  5.00149E-14 -3.85071E-14  1.36103E-13  2.78030E-16  0.00000E+00
  1.685E+02  9.89962E-01 -4.26207E-14  4.87885E-14 -3.69675E-14  1.30405E-13  1.41199E-16  0.00000E+00
  1.690E+02  9.90814E-01 -4.23136E-14  4.76151E-14 -3.54196E-14  1.24710E-13  1.43354E-16  1.07520E-16
  1.695E+02  9.91627E-01 -4.20190E-14  4.64946E-14 -3.38637E-14  1.19018E-13  1.45474E-16  5.37044E-17
  1.700E+02  9.92404E-01 -4.17373E-14  4.54271E-14 -3.23003E-14  1.13330E-13  1.47551E-16  0.00000E+00
  1.705E+02  9.93143E-01 -4.14687E-14  4.44127E-14 -3.07296E-14  1.07645E-13  0.00000E+00  0.00000E+00
  1.710E+02  9.93844E-01 -4.12135E-14  4.34514E-14 -2.91521E-14  1.01962E-13  4.54649E-16  5.35532E-17
  1.715E+02  9.94508E-01 -4.09717E-14  4.25432E-14 -2.75681E-14  9.62824E-14  1.53458E-16  0.00000E+00
  1.720E+02  9.95134E-01 -4.07432E-14  4.16876E-14 -2.59780E-14  9.06053E-14  7.76489E-17  0.00000E+00
  1.725E+02  9.95722E-01 -4.05279E-14  4.08840E-14 -2.43822E-14  8.49306E-14  1.57064E-16  1.06852E-16
  1.730E+02  9.96273E-01 -4.03259E-14  4.01323E-14 -2.27810E-14  7.92582E-14  7.93758E-17  1.06777E-16
  1.735E+02  9.96786E-01 -4.01373E-14  3.94326E-14 -2.11748E-14  7.35880E-14  0.00000E+00  0.00000E+00
  1.740E+02  9.97261E-01 -3.99625E-14  3.87852E-14 -1.95638E-14  6.79197E-14  2.42792E-16  1.59965E-16
  1.745E+02  9.97698E-01 -3.98016E-14  3.81904E-14 -1.79486E-14  6.22533E-14  8.16348E-17  2.13169E-16
  1.750E+02  9.98097E-01 -3.96548E-14  3.76481E-14 -1.63295E-14  5.65885E-14  8.22865E-17  5.32654E-17
  1.755E+02  9.98459E-01 -3.95219E-14  3.71577E-14 -1.47067E-14  5.09253E-14  8.28838E-17  2.66205E-16
  1.760E+02  9.98782E-01 -3.94027E-14  3.67189E-14 -1.30808E-14  4.52634E-14  0.00000E+00  2.66097E-16
  1.765E+02  9.99067E-01 -3.92971E-14  3.63312E-14 -1.14519E-14  3.96028E-14  2.51727E-16  0.00000E+00
  1.770E+02  9.99315E-01 -3.92052E-14  3.59948E-14 -9.82060E-15  3.39433E-14  0.00000E+00  5.85018E-16
  1.775E+02  9.99524E-01 -3.91273E-14  3.57102E-14 -8.18711E-15  2.82847E-14  8.46951E-17  7.44372E-16
  1.780E+02  9.99695E-01 -3.90639E-14  3.54779E-14 -6.55182E-15  2.26268E-14  1.69985E-16  0.00000E+00
  1.785E+02  9.99829E-01 -3.90150E-14  3.52981E-14 -4.91510E-15  1.69696E-14  8.52232E-17  1.38188E-15
  1.790E+02  9.99924E-01 -3.89805E-14  3.51705E-14 -3.27732E-15  1.13128E-14  1.70775E-16  3.08228E-15
  1.795E+02  9.99981E-01 -3.89601E-14  3.50943E-14 -1.63884E-15  5.65631E-15  1.70970E-16  2.12556E-15
  1.800E+02  1.00000E+00 -3.89530E-14  3.50694E-14 -2.29993E-29  7.93769E-29  6.41383E-15  1.86927E-11
