 #  Scattering amplitudes (in cm)      MU=(1-cos(TH))/2
 #  Z =  79,   projectile: electron
 #  Kinetic energy = 2.95000E+06 eV
 #
 # TH (deg)      MU          Re(F)        Im(F)        Re(G)        Im(G)        ERRF         ERRG 
 #-----------------------------------------------------------------------------------------------------------------
  0.000E+00  0.00000E+00  6.79197E-07  1.08711E-07  0.00000E+00  0.00000E+00  1.66795E-08  0.00000E+00
  1.000E-04  7.61557E-13  6.79196E-07  1.08711E-07  5.05204E-13  8.08752E-14  1.66781E-08  1.57367E-07
  1.250E-04  1.18994E-12  6.79196E-07  1.08711E-07  6.31505E-13  1.01094E-13  1.66773E-08  1.57364E-07
  1.500E-04  1.71346E-12  6.79195E-07  1.08711E-07  7.57806E-13  1.21313E-13  1.66764E-08  1.57359E-07
  1.750E-04  2.33225E-12  6.79195E-07  1.08711E-07  8.84106E-13  1.41532E-13  1.66753E-08  1.57354E-07
  2.000E-04  3.04617E-12  6.79194E-07  1.08711E-07  1.01041E-12  1.61750E-13  1.66740E-08  1.57348E-07
  2.250E-04  3.85530E-12  6.79193E-07  1.08711E-07  1.13671E-12  1.81969E-13  1.66725E-08  1.57341E-07
  2.500E-04  4.75964E-12  6.79193E-07  1.08711E-07  1.26300E-12  2.02188E-13  1.66709E-08  1.57334E-07
  2.750E-04  5.75917E-12  6.79192E-07  1.08711E-07  1.38930E-12  2.22407E-13  1.66691E-08  1.57325E-07
  3.000E-04  6.85391E-12  6.79191E-07  1.08711E-07  1.51560E-12  2.42625E-13  1.66671E-08  1.57316E-07
  3.250E-04  8.04379E-12  6.79190E-07  1.08711E-07  1.64190E-12  2.62844E-13  1.66649E-08  1.57306E-07
  3.500E-04  9.32893E-12  6.79189E-07  1.08711E-07  1.76820E-12  2.83063E-13  1.66626E-08  1.57295E-07
  3.750E-04  1.07092E-11  6.79188E-07  1.08711E-07  1.89449E-12  3.03282E-13  1.66601E-08  1.57283E-07
  4.000E-04  1.21847E-11  6.79186E-07  1.08711E-07  2.02079E-12  3.23500E-13  1.66574E-08  1.57271E-07
  4.250E-04  1.37554E-11  6.79185E-07  1.08711E-07  2.14708E-12  3.43719E-13  1.66545E-08  1.57257E-07
  4.500E-04  1.54213E-11  6.79184E-07  1.08711E-07  2.27338E-12  3.63938E-13  1.66515E-08  1.57243E-07
  4.750E-04  1.71823E-11  6.79182E-07  1.08711E-07  2.39967E-12  3.84156E-13  1.66483E-08  1.57228E-07
  5.000E-04  1.90386E-11  6.79181E-07  1.08711E-07  2.52597E-12  4.04375E-13  1.66450E-08  1.57213E-07
  5.250E-04  2.09900E-11  6.79179E-07  1.08711E-07  2.65226E-12  4.24594E-13  1.66414E-08  1.57196E-07
  5.500E-04  2.30367E-11  6.79178E-07  1.08711E-07  2.77855E-12  4.44812E-13  1.66377E-08  1.57179E-07
  5.750E-04  2.51785E-11  6.79176E-07  1.08711E-07  2.90484E-12  4.65031E-13  1.66338E-08  1.57161E-07
  6.000E-04  2.74156E-11  6.79174E-07  1.08711E-07  3.03113E-12  4.85250E-13  1.66298E-08  1.57142E-07
  6.250E-04  2.97478E-11  6.79172E-07  1.08711E-07  3.15742E-12  5.05468E-13  1.66256E-08  1.57122E-07
  6.500E-04  3.21752E-11  6.79170E-07  1.08711E-07  3.28370E-12  5.25687E-13  1.66212E-08  1.57102E-07
  6.750E-04  3.46979E-11  6.79168E-07  1.08711E-07  3.40999E-12  5.45905E-13  1.66166E-08  1.57080E-07
  7.000E-04  3.73157E-11  6.79166E-07  1.08711E-07  3.53627E-12  5.66124E-13  1.66118E-08  1.57058E-07
  7.250E-04  4.00286E-11  6.79163E-07  1.08711E-07  3.66256E-12  5.86342E-13  1.66069E-08  1.57035E-07
  7.500E-04  4.28368E-11  6.79161E-07  1.08711E-07  3.78884E-12  6.06561E-13  1.66018E-08  1.57011E-07
  7.750E-04  4.57402E-11  6.79159E-07  1.08711E-07  3.91512E-12  6.26779E-13  1.65966E-08  1.56987E-07
  8.000E-04  4.87388E-11  6.79156E-07  1.08711E-07  4.04140E-12  6.46998E-13  1.65912E-08  1.56961E-07
  8.250E-04  5.18325E-11  6.79154E-07  1.08711E-07  4.16768E-12  6.67216E-13  1.65856E-08  1.56935E-07
  8.500E-04  5.50215E-11  6.79151E-07  1.08711E-07  4.29395E-12  6.87435E-13  1.65798E-08  1.56908E-07
  8.750E-04  5.83057E-11  6.79148E-07  1.08711E-07  4.42023E-12  7.07653E-13  1.65738E-08  1.56881E-07
  9.000E-04  6.16850E-11  6.79146E-07  1.08711E-07  4.54650E-12  7.27872E-13  1.65677E-08  1.56852E-07
  9.250E-04  6.51595E-11  6.79143E-07  1.08710E-07  4.67277E-12  7.48090E-13  1.65614E-08  1.56823E-07
  9.500E-04  6.87293E-11  6.79140E-07  1.08710E-07  4.79904E-12  7.68308E-13  1.65550E-08  1.56793E-07
  9.750E-04  7.23943E-11  6.79137E-07  1.08710E-07  4.92531E-12  7.88526E-13  1.65484E-08  1.56762E-07
  1.000E-03  7.61544E-11  6.79134E-07  1.08710E-07  5.05158E-12  8.08745E-13  1.65416E-08  1.56730E-07
  1.250E-03  1.18991E-10  6.79098E-07  1.08710E-07  6.31415E-12  1.01093E-12  1.64642E-08  1.56368E-07
  1.500E-03  1.71347E-10  6.79055E-07  1.08709E-07  7.57649E-12  1.21310E-12  1.63699E-08  1.55927E-07
  1.750E-03  2.33223E-10  6.79004E-07  1.08708E-07  8.83858E-12  1.41528E-12  1.62588E-08  1.55407E-07
  2.000E-03  3.04617E-10  6.78945E-07  1.08707E-07  1.01004E-11  1.61745E-12  1.61311E-08  1.54808E-07
  2.250E-03  3.85531E-10  6.78879E-07  1.08706E-07  1.13618E-11  1.81961E-12  1.59869E-08  1.54131E-07
  2.500E-03  4.75965E-10  6.78804E-07  1.08705E-07  1.26228E-11  2.02177E-12  1.58265E-08  1.53376E-07
  2.750E-03  5.75917E-10  6.78722E-07  1.08704E-07  1.38834E-11  2.22392E-12  1.56501E-08  1.52545E-07
  3.000E-03  6.85389E-10  6.78631E-07  1.08703E-07  1.51435E-11  2.42606E-12  1.54580E-08  1.51638E-07
  3.250E-03  8.04380E-10  6.78534E-07  1.08701E-07  1.64031E-11  2.62820E-12  1.52505E-08  1.50657E-07
  3.500E-03  9.32891E-10  6.78428E-07  1.08699E-07  1.76622E-11  2.83032E-12  1.50278E-08  1.49601E-07
  3.750E-03  1.07092E-09  6.78314E-07  1.08698E-07  1.89206E-11  3.03244E-12  1.47904E-08  1.48473E-07
  4.000E-03  1.21847E-09  6.78193E-07  1.08696E-07  2.01783E-11  3.23454E-12  1.45386E-08  1.47272E-07
  4.250E-03  1.37554E-09  6.78064E-07  1.08694E-07  2.14354E-11  3.43664E-12  1.42727E-08  1.46002E-07
  4.500E-03  1.54213E-09  6.77927E-07  1.08692E-07  2.26917E-11  3.63872E-12  1.39932E-08  1.44661E-07
  4.750E-03  1.71823E-09  6.77782E-07  1.08689E-07  2.39473E-11  3.84080E-12  1.37006E-08  1.43253E-07
  5.000E-03  1.90386E-09  6.77630E-07  1.08687E-07  2.52020E-11  4.04285E-12  1.33951E-08  1.41779E-07
  5.250E-03  2.09900E-09  6.77470E-07  1.08684E-07  2.64558E-11  4.24490E-12  1.30773E-08  1.40239E-07
  5.500E-03  2.30367E-09  6.77302E-07  1.08682E-07  2.77088E-11  4.44693E-12  1.27477E-08  1.38636E-07
  5.750E-03  2.51785E-09  6.77127E-07  1.08679E-07  2.89608E-11  4.64895E-12  1.24068E-08  1.36970E-07
  6.000E-03  2.74156E-09  6.76944E-07  1.08676E-07  3.02118E-11  4.85095E-12  1.20550E-08  1.35244E-07
  6.250E-03  2.97478E-09  6.76753E-07  1.08673E-07  3.14617E-11  5.05293E-12  1.16930E-08  1.33460E-07
  6.500E-03  3.21752E-09  6.76555E-07  1.08670E-07  3.27106E-11  5.25490E-12  1.13211E-08  1.31618E-07
  6.750E-03  3.46978E-09  6.76349E-07  1.08667E-07  3.39584E-11  5.45685E-12  1.09401E-08  1.29722E-07
  7.000E-03  3.73156E-09  6.76135E-07  1.08664E-07  3.52050E-11  5.65878E-12  1.05505E-08  1.27772E-07
  7.250E-03  4.00286E-09  6.75914E-07  1.08660E-07  3.64504E-11  5.86069E-12  1.01528E-08  1.25770E-07
  7.500E-03  4.28368E-09  6.75685E-07  1.08657E-07  3.76945E-11  6.06259E-12  9.74768E-09  1.23719E-07
  7.750E-03  4.57402E-09  6.75449E-07  1.08653E-07  3.89374E-11  6.26446E-12  9.33569E-09  1.21621E-07
  8.000E-03  4.87388E-09  6.75205E-07  1.08649E-07  4.01789E-11  6.46631E-12  8.91746E-09  1.19477E-07
  8.250E-03  5.18326E-09  6.74954E-07  1.08645E-07  4.14191E-11  6.66814E-12  8.49361E-09  1.17290E-07
  8.500E-03  5.50215E-09  6.74696E-07  1.08641E-07  4.26579E-11  6.86995E-12  8.06477E-09  1.15061E-07
  8.750E-03  5.83057E-09  6.74429E-07  1.08637E-07  4.38952E-11  7.07173E-12  7.63157E-09  1.12793E-07
  9.000E-03  6.16850E-09  6.74156E-07  1.08633E-07  4.51310E-11  7.27349E-12  7.19464E-09  1.10489E-07
  9.250E-03  6.51596E-09  6.73875E-07  1.08628E-07  4.63653E-11  7.47523E-12  6.75464E-09  1.08149E-07
  9.500E-03  6.87293E-09  6.73587E-07  1.08624E-07  4.75981E-11  7.67694E-12  6.31220E-09  1.05777E-07
  9.750E-03  7.23942E-09  6.73291E-07  1.08619E-07  4.88292E-11  7.87863E-12  5.86797E-09  1.03374E-07
  1.000E-02  7.61544E-09  6.72988E-07  1.08614E-07  5.00587E-11  8.08029E-12  5.42260E-09  1.00943E-07
  1.250E-02  1.18991E-08  6.69562E-07  1.08560E-07  6.22549E-11  1.00953E-11  1.04719E-09  7.55952E-08
  1.500E-02  1.71347E-08  6.65436E-07  1.08493E-07  7.42456E-11  1.21069E-11  2.76305E-09  4.99680E-08
  1.750E-02  2.33223E-08  6.60648E-07  1.08414E-07  8.59966E-11  1.41145E-11  5.50266E-09  2.62391E-08
  2.000E-02  3.04617E-08  6.55235E-07  1.08324E-07  9.74767E-11  1.61174E-11  6.85516E-09  6.22868E-09
  2.250E-02  3.85531E-08  6.49241E-07  1.08222E-07  1.08658E-10  1.81151E-11  6.73981E-09  8.78997E-09
  2.500E-02  4.75965E-08  6.42712E-07  1.08108E-07  1.19517E-10  2.01067E-11  5.31824E-09  1.82047E-08
  2.750E-02  5.75917E-08  6.35695E-07  1.07983E-07  1.30034E-10  2.20918E-11  2.96018E-09  2.20899E-08
  3.000E-02  6.85389E-08  6.28239E-07  1.07847E-07  1.40191E-10  2.40697E-11  1.74078E-10  2.11439E-08
  3.250E-02  8.04380E-08  6.20392E-07  1.07699E-07  1.49977E-10  2.60398E-11  2.48504E-09  1.65479E-08
  3.500E-02  9.32891E-08  6.12202E-07  1.07540E-07  1.59381E-10  2.80015E-11  4.51429E-09  9.77055E-09
  3.750E-02  1.07092E-07  6.03716E-07  1.07371E-07  1.68398E-10  2.99543E-11  5.55084E-09  2.34650E-09
  4.000E-02  1.21847E-07  5.94979E-07  1.07191E-07  1.77025E-10  3.18976E-11  5.43327E-09  4.33855E-09
  4.250E-02  1.37554E-07  5.86034E-07  1.07000E-07  1.85262E-10  3.38309E-11  4.22547E-09  9.22587E-09
  4.500E-02  1.54213E-07  5.76921E-07  1.06799E-07  1.93109E-10  3.57536E-11  2.19896E-09  1.17008E-08
  4.750E-02  1.71823E-07  5.67679E-07  1.06587E-07  2.00572E-10  3.76653E-11  2.23160E-10  1.16352E-08
  5.000E-02  1.90386E-07  5.58343E-07  1.06366E-07  2.07656E-10  3.95655E-11  2.54988E-09  9.35261E-09
  5.250E-02  2.09900E-07  5.48944E-07  1.06136E-07  2.14369E-10  4.14536E-11  4.31797E-09  5.52655E-09
  5.500E-02  2.30367E-07  5.39513E-07  1.05895E-07  2.20719E-10  4.33293E-11  5.18151E-09  1.03198E-09
  5.750E-02  2.51785E-07  5.30075E-07  1.05646E-07  2.26715E-10  4.51921E-11  4.97825E-09  3.22406E-09
  6.000E-02  2.74156E-07  5.20655E-07  1.05387E-07  2.32368E-10  4.70416E-11  3.75990E-09  6.46324E-09
  6.250E-02  2.97478E-07  5.11274E-07  1.05120E-07  2.37689E-10  4.88775E-11  1.78070E-09  8.16242E-09
  6.500E-02  3.21752E-07  5.01951E-07  1.04844E-07  2.42689E-10  5.06992E-11  5.53940E-10  8.12660E-09
  6.750E-02  3.46978E-07  4.92701E-07  1.04560E-07  2.47379E-10  5.25065E-11  2.76845E-09  6.49913E-09
  7.000E-02  3.73156E-07  4.83539E-07  1.04268E-07  2.51770E-10  5.42991E-11  4.41231E-09  3.71109E-09
  7.250E-02  4.00286E-07  4.74477E-07  1.03968E-07  2.55876E-10  5.60765E-11  5.15036E-09  3.82184E-10
  7.500E-02  4.28368E-07  4.65526E-07  1.03660E-07  2.59705E-10  5.78386E-11  4.83059E-09  2.80648E-09
  7.750E-02  4.57402E-07  4.56695E-07  1.03346E-07  2.63271E-10  5.95851E-11  3.51538E-09  5.24349E-09
  8.000E-02  4.87388E-07  4.47990E-07  1.03024E-07  2.66584E-10  6.13156E-11  1.46998E-09  6.49802E-09
  8.250E-02  5.18325E-07  4.39418E-07  1.02695E-07  2.69655E-10  6.30299E-11  8.90109E-10  6.39131E-09
  8.500E-02  5.50215E-07  4.30984E-07  1.02359E-07  2.72494E-10  6.47278E-11  3.08248E-09  5.01733E-09
  8.750E-02  5.83057E-07  4.22692E-07  1.02018E-07  2.75111E-10  6.64091E-11  4.65546E-09  2.71107E-09
  9.000E-02  6.16850E-07  4.14544E-07  1.01670E-07  2.77517E-10  6.80737E-11  5.28045E-09  2.73541E-11
  9.250E-02  6.51596E-07  4.06542E-07  1.01316E-07  2.79720E-10  6.97212E-11  4.82021E-09  2.63659E-09
  9.500E-02  6.87293E-07  3.98688E-07  1.00956E-07  2.81730E-10  7.13515E-11  3.35881E-09  4.60535E-09
  9.750E-02  7.23942E-07  3.90983E-07  1.00592E-07  2.83556E-10  7.29646E-11  1.18691E-09  5.56962E-09
  1.000E-01  7.61543E-07  3.83426E-07  1.00222E-07  2.85206E-10  7.45603E-11  1.25549E-09  5.37769E-09
  1.250E-01  1.18991E-06  3.15831E-07  9.62845E-08  2.93659E-10  8.95396E-11  5.76530E-09  5.81721E-10
  1.500E-01  1.71347E-06  2.61358E-07  9.20548E-08  2.91613E-10  1.02728E-10  2.19731E-10  4.33211E-09
  1.750E-01  2.33223E-06  2.17658E-07  8.76971E-08  2.83330E-10  1.14177E-10  6.79060E-09  6.25110E-10
  2.000E-01  3.04617E-06  1.82542E-07  8.33345E-08  2.71566E-10  1.23998E-10  2.26779E-09  3.72057E-09
  2.250E-01  3.85531E-06  1.54206E-07  7.90541E-08  2.58088E-10  1.32334E-10  7.43957E-09  1.56848E-09
  2.500E-01  4.75964E-06  1.31209E-07  7.49138E-08  2.43999E-10  1.39338E-10  4.88204E-09  3.11555E-09
  2.750E-01  5.75916E-06  1.12417E-07  7.09494E-08  2.29959E-10  1.45162E-10  7.33941E-09  2.34977E-09
  3.000E-01  6.85388E-06  9.69414E-08  6.71800E-08  2.16330E-10  1.49947E-10  7.85095E-09  2.40222E-09
  3.250E-01  8.04378E-06  8.40874E-08  6.36132E-08  2.03283E-10  1.53819E-10  6.22611E-09  2.95388E-09
  3.500E-01  9.32888E-06  7.33139E-08  6.02487E-08  1.90872E-10  1.56892E-10  1.08365E-08  1.56985E-09
  3.750E-01  1.07092E-05  6.42006E-08  5.70809E-08  1.79084E-10  1.59262E-10  3.98102E-09  3.34931E-09
  4.000E-01  1.21846E-05  5.64213E-08  5.41013E-08  1.67876E-10  1.61014E-10  1.34490E-08  6.51310E-10
  4.250E-01  1.37553E-05  4.97232E-08  5.12997E-08  1.57193E-10  1.62220E-10  6.29127E-10  3.51363E-09
  4.500E-01  1.54212E-05  4.39101E-08  4.86653E-08  1.46981E-10  1.62943E-10  1.52968E-08  3.03944E-10
  4.750E-01  1.71822E-05  3.88295E-08  4.61873E-08  1.37194E-10  1.63240E-10  3.67629E-09  3.43682E-09
  5.000E-01  1.90385E-05  3.43621E-08  4.38552E-08  1.27799E-10  1.63157E-10  1.60155E-08  1.24084E-09
  5.250E-01  2.09899E-05  3.04140E-08  4.16593E-08  1.18770E-10  1.62739E-10  8.66216E-09  3.12049E-09
  5.500E-01  2.30365E-05  2.69105E-08  3.95905E-08  1.10091E-10  1.62024E-10  1.52946E-08  2.10219E-09
  5.750E-01  2.51783E-05  2.37914E-08  3.76405E-08  1.01754E-10  1.61047E-10  1.39397E-08  2.57839E-09
  6.000E-01  2.74153E-05  2.10078E-08  3.58017E-08  9.37531E-11  1.59841E-10  1.29138E-08  2.83066E-09
  6.250E-01  2.97475E-05  1.85189E-08  3.40669E-08  8.60877E-11  1.58436E-10  1.90169E-08  1.83831E-09
  6.500E-01  3.21749E-05  1.62908E-08  3.24298E-08  7.87571E-11  1.56857E-10  8.78665E-09  3.37223E-09
  6.750E-01  3.46974E-05  1.42943E-08  3.08845E-08  7.17608E-11  1.55130E-10  2.33298E-08  9.43388E-10
  7.000E-01  3.73152E-05  1.25043E-08  2.94254E-08  6.50974E-11  1.53277E-10  2.99930E-09  3.68107E-09
  7.250E-01  4.00281E-05  1.08990E-08  2.80474E-08  5.87642E-11  1.51319E-10  2.62938E-08  4.84087E-11
  7.500E-01  4.28362E-05  9.45915E-09  2.67458E-08  5.27566E-11  1.49274E-10  4.16521E-09  3.72518E-09
  7.750E-01  4.57395E-05  8.16757E-09  2.55160E-08  4.70684E-11  1.47159E-10  2.73709E-08  1.06749E-09
  8.000E-01  4.87380E-05  7.00904E-09  2.43538E-08  4.16915E-11  1.44989E-10  1.22279E-08  3.49111E-09
  8.250E-01  5.18317E-05  5.96988E-09  2.32553E-08  3.66163E-11  1.42777E-10  2.61401E-08  2.03790E-09
  8.500E-01  5.50205E-05  5.03785E-09  2.22168E-08  3.18319E-11  1.40536E-10  2.05417E-08  2.98679E-09
  8.750E-01  5.83045E-05  4.20192E-09  2.12345E-08  2.73264E-11  1.38275E-10  2.23615E-08  2.88392E-09
  9.000E-01  6.16838E-05  3.45216E-09  2.03053E-08  2.30867E-11  1.36004E-10  2.83426E-08  2.24217E-09
  9.250E-01  6.51582E-05  2.77964E-09  1.94259E-08  1.90998E-11  1.33730E-10  1.60233E-08  3.53684E-09
  9.500E-01  6.87277E-05  2.17636E-09  1.85933E-08  1.53520E-11  1.31459E-10  3.48200E-08  1.30732E-09
  9.750E-01  7.23925E-05  1.63510E-09  1.78048E-08  1.18295E-11  1.29198E-10  7.36670E-09  3.94115E-09
  1.000E+00  7.61524E-05  1.14938E-09  1.70575E-08  8.51891E-12  1.26951E-10  1.81719E-12  1.34550E-12
  1.100E+00  9.21439E-05 -3.45330E-10  1.44337E-08 -2.86284E-12  1.18171E-10  8.58539E-13  2.09944E-12
  1.200E+00  1.09658E-04 -1.31941E-09  1.22951E-08 -1.18209E-11  1.09819E-10  2.39914E-14  1.84289E-12
  1.300E+00  1.28695E-04 -1.95530E-09  1.05351E-08 -1.89577E-11  1.01944E-10  5.11356E-13  1.15008E-12
  1.400E+00  1.49255E-04 -2.36788E-09  9.07234E-09 -2.47147E-11  9.45465E-11  7.11213E-13  4.15307E-13
  1.500E+00  1.71338E-04 -2.62962E-09  7.84543E-09 -2.94021E-11  8.76038E-11  6.35285E-13  1.40107E-13
  1.600E+00  1.94942E-04 -2.78692E-09  6.80795E-09 -3.32357E-11  8.10900E-11  3.92884E-13  4.36047E-13
  1.700E+00  2.20070E-04 -2.87022E-09  5.92451E-09 -3.63672E-11  7.49803E-11  1.02640E-13  4.91248E-13
  1.800E+00  2.46720E-04 -2.90018E-09  5.16786E-09 -3.89082E-11  6.92535E-11  1.39210E-13  3.79727E-13
  1.900E+00  2.74892E-04 -2.89131E-09  4.51663E-09 -4.09448E-11  6.38908E-11  2.76001E-13  1.92246E-13
  2.000E+00  3.04586E-04 -2.85417E-09  3.95385E-09 -4.25472E-11  5.88750E-11  2.95534E-13  7.43531E-15
  2.100E+00  3.35803E-04 -2.79661E-09  3.46582E-09 -4.37752E-11  5.41893E-11  2.20351E-13  1.22352E-13
  2.200E+00  3.68542E-04 -2.72461E-09  3.04133E-09 -4.46809E-11  4.98172E-11  9.53423E-14  1.76738E-13
  2.300E+00  4.02802E-04 -2.64274E-09  2.67108E-09 -4.53104E-11  4.57414E-11  3.17065E-14  1.61570E-13
  2.400E+00  4.38585E-04 -2.55452E-09  2.34731E-09 -4.57044E-11  4.19447E-11  1.22162E-13  1.01875E-13
  2.500E+00  4.75889E-04 -2.46264E-09  2.06350E-09 -4.58990E-11  3.84092E-11  1.56892E-13  2.73844E-14
  2.600E+00  5.14715E-04 -2.36916E-09  1.81414E-09 -4.59256E-11  3.51176E-11  1.36343E-13  3.61955E-14
  2.700E+00  5.55063E-04 -2.27560E-09  1.59453E-09 -4.58116E-11  3.20526E-11  7.78826E-14  7.31614E-14
  2.800E+00  5.96931E-04 -2.18312E-09  1.40069E-09 -4.55804E-11  2.91976E-11  5.60741E-15  7.89325E-14
  2.900E+00  6.40321E-04 -2.09254E-09  1.22923E-09 -4.52523E-11  2.65368E-11  5.51816E-14  5.83172E-14
  3.000E+00  6.85233E-04 -2.00442E-09  1.07723E-09 -4.48444E-11  2.40553E-11  8.84899E-14  2.53109E-14
  3.100E+00  7.31665E-04 -1.91916E-09  9.42208E-10 -4.43711E-11  2.17392E-11  8.89733E-14  8.59127E-15
  3.200E+00  7.79618E-04 -1.83700E-09  8.22032E-10 -4.38447E-11  1.95756E-11  6.12629E-14  3.22841E-14
  3.300E+00  8.29092E-04 -1.75808E-09  7.14870E-10 -4.32753E-11  1.75526E-11  1.87897E-14  4.09423E-14
  3.400E+00  8.80086E-04 -1.68245E-09  6.19142E-10 -4.26716E-11  1.56595E-11  2.27975E-14  3.56292E-14
  3.500E+00  9.32601E-04 -1.61011E-09  5.33490E-10 -4.20407E-11  1.38862E-11  5.10819E-14  2.00969E-14
  3.600E+00  9.86636E-04 -1.54100E-09  4.56735E-10 -4.13887E-11  1.22239E-11  5.90874E-14  1.46551E-15
  3.700E+00  1.04219E-03 -1.47505E-09  3.87859E-10 -4.07206E-11  1.06641E-11  4.76884E-14  1.44324E-14
  3.800E+00  1.09927E-03 -1.41215E-09  3.25974E-10 -4.00405E-11  9.19964E-12  2.25550E-14  2.28128E-14
  3.900E+00  1.15786E-03 -1.35219E-09  2.70309E-10 -3.93521E-11  7.82355E-12  6.21309E-15  2.19625E-14
  4.000E+00  1.21797E-03 -1.29505E-09  2.20190E-10 -3.86583E-11  6.52969E-12  2.88953E-14  1.51200E-14
  4.100E+00  1.27961E-03 -1.24060E-09  1.75026E-10 -3.79615E-11  5.31242E-12  3.98748E-14  4.62733E-15
  4.200E+00  1.34276E-03 -1.18873E-09  1.34299E-10 -3.72640E-11  4.16662E-12  3.64967E-14  5.76617E-15
  4.300E+00  1.40743E-03 -1.13930E-09  9.75514E-11 -3.65674E-11  3.08757E-12  2.21388E-14  1.22805E-14
  4.400E+00  1.47362E-03 -1.09220E-09  6.43812E-11 -3.58734E-11  2.07097E-12  2.59404E-15  1.37717E-14
  4.500E+00  1.54133E-03 -1.04731E-09  3.44314E-11 -3.51831E-11  1.11287E-12  1.53045E-14  1.11704E-14
  4.600E+00  1.61056E-03 -1.00451E-09  7.38565E-12 -3.44977E-11  2.09622E-13  2.55881E-14  5.27251E-15
  4.700E+00  1.68131E-03 -9.63701E-10 -1.70375E-11 -3.38180E-11 -6.42131E-13  2.69388E-14  1.32042E-15
  4.800E+00  1.75357E-03 -9.24779E-10 -3.90890E-11 -3.31449E-11 -1.44549E-12  1.96852E-14  6.54879E-15
  4.900E+00  1.82735E-03 -8.87645E-10 -5.89926E-11 -3.24790E-11 -2.20332E-12  6.97866E-15  9.02536E-15
  5.000E+00  1.90265E-03 -8.52208E-10 -7.69491E-11 -3.18209E-11 -2.91830E-12  7.05422E-15  8.02068E-15
  5.100E+00  1.97947E-03 -8.18378E-10 -9.31383E-11 -3.11710E-11 -3.59290E-12  1.68398E-14  4.45619E-15
  5.200E+00  2.05780E-03 -7.86075E-10 -1.07722E-10 -3.05298E-11 -4.22944E-12  2.03451E-14  5.83618E-16
  5.300E+00  2.13765E-03 -7.55218E-10 -1.20845E-10 -2.98974E-11 -4.83005E-12  1.69934E-14  3.17879E-15
  5.400E+00  2.21902E-03 -7.25735E-10 -1.32639E-10 -2.92743E-11 -5.39675E-12  8.63704E-15  5.75565E-15
  5.500E+00  2.30190E-03 -6.97555E-10 -1.43223E-10 -2.86606E-11 -5.93143E-12  1.63338E-15  5.71352E-15
  5.600E+00  2.38630E-03 -6.70612E-10 -1.52703E-10 -2.80564E-11 -6.43584E-12  1.04433E-14  3.50233E-15
  5.700E+00  2.47222E-03 -6.44844E-10 -1.61176E-10 -2.74619E-11 -6.91163E-12  1.48953E-14  1.44684E-15
  5.800E+00  2.55965E-03 -6.20191E-10 -1.68731E-10 -2.68772E-11 -7.36036E-12  1.39704E-14  1.24048E-15
  5.900E+00  2.64859E-03 -5.96600E-10 -1.75448E-10 -2.63023E-11 -7.78347E-12  8.99053E-15  2.69379E-15
  6.000E+00  2.73905E-03 -5.74016E-10 -1.81398E-10 -2.57372E-11 -8.18235E-12  1.36461E-15  4.04672E-15
  6.100E+00  2.83103E-03 -5.52390E-10 -1.86648E-10 -2.51820E-11 -8.55827E-12  5.87486E-15  2.79308E-15
  6.200E+00  2.92452E-03 -5.31676E-10 -1.91259E-10 -2.46366E-11 -8.91244E-12  1.04346E-14  1.21521E-15
  6.300E+00  3.01952E-03 -5.11828E-10 -1.95284E-10 -2.41010E-11 -9.24601E-12  1.09932E-14  3.91849E-16
  6.400E+00  3.11604E-03 -4.92806E-10 -1.98774E-10 -2.35751E-11 -9.56006E-12  8.03579E-15  2.02272E-15
  6.500E+00  3.21407E-03 -4.74569E-10 -2.01775E-10 -2.30588E-11 -9.85560E-12  2.73458E-15  2.81570E-15
  6.600E+00  3.31362E-03 -4.57080E-10 -2.04328E-10 -2.25521E-11 -1.01336E-11  2.44605E-15  2.49077E-15
  6.700E+00  3.41468E-03 -4.40304E-10 -2.06472E-10 -2.20549E-11 -1.03949E-11  7.11429E-15  1.26465E-15
  6.800E+00  3.51725E-03 -4.24206E-10 -2.08241E-10 -2.15670E-11 -1.06405E-11  9.00896E-15  3.34477E-16
  6.900E+00  3.62133E-03 -4.08756E-10 -2.09668E-10 -2.10884E-11 -1.08710E-11  7.25414E-15  1.08170E-15
  7.000E+00  3.72692E-03 -3.93922E-10 -2.10782E-10 -2.06188E-11 -1.10874E-11  3.97264E-15  1.67988E-15
  7.100E+00  3.83403E-03 -3.79677E-10 -2.11609E-10 -2.01583E-11 -1.12902E-11  7.01514E-16  1.73318E-15
  7.200E+00  3.94265E-03 -3.65993E-10 -2.12175E-10 -1.97066E-11 -1.14802E-11  4.26007E-15  1.18848E-15
  7.300E+00  4.05278E-03 -3.52844E-10 -2.12501E-10 -1.92636E-11 -1.16580E-11  6.29412E-15  4.81248E-16
  7.400E+00  4.16442E-03 -3.40207E-10 -2.12609E-10 -1.88291E-11 -1.18243E-11  6.12039E-15  3.74297E-16
  7.500E+00  4.27757E-03 -3.28059E-10 -2.12518E-10 -1.84031E-11 -1.19795E-11  3.76024E-15  1.45613E-15
  7.600E+00  4.39223E-03 -3.16377E-10 -2.12245E-10 -1.79854E-11 -1.21243E-11  7.62333E-16  1.06253E-15
  7.700E+00  4.50840E-03 -3.05140E-10 -2.11807E-10 -1.75758E-11 -1.22592E-11  2.22634E-15  8.61782E-16
  7.800E+00  4.62608E-03 -2.94329E-10 -2.11217E-10 -1.71741E-11 -1.23847E-11  4.33610E-15  5.03427E-16
  7.900E+00  4.74527E-03 -2.83925E-10 -2.10490E-10 -1.67803E-11 -1.25012E-11  4.78722E-15  0.00000E+00
  8.000E+00  4.86597E-03 -2.73911E-10 -2.09639E-10 -1.63942E-11 -1.26091E-11  3.56736E-15  6.36927E-16
  8.100E+00  4.98817E-03 -2.64269E-10 -2.08675E-10 -1.60156E-11 -1.27089E-11  1.06998E-15  6.20737E-16
  8.200E+00  5.11188E-03 -2.54984E-10 -2.07608E-10 -1.56443E-11 -1.28010E-11  1.04333E-15  6.05148E-16
  8.300E+00  5.23711E-03 -2.46040E-10 -2.06448E-10 -1.52804E-11 -1.28858E-11  2.92576E-15  4.42598E-16
  8.400E+00  5.36383E-03 -2.37422E-10 -2.05204E-10 -1.49234E-11 -1.29635E-11  3.84754E-15  1.43914E-16
  8.500E+00  5.49207E-03 -2.29117E-10 -2.03885E-10 -1.45735E-11 -1.30347E-11  3.27056E-15  5.61702E-16
  8.600E+00  5.62181E-03 -2.21111E-10 -2.02498E-10 -1.42303E-11 -1.30994E-11  1.89208E-15  5.48240E-16
  8.700E+00  5.75306E-03 -2.13393E-10 -2.01051E-10 -1.38938E-11 -1.31582E-11  0.00000E+00  4.01437E-16
  8.800E+00  5.88581E-03 -2.05949E-10 -1.99549E-10 -1.35638E-11 -1.32112E-11  1.69197E-15  1.30677E-16
  8.900E+00  6.02007E-03 -1.98770E-10 -1.97998E-10 -1.32402E-11 -1.32587E-11  2.86543E-15  2.55296E-16
  9.000E+00  6.15583E-03 -1.91843E-10 -1.96405E-10 -1.29228E-11 -1.33011E-11  2.90808E-15  3.74166E-16
  9.100E+00  6.29310E-03 -1.85160E-10 -1.94774E-10 -1.26116E-11 -1.33385E-11  1.89519E-15  4.87574E-16
  9.200E+00  6.43187E-03 -1.78708E-10 -1.93110E-10 -1.23063E-11 -1.33711E-11  4.11799E-16  3.57475E-16
  9.300E+00  6.57214E-03 -1.72481E-10 -1.91417E-10 -1.20069E-11 -1.33993E-11  1.00688E-15  1.16513E-16
  9.400E+00  6.71392E-03 -1.66468E-10 -1.89699E-10 -1.17132E-11 -1.34232E-11  1.87147E-15  1.13953E-16
  9.500E+00  6.85720E-03 -1.60661E-10 -1.87960E-10 -1.14251E-11 -1.34430E-11  2.21671E-15  2.22948E-16
  9.600E+00  7.00198E-03 -1.55052E-10 -1.86203E-10 -1.11426E-11 -1.34589E-11  1.69788E-15  3.27223E-16
  9.700E+00  7.14827E-03 -1.49633E-10 -1.84432E-10 -1.08653E-11 -1.34711E-11  7.38706E-16  3.20248E-16
  9.800E+00  7.29605E-03 -1.44396E-10 -1.82648E-10 -1.05934E-11 -1.34798E-11  3.61646E-16  1.04497E-16
  9.900E+00  7.44534E-03 -1.39335E-10 -1.80855E-10 -1.03265E-11 -1.34851E-11  1.50524E-15  0.00000E+00
  1.000E+01  7.59612E-03 -1.34443E-10 -1.79055E-10 -1.00647E-11 -1.34872E-11  1.73465E-15  1.00196E-16
  1.025E+01  7.97965E-03 -1.22911E-10 -1.74540E-10 -9.43144E-12 -1.34794E-11  4.12191E-16  2.85526E-16
  1.050E+01  8.37255E-03 -1.12300E-10 -1.70024E-10 -8.82730E-12 -1.34547E-11  1.25522E-15  9.05151E-17
  1.075E+01  8.77480E-03 -1.02527E-10 -1.65533E-10 -8.25072E-12 -1.34150E-11  5.97947E-16  1.72363E-16
  1.100E+01  9.18641E-03 -9.35187E-11 -1.61085E-10 -7.70026E-12 -1.33620E-11  8.55469E-16  0.00000E+00
  1.125E+01  9.60736E-03 -8.52062E-11 -1.56695E-10 -7.17454E-12 -1.32972E-11  6.12591E-16  1.56756E-16
  1.150E+01  1.00376E-02 -7.75293E-11 -1.52376E-10 -6.67228E-12 -1.32221E-11  5.20425E-16  0.00000E+00
  1.175E+01  1.04773E-02 -7.04336E-11 -1.48137E-10 -6.19226E-12 -1.31377E-11  5.60102E-16  1.43130E-16
  1.200E+01  1.09262E-02 -6.38700E-11 -1.43986E-10 -5.73334E-12 -1.30453E-11  2.97954E-16  0.00000E+00
  1.225E+01  1.13844E-02 -5.77939E-11 -1.39926E-10 -5.29444E-12 -1.29457E-11  4.56883E-16  6.55812E-17
  1.250E+01  1.18520E-02 -5.21654E-11 -1.35963E-10 -4.87455E-12 -1.28398E-11  5.47793E-17  0.00000E+00
  1.275E+01  1.23288E-02 -4.69479E-11 -1.32099E-10 -4.47272E-12 -1.27285E-11  3.15516E-16  0.00000E+00
  1.300E+01  1.28150E-02 -4.21085E-11 -1.28334E-10 -4.08804E-12 -1.26124E-11  0.00000E+00  5.78862E-17
  1.325E+01  1.33104E-02 -3.76172E-11 -1.24671E-10 -3.71968E-12 -1.24921E-11  1.94283E-16  0.00000E+00
  1.350E+01  1.38150E-02 -3.34466E-11 -1.21108E-10 -3.36684E-12 -1.23682E-11  4.67307E-17  0.00000E+00
  1.375E+01  1.43290E-02 -2.95720E-11 -1.17646E-10 -3.02877E-12 -1.22413E-11  1.34974E-16  0.00000E+00
  1.400E+01  1.48521E-02 -2.59707E-11 -1.14283E-10 -2.70476E-12 -1.21117E-11  0.00000E+00  2.47574E-17
  1.425E+01  1.53845E-02 -2.26220E-11 -1.11018E-10 -2.39413E-12 -1.19799E-11  0.00000E+00  4.76968E-17
  1.450E+01  1.59262E-02 -1.95069E-11 -1.07849E-10 -2.09627E-12 -1.18463E-11  2.01550E-17  0.00000E+00
  1.475E+01  1.64770E-02 -1.66083E-11 -1.04774E-10 -1.81058E-12 -1.17112E-11  3.89080E-17  6.65084E-17
  1.500E+01  1.70371E-02 -1.39101E-11 -1.01792E-10 -1.53649E-12 -1.15749E-11  3.75767E-17  0.00000E+00
  1.525E+01  1.76063E-02 -1.13979E-11 -9.89003E-11 -1.27348E-12 -1.14376E-11  3.63112E-17  2.06558E-17
  1.550E+01  1.81848E-02 -9.05829E-12 -9.60961E-11 -1.02104E-12 -1.12996E-11  7.02148E-17  0.00000E+00
  1.575E+01  1.87724E-02 -6.87898E-12 -9.33776E-11 -7.78696E-13 -1.11612E-11  1.10374E-16  2.89297E-17
  1.600E+01  1.93692E-02 -4.84875E-12 -9.07423E-11 -5.45999E-13 -1.10225E-11  1.23260E-16  1.86503E-17
  1.625E+01  1.99751E-02 -2.95711E-12 -8.81879E-11 -3.22523E-13 -1.08837E-11  4.77423E-17  2.70659E-17
  1.650E+01  2.05901E-02 -1.19451E-12 -8.57119E-11 -1.07864E-13 -1.07450E-11  1.54174E-16  6.54953E-18
  1.675E+01  2.12143E-02  4.47898E-13 -8.33121E-11  9.83595E-14 -1.06064E-11  3.17540E-17  2.21984E-17
  1.700E+01  2.18476E-02  1.97834E-12 -8.09860E-11  2.96511E-13 -1.04683E-11  1.81123E-16  0.00000E+00
  1.725E+01  2.24900E-02  3.40427E-12 -7.87314E-11  4.86935E-13 -1.03306E-11  0.00000E+00  2.38217E-17
  1.750E+01  2.31415E-02  4.73282E-12 -7.65460E-11  6.69958E-13 -1.01934E-11  1.63703E-16  2.30980E-17
  1.775E+01  2.38021E-02  5.97029E-12 -7.44276E-11  8.45892E-13 -1.00570E-11  6.62253E-17  0.00000E+00
  1.800E+01  2.44717E-02  7.12286E-12 -7.23740E-11  1.01503E-12 -9.92124E-12  1.80108E-16  0.00000E+00
  1.825E+01  2.51504E-02  8.19592E-12 -7.03832E-11  1.17765E-12 -9.78634E-12  1.00004E-16  0.00000E+00
  1.850E+01  2.58382E-02  9.19477E-12 -6.84529E-11  1.33403E-12 -9.65233E-12  1.94416E-16  0.00000E+00
  1.875E+01  2.65349E-02  1.01241E-11 -6.65813E-11  1.48441E-12 -9.51927E-12  1.18157E-16  0.00000E+00
  1.900E+01  2.72407E-02  1.09884E-11 -6.47664E-11  1.62904E-12 -9.38722E-12  1.83900E-16  0.00000E+00
  1.925E+01  2.79555E-02  1.17919E-11 -6.30063E-11  1.76815E-12 -9.25621E-12  1.56583E-16  0.00000E+00
  1.950E+01  2.86793E-02  1.25383E-11 -6.12991E-11  1.90196E-12 -9.12630E-12  1.74197E-16  0.00000E+00
  1.975E+01  2.94120E-02  1.32312E-11 -5.96432E-11  2.03067E-12 -8.99752E-12  1.69625E-16  0.00000E+00
  2.000E+01  3.01537E-02  1.38741E-11 -5.80367E-11  2.15449E-12 -8.86990E-12  1.23920E-16  0.00000E+00
  2.025E+01  3.09043E-02  1.44700E-11 -5.64781E-11  2.27361E-12 -8.74347E-12  2.01241E-16  0.00000E+00
  2.050E+01  3.16639E-02  1.50218E-11 -5.49657E-11  2.38820E-12 -8.61825E-12  3.92292E-17  0.00000E+00
  2.075E+01  3.24324E-02  1.55323E-11 -5.34979E-11  2.49845E-12 -8.49426E-12  1.91237E-16  0.00000E+00
  2.100E+01  3.32098E-02  1.60039E-11 -5.20734E-11  2.60452E-12 -8.37151E-12  0.00000E+00  0.00000E+00
  2.125E+01  3.39961E-02  1.64392E-11 -5.06906E-11  2.70656E-12 -8.25003E-12  1.81946E-16  0.00000E+00
  2.150E+01  3.47912E-02  1.68402E-11 -4.93481E-11  2.80472E-12 -8.12982E-12  0.00000E+00  0.00000E+00
  2.175E+01  3.55952E-02  1.72090E-11 -4.80446E-11  2.89916E-12 -8.01090E-12  0.00000E+00  0.00000E+00
  2.200E+01  3.64081E-02  1.75476E-11 -4.67788E-11  2.99001E-12 -7.89326E-12  0.00000E+00  0.00000E+00
  2.225E+01  3.72297E-02  1.78578E-11 -4.55495E-11  3.07740E-12 -7.77691E-12  0.00000E+00  0.00000E+00
  2.250E+01  3.80602E-02  1.81414E-11 -4.43555E-11  3.16146E-12 -7.66186E-12  0.00000E+00  0.00000E+00
  2.275E+01  3.88995E-02  1.83998E-11 -4.31955E-11  3.24231E-12 -7.54811E-12  0.00000E+00  0.00000E+00
  2.300E+01  3.97476E-02  1.86347E-11 -4.20685E-11  3.32007E-12 -7.43565E-12  0.00000E+00  0.00000E+00
  2.325E+01  4.06044E-02  1.88473E-11 -4.09734E-11  3.39484E-12 -7.32448E-12  0.00000E+00  0.00000E+00
  2.350E+01  4.14700E-02  1.90391E-11 -3.99092E-11  3.46674E-12 -7.21461E-12  0.00000E+00  0.00000E+00
  2.375E+01  4.23443E-02  1.92113E-11 -3.88748E-11  3.53586E-12 -7.10602E-12  0.00000E+00  0.00000E+00
  2.400E+01  4.32273E-02  1.93649E-11 -3.78693E-11  3.60231E-12 -6.99871E-12  0.00000E+00  0.00000E+00
  2.425E+01  4.41190E-02  1.95012E-11 -3.68918E-11  3.66618E-12 -6.89267E-12  0.00000E+00  0.00000E+00
  2.450E+01  4.50194E-02  1.96211E-11 -3.59413E-11  3.72756E-12 -6.78791E-12  0.00000E+00  0.00000E+00
  2.475E+01  4.59284E-02  1.97257E-11 -3.50170E-11  3.78653E-12 -6.68440E-12  0.00000E+00  0.00000E+00
  2.500E+01  4.68461E-02  1.98157E-11 -3.41181E-11  3.84319E-12 -6.58214E-12  0.00000E+00  0.00000E+00
  2.550E+01  4.87074E-02  1.99558E-11 -3.23931E-11  3.94985E-12 -6.38134E-12  0.00000E+00  0.00000E+00
  2.600E+01  5.06030E-02  2.00475E-11 -3.07602E-11  4.04814E-12 -6.18543E-12  0.00000E+00  0.00000E+00
  2.650E+01  5.25328E-02  2.00965E-11 -2.92138E-11  4.13863E-12 -5.99432E-12  0.00000E+00  0.00000E+00
  2.700E+01  5.44967E-02  2.01077E-11 -2.77486E-11  4.22182E-12 -5.80792E-12  0.00000E+00  0.00000E+00
  2.750E+01  5.64946E-02  2.00855E-11 -2.63597E-11  4.29820E-12 -5.62613E-12  0.00000E+00  0.00000E+00
  2.800E+01  5.85262E-02  2.00338E-11 -2.50425E-11  4.36820E-12 -5.44887E-12  0.00000E+00  0.00000E+00
  2.850E+01  6.05914E-02  1.99560E-11 -2.37928E-11  4.43224E-12 -5.27602E-12  0.00000E+00  0.00000E+00
  2.900E+01  6.26901E-02  1.98553E-11 -2.26065E-11  4.49069E-12 -5.10749E-12  0.00000E+00  0.00000E+00
  2.950E+01  6.48222E-02  1.97345E-11 -2.14800E-11  4.54391E-12 -4.94318E-12  0.00000E+00  0.00000E+00
  3.000E+01  6.69873E-02  1.95960E-11 -2.04099E-11  4.59223E-12 -4.78298E-12  0.00000E+00  0.00000E+00
  3.050E+01  6.91854E-02  1.94420E-11 -1.93928E-11  4.63594E-12 -4.62679E-12  0.00000E+00  0.00000E+00
  3.100E+01  7.14163E-02  1.92745E-11 -1.84259E-11  4.67535E-12 -4.47452E-12  0.00000E+00  0.00000E+00
  3.150E+01  7.36799E-02  1.90953E-11 -1.75062E-11  4.71070E-12 -4.32606E-12  0.00000E+00  0.00000E+00
  3.200E+01  7.59760E-02  1.89060E-11 -1.66311E-11  4.74226E-12 -4.18133E-12  0.00000E+00  0.00000E+00
  3.250E+01  7.83043E-02  1.87080E-11 -1.57982E-11  4.77024E-12 -4.04021E-12  0.00000E+00  0.00000E+00
  3.300E+01  8.06647E-02  1.85026E-11 -1.50052E-11  4.79487E-12 -3.90262E-12  0.00000E+00  0.00000E+00
  3.350E+01  8.30571E-02  1.82908E-11 -1.42498E-11  4.81636E-12 -3.76847E-12  0.00000E+00  0.00000E+00
  3.400E+01  8.54812E-02  1.80738E-11 -1.35302E-11  4.83487E-12 -3.63766E-12  0.00000E+00  0.00000E+00
  3.450E+01  8.79369E-02  1.78524E-11 -1.28443E-11  4.85060E-12 -3.51011E-12  0.00000E+00  0.00000E+00
  3.500E+01  9.04240E-02  1.76275E-11 -1.21903E-11  4.86372E-12 -3.38572E-12  0.00000E+00  0.00000E+00
  3.550E+01  9.29422E-02  1.73998E-11 -1.15667E-11  4.87436E-12 -3.26443E-12  0.00000E+00  0.00000E+00
  3.600E+01  9.54915E-02  1.71700E-11 -1.09718E-11  4.88269E-12 -3.14613E-12  0.00000E+00  0.00000E+00
  3.650E+01  9.80716E-02  1.69386E-11 -1.04042E-11  4.88883E-12 -3.03077E-12  0.00000E+00  0.00000E+00
  3.700E+01  1.00682E-01  1.67061E-11 -9.86240E-12  4.89292E-12 -2.91824E-12  0.00000E+00  0.00000E+00
  3.750E+01  1.03323E-01  1.64732E-11 -9.34517E-12  4.89507E-12 -2.80849E-12  0.00000E+00  0.00000E+00
  3.800E+01  1.05995E-01  1.62400E-11 -8.85125E-12  4.89540E-12 -2.70144E-12  0.00000E+00  0.00000E+00
  3.850E+01  1.08696E-01  1.60071E-11 -8.37948E-12  4.89401E-12 -2.59701E-12  0.00000E+00  0.00000E+00
  3.900E+01  1.11427E-01  1.57748E-11 -7.92876E-12  4.89101E-12 -2.49514E-12  0.00000E+00  0.00000E+00
  3.950E+01  1.14188E-01  1.55434E-11 -7.49806E-12  4.88649E-12 -2.39575E-12  0.00000E+00  0.00000E+00
  4.000E+01  1.16978E-01  1.53131E-11 -7.08639E-12  4.88054E-12 -2.29879E-12  0.00000E+00  0.00000E+00
  4.050E+01  1.19797E-01  1.50842E-11 -6.69285E-12  4.87324E-12 -2.20419E-12  0.00000E+00  0.00000E+00
  4.100E+01  1.22645E-01  1.48568E-11 -6.31657E-12  4.86466E-12 -2.11188E-12  0.00000E+00  0.00000E+00
  4.150E+01  1.25522E-01  1.46312E-11 -5.95673E-12  4.85490E-12 -2.02181E-12  0.00000E+00  0.00000E+00
  4.200E+01  1.28428E-01  1.44075E-11 -5.61254E-12  4.84400E-12 -1.93393E-12  0.00000E+00  0.00000E+00
  4.250E+01  1.31361E-01  1.41859E-11 -5.28327E-12  4.83205E-12 -1.84816E-12  0.00000E+00  0.00000E+00
  4.300E+01  1.34323E-01  1.39664E-11 -4.96822E-12  4.81910E-12 -1.76446E-12  0.00000E+00  0.00000E+00
  4.350E+01  1.37313E-01  1.37493E-11 -4.66674E-12  4.80521E-12 -1.68278E-12  0.00000E+00  0.00000E+00
  4.400E+01  1.40330E-01  1.35345E-11 -4.37820E-12  4.79043E-12 -1.60306E-12  0.00000E+00  0.00000E+00
  4.450E+01  1.43375E-01  1.33222E-11 -4.10202E-12  4.77483E-12 -1.52525E-12  0.00000E+00  0.00000E+00
  4.500E+01  1.46447E-01  1.31124E-11 -3.83764E-12  4.75845E-12 -1.44931E-12  0.00000E+00  0.00000E+00
  4.550E+01  1.49545E-01  1.29051E-11 -3.58453E-12  4.74133E-12 -1.37518E-12  0.00000E+00  0.00000E+00
  4.600E+01  1.52671E-01  1.27005E-11 -3.34217E-12  4.72352E-12 -1.30282E-12  0.00000E+00  0.00000E+00
  4.650E+01  1.55823E-01  1.24986E-11 -3.11008E-12  4.70507E-12 -1.23220E-12  0.00000E+00  0.00000E+00
  4.700E+01  1.59001E-01  1.22993E-11 -2.88783E-12  4.68601E-12 -1.16325E-12  0.00000E+00  0.00000E+00
  4.750E+01  1.62205E-01  1.21028E-11 -2.67497E-12  4.66638E-12 -1.09595E-12  0.00000E+00  0.00000E+00
  4.800E+01  1.65435E-01  1.19089E-11 -2.47110E-12  4.64622E-12 -1.03026E-12  0.00000E+00  0.00000E+00
  4.850E+01  1.68690E-01  1.17178E-11 -2.27584E-12  4.62556E-12 -9.66119E-13  0.00000E+00  0.00000E+00
  4.900E+01  1.71970E-01  1.15295E-11 -2.08881E-12  4.60443E-12 -9.03508E-13  0.00000E+00  0.00000E+00
  4.950E+01  1.75276E-01  1.13438E-11 -1.90964E-12  4.58286E-12 -8.42383E-13  0.00000E+00  0.00000E+00
  5.000E+01  1.78606E-01  1.11609E-11 -1.73802E-12  4.56089E-12 -7.82710E-13  0.00000E+00  0.00000E+00
  5.050E+01  1.81961E-01  1.09807E-11 -1.57361E-12  4.53853E-12 -7.24454E-13  0.00000E+00  0.00000E+00
  5.100E+01  1.85340E-01  1.08033E-11 -1.41613E-12  4.51582E-12 -6.67580E-13  0.00000E+00  0.00000E+00
  5.150E+01  1.88743E-01  1.06285E-11 -1.26527E-12  4.49277E-12 -6.12055E-13  0.00000E+00  0.00000E+00
  5.200E+01  1.92169E-01  1.04564E-11 -1.12078E-12  4.46942E-12 -5.57849E-13  0.00000E+00  0.00000E+00
  5.250E+01  1.95619E-01  1.02869E-11 -9.82369E-13  4.44579E-12 -5.04929E-13  0.00000E+00  0.00000E+00
  5.300E+01  1.99092E-01  1.01201E-11 -8.49799E-13  4.42189E-12 -4.53265E-13  0.00000E+00  0.00000E+00
  5.350E+01  2.02589E-01  9.95585E-12 -7.22825E-13  4.39775E-12 -4.02829E-13  0.00000E+00  0.00000E+00
  5.400E+01  2.06107E-01  9.79421E-12 -6.01221E-13  4.37338E-12 -3.53591E-13  0.00000E+00  0.00000E+00
  5.450E+01  2.09649E-01  9.63513E-12 -4.84772E-13  4.34880E-12 -3.05524E-13  0.00000E+00  0.00000E+00
  5.500E+01  2.13212E-01  9.47857E-12 -3.73272E-13  4.32403E-12 -2.58602E-13  0.00000E+00  0.00000E+00
  5.550E+01  2.16797E-01  9.32451E-12 -2.66524E-13  4.29909E-12 -2.12797E-13  0.00000E+00  0.00000E+00
  5.600E+01  2.20404E-01  9.17292E-12 -1.64334E-13  4.27399E-12 -1.68085E-13  0.00000E+00  0.00000E+00
  5.650E+01  2.24032E-01  9.02376E-12 -6.65175E-14  4.24875E-12 -1.24441E-13  0.00000E+00  0.00000E+00
  5.700E+01  2.27680E-01  8.87700E-12  2.70990E-14  4.22337E-12 -8.18415E-14  0.00000E+00  0.00000E+00
  5.750E+01  2.31350E-01  8.73262E-12  1.16680E-13  4.19788E-12 -4.02622E-14  0.00000E+00  0.00000E+00
  5.800E+01  2.35040E-01  8.59058E-12  2.02383E-13  4.17228E-12  3.19179E-16  0.00000E+00  0.00000E+00
  5.850E+01  2.38751E-01  8.45084E-12  2.84355E-13  4.14660E-12  3.99248E-14  0.00000E+00  0.00000E+00
  5.900E+01  2.42481E-01  8.31338E-12  3.62742E-13  4.12083E-12  7.85759E-14  0.00000E+00  0.00000E+00
  5.950E+01  2.46231E-01  8.17815E-12  4.37685E-13  4.09498E-12  1.16294E-13  0.00000E+00  0.00000E+00
  6.000E+01  2.50000E-01  8.04513E-12  5.09321E-13  4.06908E-12  1.53098E-13  0.00000E+00  0.00000E+00
  6.050E+01  2.53788E-01  7.91428E-12  5.77777E-13  4.04313E-12  1.89009E-13  0.00000E+00  0.00000E+00
  6.100E+01  2.57595E-01  7.78558E-12  6.43175E-13  4.01714E-12  2.24046E-13  0.00000E+00  0.00000E+00
  6.150E+01  2.61421E-01  7.65898E-12  7.05630E-13  3.99111E-12  2.58228E-13  0.00000E+00  0.00000E+00
  6.200E+01  2.65264E-01  7.53446E-12  7.65252E-13  3.96506E-12  2.91572E-13  0.00000E+00  0.00000E+00
  6.250E+01  2.69126E-01  7.41197E-12  8.22146E-13  3.93899E-12  3.24097E-13  0.00000E+00  0.00000E+00
  6.300E+01  2.73005E-01  7.29149E-12  8.76418E-13  3.91292E-12  3.55821E-13  0.00000E+00  0.00000E+00
  6.350E+01  2.76901E-01  7.17298E-12  9.28171E-13  3.88684E-12  3.86758E-13  0.00000E+00  0.00000E+00
  6.400E+01  2.80814E-01  7.05642E-12  9.77499E-13  3.86077E-12  4.16927E-13  0.00000E+00  0.00000E+00
  6.450E+01  2.84744E-01  6.94178E-12  1.02450E-12  3.83470E-12  4.46344E-13  0.00000E+00  0.00000E+00
  6.500E+01  2.88691E-01  6.82901E-12  1.06924E-12  3.80866E-12  4.75023E-13  0.00000E+00  0.00000E+00
  6.550E+01  2.92653E-01  6.71809E-12  1.11182E-12  3.78264E-12  5.02980E-13  0.00000E+00  0.00000E+00
  6.600E+01  2.96632E-01  6.60898E-12  1.15232E-12  3.75664E-12  5.30230E-13  0.00000E+00  0.00000E+00
  6.650E+01  3.00625E-01  6.50166E-12  1.19080E-12  3.73069E-12  5.56787E-13  0.00000E+00  0.00000E+00
  6.700E+01  3.04634E-01  6.39609E-12  1.22736E-12  3.70477E-12  5.82665E-13  0.00000E+00  0.00000E+00
  6.750E+01  3.08658E-01  6.29226E-12  1.26205E-12  3.67889E-12  6.07878E-13  0.00000E+00  0.00000E+00
  6.800E+01  3.12697E-01  6.19012E-12  1.29496E-12  3.65306E-12  6.32440E-13  0.00000E+00  0.00000E+00
  6.850E+01  3.16749E-01  6.08965E-12  1.32614E-12  3.62729E-12  6.56363E-13  0.00000E+00  0.00000E+00
  6.900E+01  3.20816E-01  5.99082E-12  1.35566E-12  3.60157E-12  6.79660E-13  0.00000E+00  0.00000E+00
  6.950E+01  3.24896E-01  5.89360E-12  1.38357E-12  3.57591E-12  7.02343E-13  0.00000E+00  0.00000E+00
  7.000E+01  3.28990E-01  5.79796E-12  1.40994E-12  3.55031E-12  7.24425E-13  0.00000E+00  0.00000E+00
  7.050E+01  3.33097E-01  5.70387E-12  1.43482E-12  3.52478E-12  7.45918E-13  0.00000E+00  0.00000E+00
  7.100E+01  3.37216E-01  5.61132E-12  1.45827E-12  3.49932E-12  7.66832E-13  0.00000E+00  0.00000E+00
  7.150E+01  3.41348E-01  5.52027E-12  1.48035E-12  3.47394E-12  7.87179E-13  0.00000E+00  0.00000E+00
  7.200E+01  3.45492E-01  5.43071E-12  1.50110E-12  3.44863E-12  8.06971E-13  0.00000E+00  0.00000E+00
  7.250E+01  3.49647E-01  5.34258E-12  1.52056E-12  3.42340E-12  8.26217E-13  0.00000E+00  0.00000E+00
  7.300E+01  3.53814E-01  5.25588E-12  1.53878E-12  3.39825E-12  8.44928E-13  0.00000E+00  0.00000E+00
  7.350E+01  3.57992E-01  5.17059E-12  1.55582E-12  3.37318E-12  8.63115E-13  0.00000E+00  0.00000E+00
  7.400E+01  3.62181E-01  5.08667E-12  1.57171E-12  3.34820E-12  8.80787E-13  0.00000E+00  0.00000E+00
  7.450E+01  3.66381E-01  5.00411E-12  1.58650E-12  3.32331E-12  8.97955E-13  0.00000E+00  0.00000E+00
  7.500E+01  3.70590E-01  4.92287E-12  1.60023E-12  3.29851E-12  9.14627E-13  0.00000E+00  0.00000E+00
  7.550E+01  3.74810E-01  4.84294E-12  1.61292E-12  3.27380E-12  9.30813E-13  0.00000E+00  0.00000E+00
  7.600E+01  3.79039E-01  4.76430E-12  1.62463E-12  3.24918E-12  9.46522E-13  0.00000E+00  0.00000E+00
  7.650E+01  3.83277E-01  4.68691E-12  1.63538E-12  3.22466E-12  9.61763E-13  0.00000E+00  0.00000E+00
  7.700E+01  3.87524E-01  4.61077E-12  1.64522E-12  3.20024E-12  9.76545E-13  0.00000E+00  0.00000E+00
  7.750E+01  3.91780E-01  4.53584E-12  1.65418E-12  3.17592E-12  9.90875E-13  0.00000E+00  0.00000E+00
  7.800E+01  3.96044E-01  4.46211E-12  1.66228E-12  3.15169E-12  1.00476E-12  0.00000E+00  0.00000E+00
  7.850E+01  4.00316E-01  4.38956E-12  1.66957E-12  3.12757E-12  1.01822E-12  0.00000E+00  0.00000E+00
  7.900E+01  4.04596E-01  4.31816E-12  1.67606E-12  3.10355E-12  1.03124E-12  0.00000E+00  0.00000E+00
  7.950E+01  4.08882E-01  4.24789E-12  1.68178E-12  3.07963E-12  1.04385E-12  0.00000E+00  0.00000E+00
  8.000E+01  4.13176E-01  4.17875E-12  1.68678E-12  3.05581E-12  1.05605E-12  0.00000E+00  0.00000E+00
  8.050E+01  4.17476E-01  4.11070E-12  1.69107E-12  3.03211E-12  1.06784E-12  0.00000E+00  0.00000E+00
  8.100E+01  4.21783E-01  4.04372E-12  1.69467E-12  3.00850E-12  1.07923E-12  0.00000E+00  0.00000E+00
  8.150E+01  4.26095E-01  3.97781E-12  1.69763E-12  2.98501E-12  1.09024E-12  0.00000E+00  0.00000E+00
  8.200E+01  4.30413E-01  3.91294E-12  1.69995E-12  2.96162E-12  1.10086E-12  0.00000E+00  0.00000E+00
  8.250E+01  4.34737E-01  3.84909E-12  1.70166E-12  2.93834E-12  1.11111E-12  0.00000E+00  0.00000E+00
  8.300E+01  4.39065E-01  3.78625E-12  1.70279E-12  2.91517E-12  1.12099E-12  0.00000E+00  0.00000E+00
  8.350E+01  4.43398E-01  3.72439E-12  1.70335E-12  2.89211E-12  1.13050E-12  0.00000E+00  0.00000E+00
  8.400E+01  4.47736E-01  3.66351E-12  1.70337E-12  2.86916E-12  1.13966E-12  0.00000E+00  0.00000E+00
  8.450E+01  4.52077E-01  3.60358E-12  1.70287E-12  2.84631E-12  1.14847E-12  0.00000E+00  0.00000E+00
  8.500E+01  4.56422E-01  3.54459E-12  1.70187E-12  2.82358E-12  1.15693E-12  0.00000E+00  0.00000E+00
  8.550E+01  4.60770E-01  3.48653E-12  1.70038E-12  2.80096E-12  1.16505E-12  0.00000E+00  0.00000E+00
  8.600E+01  4.65122E-01  3.42937E-12  1.69843E-12  2.77846E-12  1.17285E-12  0.00000E+00  0.00000E+00
  8.650E+01  4.69476E-01  3.37310E-12  1.69603E-12  2.75606E-12  1.18031E-12  0.00000E+00  0.00000E+00
  8.700E+01  4.73832E-01  3.31771E-12  1.69320E-12  2.73377E-12  1.18746E-12  0.00000E+00  0.00000E+00
  8.750E+01  4.78190E-01  3.26318E-12  1.68996E-12  2.71160E-12  1.19429E-12  0.00000E+00  0.00000E+00
  8.800E+01  4.82550E-01  3.20950E-12  1.68633E-12  2.68954E-12  1.20080E-12  0.00000E+00  0.00000E+00
  8.850E+01  4.86912E-01  3.15665E-12  1.68231E-12  2.66759E-12  1.20702E-12  0.00000E+00  0.00000E+00
  8.900E+01  4.91274E-01  3.10462E-12  1.67792E-12  2.64575E-12  1.21293E-12  0.00000E+00  0.00000E+00
  8.950E+01  4.95637E-01  3.05340E-12  1.67319E-12  2.62402E-12  1.21855E-12  0.00000E+00  0.00000E+00
  9.000E+01  5.00000E-01  3.00297E-12  1.66812E-12  2.60241E-12  1.22388E-12  0.00000E+00  0.00000E+00
  9.050E+01  5.04363E-01  2.95332E-12  1.66272E-12  2.58090E-12  1.22892E-12  0.00000E+00  0.00000E+00
  9.100E+01  5.08726E-01  2.90443E-12  1.65701E-12  2.55951E-12  1.23368E-12  0.00000E+00  0.00000E+00
  9.150E+01  5.13088E-01  2.85630E-12  1.65100E-12  2.53823E-12  1.23817E-12  0.00000E+00  0.00000E+00
  9.200E+01  5.17450E-01  2.80890E-12  1.64471E-12  2.51707E-12  1.24238E-12  0.00000E+00  0.00000E+00
  9.250E+01  5.21810E-01  2.76224E-12  1.63815E-12  2.49601E-12  1.24633E-12  0.00000E+00  0.00000E+00
  9.300E+01  5.26168E-01  2.71629E-12  1.63132E-12  2.47506E-12  1.25002E-12  0.00000E+00  0.00000E+00
  9.350E+01  5.30524E-01  2.67105E-12  1.62424E-12  2.45423E-12  1.25345E-12  0.00000E+00  0.00000E+00
  9.400E+01  5.34878E-01  2.62650E-12  1.61692E-12  2.43350E-12  1.25662E-12  0.00000E+00  0.00000E+00
  9.450E+01  5.39230E-01  2.58264E-12  1.60938E-12  2.41289E-12  1.25955E-12  0.00000E+00  0.00000E+00
  9.500E+01  5.43578E-01  2.53944E-12  1.60161E-12  2.39239E-12  1.26223E-12  0.00000E+00  0.00000E+00
  9.550E+01  5.47923E-01  2.49690E-12  1.59363E-12  2.37199E-12  1.26467E-12  0.00000E+00  0.00000E+00
  9.600E+01  5.52264E-01  2.45502E-12  1.58546E-12  2.35171E-12  1.26687E-12  0.00000E+00  0.00000E+00
  9.650E+01  5.56602E-01  2.41377E-12  1.57709E-12  2.33153E-12  1.26883E-12  0.00000E+00  0.00000E+00
  9.700E+01  5.60935E-01  2.37315E-12  1.56854E-12  2.31146E-12  1.27057E-12  0.00000E+00  0.00000E+00
  9.750E+01  5.65263E-01  2.33315E-12  1.55982E-12  2.29150E-12  1.27208E-12  0.00000E+00  0.00000E+00
  9.800E+01  5.69587E-01  2.29375E-12  1.55094E-12  2.27165E-12  1.27336E-12  0.00000E+00  0.00000E+00
  9.850E+01  5.73905E-01  2.25496E-12  1.54190E-12  2.25190E-12  1.27443E-12  0.00000E+00  0.00000E+00
  9.900E+01  5.78217E-01  2.21675E-12  1.53270E-12  2.23226E-12  1.27528E-12  0.00000E+00  0.00000E+00
  9.950E+01  5.82524E-01  2.17913E-12  1.52337E-12  2.21273E-12  1.27592E-12  0.00000E+00  0.00000E+00
  1.000E+02  5.86824E-01  2.14207E-12  1.51391E-12  2.19331E-12  1.27635E-12  0.00000E+00  0.00000E+00
  1.005E+02  5.91118E-01  2.10558E-12  1.50432E-12  2.17399E-12  1.27658E-12  0.00000E+00  0.00000E+00
  1.010E+02  5.95404E-01  2.06963E-12  1.49461E-12  2.15477E-12  1.27660E-12  0.00000E+00  0.00000E+00
  1.015E+02  5.99684E-01  2.03423E-12  1.48479E-12  2.13566E-12  1.27642E-12  0.00000E+00  0.00000E+00
  1.020E+02  6.03956E-01  1.99937E-12  1.47486E-12  2.11665E-12  1.27604E-12  0.00000E+00  0.00000E+00
  1.025E+02  6.08220E-01  1.96503E-12  1.46483E-12  2.09775E-12  1.27548E-12  0.00000E+00  0.00000E+00
  1.030E+02  6.12476E-01  1.93122E-12  1.45471E-12  2.07894E-12  1.27472E-12  0.00000E+00  0.00000E+00
  1.035E+02  6.16723E-01  1.89791E-12  1.44450E-12  2.06024E-12  1.27377E-12  0.00000E+00  0.00000E+00
  1.040E+02  6.20961E-01  1.86510E-12  1.43421E-12  2.04165E-12  1.27265E-12  0.00000E+00  0.00000E+00
  1.045E+02  6.25190E-01  1.83279E-12  1.42384E-12  2.02315E-12  1.27134E-12  0.00000E+00  0.00000E+00
  1.050E+02  6.29410E-01  1.80097E-12  1.41340E-12  2.00475E-12  1.26985E-12  0.00000E+00  0.00000E+00
  1.055E+02  6.33619E-01  1.76962E-12  1.40290E-12  1.98646E-12  1.26818E-12  0.00000E+00  0.00000E+00
  1.060E+02  6.37819E-01  1.73875E-12  1.39233E-12  1.96826E-12  1.26634E-12  0.00000E+00  0.00000E+00
  1.065E+02  6.42008E-01  1.70834E-12  1.38172E-12  1.95016E-12  1.26433E-12  0.00000E+00  0.00000E+00
  1.070E+02  6.46186E-01  1.67839E-12  1.37105E-12  1.93216E-12  1.26216E-12  0.00000E+00  0.00000E+00
  1.075E+02  6.50353E-01  1.64889E-12  1.36033E-12  1.91426E-12  1.25982E-12  0.00000E+00  0.00000E+00
  1.080E+02  6.54508E-01  1.61984E-12  1.34958E-12  1.89645E-12  1.25731E-12  0.00000E+00  0.00000E+00
  1.085E+02  6.58652E-01  1.59122E-12  1.33878E-12  1.87874E-12  1.25465E-12  0.00000E+00  0.00000E+00
  1.090E+02  6.62784E-01  1.56303E-12  1.32795E-12  1.86113E-12  1.25182E-12  0.00000E+00  0.00000E+00
  1.095E+02  6.66903E-01  1.53527E-12  1.31710E-12  1.84361E-12  1.24884E-12  0.00000E+00  0.00000E+00
  1.100E+02  6.71010E-01  1.50792E-12  1.30622E-12  1.82619E-12  1.24571E-12  0.00000E+00  0.00000E+00
  1.105E+02  6.75104E-01  1.48099E-12  1.29532E-12  1.80886E-12  1.24243E-12  0.00000E+00  0.00000E+00
  1.110E+02  6.79184E-01  1.45446E-12  1.28440E-12  1.79162E-12  1.23900E-12  0.00000E+00  0.00000E+00
  1.115E+02  6.83251E-01  1.42833E-12  1.27347E-12  1.77447E-12  1.23542E-12  0.00000E+00  0.00000E+00
  1.120E+02  6.87303E-01  1.40259E-12  1.26253E-12  1.75742E-12  1.23170E-12  0.00000E+00  0.00000E+00
  1.125E+02  6.91342E-01  1.37724E-12  1.25159E-12  1.74046E-12  1.22784E-12  0.00000E+00  0.00000E+00
  1.130E+02  6.95366E-01  1.35227E-12  1.24064E-12  1.72359E-12  1.22383E-12  0.00000E+00  0.00000E+00
  1.135E+02  6.99375E-01  1.32768E-12  1.22969E-12  1.70681E-12  1.21969E-12  0.00000E+00  0.00000E+00
  1.140E+02  7.03368E-01  1.30346E-12  1.21874E-12  1.69011E-12  1.21542E-12  0.00000E+00  0.00000E+00
  1.145E+02  7.07347E-01  1.27960E-12  1.20781E-12  1.67351E-12  1.21101E-12  0.00000E+00  0.00000E+00
  1.150E+02  7.11309E-01  1.25610E-12  1.19688E-12  1.65699E-12  1.20647E-12  0.00000E+00  0.00000E+00
  1.155E+02  7.15256E-01  1.23296E-12  1.18596E-12  1.64056E-12  1.20180E-12  0.00000E+00  0.00000E+00
  1.160E+02  7.19186E-01  1.21017E-12  1.17506E-12  1.62422E-12  1.19700E-12  0.00000E+00  0.00000E+00
  1.165E+02  7.23099E-01  1.18772E-12  1.16417E-12  1.60796E-12  1.19208E-12  0.00000E+00  0.00000E+00
  1.170E+02  7.26995E-01  1.16561E-12  1.15331E-12  1.59179E-12  1.18703E-12  0.00000E+00  0.00000E+00
  1.175E+02  7.30874E-01  1.14383E-12  1.14247E-12  1.57570E-12  1.18186E-12  0.00000E+00  0.00000E+00
  1.180E+02  7.34736E-01  1.12238E-12  1.13166E-12  1.55970E-12  1.17657E-12  0.00000E+00  0.00000E+00
  1.185E+02  7.38579E-01  1.10126E-12  1.12088E-12  1.54378E-12  1.17116E-12  0.00000E+00  0.00000E+00
  1.190E+02  7.42405E-01  1.08046E-12  1.11012E-12  1.52794E-12  1.16564E-12  0.00000E+00  0.00000E+00
  1.195E+02  7.46212E-01  1.05998E-12  1.09940E-12  1.51218E-12  1.16000E-12  0.00000E+00  0.00000E+00
  1.200E+02  7.50000E-01  1.03980E-12  1.08871E-12  1.49650E-12  1.15425E-12  0.00000E+00  0.00000E+00
  1.205E+02  7.53769E-01  1.01994E-12  1.07806E-12  1.48091E-12  1.14839E-12  0.00000E+00  0.00000E+00
  1.210E+02  7.57519E-01  1.00037E-12  1.06745E-12  1.46539E-12  1.14242E-12  0.00000E+00  0.00000E+00
  1.215E+02  7.61249E-01  9.81107E-13  1.05688E-12  1.44995E-12  1.13634E-12  0.00000E+00  0.00000E+00
  1.220E+02  7.64960E-01  9.62136E-13  1.04635E-12  1.43459E-12  1.13015E-12  0.00000E+00  0.00000E+00
  1.225E+02  7.68650E-01  9.43454E-13  1.03587E-12  1.41931E-12  1.12386E-12  0.00000E+00  0.00000E+00
  1.230E+02  7.72320E-01  9.25059E-13  1.02544E-12  1.40411E-12  1.11746E-12  0.00000E+00  0.00000E+00
  1.235E+02  7.75968E-01  9.06946E-13  1.01505E-12  1.38898E-12  1.11097E-12  0.00000E+00  0.00000E+00
  1.240E+02  7.79596E-01  8.89111E-13  1.00471E-12  1.37392E-12  1.10437E-12  0.00000E+00  0.00000E+00
  1.245E+02  7.83203E-01  8.71551E-13  9.94429E-13  1.35894E-12  1.09768E-12  0.00000E+00  0.00000E+00
  1.250E+02  7.86788E-01  8.54262E-13  9.84200E-13  1.34404E-12  1.09088E-12  0.00000E+00  0.00000E+00
  1.255E+02  7.90351E-01  8.37239E-13  9.74027E-13  1.32921E-12  1.08400E-12  0.00000E+00  0.00000E+00
  1.260E+02  7.93893E-01  8.20481E-13  9.63910E-13  1.31445E-12  1.07701E-12  0.00000E+00  0.00000E+00
  1.265E+02  7.97411E-01  8.03982E-13  9.53850E-13  1.29976E-12  1.06994E-12  0.00000E+00  0.00000E+00
  1.270E+02  8.00908E-01  7.87739E-13  9.43851E-13  1.28514E-12  1.06277E-12  0.00000E+00  0.00000E+00
  1.275E+02  8.04381E-01  7.71750E-13  9.33913E-13  1.27060E-12  1.05552E-12  0.00000E+00  0.00000E+00
  1.280E+02  8.07831E-01  7.56010E-13  9.24038E-13  1.25612E-12  1.04818E-12  0.00000E+00  0.00000E+00
  1.285E+02  8.11257E-01  7.40517E-13  9.14228E-13  1.24171E-12  1.04074E-12  0.00000E+00  0.00000E+00
  1.290E+02  8.14660E-01  7.25268E-13  9.04484E-13  1.22737E-12  1.03323E-12  0.00000E+00  0.00000E+00
  1.295E+02  8.18039E-01  7.10258E-13  8.94805E-13  1.21310E-12  1.02563E-12  0.00000E+00  0.00000E+00
  1.300E+02  8.21394E-01  6.95485E-13  8.85194E-13  1.19890E-12  1.01794E-12  0.00000E+00  0.00000E+00
  1.305E+02  8.24724E-01  6.80945E-13  8.75652E-13  1.18476E-12  1.01017E-12  0.00000E+00  0.00000E+00
  1.310E+02  8.28030E-01  6.66636E-13  8.66180E-13  1.17069E-12  1.00233E-12  0.00000E+00  0.00000E+00
  1.315E+02  8.31310E-01  6.52556E-13  8.56780E-13  1.15668E-12  9.94399E-13  0.00000E+00  0.00000E+00
  1.320E+02  8.34565E-01  6.38700E-13  8.47453E-13  1.14274E-12  9.86393E-13  0.00000E+00  0.00000E+00
  1.325E+02  8.37795E-01  6.25067E-13  8.38199E-13  1.12886E-12  9.78311E-13  0.00000E+00  0.00000E+00
  1.330E+02  8.40999E-01  6.11652E-13  8.29020E-13  1.11504E-12  9.70153E-13  0.00000E+00  0.00000E+00
  1.335E+02  8.44177E-01  5.98454E-13  8.19916E-13  1.10129E-12  9.61921E-13  0.00000E+00  0.00000E+00
  1.340E+02  8.47329E-01  5.85469E-13  8.10888E-13  1.08759E-12  9.53615E-13  0.00000E+00  0.00000E+00
  1.345E+02  8.50455E-01  5.72696E-13  8.01938E-13  1.07396E-12  9.45237E-13  0.00000E+00  0.00000E+00
  1.350E+02  8.53553E-01  5.60131E-13  7.93066E-13  1.06039E-12  9.36787E-13  0.00000E+00  0.00000E+00
  1.355E+02  8.56625E-01  5.47772E-13  7.84274E-13  1.04687E-12  9.28268E-13  0.00000E+00  0.00000E+00
  1.360E+02  8.59670E-01  5.35617E-13  7.75562E-13  1.03342E-12  9.19680E-13  0.00000E+00  0.00000E+00
  1.365E+02  8.62687E-01  5.23663E-13  7.66931E-13  1.02002E-12  9.11024E-13  0.00000E+00  0.00000E+00
  1.370E+02  8.65677E-01  5.11907E-13  7.58382E-13  1.00668E-12  9.02301E-13  0.00000E+00  0.00000E+00
  1.375E+02  8.68639E-01  5.00346E-13  7.49914E-13  9.93400E-13  8.93513E-13  0.00000E+00  0.00000E+00
  1.380E+02  8.71572E-01  4.88980E-13  7.41530E-13  9.80173E-13  8.84661E-13  0.00000E+00  0.00000E+00
  1.385E+02  8.74478E-01  4.77805E-13  7.33230E-13  9.67002E-13  8.75745E-13  0.00000E+00  0.00000E+00
  1.390E+02  8.77355E-01  4.66819E-13  7.25016E-13  9.53884E-13  8.66766E-13  0.00000E+00  0.00000E+00
  1.395E+02  8.80203E-01  4.56021E-13  7.16887E-13  9.40821E-13  8.57726E-13  0.00000E+00  0.00000E+00
  1.400E+02  8.83022E-01  4.45407E-13  7.08845E-13  9.27811E-13  8.48626E-13  0.00000E+00  0.00000E+00
  1.405E+02  8.85812E-01  4.34976E-13  7.00889E-13  9.14853E-13  8.39466E-13  0.00000E+00  0.00000E+00
  1.410E+02  8.88573E-01  4.24726E-13  6.93020E-13  9.01947E-13  8.30248E-13  0.00000E+00  0.00000E+00
  1.415E+02  8.91304E-01  4.14653E-13  6.85239E-13  8.89092E-13  8.20973E-13  0.00000E+00  0.00000E+00
  1.420E+02  8.94005E-01  4.04757E-13  6.77546E-13  8.76287E-13  8.11641E-13  0.00000E+00  0.00000E+00
  1.425E+02  8.96677E-01  3.95036E-13  6.69944E-13  8.63533E-13  8.02254E-13  0.00000E+00  0.00000E+00
  1.430E+02  8.99318E-01  3.85488E-13  6.62432E-13  8.50827E-13  7.92812E-13  0.00000E+00  0.00000E+00
  1.435E+02  9.01928E-01  3.76111E-13  6.55011E-13  8.38170E-13  7.83317E-13  0.00000E+00  0.00000E+00
  1.440E+02  9.04508E-01  3.66902E-13  6.47680E-13  8.25560E-13  7.73770E-13  0.00000E+00  0.00000E+00
  1.445E+02  9.07058E-01  3.57859E-13  6.40439E-13  8.12997E-13  7.64170E-13  0.00000E+00  0.00000E+00
  1.450E+02  9.09576E-01  3.48982E-13  6.33291E-13  8.00481E-13  7.54520E-13  0.00000E+00  0.00000E+00
  1.455E+02  9.12063E-01  3.40269E-13  6.26235E-13  7.88011E-13  7.44820E-13  0.00000E+00  0.00000E+00
  1.460E+02  9.14519E-01  3.31717E-13  6.19274E-13  7.75585E-13  7.35071E-13  0.00000E+00  0.00000E+00
  1.465E+02  9.16943E-01  3.23326E-13  6.12406E-13  7.63204E-13  7.25274E-13  0.00000E+00  0.00000E+00
  1.470E+02  9.19335E-01  3.15093E-13  6.05631E-13  7.50866E-13  7.15430E-13  0.00000E+00  0.00000E+00
  1.475E+02  9.21696E-01  3.07016E-13  5.98951E-13  7.38572E-13  7.05539E-13  0.00000E+00  0.00000E+00
  1.480E+02  9.24024E-01  2.99094E-13  5.92364E-13  7.26319E-13  6.95603E-13  0.00000E+00  0.00000E+00
  1.485E+02  9.26320E-01  2.91325E-13  5.85872E-13  7.14109E-13  6.85622E-13  0.00000E+00  0.00000E+00
  1.490E+02  9.28584E-01  2.83709E-13  5.79477E-13  7.01939E-13  6.75598E-13  0.00000E+00  0.00000E+00
  1.495E+02  9.30815E-01  2.76244E-13  5.73178E-13  6.89809E-13  6.65531E-13  0.00000E+00  0.00000E+00
  1.500E+02  9.33013E-01  2.68928E-13  5.66976E-13  6.77720E-13  6.55422E-13  0.00000E+00  0.00000E+00
  1.505E+02  9.35178E-01  2.61759E-13  5.60870E-13  6.65669E-13  6.45271E-13  0.00000E+00  0.00000E+00
  1.510E+02  9.37310E-01  2.54736E-13  5.54860E-13  6.53656E-13  6.35080E-13  0.00000E+00  0.00000E+00
  1.515E+02  9.39409E-01  2.47858E-13  5.48948E-13  6.41681E-13  6.24850E-13  0.00000E+00  0.00000E+00
  1.520E+02  9.41474E-01  2.41123E-13  5.43133E-13  6.29743E-13  6.14580E-13  0.00000E+00  0.00000E+00
  1.525E+02  9.43505E-01  2.34531E-13  5.37416E-13  6.17842E-13  6.04273E-13  0.00000E+00  0.00000E+00
  1.530E+02  9.45503E-01  2.28079E-13  5.31798E-13  6.05976E-13  5.93928E-13  0.00000E+00  0.00000E+00
  1.535E+02  9.47467E-01  2.21768E-13  5.26279E-13  5.94145E-13  5.83547E-13  0.00000E+00  0.00000E+00
  1.540E+02  9.49397E-01  2.15595E-13  5.20859E-13  5.82348E-13  5.73130E-13  0.00000E+00  0.00000E+00
  1.545E+02  9.51293E-01  2.09558E-13  5.15537E-13  5.70585E-13  5.62679E-13  0.00000E+00  0.00000E+00
  1.550E+02  9.53154E-01  2.03658E-13  5.10315E-13  5.58855E-13  5.52193E-13  0.00000E+00  0.00000E+00
  1.555E+02  9.54981E-01  1.97892E-13  5.05192E-13  5.47157E-13  5.41674E-13  0.00000E+00  0.00000E+00
  1.560E+02  9.56773E-01  1.92261E-13  5.00169E-13  5.35491E-13  5.31122E-13  0.00000E+00  0.00000E+00
  1.565E+02  9.58530E-01  1.86762E-13  4.95246E-13  5.23856E-13  5.20539E-13  0.00000E+00  0.00000E+00
  1.570E+02  9.60252E-01  1.81394E-13  4.90425E-13  5.12251E-13  5.09924E-13  0.00000E+00  0.00000E+00
  1.575E+02  9.61940E-01  1.76158E-13  4.85704E-13  5.00676E-13  4.99279E-13  0.00000E+00  0.00000E+00
  1.580E+02  9.63592E-01  1.71050E-13  4.81084E-13  4.89130E-13  4.88604E-13  0.00000E+00  0.00000E+00
  1.585E+02  9.65209E-01  1.66071E-13  4.76565E-13  4.77613E-13  4.77901E-13  0.00000E+00  0.00000E+00
  1.590E+02  9.66790E-01  1.61220E-13  4.72146E-13  4.66123E-13  4.67169E-13  0.00000E+00  0.00000E+00
  1.595E+02  9.68336E-01  1.56495E-13  4.67829E-13  4.54660E-13  4.56410E-13  0.00000E+00  0.00000E+00
  1.600E+02  9.69846E-01  1.51896E-13  4.63614E-13  4.43224E-13  4.45623E-13  0.00000E+00  0.00000E+00
  1.605E+02  9.71321E-01  1.47422E-13  4.59501E-13  4.31813E-13  4.34811E-13  0.00000E+00  0.00000E+00
  1.610E+02  9.72759E-01  1.43072E-13  4.55491E-13  4.20428E-13  4.23974E-13  0.00000E+00  0.00000E+00
  1.615E+02  9.74162E-01  1.38845E-13  4.51583E-13  4.09067E-13  4.13112E-13  0.00000E+00  0.00000E+00
  1.620E+02  9.75528E-01  1.34740E-13  4.47776E-13  3.97729E-13  4.02226E-13  0.00000E+00  0.00000E+00
  1.625E+02  9.76858E-01  1.30756E-13  4.44072E-13  3.86415E-13  3.91317E-13  0.00000E+00  0.00000E+00
  1.630E+02  9.78152E-01  1.26893E-13  4.40470E-13  3.75124E-13  3.80385E-13  0.00000E+00  0.00000E+00
  1.635E+02  9.79410E-01  1.23150E-13  4.36971E-13  3.63854E-13  3.69431E-13  0.00000E+00  0.00000E+00
  1.640E+02  9.80631E-01  1.19527E-13  4.33577E-13  3.52606E-13  3.58456E-13  0.00000E+00  0.00000E+00
  1.645E+02  9.81815E-01  1.16023E-13  4.30285E-13  3.41378E-13  3.47461E-13  0.00000E+00  0.00000E+00
  1.650E+02  9.82963E-01  1.12636E-13  4.27097E-13  3.30170E-13  3.36445E-13  0.00000E+00  0.00000E+00
  1.655E+02  9.84074E-01  1.09366E-13  4.24011E-13  3.18982E-13  3.25411E-13  0.00000E+00  0.00000E+00
  1.660E+02  9.85148E-01  1.06213E-13  4.21029E-13  3.07812E-13  3.14358E-13  0.00000E+00  0.00000E+00
  1.665E+02  9.86185E-01  1.03176E-13  4.18150E-13  2.96660E-13  3.03287E-13  0.00000E+00  0.00000E+00
  1.670E+02  9.87185E-01  1.00254E-13  4.15375E-13  2.85525E-13  2.92199E-13  0.00000E+00  0.00000E+00
  1.675E+02  9.88148E-01  9.74474E-14  4.12705E-13  2.74407E-13  2.81095E-13  0.00000E+00  0.00000E+00
  1.680E+02  9.89074E-01  9.47554E-14  4.10139E-13  2.63305E-13  2.69975E-13  0.00000E+00  0.00000E+00
  1.685E+02  9.89962E-01  9.21771E-14  4.07677E-13  2.52219E-13  2.58839E-13  0.00000E+00  0.00000E+00
  1.690E+02  9.90814E-01  8.97118E-14  4.05318E-13  2.41147E-13  2.47689E-13  0.00000E+00  0.00000E+00
  1.695E+02  9.91627E-01  8.73592E-14  4.03063E-13  2.30089E-13  2.36525E-13  0.00000E+00  0.00000E+00
  1.700E+02  9.92404E-01  8.51188E-14  4.00912E-13  2.19045E-13  2.25348E-13  0.00000E+00  0.00000E+00
  1.705E+02  9.93143E-01  8.29906E-14  3.98866E-13  2.08014E-13  2.14158E-13  0.00000E+00  0.00000E+00
  1.710E+02  9.93844E-01  8.09742E-14  3.96925E-13  1.96994E-13  2.02956E-13  0.00000E+00  0.00000E+00
  1.715E+02  9.94508E-01  7.90693E-14  3.95089E-13  1.85987E-13  1.91743E-13  0.00000E+00  0.00000E+00
  1.720E+02  9.95134E-01  7.72752E-14  3.93358E-13  1.74990E-13  1.80519E-13  0.00000E+00  0.00000E+00
  1.725E+02  9.95722E-01  7.55913E-14  3.91731E-13  1.64003E-13  1.69285E-13  0.00000E+00  0.00000E+00
  1.730E+02  9.96273E-01  7.40171E-14  3.90208E-13  1.53027E-13  1.58042E-13  0.00000E+00  0.00000E+00
  1.735E+02  9.96786E-01  7.25527E-14  3.88789E-13  1.42059E-13  1.46790E-13  0.00000E+00  0.00000E+00
  1.740E+02  9.97261E-01  7.11979E-14  3.87475E-13  1.31099E-13  1.35529E-13  0.00000E+00  0.00000E+00
  1.745E+02  9.97698E-01  6.99528E-14  3.86267E-13  1.20147E-13  1.24262E-13  0.00000E+00  0.00000E+00
  1.750E+02  9.98097E-01  6.88172E-14  3.85165E-13  1.09202E-13  1.12987E-13  0.00000E+00  0.00000E+00
  1.755E+02  9.98459E-01  6.77905E-14  3.84168E-13  9.82637E-14  1.01706E-13  0.00000E+00  0.00000E+00
  1.760E+02  9.98782E-01  6.68721E-14  3.83275E-13  8.73310E-14  9.04196E-14  0.00000E+00  0.00000E+00
  1.765E+02  9.99067E-01  6.60618E-14  3.82486E-13  7.64035E-14  7.91281E-14  0.00000E+00  0.00000E+00
  1.770E+02  9.99315E-01  6.53594E-14  3.81801E-13  6.54804E-14  6.78322E-14  6.95247E-17  0.00000E+00
  1.775E+02  9.99524E-01  6.47652E-14  3.81221E-13  5.45611E-14  5.65325E-14  2.32054E-17  0.00000E+00
  1.780E+02  9.99695E-01  6.42796E-14  3.80748E-13  4.36450E-14  4.52298E-14  2.32303E-17  0.00000E+00
  1.785E+02  9.99829E-01  6.39028E-14  3.80382E-13  3.27315E-14  3.39245E-14  2.32497E-17  0.00000E+00
  1.790E+02  9.99924E-01  6.36342E-14  3.80122E-13  2.18200E-14  2.26173E-14  2.32634E-17  0.00000E+00
  1.795E+02  9.99981E-01  6.34735E-14  3.79966E-13  1.09097E-14  1.13090E-14  2.32716E-17  0.00000E+00
  1.800E+02  1.00000E+00  6.34201E-14  3.79915E-13  1.53098E-28  1.58705E-28  3.25840E-16  2.80394E-14
