 #  Spin polarization functions (in cm)      MU=(1-cos(TH))/2
 #  Z =  79,   projectile: electron
 #  Kinetic energy = 2.95000E+06 eV
 #
 # TH (deg)      MU            U            S            T      1-U^2-T^2-S^2
 #------------------------------------------------------------------------------
  0.000E+00  0.00000E+00  0.00000E+00  0.00000E+00  1.00000E+00  0.00000E+00
  1.000E-04  7.61557E-13  1.48766E-06  3.67609E-11  1.00000E+00 -4.44089E-16
  1.250E-04  1.18994E-12  1.85957E-06  4.59512E-11  1.00000E+00  3.33067E-16
  1.500E-04  1.71346E-12  2.23149E-06  5.51414E-11  1.00000E+00  0.00000E+00
  1.750E-04  2.33225E-12  2.60340E-06  6.43316E-11  1.00000E+00 -2.22045E-16
  2.000E-04  3.04617E-12  2.97532E-06  7.35219E-11  1.00000E+00  2.22045E-16
  2.250E-04  3.85530E-12  3.34723E-06  8.27121E-11  1.00000E+00 -2.22045E-16
  2.500E-04  4.75964E-12  3.71915E-06  9.19023E-11  1.00000E+00  2.22045E-16
  2.750E-04  5.75917E-12  4.09106E-06  1.01093E-10  1.00000E+00 -2.22045E-16
  3.000E-04  6.85391E-12  4.46298E-06  1.10283E-10  1.00000E+00  1.11022E-16
  3.250E-04  8.04379E-12  4.83489E-06  1.19473E-10  1.00000E+00 -4.44089E-16
  3.500E-04  9.32893E-12  5.20681E-06  1.28663E-10  1.00000E+00  0.00000E+00
  3.750E-04  1.07092E-11  5.57872E-06  1.37853E-10  1.00000E+00  2.22045E-16
  4.000E-04  1.21847E-11  5.95064E-06  1.47044E-10  1.00000E+00 -2.22045E-16
  4.250E-04  1.37554E-11  6.32255E-06  1.56234E-10  1.00000E+00  0.00000E+00
  4.500E-04  1.54213E-11  6.69447E-06  1.65424E-10  1.00000E+00  4.44089E-16
  4.750E-04  1.71823E-11  7.06638E-06  1.74614E-10  1.00000E+00 -2.22045E-16
  5.000E-04  1.90386E-11  7.43830E-06  1.83804E-10  1.00000E+00  1.11022E-16
  5.250E-04  2.09900E-11  7.81021E-06  1.92994E-10  1.00000E+00 -2.22045E-16
  5.500E-04  2.30367E-11  8.18213E-06  2.02185E-10  1.00000E+00  1.11022E-16
  5.750E-04  2.51785E-11  8.55404E-06  2.11375E-10  1.00000E+00 -4.44089E-16
  6.000E-04  2.74156E-11  8.92596E-06  2.20565E-10  1.00000E+00  2.22045E-16
  6.250E-04  2.97478E-11  9.29787E-06  2.29755E-10  1.00000E+00 -2.22045E-16
  6.500E-04  3.21752E-11  9.66979E-06  2.38945E-10  1.00000E+00  3.33067E-16
  6.750E-04  3.46979E-11  1.00417E-05  2.48135E-10  1.00000E+00  2.22045E-16
  7.000E-04  3.73157E-11  1.04136E-05  2.57325E-10  1.00000E+00  2.22045E-16
  7.250E-04  4.00286E-11  1.07855E-05  2.66516E-10  1.00000E+00  3.33067E-16
  7.500E-04  4.28368E-11  1.11574E-05  2.75706E-10  1.00000E+00  4.44089E-16
  7.750E-04  4.57402E-11  1.15294E-05  2.84896E-10  1.00000E+00 -4.44089E-16
  8.000E-04  4.87388E-11  1.19013E-05  2.94086E-10  1.00000E+00  0.00000E+00
  8.250E-04  5.18325E-11  1.22732E-05  3.03276E-10  1.00000E+00 -2.22045E-16
  8.500E-04  5.50215E-11  1.26451E-05  3.12466E-10  1.00000E+00  4.44089E-16
  8.750E-04  5.83057E-11  1.30170E-05  3.21656E-10  1.00000E+00  4.44089E-16
  9.000E-04  6.16850E-11  1.33889E-05  3.30846E-10  1.00000E+00 -2.22045E-16
  9.250E-04  6.51595E-11  1.37609E-05  3.40036E-10  1.00000E+00  1.11022E-16
  9.500E-04  6.87293E-11  1.41328E-05  3.49226E-10  1.00000E+00 -2.22045E-16
  9.750E-04  7.23943E-11  1.45047E-05  3.58416E-10  1.00000E+00 -4.44089E-16
  1.000E-03  7.61544E-11  1.48766E-05  3.67606E-10  1.00000E+00  0.00000E+00
  1.250E-03  1.18991E-10  1.85957E-05  4.59505E-10  1.00000E+00  0.00000E+00
  1.500E-03  1.71347E-10  2.23149E-05  5.51403E-10  1.00000E+00  4.44089E-16
  1.750E-03  2.33223E-10  2.60341E-05  6.43299E-10  1.00000E+00  5.55112E-16
  2.000E-03  3.04617E-10  2.97532E-05  7.35193E-10  1.00000E+00 -4.44089E-16
  2.250E-03  3.85531E-10  3.34724E-05  8.27084E-10  1.00000E+00 -2.22045E-16
  2.500E-03  4.75965E-10  3.71915E-05  9.18974E-10  1.00000E+00 -2.22045E-16
  2.750E-03  5.75917E-10  4.09107E-05  1.01086E-09  1.00000E+00 -4.44089E-16
  3.000E-03  6.85389E-10  4.46298E-05  1.10275E-09  1.00000E+00  0.00000E+00
  3.250E-03  8.04380E-10  4.83490E-05  1.19463E-09  1.00000E+00  1.11022E-16
  3.500E-03  9.32891E-10  5.20681E-05  1.28651E-09  1.00000E+00 -2.22045E-16
  3.750E-03  1.07092E-09  5.57873E-05  1.37838E-09  1.00000E+00  3.33067E-16
  4.000E-03  1.21847E-09  5.95064E-05  1.47026E-09  1.00000E+00 -2.22045E-16
  4.250E-03  1.37554E-09  6.32256E-05  1.56213E-09  1.00000E+00  0.00000E+00
  4.500E-03  1.54213E-09  6.69447E-05  1.65400E-09  1.00000E+00  0.00000E+00
  4.750E-03  1.71823E-09  7.06639E-05  1.74587E-09  1.00000E+00  2.22045E-16
  5.000E-03  1.90386E-09  7.43830E-05  1.83774E-09  1.00000E+00  1.11022E-16
  5.250E-03  2.09900E-09  7.81022E-05  1.92961E-09  1.00000E+00  4.44089E-16
  5.500E-03  2.30367E-09  8.18213E-05  2.02148E-09  1.00000E+00  4.44089E-16
  5.750E-03  2.51785E-09  8.55405E-05  2.11335E-09  1.00000E+00  1.11022E-16
  6.000E-03  2.74156E-09  8.92596E-05  2.20522E-09  1.00000E+00  0.00000E+00
  6.250E-03  2.97478E-09  9.29788E-05  2.29709E-09  1.00000E+00  1.11022E-16
  6.500E-03  3.21752E-09  9.66980E-05  2.38897E-09  1.00000E+00  0.00000E+00
  6.750E-03  3.46978E-09  1.00417E-04  2.48085E-09  1.00000E+00  0.00000E+00
  7.000E-03  3.73156E-09  1.04136E-04  2.57274E-09  1.00000E+00  3.33067E-16
  7.250E-03  4.00286E-09  1.07855E-04  2.66464E-09  1.00000E+00  1.11022E-16
  7.500E-03  4.28368E-09  1.11575E-04  2.75654E-09  1.00000E+00 -4.44089E-16
  7.750E-03  4.57402E-09  1.15294E-04  2.84845E-09  1.00000E+00  2.22045E-16
  8.000E-03  4.87388E-09  1.19013E-04  2.94038E-09  1.00000E+00  0.00000E+00
  8.250E-03  5.18326E-09  1.22732E-04  3.03232E-09  1.00000E+00 -2.22045E-16
  8.500E-03  5.50215E-09  1.26451E-04  3.12427E-09  1.00000E+00  2.22045E-16
  8.750E-03  5.83057E-09  1.30170E-04  3.21624E-09  1.00000E+00  1.11022E-16
  9.000E-03  6.16850E-09  1.33890E-04  3.30823E-09  1.00000E+00 -2.22045E-16
  9.250E-03  6.51596E-09  1.37609E-04  3.40024E-09  1.00000E+00  1.11022E-16
  9.500E-03  6.87293E-09  1.41328E-04  3.49228E-09  1.00000E+00  0.00000E+00
  9.750E-03  7.23942E-09  1.45047E-04  3.58434E-09  1.00000E+00 -2.22045E-16
  1.000E-02  7.61544E-09  1.48766E-04  3.67642E-09  1.00000E+00 -4.44089E-16
  1.250E-02  1.18991E-08  1.85958E-04  4.59951E-09  1.00000E+00  5.55112E-16
  1.500E-02  1.71347E-08  2.23150E-04  5.52904E-09  1.00000E+00  1.11022E-16
  1.750E-02  2.33223E-08  2.60341E-04  6.46927E-09  1.00000E+00  1.11022E-16
  2.000E-02  3.04617E-08  2.97533E-04  7.42517E-09  1.00000E+00  0.00000E+00
  2.250E-02  3.85531E-08  3.34725E-04  8.40201E-09  1.00000E+00  1.11022E-16
  2.500E-02  4.75965E-08  3.71917E-04  9.40486E-09  1.00000E+00  0.00000E+00
  2.750E-02  5.75917E-08  4.09109E-04  1.04381E-08  1.00000E+00  0.00000E+00
  3.000E-02  6.85389E-08  4.46300E-04  1.15052E-08  1.00000E+00  1.11022E-16
  3.250E-02  8.04380E-08  4.83492E-04  1.26081E-08  1.00000E+00  1.11022E-16
  3.500E-02  9.32891E-08  5.20684E-04  1.37476E-08  1.00000E+00  0.00000E+00
  3.750E-02  1.07092E-07  5.57876E-04  1.49235E-08  1.00000E+00  0.00000E+00
  4.000E-02  1.21847E-07  5.95067E-04  1.61345E-08  1.00000E+00  1.11022E-16
  4.250E-02  1.37554E-07  6.32259E-04  1.73794E-08  1.00000E+00  1.11022E-16
  4.500E-02  1.54213E-07  6.69451E-04  1.86570E-08  1.00000E+00  3.33067E-16
  4.750E-02  1.71823E-07  7.06643E-04  1.99671E-08  1.00000E+00 -2.22045E-16
  5.000E-02  1.90386E-07  7.43835E-04  2.13104E-08  1.00000E+00  0.00000E+00
  5.250E-02  2.09900E-07  7.81027E-04  2.26889E-08  1.00000E+00  0.00000E+00
  5.500E-02  2.30367E-07  8.18220E-04  2.41055E-08  1.00000E+00  0.00000E+00
  5.750E-02  2.51785E-07  8.55412E-04  2.55641E-08  1.00000E+00 -4.44089E-16
  6.000E-02  2.74156E-07  8.92604E-04  2.70685E-08  1.00000E+00 -2.22045E-16
  6.250E-02  2.97478E-07  9.29796E-04  2.86224E-08  1.00000E+00  0.00000E+00
  6.500E-02  3.21752E-07  9.66989E-04  3.02284E-08  1.00000E+00  2.22045E-16
  6.750E-02  3.46978E-07  1.00418E-03  3.18878E-08  9.99999E-01  2.22045E-16
  7.000E-02  3.73156E-07  1.04137E-03  3.36005E-08  9.99999E-01  0.00000E+00
  7.250E-02  4.00286E-07  1.07857E-03  3.53652E-08  9.99999E-01 -2.22045E-16
  7.500E-02  4.28368E-07  1.11576E-03  3.71795E-08  9.99999E-01  4.44089E-16
  7.750E-02  4.57402E-07  1.15295E-03  3.90407E-08  9.99999E-01  2.22045E-16
  8.000E-02  4.87388E-07  1.19014E-03  4.09465E-08  9.99999E-01  0.00000E+00
  8.250E-02  5.18325E-07  1.22734E-03  4.28956E-08  9.99999E-01  0.00000E+00
  8.500E-02  5.50215E-07  1.26453E-03  4.48880E-08  9.99999E-01 -2.22045E-16
  8.750E-02  5.83057E-07  1.30172E-03  4.69254E-08  9.99999E-01 -2.22045E-16
  9.000E-02  6.16850E-07  1.33891E-03  4.90108E-08  9.99999E-01 -2.22045E-16
  9.250E-02  6.51596E-07  1.37611E-03  5.11483E-08  9.99999E-01  2.22045E-16
  9.500E-02  6.87293E-07  1.41330E-03  5.33420E-08  9.99999E-01 -2.22045E-16
  9.750E-02  7.23942E-07  1.45049E-03  5.55957E-08  9.99999E-01  2.22045E-16
  1.000E-01  7.61543E-07  1.48769E-03  5.79119E-08  9.99999E-01  0.00000E+00
  1.250E-01  1.18991E-06  1.85962E-03  8.41690E-08  9.99998E-01 -2.22045E-16
  1.500E-01  1.71347E-06  2.23156E-03  1.16245E-07  9.99998E-01 -2.22045E-16
  1.750E-01  2.33223E-06  2.60351E-03  1.54129E-07  9.99997E-01  0.00000E+00
  2.000E-01  3.04617E-06  2.97547E-03  1.97970E-07  9.99996E-01  3.33067E-16
  2.250E-01  3.85531E-06  3.34743E-03  2.47872E-07  9.99994E-01  1.11022E-16
  2.500E-01  4.75964E-06  3.71941E-03  3.03362E-07  9.99993E-01  2.22045E-16
  2.750E-01  5.75916E-06  4.09139E-03  3.63946E-07  9.99992E-01 -2.22045E-16
  3.000E-01  6.85388E-06  4.46339E-03  4.29933E-07  9.99990E-01  0.00000E+00
  3.250E-01  8.04378E-06  4.83539E-03  5.01393E-07  9.99988E-01 -2.22045E-16
  3.500E-01  9.32888E-06  5.20741E-03  5.77574E-07  9.99986E-01  0.00000E+00
  3.750E-01  1.07092E-05  5.57944E-03  6.58496E-07  9.99984E-01 -2.22045E-16
  4.000E-01  1.21846E-05  5.95147E-03  7.45063E-07  9.99982E-01 -2.22045E-16
  4.250E-01  1.37553E-05  6.32351E-03  8.37023E-07  9.99980E-01 -2.22045E-16
  4.500E-01  1.54212E-05  6.69557E-03  9.33377E-07  9.99978E-01  2.22045E-16
  4.750E-01  1.71822E-05  7.06764E-03  1.03478E-06  9.99975E-01  0.00000E+00
  5.000E-01  1.90385E-05  7.43971E-03  1.14215E-06  9.99972E-01  3.33067E-16
  5.250E-01  2.09899E-05  7.81180E-03  1.25429E-06  9.99969E-01  1.11022E-16
  5.500E-01  2.30365E-05  8.18390E-03  1.37014E-06  9.99967E-01  2.22045E-16
  5.750E-01  2.51783E-05  8.55602E-03  1.49095E-06  9.99963E-01 -2.22045E-16
  6.000E-01  2.74153E-05  8.92815E-03  1.61719E-06  9.99960E-01  0.00000E+00
  6.250E-01  2.97475E-05  9.30029E-03  1.74669E-06  9.99957E-01  2.22045E-16
  6.500E-01  3.21749E-05  9.67244E-03  1.87918E-06  9.99953E-01 -2.22045E-16
  6.750E-01  3.46974E-05  1.00446E-02  2.01643E-06  9.99950E-01  2.22045E-16
  7.000E-01  3.73152E-05  1.04168E-02  2.15808E-06  9.99946E-01  2.22045E-16
  7.250E-01  4.00281E-05  1.07890E-02  2.30144E-06  9.99942E-01 -4.44089E-16
  7.500E-01  4.28362E-05  1.11612E-02  2.44770E-06  9.99938E-01  1.11022E-16
  7.750E-01  4.57395E-05  1.15334E-02  2.59935E-06  9.99933E-01 -2.22045E-16
  8.000E-01  4.87380E-05  1.19056E-02  2.75438E-06  9.99929E-01 -2.22045E-16
  8.250E-01  5.18317E-05  1.22779E-02  2.91055E-06  9.99925E-01  0.00000E+00
  8.500E-01  5.50205E-05  1.26502E-02  3.07120E-06  9.99920E-01  3.33067E-16
  8.750E-01  5.83045E-05  1.30224E-02  3.23777E-06  9.99915E-01  1.11022E-16
  9.000E-01  6.16838E-05  1.33947E-02  3.40699E-06  9.99910E-01  0.00000E+00
  9.250E-01  6.51582E-05  1.37670E-02  3.57840E-06  9.99905E-01  1.11022E-16
  9.500E-01  6.87277E-05  1.41393E-02  3.75632E-06  9.99900E-01 -2.22045E-16
  9.750E-01  7.23925E-05  1.45116E-02  3.94043E-06  9.99895E-01  4.44089E-16
  1.000E+00  7.61524E-05  1.48839E-02  4.12622E-06  9.99889E-01  2.22045E-16
  1.100E+00  9.21439E-05  1.63734E-02  4.92545E-06  9.99866E-01 -2.22045E-16
  1.200E+00  1.09658E-04  1.78629E-02  5.81163E-06  9.99840E-01  0.00000E+00
  1.300E+00  1.28695E-04  1.93527E-02  6.78489E-06  9.99813E-01 -4.44089E-16
  1.400E+00  1.49255E-04  2.08426E-02  7.84101E-06  9.99783E-01  0.00000E+00
  1.500E+00  1.71338E-04  2.23327E-02  8.97407E-06  9.99751E-01  0.00000E+00
  1.600E+00  1.94942E-04  2.38229E-02  1.01768E-05  9.99716E-01  0.00000E+00
  1.700E+00  2.20070E-04  2.53134E-02  1.14461E-05  9.99680E-01 -2.22045E-16
  1.800E+00  2.46720E-04  2.68040E-02  1.27802E-05  9.99641E-01 -2.22045E-16
  1.900E+00  2.74892E-04  2.82948E-02  1.41790E-05  9.99600E-01  3.33067E-16
  2.000E+00  3.04586E-04  2.97858E-02  1.56466E-05  9.99556E-01  0.00000E+00
  2.100E+00  3.35803E-04  3.12769E-02  1.71860E-05  9.99511E-01 -4.44089E-16
  2.200E+00  3.68542E-04  3.27682E-02  1.88020E-05  9.99463E-01 -2.22045E-16
  2.300E+00  4.02802E-04  3.42597E-02  2.05010E-05  9.99413E-01  0.00000E+00
  2.400E+00  4.38585E-04  3.57513E-02  2.22882E-05  9.99361E-01  0.00000E+00
  2.500E+00  4.75889E-04  3.72431E-02  2.41670E-05  9.99306E-01  0.00000E+00
  2.600E+00  5.14715E-04  3.87350E-02  2.61426E-05  9.99250E-01 -2.22045E-16
  2.700E+00  5.55063E-04  4.02272E-02  2.82172E-05  9.99191E-01 -2.22045E-16
  2.800E+00  5.96931E-04  4.17194E-02  3.03944E-05  9.99129E-01  0.00000E+00
  2.900E+00  6.40321E-04  4.32118E-02  3.26750E-05  9.99066E-01  1.11022E-16
  3.000E+00  6.85233E-04  4.47044E-02  3.50623E-05  9.99000E-01  0.00000E+00
  3.100E+00  7.31665E-04  4.61971E-02  3.75551E-05  9.98932E-01 -2.22045E-16
  3.200E+00  7.79618E-04  4.76899E-02  4.01546E-05  9.98862E-01  3.33067E-16
  3.300E+00  8.29092E-04  4.91829E-02  4.28602E-05  9.98790E-01  3.33067E-16
  3.400E+00  8.80086E-04  5.06760E-02  4.56711E-05  9.98715E-01  3.33067E-16
  3.500E+00  9.32601E-04  5.21693E-02  4.85883E-05  9.98638E-01  3.33067E-16
  3.600E+00  9.86636E-04  5.36627E-02  5.16112E-05  9.98559E-01 -2.22045E-16
  3.700E+00  1.04219E-03  5.51562E-02  5.47397E-05  9.98478E-01  2.22045E-16
  3.800E+00  1.09927E-03  5.66499E-02  5.79727E-05  9.98394E-01  1.11022E-16
  3.900E+00  1.15786E-03  5.81437E-02  6.13093E-05  9.98308E-01 -2.22045E-16
  4.000E+00  1.21797E-03  5.96376E-02  6.47486E-05  9.98220E-01  0.00000E+00
  4.100E+00  1.27961E-03  6.11317E-02  6.82912E-05  9.98130E-01  1.11022E-16
  4.200E+00  1.34276E-03  6.26259E-02  7.19367E-05  9.98037E-01  2.22045E-16
  4.300E+00  1.40743E-03  6.41203E-02  7.56850E-05  9.97942E-01  3.33067E-16
  4.400E+00  1.47362E-03  6.56147E-02  7.95355E-05  9.97845E-01  0.00000E+00
  4.500E+00  1.54133E-03  6.71093E-02  8.34877E-05  9.97746E-01 -2.22045E-16
  4.600E+00  1.61056E-03  6.86041E-02  8.75413E-05  9.97644E-01 -2.22045E-16
  4.700E+00  1.68131E-03  7.00989E-02  9.16963E-05  9.97540E-01 -4.44089E-16
  4.800E+00  1.75357E-03  7.15939E-02  9.59527E-05  9.97434E-01  2.22045E-16
  4.900E+00  1.82735E-03  7.30890E-02  1.00310E-04  9.97325E-01  0.00000E+00
  5.000E+00  1.90265E-03  7.45843E-02  1.04768E-04  9.97215E-01  1.11022E-16
  5.100E+00  1.97947E-03  7.60796E-02  1.09328E-04  9.97102E-01  2.22045E-16
  5.200E+00  2.05780E-03  7.75751E-02  1.13987E-04  9.96987E-01  1.11022E-16
  5.300E+00  2.13765E-03  7.90707E-02  1.18747E-04  9.96869E-01  3.33067E-16
  5.400E+00  2.21902E-03  8.05664E-02  1.23607E-04  9.96749E-01 -2.22045E-16
  5.500E+00  2.30190E-03  8.20622E-02  1.28567E-04  9.96627E-01  0.00000E+00
  5.600E+00  2.38630E-03  8.35582E-02  1.33626E-04  9.96503E-01  0.00000E+00
  5.700E+00  2.47222E-03  8.50543E-02  1.38784E-04  9.96376E-01 -2.22045E-16
  5.800E+00  2.55965E-03  8.65504E-02  1.44042E-04  9.96247E-01  2.22045E-16
  5.900E+00  2.64859E-03  8.80467E-02  1.49397E-04  9.96116E-01  0.00000E+00
  6.000E+00  2.73905E-03  8.95431E-02  1.54851E-04  9.95983E-01 -2.22045E-16
  6.100E+00  2.83103E-03  9.10397E-02  1.60402E-04  9.95847E-01  3.33067E-16
  6.200E+00  2.92452E-03  9.25363E-02  1.66049E-04  9.95709E-01 -2.22045E-16
  6.300E+00  3.01952E-03  9.40330E-02  1.71794E-04  9.95569E-01 -2.22045E-16
  6.400E+00  3.11604E-03  9.55299E-02  1.77634E-04  9.95427E-01  0.00000E+00
  6.500E+00  3.21407E-03  9.70268E-02  1.83568E-04  9.95282E-01  1.11022E-16
  6.600E+00  3.31362E-03  9.85239E-02  1.89597E-04  9.95135E-01 -2.22045E-16
  6.700E+00  3.41468E-03  1.00021E-01  1.95718E-04  9.94985E-01  1.11022E-16
  6.800E+00  3.51725E-03  1.01518E-01  2.01929E-04  9.94834E-01  0.00000E+00
  6.900E+00  3.62133E-03  1.03016E-01  2.08237E-04  9.94680E-01  0.00000E+00
  7.000E+00  3.72692E-03  1.04513E-01  2.14632E-04  9.94523E-01  2.22045E-16
  7.100E+00  3.83403E-03  1.06011E-01  2.21118E-04  9.94365E-01  0.00000E+00
  7.200E+00  3.94265E-03  1.07508E-01  2.27689E-04  9.94204E-01  1.11022E-16
  7.300E+00  4.05278E-03  1.09006E-01  2.34347E-04  9.94041E-01 -2.22045E-16
  7.400E+00  4.16442E-03  1.10504E-01  2.41088E-04  9.93876E-01  0.00000E+00
  7.500E+00  4.27757E-03  1.12002E-01  2.47919E-04  9.93708E-01  0.00000E+00
  7.600E+00  4.39223E-03  1.13500E-01  2.54833E-04  9.93538E-01 -4.44089E-16
  7.700E+00  4.50840E-03  1.14998E-01  2.61828E-04  9.93366E-01  3.33067E-16
  7.800E+00  4.62608E-03  1.16496E-01  2.68901E-04  9.93191E-01  2.22045E-16
  7.900E+00  4.74527E-03  1.17994E-01  2.76048E-04  9.93014E-01 -2.22045E-16
  8.000E+00  4.86597E-03  1.19492E-01  2.83274E-04  9.92835E-01  2.22045E-16
  8.100E+00  4.98817E-03  1.20991E-01  2.90580E-04  9.92654E-01  0.00000E+00
  8.200E+00  5.11188E-03  1.22489E-01  2.97961E-04  9.92470E-01  1.11022E-16
  8.300E+00  5.23711E-03  1.23988E-01  3.05414E-04  9.92284E-01  3.33067E-16
  8.400E+00  5.36383E-03  1.25486E-01  3.12933E-04  9.92095E-01  3.33067E-16
  8.500E+00  5.49207E-03  1.26985E-01  3.20516E-04  9.91905E-01  3.33067E-16
  8.600E+00  5.62181E-03  1.28484E-01  3.28168E-04  9.91712E-01  0.00000E+00
  8.700E+00  5.75306E-03  1.29982E-01  3.35892E-04  9.91516E-01  1.11022E-16
  8.800E+00  5.88581E-03  1.31481E-01  3.43682E-04  9.91319E-01  1.11022E-16
  8.900E+00  6.02007E-03  1.32980E-01  3.51531E-04  9.91119E-01 -2.22045E-16
  9.000E+00  6.15583E-03  1.34479E-01  3.59435E-04  9.90916E-01  0.00000E+00
  9.100E+00  6.29310E-03  1.35978E-01  3.67391E-04  9.90712E-01  2.22045E-16
  9.200E+00  6.43187E-03  1.37477E-01  3.75406E-04  9.90505E-01  1.11022E-16
  9.300E+00  6.57214E-03  1.38976E-01  3.83482E-04  9.90296E-01  2.22045E-16
  9.400E+00  6.71392E-03  1.40475E-01  3.91613E-04  9.90084E-01  4.44089E-16
  9.500E+00  6.85720E-03  1.41974E-01  3.99792E-04  9.89870E-01  2.22045E-16
  9.600E+00  7.00198E-03  1.43474E-01  4.08011E-04  9.89654E-01 -2.22045E-16
  9.700E+00  7.14827E-03  1.44973E-01  4.16271E-04  9.89436E-01 -4.44089E-16
  9.800E+00  7.29605E-03  1.46472E-01  4.24580E-04  9.89215E-01  0.00000E+00
  9.900E+00  7.44534E-03  1.47971E-01  4.32939E-04  9.88992E-01 -2.22045E-16
  1.000E+01  7.59612E-03  1.49471E-01  4.41341E-04  9.88766E-01  1.11022E-16
  1.025E+01  7.97965E-03  1.53219E-01  4.62480E-04  9.88192E-01  2.22045E-16
  1.050E+01  8.37255E-03  1.56968E-01  4.83821E-04  9.87604E-01  0.00000E+00
  1.075E+01  8.77480E-03  1.60716E-01  5.05344E-04  9.87001E-01 -2.22045E-16
  1.100E+01  9.18641E-03  1.64465E-01  5.26970E-04  9.86383E-01  0.00000E+00
  1.125E+01  9.60736E-03  1.68214E-01  5.48728E-04  9.85750E-01  0.00000E+00
  1.150E+01  1.00376E-02  1.71962E-01  5.70508E-04  9.85103E-01  0.00000E+00
  1.175E+01  1.04773E-02  1.75711E-01  5.92337E-04  9.84442E-01  2.22045E-16
  1.200E+01  1.09262E-02  1.79459E-01  6.14145E-04  9.83765E-01  2.22045E-16
  1.225E+01  1.13844E-02  1.83207E-01  6.35888E-04  9.83074E-01 -2.22045E-16
  1.250E+01  1.18520E-02  1.86955E-01  6.57578E-04  9.82368E-01 -2.22045E-16
  1.275E+01  1.23288E-02  1.90702E-01  6.79093E-04  9.81648E-01  3.33067E-16
  1.300E+01  1.28150E-02  1.94449E-01  7.00499E-04  9.80912E-01  1.11022E-16
  1.325E+01  1.33104E-02  1.98195E-01  7.21666E-04  9.80162E-01  3.33067E-16
  1.350E+01  1.38150E-02  2.01941E-01  7.42612E-04  9.79397E-01 -2.22045E-16
  1.375E+01  1.43290E-02  2.05687E-01  7.63299E-04  9.78618E-01 -2.22045E-16
  1.400E+01  1.48521E-02  2.09432E-01  7.83628E-04  9.77823E-01  2.22045E-16
  1.425E+01  1.53845E-02  2.13176E-01  8.03676E-04  9.77014E-01  1.11022E-16
  1.450E+01  1.59262E-02  2.16919E-01  8.23267E-04  9.76189E-01 -2.22045E-16
  1.475E+01  1.64770E-02  2.20662E-01  8.42488E-04  9.75350E-01 -2.22045E-16
  1.500E+01  1.70371E-02  2.24403E-01  8.61226E-04  9.74496E-01  0.00000E+00
  1.525E+01  1.76063E-02  2.28144E-01  8.79441E-04  9.73627E-01  1.11022E-16
  1.550E+01  1.81848E-02  2.31884E-01  8.97194E-04  9.72743E-01 -2.22045E-16
  1.575E+01  1.87724E-02  2.35622E-01  9.14275E-04  9.71844E-01  2.22045E-16
  1.600E+01  1.93692E-02  2.39359E-01  9.30865E-04  9.70931E-01  1.11022E-16
  1.625E+01  1.99751E-02  2.43095E-01  9.46721E-04  9.70002E-01  0.00000E+00
  1.650E+01  2.05901E-02  2.46830E-01  9.61948E-04  9.69058E-01  1.11022E-16
  1.675E+01  2.12143E-02  2.50564E-01  9.76503E-04  9.68100E-01  0.00000E+00
  1.700E+01  2.18476E-02  2.54296E-01  9.90191E-04  9.67126E-01  0.00000E+00
  1.725E+01  2.24900E-02  2.58026E-01  1.00332E-03  9.66137E-01  0.00000E+00
  1.750E+01  2.31415E-02  2.61755E-01  1.01534E-03  9.65134E-01  1.11022E-16
  1.775E+01  2.38021E-02  2.65482E-01  1.02685E-03  9.64115E-01  1.11022E-16
  1.800E+01  2.44717E-02  2.69207E-01  1.03714E-03  9.63082E-01 -2.22045E-16
  1.825E+01  2.51504E-02  2.72930E-01  1.04682E-03  9.62033E-01  0.00000E+00
  1.850E+01  2.58382E-02  2.76652E-01  1.05532E-03  9.60970E-01 -2.22045E-16
  1.875E+01  2.65349E-02  2.80371E-01  1.06299E-03  9.59891E-01  0.00000E+00
  1.900E+01  2.72407E-02  2.84089E-01  1.06960E-03  9.58797E-01 -2.22045E-16
  1.925E+01  2.79555E-02  2.87804E-01  1.07515E-03  9.57689E-01  0.00000E+00
  1.950E+01  2.86793E-02  2.91517E-01  1.07973E-03  9.56565E-01  3.33067E-16
  1.975E+01  2.94120E-02  2.95228E-01  1.08311E-03  9.55426E-01  0.00000E+00
  2.000E+01  3.01537E-02  2.98936E-01  1.08548E-03  9.54273E-01  0.00000E+00
  2.025E+01  3.09043E-02  3.02642E-01  1.08663E-03  9.53104E-01  1.11022E-16
  2.050E+01  3.16639E-02  3.06345E-01  1.08665E-03  9.51920E-01  2.22045E-16
  2.075E+01  3.24324E-02  3.10045E-01  1.08547E-03  9.50721E-01  0.00000E+00
  2.100E+01  3.32098E-02  3.13743E-01  1.08302E-03  9.49507E-01  0.00000E+00
  2.125E+01  3.39961E-02  3.17438E-01  1.07936E-03  9.48278E-01  1.11022E-16
  2.150E+01  3.47912E-02  3.21130E-01  1.07436E-03  9.47035E-01  0.00000E+00
  2.175E+01  3.55952E-02  3.24819E-01  1.06809E-03  9.45776E-01  0.00000E+00
  2.200E+01  3.64081E-02  3.28505E-01  1.06046E-03  9.44502E-01  1.11022E-16
  2.225E+01  3.72297E-02  3.32187E-01  1.05148E-03  9.43213E-01  0.00000E+00
  2.250E+01  3.80602E-02  3.35867E-01  1.04112E-03  9.41909E-01  2.22045E-16
  2.275E+01  3.88995E-02  3.39543E-01  1.02934E-03  9.40590E-01 -2.22045E-16
  2.300E+01  3.97476E-02  3.43215E-01  1.01618E-03  9.39256E-01  0.00000E+00
  2.325E+01  4.06044E-02  3.46884E-01  1.00157E-03  9.37907E-01  3.33067E-16
  2.350E+01  4.14700E-02  3.50550E-01  9.85514E-04  9.36544E-01 -2.22045E-16
  2.375E+01  4.23443E-02  3.54212E-01  9.67983E-04  9.35165E-01  0.00000E+00
  2.400E+01  4.32273E-02  3.57870E-01  9.48955E-04  9.33771E-01  3.33067E-16
  2.425E+01  4.41190E-02  3.61524E-01  9.28427E-04  9.32363E-01  2.22045E-16
  2.450E+01  4.50194E-02  3.65174E-01  9.06343E-04  9.30939E-01  0.00000E+00
  2.475E+01  4.59284E-02  3.68820E-01  8.82700E-04  9.29501E-01  0.00000E+00
  2.500E+01  4.68461E-02  3.72461E-01  8.57458E-04  9.28047E-01  1.11022E-16
  2.550E+01  4.87074E-02  3.79732E-01  8.02153E-04  9.25096E-01  2.22045E-16
  2.600E+01  5.06030E-02  3.86986E-01  7.40301E-04  9.22085E-01  0.00000E+00
  2.650E+01  5.25328E-02  3.94221E-01  6.71836E-04  9.19016E-01 -2.22045E-16
  2.700E+01  5.44967E-02  4.01436E-01  5.96720E-04  9.15887E-01  0.00000E+00
  2.750E+01  5.64946E-02  4.08632E-01  5.14830E-04  9.12699E-01  0.00000E+00
  2.800E+01  5.85262E-02  4.15808E-01  4.26056E-04  9.09452E-01  1.11022E-16
  2.850E+01  6.05914E-02  4.22962E-01  3.30195E-04  9.06147E-01 -2.22045E-16
  2.900E+01  6.26901E-02  4.30095E-01  2.27138E-04  9.02784E-01  0.00000E+00
  2.950E+01  6.48222E-02  4.37205E-01  1.16841E-04  8.99362E-01  0.00000E+00
  3.000E+01  6.69873E-02  4.44292E-01 -7.03377E-07  8.95882E-01  2.22045E-16
  3.050E+01  6.91854E-02  4.51355E-01 -1.25417E-04  8.92345E-01 -2.22045E-16
  3.100E+01  7.14163E-02  4.58393E-01 -2.57415E-04  8.88750E-01  1.11022E-16
  3.150E+01  7.36799E-02  4.65406E-01 -3.96759E-04  8.85097E-01  0.00000E+00
  3.200E+01  7.59760E-02  4.72393E-01 -5.43657E-04  8.81388E-01  0.00000E+00
  3.250E+01  7.83043E-02  4.79353E-01 -6.98208E-04  8.77622E-01 -2.22045E-16
  3.300E+01  8.06647E-02  4.86286E-01 -8.60329E-04  8.73799E-01  4.44089E-16
  3.350E+01  8.30571E-02  4.93192E-01 -1.03007E-03  8.69920E-01  0.00000E+00
  3.400E+01  8.54812E-02  5.00068E-01 -1.20709E-03  8.65985E-01  3.33067E-16
  3.450E+01  8.79369E-02  5.06915E-01 -1.39176E-03  8.61995E-01  0.00000E+00
  3.500E+01  9.04240E-02  5.13733E-01 -1.58373E-03  8.57949E-01  0.00000E+00
  3.550E+01  9.29422E-02  5.20520E-01 -1.78382E-03  8.53848E-01  2.22045E-16
  3.600E+01  9.54915E-02  5.27276E-01 -1.99141E-03  8.49692E-01 -2.22045E-16
  3.650E+01  9.80716E-02  5.34000E-01 -2.20691E-03  8.45481E-01 -2.22045E-16
  3.700E+01  1.00682E-01  5.40693E-01 -2.42984E-03  8.41217E-01  0.00000E+00
  3.750E+01  1.03323E-01  5.47351E-01 -2.66042E-03  8.36899E-01  2.22045E-16
  3.800E+01  1.05995E-01  5.53977E-01 -2.89828E-03  8.32527E-01  1.11022E-16
  3.850E+01  1.08696E-01  5.60569E-01 -3.14384E-03  8.28102E-01  0.00000E+00
  3.900E+01  1.11427E-01  5.67125E-01 -3.39712E-03  8.23624E-01  0.00000E+00
  3.950E+01  1.14188E-01  5.73647E-01 -3.65824E-03  8.19095E-01  3.33067E-16
  4.000E+01  1.16978E-01  5.80133E-01 -3.92707E-03  8.14513E-01  0.00000E+00
  4.050E+01  1.19797E-01  5.86582E-01 -4.20337E-03  8.09879E-01  1.11022E-16
  4.100E+01  1.22645E-01  5.92995E-01 -4.48702E-03  8.05194E-01  2.22045E-16
  4.150E+01  1.25522E-01  5.99370E-01 -4.77798E-03  8.00458E-01  0.00000E+00
  4.200E+01  1.28428E-01  6.05707E-01 -5.07645E-03  7.95672E-01  2.22045E-16
  4.250E+01  1.31361E-01  6.12005E-01 -5.38259E-03  7.90835E-01 -2.22045E-16
  4.300E+01  1.34323E-01  6.18265E-01 -5.69644E-03  7.85949E-01  0.00000E+00
  4.350E+01  1.37313E-01  6.24485E-01 -6.01786E-03  7.81014E-01  0.00000E+00
  4.400E+01  1.40330E-01  6.30665E-01 -6.34659E-03  7.76030E-01  2.22045E-16
  4.450E+01  1.43375E-01  6.36804E-01 -6.68247E-03  7.70997E-01  0.00000E+00
  4.500E+01  1.46447E-01  6.42902E-01 -7.02550E-03  7.65916E-01  0.00000E+00
  4.550E+01  1.49545E-01  6.48959E-01 -7.37585E-03  7.60788E-01  0.00000E+00
  4.600E+01  1.52671E-01  6.54974E-01 -7.73372E-03  7.55612E-01 -2.22045E-16
  4.650E+01  1.55823E-01  6.60946E-01 -8.09913E-03  7.50390E-01  2.22045E-16
  4.700E+01  1.59001E-01  6.66875E-01 -8.47192E-03  7.45121E-01  0.00000E+00
  4.750E+01  1.62205E-01  6.72761E-01 -8.85182E-03  7.39807E-01  0.00000E+00
  4.800E+01  1.65435E-01  6.78604E-01 -9.23867E-03  7.34447E-01 -2.22045E-16
  4.850E+01  1.68690E-01  6.84401E-01 -9.63247E-03  7.29042E-01  2.22045E-16
  4.900E+01  1.71970E-01  6.90155E-01 -1.00334E-02  7.23592E-01  2.22045E-16
  4.950E+01  1.75276E-01  6.95863E-01 -1.04416E-02  7.18099E-01 -2.22045E-16
  5.000E+01  1.78606E-01  7.01525E-01 -1.08572E-02  7.12562E-01 -2.22045E-16
  5.050E+01  1.81961E-01  7.07142E-01 -1.12800E-02  7.06982E-01  0.00000E+00
  5.100E+01  1.85340E-01  7.12712E-01 -1.17097E-02  7.01359E-01  0.00000E+00
  5.150E+01  1.88743E-01  7.18235E-01 -1.21462E-02  6.95695E-01 -2.22045E-16
  5.200E+01  1.92169E-01  7.23711E-01 -1.25894E-02  6.89988E-01  0.00000E+00
  5.250E+01  1.95619E-01  7.29140E-01 -1.30396E-02  6.84240E-01 -2.22045E-16
  5.300E+01  1.99092E-01  7.34521E-01 -1.34968E-02  6.78452E-01  2.22045E-16
  5.350E+01  2.02589E-01  7.39853E-01 -1.39613E-02  6.72624E-01 -2.22045E-16
  5.400E+01  2.06107E-01  7.45137E-01 -1.44328E-02  6.66756E-01  0.00000E+00
  5.450E+01  2.09649E-01  7.50371E-01 -1.49111E-02  6.60848E-01  1.11022E-16
  5.500E+01  2.13212E-01  7.55557E-01 -1.53960E-02  6.54902E-01  0.00000E+00
  5.550E+01  2.16797E-01  7.60692E-01 -1.58874E-02  6.48918E-01  0.00000E+00
  5.600E+01  2.20404E-01  7.65778E-01 -1.63856E-02  6.42896E-01  4.44089E-16
  5.650E+01  2.24032E-01  7.70813E-01 -1.68907E-02  6.36837E-01  0.00000E+00
  5.700E+01  2.27680E-01  7.75798E-01 -1.74029E-02  6.30742E-01  2.22045E-16
  5.750E+01  2.31350E-01  7.80731E-01 -1.79220E-02  6.24610E-01  0.00000E+00
  5.800E+01  2.35040E-01  7.85613E-01 -1.84479E-02  6.18443E-01 -2.22045E-16
  5.850E+01  2.38751E-01  7.90444E-01 -1.89801E-02  6.12241E-01  0.00000E+00
  5.900E+01  2.42481E-01  7.95222E-01 -1.95188E-02  6.06004E-01  0.00000E+00
  5.950E+01  2.46231E-01  7.99949E-01 -2.00641E-02  5.99733E-01  2.22045E-16
  6.000E+01  2.50000E-01  8.04623E-01 -2.06162E-02  5.93429E-01  2.22045E-16
  6.050E+01  2.53788E-01  8.09244E-01 -2.11753E-02  5.87092E-01  0.00000E+00
  6.100E+01  2.57595E-01  8.13811E-01 -2.17414E-02  5.80722E-01  0.00000E+00
  6.150E+01  2.61421E-01  8.18326E-01 -2.23140E-02  5.74321E-01 -2.22045E-16
  6.200E+01  2.65264E-01  8.22787E-01 -2.28930E-02  5.67888E-01  2.22045E-16
  6.250E+01  2.69126E-01  8.27194E-01 -2.34783E-02  5.61425E-01  0.00000E+00
  6.300E+01  2.73005E-01  8.31548E-01 -2.40702E-02  5.54931E-01  2.22045E-16
  6.350E+01  2.76901E-01  8.35847E-01 -2.46687E-02  5.48408E-01  0.00000E+00
  6.400E+01  2.80814E-01  8.40091E-01 -2.52743E-02  5.41856E-01  0.00000E+00
  6.450E+01  2.84744E-01  8.44281E-01 -2.58869E-02  5.35276E-01  0.00000E+00
  6.500E+01  2.88691E-01  8.48415E-01 -2.65060E-02  5.28668E-01  0.00000E+00
  6.550E+01  2.92653E-01  8.52494E-01 -2.71316E-02  5.22032E-01 -4.44089E-16
  6.600E+01  2.96632E-01  8.56518E-01 -2.77633E-02  5.15369E-01  4.44089E-16
  6.650E+01  3.00625E-01  8.60487E-01 -2.84014E-02  5.08680E-01  2.22045E-16
  6.700E+01  3.04634E-01  8.64400E-01 -2.90464E-02  5.01965E-01  0.00000E+00
  6.750E+01  3.08658E-01  8.68256E-01 -2.96984E-02  4.95226E-01 -2.22045E-16
  6.800E+01  3.12697E-01  8.72057E-01 -3.03576E-02  4.88463E-01  0.00000E+00
  6.850E+01  3.16749E-01  8.75801E-01 -3.10235E-02  4.81675E-01 -2.22045E-16
  6.900E+01  3.20816E-01  8.79488E-01 -3.16956E-02  4.74864E-01  0.00000E+00
  6.950E+01  3.24896E-01  8.83119E-01 -3.23739E-02  4.68030E-01  1.11022E-16
  7.000E+01  3.28990E-01  8.86694E-01 -3.30586E-02  4.61174E-01  2.22045E-16
  7.050E+01  3.33097E-01  8.90211E-01 -3.37502E-02  4.54296E-01 -2.22045E-16
  7.100E+01  3.37216E-01  8.93672E-01 -3.44492E-02  4.47397E-01  1.11022E-16
  7.150E+01  3.41348E-01  8.97074E-01 -3.51560E-02  4.40480E-01  3.33067E-16
  7.200E+01  3.45492E-01  9.00419E-01 -3.58694E-02  4.33543E-01  0.00000E+00
  7.250E+01  3.49647E-01  9.03707E-01 -3.65880E-02  4.26584E-01 -2.22045E-16
  7.300E+01  3.53814E-01  9.06939E-01 -3.73130E-02  4.19607E-01  0.00000E+00
  7.350E+01  3.57992E-01  9.10111E-01 -3.80455E-02  4.12613E-01  2.22045E-16
  7.400E+01  3.62181E-01  9.13226E-01 -3.87857E-02  4.05602E-01  5.55112E-16
  7.450E+01  3.66381E-01  9.16283E-01 -3.95330E-02  3.98575E-01 -2.22045E-16
  7.500E+01  3.70590E-01  9.19282E-01 -4.02872E-02  3.91531E-01  3.33067E-16
  7.550E+01  3.74810E-01  9.22224E-01 -4.10479E-02  3.84472E-01  3.33067E-16
  7.600E+01  3.79039E-01  9.25107E-01 -4.18153E-02  3.77397E-01  0.00000E+00
  7.650E+01  3.83277E-01  9.27932E-01 -4.25895E-02  3.70308E-01 -2.22045E-16
  7.700E+01  3.87524E-01  9.30699E-01 -4.33711E-02  3.63206E-01 -2.22045E-16
  7.750E+01  3.91780E-01  9.33407E-01 -4.41602E-02  3.56091E-01  0.00000E+00
  7.800E+01  3.96044E-01  9.36057E-01 -4.49567E-02  3.48964E-01  4.44089E-16
  7.850E+01  4.00316E-01  9.38649E-01 -4.57603E-02  3.41825E-01  0.00000E+00
  7.900E+01  4.04596E-01  9.41182E-01 -4.65709E-02  3.34675E-01 -2.22045E-16
  7.950E+01  4.08882E-01  9.43657E-01 -4.73885E-02  3.27515E-01 -4.44089E-16
  8.000E+01  4.13176E-01  9.46074E-01 -4.82134E-02  3.20344E-01  1.11022E-16
  8.050E+01  4.17476E-01  9.48432E-01 -4.90458E-02  3.13164E-01  2.22045E-16
  8.100E+01  4.21783E-01  9.50731E-01 -4.98859E-02  3.05976E-01  0.00000E+00
  8.150E+01  4.26095E-01  9.52972E-01 -5.07337E-02  2.98780E-01  2.22045E-16
  8.200E+01  4.30413E-01  9.55155E-01 -5.15890E-02  2.91578E-01 -2.22045E-16
  8.250E+01  4.34737E-01  9.57279E-01 -5.24518E-02  2.84368E-01  0.00000E+00
  8.300E+01  4.39065E-01  9.59345E-01 -5.33220E-02  2.77152E-01 -2.22045E-16
  8.350E+01  4.43398E-01  9.61353E-01 -5.41999E-02  2.69931E-01  2.22045E-16
  8.400E+01  4.47736E-01  9.63302E-01 -5.50856E-02  2.62705E-01  2.22045E-16
  8.450E+01  4.52077E-01  9.65194E-01 -5.59793E-02  2.55475E-01  1.11022E-16
  8.500E+01  4.56422E-01  9.67026E-01 -5.68811E-02  2.48243E-01  0.00000E+00
  8.550E+01  4.60770E-01  9.68801E-01 -5.77910E-02  2.41007E-01  0.00000E+00
  8.600E+01  4.65122E-01  9.70518E-01 -5.87088E-02  2.33770E-01  0.00000E+00
  8.650E+01  4.69476E-01  9.72177E-01 -5.96347E-02  2.26531E-01  1.11022E-16
  8.700E+01  4.73832E-01  9.73778E-01 -6.05686E-02  2.19291E-01  1.11022E-16
  8.750E+01  4.78190E-01  9.75321E-01 -6.15108E-02  2.12052E-01  5.55112E-16
  8.800E+01  4.82550E-01  9.76806E-01 -6.24616E-02  2.04813E-01 -2.22045E-16
  8.850E+01  4.86912E-01  9.78234E-01 -6.34209E-02  1.97576E-01  0.00000E+00
  8.900E+01  4.91274E-01  9.79604E-01 -6.43889E-02  1.90340E-01  0.00000E+00
  8.950E+01  4.95637E-01  9.80917E-01 -6.53654E-02  1.83108E-01  1.11022E-16
  9.000E+01  5.00000E-01  9.82173E-01 -6.63506E-02  1.75879E-01  0.00000E+00
  9.050E+01  5.04363E-01  9.83372E-01 -6.73444E-02  1.68653E-01  0.00000E+00
  9.100E+01  5.08726E-01  9.84514E-01 -6.83472E-02  1.61433E-01 -2.22045E-16
  9.150E+01  5.13088E-01  9.85599E-01 -6.93590E-02  1.54218E-01  0.00000E+00
  9.200E+01  5.17450E-01  9.86628E-01 -7.03801E-02  1.47009E-01  4.44089E-16
  9.250E+01  5.21810E-01  9.87600E-01 -7.14106E-02  1.39807E-01 -2.22045E-16
  9.300E+01  5.26168E-01  9.88516E-01 -7.24503E-02  1.32613E-01 -4.44089E-16
  9.350E+01  5.30524E-01  9.89376E-01 -7.34994E-02  1.25427E-01 -4.44089E-16
  9.400E+01  5.34878E-01  9.90181E-01 -7.45579E-02  1.18250E-01  3.33067E-16
  9.450E+01  5.39230E-01  9.90930E-01 -7.56261E-02  1.11083E-01  1.11022E-16
  9.500E+01  5.43578E-01  9.91623E-01 -7.67041E-02  1.03926E-01  0.00000E+00
  9.550E+01  5.47923E-01  9.92261E-01 -7.77921E-02  9.67797E-02  1.11022E-16
  9.600E+01  5.52264E-01  9.92844E-01 -7.88903E-02  8.96459E-02  3.33067E-16
  9.650E+01  5.56602E-01  9.93373E-01 -7.99987E-02  8.25246E-02 -4.44089E-16
  9.700E+01  5.60935E-01  9.93847E-01 -8.11173E-02  7.54165E-02  2.22045E-16
  9.750E+01  5.65263E-01  9.94267E-01 -8.22463E-02  6.83222E-02  0.00000E+00
  9.800E+01  5.69587E-01  9.94634E-01 -8.33857E-02  6.12426E-02 -2.22045E-16
  9.850E+01  5.73905E-01  9.94946E-01 -8.45359E-02  5.41784E-02 -2.22045E-16
  9.900E+01  5.78217E-01  9.95206E-01 -8.56971E-02  4.71306E-02 -4.44089E-16
  9.950E+01  5.82524E-01  9.95412E-01 -8.68694E-02  4.01000E-02  3.33067E-16
  1.000E+02  5.86824E-01  9.95566E-01 -8.80530E-02  3.30871E-02  0.00000E+00
  1.005E+02  5.91118E-01  9.95668E-01 -8.92479E-02  2.60925E-02  2.22045E-16
  1.010E+02  5.95404E-01  9.95717E-01 -9.04542E-02  1.91171E-02  3.33067E-16
  1.015E+02  5.99684E-01  9.95715E-01 -9.16720E-02  1.21614E-02  1.11022E-16
  1.020E+02  6.03956E-01  9.95662E-01 -9.29017E-02  5.22648E-03  1.11022E-16
  1.025E+02  6.08220E-01  9.95557E-01 -9.41435E-02 -1.68679E-03 -2.22045E-16
  1.030E+02  6.12476E-01  9.95402E-01 -9.53977E-02 -8.57759E-03  2.22045E-16
  1.035E+02  6.16723E-01  9.95197E-01 -9.66643E-02 -1.54452E-02  0.00000E+00
  1.040E+02  6.20961E-01  9.94942E-01 -9.79435E-02 -2.22890E-02  0.00000E+00
  1.045E+02  6.25190E-01  9.94638E-01 -9.92354E-02 -2.91083E-02  1.11022E-16
  1.050E+02  6.29410E-01  9.94285E-01 -1.00540E-01 -3.59023E-02  0.00000E+00
  1.055E+02  6.33619E-01  9.93883E-01 -1.01858E-01 -4.26702E-02 -2.22045E-16
  1.060E+02  6.37819E-01  9.93434E-01 -1.03189E-01 -4.94108E-02 -4.44089E-16
  1.065E+02  6.42008E-01  9.92936E-01 -1.04535E-01 -5.61234E-02  2.22045E-16
  1.070E+02  6.46186E-01  9.92392E-01 -1.05894E-01 -6.28071E-02  2.22045E-16
  1.075E+02  6.50353E-01  9.91801E-01 -1.07267E-01 -6.94612E-02  1.11022E-16
  1.080E+02  6.54508E-01  9.91164E-01 -1.08654E-01 -7.60851E-02  2.22045E-16
  1.085E+02  6.58652E-01  9.90481E-01 -1.10056E-01 -8.26779E-02  2.22045E-16
  1.090E+02  6.62784E-01  9.89753E-01 -1.11473E-01 -8.92389E-02 -4.44089E-16
  1.095E+02  6.66903E-01  9.88980E-01 -1.12904E-01 -9.57667E-02  2.22045E-16
  1.100E+02  6.71010E-01  9.88163E-01 -1.14351E-01 -1.02260E-01  4.44089E-16
  1.105E+02  6.75104E-01  9.87303E-01 -1.15814E-01 -1.08719E-01  0.00000E+00
  1.110E+02  6.79184E-01  9.86400E-01 -1.17293E-01 -1.15143E-01  2.22045E-16
  1.115E+02  6.83251E-01  9.85454E-01 -1.18788E-01 -1.21529E-01  0.00000E+00
  1.120E+02  6.87303E-01  9.84467E-01 -1.20299E-01 -1.27879E-01  0.00000E+00
  1.125E+02  6.91342E-01  9.83438E-01 -1.21827E-01 -1.34190E-01  1.11022E-16
  1.130E+02  6.95366E-01  9.82369E-01 -1.23371E-01 -1.40462E-01 -2.22045E-16
  1.135E+02  6.99375E-01  9.81261E-01 -1.24934E-01 -1.46694E-01 -2.22045E-16
  1.140E+02  7.03368E-01  9.80113E-01 -1.26514E-01 -1.52884E-01 -2.22045E-16
  1.145E+02  7.07347E-01  9.78926E-01 -1.28112E-01 -1.59032E-01 -2.22045E-16
  1.150E+02  7.11309E-01  9.77702E-01 -1.29728E-01 -1.65137E-01  1.11022E-16
  1.155E+02  7.15256E-01  9.76440E-01 -1.31363E-01 -1.71198E-01  0.00000E+00
  1.160E+02  7.19186E-01  9.75142E-01 -1.33017E-01 -1.77214E-01  4.44089E-16
  1.165E+02  7.23099E-01  9.73808E-01 -1.34691E-01 -1.83183E-01  2.22045E-16
  1.170E+02  7.26995E-01  9.72440E-01 -1.36384E-01 -1.89105E-01 -2.22045E-16
  1.175E+02  7.30874E-01  9.71037E-01 -1.38098E-01 -1.94979E-01  1.11022E-16
  1.180E+02  7.34736E-01  9.69601E-01 -1.39832E-01 -2.00803E-01  2.22045E-16
  1.185E+02  7.38579E-01  9.68132E-01 -1.41587E-01 -2.06576E-01  0.00000E+00
  1.190E+02  7.42405E-01  9.66632E-01 -1.43364E-01 -2.12298E-01  0.00000E+00
  1.195E+02  7.46212E-01  9.65100E-01 -1.45162E-01 -2.17967E-01  0.00000E+00
  1.200E+02  7.50000E-01  9.63539E-01 -1.46982E-01 -2.23582E-01 -2.22045E-16
  1.205E+02  7.53769E-01  9.61948E-01 -1.48826E-01 -2.29142E-01 -2.22045E-16
  1.210E+02  7.57519E-01  9.60330E-01 -1.50692E-01 -2.34645E-01  0.00000E+00
  1.215E+02  7.61249E-01  9.58684E-01 -1.52583E-01 -2.40091E-01  0.00000E+00
  1.220E+02  7.64960E-01  9.57012E-01 -1.54498E-01 -2.45477E-01  1.11022E-16
  1.225E+02  7.68650E-01  9.55314E-01 -1.56437E-01 -2.50803E-01  0.00000E+00
  1.230E+02  7.72320E-01  9.53592E-01 -1.58401E-01 -2.56068E-01  0.00000E+00
  1.235E+02  7.75968E-01  9.51847E-01 -1.60392E-01 -2.61270E-01  0.00000E+00
  1.240E+02  7.79596E-01  9.50079E-01 -1.62408E-01 -2.66408E-01 -4.44089E-16
  1.245E+02  7.83203E-01  9.48290E-01 -1.64452E-01 -2.71479E-01  0.00000E+00
  1.250E+02  7.86788E-01  9.46482E-01 -1.66523E-01 -2.76483E-01  4.44089E-16
  1.255E+02  7.90351E-01  9.44654E-01 -1.68622E-01 -2.81418E-01  2.22045E-16
  1.260E+02  7.93893E-01  9.42808E-01 -1.70750E-01 -2.86283E-01  0.00000E+00
  1.265E+02  7.97411E-01  9.40945E-01 -1.72907E-01 -2.91076E-01  4.44089E-16
  1.270E+02  8.00908E-01  9.39067E-01 -1.75094E-01 -2.95796E-01  0.00000E+00
  1.275E+02  8.04381E-01  9.37175E-01 -1.77312E-01 -3.00440E-01  3.33067E-16
  1.280E+02  8.07831E-01  9.35269E-01 -1.79561E-01 -3.05007E-01  0.00000E+00
  1.285E+02  8.11257E-01  9.33352E-01 -1.81843E-01 -3.09495E-01 -2.22045E-16
  1.290E+02  8.14660E-01  9.31425E-01 -1.84157E-01 -3.13902E-01  2.22045E-16
  1.295E+02  8.18039E-01  9.29488E-01 -1.86505E-01 -3.18226E-01  0.00000E+00
  1.300E+02  8.21394E-01  9.27544E-01 -1.88887E-01 -3.22467E-01 -4.44089E-16
  1.305E+02  8.24724E-01  9.25593E-01 -1.91304E-01 -3.26621E-01  2.22045E-16
  1.310E+02  8.28030E-01  9.23637E-01 -1.93757E-01 -3.30686E-01  2.22045E-16
  1.315E+02  8.31310E-01  9.21678E-01 -1.96247E-01 -3.34660E-01  0.00000E+00
  1.320E+02  8.34565E-01  9.19717E-01 -1.98774E-01 -3.38540E-01  2.22045E-16
  1.325E+02  8.37795E-01  9.17756E-01 -2.01341E-01 -3.42325E-01 -4.44089E-16
  1.330E+02  8.40999E-01  9.15796E-01 -2.03946E-01 -3.46011E-01 -4.44089E-16
  1.335E+02  8.44177E-01  9.13838E-01 -2.06592E-01 -3.49598E-01  0.00000E+00
  1.340E+02  8.47329E-01  9.11886E-01 -2.09279E-01 -3.53082E-01  0.00000E+00
  1.345E+02  8.50455E-01  9.09939E-01 -2.12009E-01 -3.56460E-01  0.00000E+00
  1.350E+02  8.53553E-01  9.08000E-01 -2.14782E-01 -3.59729E-01  1.11022E-16
  1.355E+02  8.56625E-01  9.06071E-01 -2.17600E-01 -3.62886E-01  1.11022E-16
  1.360E+02  8.59670E-01  9.04153E-01 -2.20463E-01 -3.65928E-01  0.00000E+00
  1.365E+02  8.62687E-01  9.02249E-01 -2.23373E-01 -3.68852E-01 -2.22045E-16
  1.370E+02  8.65677E-01  9.00360E-01 -2.26330E-01 -3.71655E-01  2.22045E-16
  1.375E+02  8.68639E-01  8.98487E-01 -2.29336E-01 -3.74334E-01 -2.22045E-16
  1.380E+02  8.71572E-01  8.96634E-01 -2.32392E-01 -3.76884E-01  4.44089E-16
  1.385E+02  8.74478E-01  8.94802E-01 -2.35499E-01 -3.79302E-01  3.33067E-16
  1.390E+02  8.77355E-01  8.92993E-01 -2.38660E-01 -3.81583E-01 -2.22045E-16
  1.395E+02  8.80203E-01  8.91209E-01 -2.41874E-01 -3.83723E-01 -4.44089E-16
  1.400E+02  8.83022E-01  8.89453E-01 -2.45143E-01 -3.85718E-01 -2.22045E-16
  1.405E+02  8.85812E-01  8.87726E-01 -2.48469E-01 -3.87564E-01  1.11022E-16
  1.410E+02  8.88573E-01  8.86031E-01 -2.51852E-01 -3.89256E-01  2.22045E-16
  1.415E+02  8.91304E-01  8.84369E-01 -2.55294E-01 -3.90790E-01  1.11022E-16
  1.420E+02  8.94005E-01  8.82743E-01 -2.58797E-01 -3.92158E-01  0.00000E+00
  1.425E+02  8.96677E-01  8.81157E-01 -2.62363E-01 -3.93356E-01  0.00000E+00
  1.430E+02  8.99318E-01  8.79611E-01 -2.65992E-01 -3.94376E-01  2.22045E-16
  1.435E+02  9.01928E-01  8.78109E-01 -2.69686E-01 -3.95213E-01  3.33067E-16
  1.440E+02  9.04508E-01  8.76653E-01 -2.73446E-01 -3.95863E-01  0.00000E+00
  1.445E+02  9.07058E-01  8.75243E-01 -2.77274E-01 -3.96319E-01  0.00000E+00
  1.450E+02  9.09576E-01  8.73884E-01 -2.81172E-01 -3.96572E-01  0.00000E+00
  1.455E+02  9.12063E-01  8.72579E-01 -2.85140E-01 -3.96612E-01  2.22045E-16
  1.460E+02  9.14519E-01  8.71329E-01 -2.89182E-01 -3.96433E-01 -2.22045E-16
  1.465E+02  9.16943E-01  8.70138E-01 -2.93298E-01 -3.96026E-01  0.00000E+00
  1.470E+02  9.19335E-01  8.69006E-01 -2.97489E-01 -3.95383E-01  3.33067E-16
  1.475E+02  9.21696E-01  8.67938E-01 -3.01758E-01 -3.94495E-01  1.11022E-16
  1.480E+02  9.24024E-01  8.66934E-01 -3.06105E-01 -3.93352E-01  2.22045E-16
  1.485E+02  9.26320E-01  8.65997E-01 -3.10532E-01 -3.91942E-01  1.11022E-16
  1.490E+02  9.28584E-01  8.65131E-01 -3.15041E-01 -3.90254E-01  0.00000E+00
  1.495E+02  9.30815E-01  8.64337E-01 -3.19633E-01 -3.88274E-01  2.22045E-16
  1.500E+02  9.33013E-01  8.63617E-01 -3.24309E-01 -3.85992E-01 -2.22045E-16
  1.505E+02  9.35178E-01  8.62973E-01 -3.29070E-01 -3.83393E-01  2.22045E-16
  1.510E+02  9.37310E-01  8.62407E-01 -3.33917E-01 -3.80464E-01  2.22045E-16
  1.515E+02  9.39409E-01  8.61921E-01 -3.38851E-01 -3.77190E-01  0.00000E+00
  1.520E+02  9.41474E-01  8.61515E-01 -3.43873E-01 -3.73554E-01  0.00000E+00
  1.525E+02  9.43505E-01  8.61192E-01 -3.48984E-01 -3.69539E-01 -4.44089E-16
  1.530E+02  9.45503E-01  8.60952E-01 -3.54183E-01 -3.65124E-01  0.00000E+00
  1.535E+02  9.47467E-01  8.60796E-01 -3.59471E-01 -3.60292E-01  2.22045E-16
  1.540E+02  9.49397E-01  8.60724E-01 -3.64848E-01 -3.55022E-01  0.00000E+00
  1.545E+02  9.51293E-01  8.60735E-01 -3.70311E-01 -3.49293E-01  0.00000E+00
  1.550E+02  9.53154E-01  8.60827E-01 -3.75861E-01 -3.43082E-01  2.22045E-16
  1.555E+02  9.54981E-01  8.61000E-01 -3.81496E-01 -3.36363E-01  3.33067E-16
  1.560E+02  9.56773E-01  8.61251E-01 -3.87212E-01 -3.29109E-01 -4.44089E-16
  1.565E+02  9.58530E-01  8.61578E-01 -3.93009E-01 -3.21291E-01 -4.44089E-16
  1.570E+02  9.60252E-01  8.61975E-01 -3.98881E-01 -3.12879E-01  1.11022E-16
  1.575E+02  9.61940E-01  8.62437E-01 -4.04823E-01 -3.03843E-01  0.00000E+00
  1.580E+02  9.63592E-01  8.62957E-01 -4.10831E-01 -2.94148E-01 -2.22045E-16
  1.585E+02  9.65209E-01  8.63526E-01 -4.16897E-01 -2.83760E-01  0.00000E+00
  1.590E+02  9.66790E-01  8.64134E-01 -4.23012E-01 -2.72641E-01 -2.22045E-16
  1.595E+02  9.68336E-01  8.64770E-01 -4.29167E-01 -2.60748E-01  2.22045E-16
  1.600E+02  9.69846E-01  8.65418E-01 -4.35350E-01 -2.48038E-01  0.00000E+00
  1.605E+02  9.71321E-01  8.66061E-01 -4.41547E-01 -2.34466E-01  1.11022E-16
  1.610E+02  9.72759E-01  8.66680E-01 -4.47742E-01 -2.19986E-01  1.11022E-16
  1.615E+02  9.74162E-01  8.67249E-01 -4.53916E-01 -2.04547E-01  0.00000E+00
  1.620E+02  9.75528E-01  8.67742E-01 -4.60046E-01 -1.88099E-01 -2.22045E-16
  1.625E+02  9.76858E-01  8.68126E-01 -4.66109E-01 -1.70586E-01  6.66134E-16
  1.630E+02  9.78152E-01  8.68365E-01 -4.72075E-01 -1.51950E-01  4.44089E-16
  1.635E+02  9.79410E-01  8.68415E-01 -4.77909E-01 -1.32130E-01  2.22045E-16
  1.640E+02  9.80631E-01  8.68229E-01 -4.83574E-01 -1.11067E-01  2.22045E-16
  1.645E+02  9.81815E-01  8.67749E-01 -4.89024E-01 -8.86982E-02  3.33067E-16
  1.650E+02  9.82963E-01  8.66911E-01 -4.94212E-01 -6.49624E-02  1.11022E-16
  1.655E+02  9.84074E-01  8.65643E-01 -4.99078E-01 -3.97983E-02  2.22045E-16
  1.660E+02  9.85148E-01  8.63861E-01 -5.03558E-01 -1.31442E-02  2.22045E-16
  1.665E+02  9.86185E-01  8.61473E-01 -5.07580E-01  1.50601E-02  0.00000E+00
  1.670E+02  9.87185E-01  8.58373E-01 -5.11060E-01  4.48712E-02  0.00000E+00
  1.675E+02  9.88148E-01  8.54442E-01 -5.13907E-01  7.63389E-02  1.11022E-16
  1.680E+02  9.89074E-01  8.49550E-01 -5.16017E-01  1.09504E-01 -2.22045E-16
  1.685E+02  9.89962E-01  8.43549E-01 -5.17277E-01  1.44395E-01 -2.22045E-16
  1.690E+02  9.90814E-01  8.36278E-01 -5.17561E-01  1.81026E-01  4.44089E-16
  1.695E+02  9.91627E-01  8.27560E-01 -5.16730E-01  2.19396E-01 -2.22045E-16
  1.700E+02  9.92404E-01  8.17202E-01 -5.14636E-01  2.59481E-01  0.00000E+00
  1.705E+02  9.93143E-01  8.04998E-01 -5.11115E-01  3.01230E-01  0.00000E+00
  1.710E+02  9.93844E-01  7.90726E-01 -5.05995E-01  3.44559E-01  2.22045E-16
  1.715E+02  9.94508E-01  7.74154E-01 -4.99096E-01  3.89344E-01  2.22045E-16
  1.720E+02  9.95134E-01  7.55042E-01 -4.90232E-01  4.35413E-01 -2.22045E-16
  1.725E+02  9.95722E-01  7.33148E-01 -4.79213E-01  4.82544E-01  2.22045E-16
  1.730E+02  9.96273E-01  7.08232E-01 -4.65854E-01  5.30460E-01  0.00000E+00
  1.735E+02  9.96786E-01  6.80065E-01 -4.49974E-01  5.78822E-01  4.44089E-16
  1.740E+02  9.97261E-01  6.48436E-01 -4.31410E-01  6.27228E-01  2.22045E-16
  1.745E+02  9.97698E-01  6.13168E-01 -4.10024E-01  6.75208E-01  2.22045E-16
  1.750E+02  9.98097E-01  5.74125E-01 -3.85708E-01  7.22226E-01  0.00000E+00
  1.755E+02  9.98459E-01  5.31229E-01 -3.58404E-01  7.67686E-01  0.00000E+00
  1.760E+02  9.98782E-01  4.84472E-01 -3.28104E-01  8.10946E-01 -2.22045E-16
  1.765E+02  9.99067E-01  4.33928E-01 -2.94865E-01  8.51329E-01  0.00000E+00
  1.770E+02  9.99315E-01  3.79760E-01 -2.58814E-01  8.88143E-01  3.33067E-16
  1.775E+02  9.99524E-01  3.22229E-01 -2.20152E-01  9.20707E-01  1.11022E-16
  1.780E+02  9.99695E-01  2.61698E-01 -1.79161E-01  9.48375E-01  2.22045E-16
  1.785E+02  9.99829E-01  1.98626E-01 -1.36197E-01  9.70566E-01  1.11022E-16
  1.790E+02  9.99924E-01  1.33563E-01 -9.16876E-02  9.86790E-01  2.22045E-16
  1.795E+02  9.99981E-01  6.71307E-02 -4.61147E-02  9.96678E-01  1.11022E-16
  1.800E+02  1.00000E+00  9.43719E-16 -6.48424E-16  1.00000E+00  0.00000E+00
