 #  Scattering amplitudes (in cm)      MU=(1-cos(TH))/2
 #  Z =  47,   projectile: electron
 #  Kinetic energy = 5.05000E+06 eV
 #
 # TH (deg)      MU          Re(F)        Im(F)        Re(G)        Im(G)        ERRF         ERRG 
 #-----------------------------------------------------------------------------------------------------------------
  0.000E+00  0.00000E+00  9.23187E-07  9.67821E-08  0.00000E+00  0.00000E+00  3.54340E-09  0.00000E+00
  1.000E-04  7.61557E-13  9.23184E-07  9.67820E-08  7.31603E-13  7.67013E-14  3.54238E-09  1.13196E-07
  1.250E-04  1.18994E-12  9.23182E-07  9.67820E-08  9.14502E-13  9.58766E-14  3.54181E-09  1.13187E-07
  1.500E-04  1.71346E-12  9.23180E-07  9.67820E-08  1.09740E-12  1.15052E-13  3.54112E-09  1.13176E-07
  1.750E-04  2.33225E-12  9.23178E-07  9.67820E-08  1.28030E-12  1.34227E-13  3.54029E-09  1.13163E-07
  2.000E-04  3.04617E-12  9.23175E-07  9.67819E-08  1.46319E-12  1.53402E-13  3.53934E-09  1.13148E-07
  2.250E-04  3.85530E-12  9.23171E-07  9.67819E-08  1.64608E-12  1.72578E-13  3.53827E-09  1.13131E-07
  2.500E-04  4.75964E-12  9.23168E-07  9.67819E-08  1.82898E-12  1.91753E-13  3.53707E-09  1.13112E-07
  2.750E-04  5.75917E-12  9.23164E-07  9.67819E-08  2.01186E-12  2.10928E-13  3.53574E-09  1.13091E-07
  3.000E-04  6.85391E-12  9.23159E-07  9.67818E-08  2.19475E-12  2.30103E-13  3.53428E-09  1.13068E-07
  3.250E-04  8.04379E-12  9.23155E-07  9.67818E-08  2.37763E-12  2.49279E-13  3.53270E-09  1.13043E-07
  3.500E-04  9.32893E-12  9.23150E-07  9.67817E-08  2.56051E-12  2.68454E-13  3.53099E-09  1.13016E-07
  3.750E-04  1.07092E-11  9.23144E-07  9.67817E-08  2.74339E-12  2.87629E-13  3.52916E-09  1.12987E-07
  4.000E-04  1.21847E-11  9.23138E-07  9.67816E-08  2.92627E-12  3.06804E-13  3.52720E-09  1.12956E-07
  4.250E-04  1.37554E-11  9.23132E-07  9.67816E-08  3.10914E-12  3.25979E-13  3.52512E-09  1.12923E-07
  4.500E-04  1.54213E-11  9.23125E-07  9.67815E-08  3.29200E-12  3.45154E-13  3.52291E-09  1.12888E-07
  4.750E-04  1.71823E-11  9.23118E-07  9.67814E-08  3.47487E-12  3.64329E-13  3.52057E-09  1.12852E-07
  5.000E-04  1.90386E-11  9.23111E-07  9.67814E-08  3.65772E-12  3.83504E-13  3.51811E-09  1.12813E-07
  5.250E-04  2.09900E-11  9.23103E-07  9.67813E-08  3.84058E-12  4.02679E-13  3.51552E-09  1.12772E-07
  5.500E-04  2.30367E-11  9.23095E-07  9.67812E-08  4.02343E-12  4.21854E-13  3.51281E-09  1.12729E-07
  5.750E-04  2.51785E-11  9.23086E-07  9.67812E-08  4.20627E-12  4.41029E-13  3.50997E-09  1.12684E-07
  6.000E-04  2.74156E-11  9.23077E-07  9.67811E-08  4.38911E-12  4.60203E-13  3.50701E-09  1.12637E-07
  6.250E-04  2.97478E-11  9.23068E-07  9.67810E-08  4.57194E-12  4.79378E-13  3.50392E-09  1.12588E-07
  6.500E-04  3.21752E-11  9.23058E-07  9.67809E-08  4.75477E-12  4.98553E-13  3.50071E-09  1.12537E-07
  6.750E-04  3.46979E-11  9.23048E-07  9.67808E-08  4.93759E-12  5.17727E-13  3.49738E-09  1.12485E-07
  7.000E-04  3.73157E-11  9.23037E-07  9.67807E-08  5.12041E-12  5.36902E-13  3.49392E-09  1.12430E-07
  7.250E-04  4.00286E-11  9.23026E-07  9.67806E-08  5.30322E-12  5.56076E-13  3.49033E-09  1.12373E-07
  7.500E-04  4.28368E-11  9.23015E-07  9.67805E-08  5.48602E-12  5.75251E-13  3.48662E-09  1.12314E-07
  7.750E-04  4.57402E-11  9.23003E-07  9.67804E-08  5.66881E-12  5.94425E-13  3.48279E-09  1.12254E-07
  8.000E-04  4.87388E-11  9.22991E-07  9.67803E-08  5.85160E-12  6.13600E-13  3.47884E-09  1.12191E-07
  8.250E-04  5.18325E-11  9.22979E-07  9.67802E-08  6.03438E-12  6.32774E-13  3.47476E-09  1.12126E-07
  8.500E-04  5.50215E-11  9.22966E-07  9.67801E-08  6.21716E-12  6.51948E-13  3.47056E-09  1.12060E-07
  8.750E-04  5.83057E-11  9.22953E-07  9.67800E-08  6.39992E-12  6.71122E-13  3.46623E-09  1.11991E-07
  9.000E-04  6.16850E-11  9.22940E-07  9.67799E-08  6.58268E-12  6.90296E-13  3.46179E-09  1.11921E-07
  9.250E-04  6.51595E-11  9.22926E-07  9.67797E-08  6.76543E-12  7.09470E-13  3.45722E-09  1.11848E-07
  9.500E-04  6.87293E-11  9.22911E-07  9.67796E-08  6.94817E-12  7.28644E-13  3.45252E-09  1.11774E-07
  9.750E-04  7.23943E-11  9.22897E-07  9.67795E-08  7.13091E-12  7.47818E-13  3.44771E-09  1.11698E-07
  1.000E-03  7.61544E-11  9.22882E-07  9.67793E-08  7.31363E-12  7.66992E-13  3.44278E-09  1.11619E-07
  1.250E-03  1.18991E-10  9.22710E-07  9.67778E-08  9.14034E-12  9.58724E-13  3.38679E-09  1.10730E-07
  1.500E-03  1.71347E-10  9.22500E-07  9.67759E-08  1.09659E-11  1.15045E-12  3.31897E-09  1.09649E-07
  1.750E-03  2.33223E-10  9.22253E-07  9.67737E-08  1.27901E-11  1.34216E-12  3.23966E-09  1.08380E-07
  2.000E-03  3.04617E-10  9.21967E-07  9.67712E-08  1.46128E-11  1.53385E-12  3.14928E-09  1.06928E-07
  2.250E-03  3.85531E-10  9.21644E-07  9.67683E-08  1.64336E-11  1.72553E-12  3.04829E-09  1.05298E-07
  2.500E-03  4.75965E-10  9.21283E-07  9.67651E-08  1.82524E-11  1.91720E-12  2.93722E-09  1.03494E-07
  2.750E-03  5.75917E-10  9.20885E-07  9.67615E-08  2.00690E-11  2.10884E-12  2.81666E-09  1.01524E-07
  3.000E-03  6.85389E-10  9.20449E-07  9.67576E-08  2.18831E-11  2.30046E-12  2.68722E-09  9.93944E-08
  3.250E-03  8.04380E-10  9.19977E-07  9.67534E-08  2.36945E-11  2.49205E-12  2.54958E-09  9.71116E-08
  3.500E-03  9.32891E-10  9.19467E-07  9.67488E-08  2.55030E-11  2.68362E-12  2.40445E-09  9.46837E-08
  3.750E-03  1.07092E-09  9.18920E-07  9.67439E-08  2.73084E-11  2.87517E-12  2.25258E-09  9.21189E-08
  4.000E-03  1.21847E-09  9.18337E-07  9.67387E-08  2.91105E-11  3.06668E-12  2.09474E-09  8.94258E-08
  4.250E-03  1.37554E-09  9.17717E-07  9.67331E-08  3.09090E-11  3.25816E-12  1.93175E-09  8.66133E-08
  4.500E-03  1.54213E-09  9.17061E-07  9.67271E-08  3.27038E-11  3.44960E-12  1.76445E-09  8.36908E-08
  4.750E-03  1.71823E-09  9.16369E-07  9.67209E-08  3.44946E-11  3.64101E-12  1.59368E-09  8.06680E-08
  5.000E-03  1.90386E-09  9.15641E-07  9.67143E-08  3.62813E-11  3.83238E-12  1.42031E-09  7.75547E-08
  5.250E-03  2.09900E-09  9.14878E-07  9.67073E-08  3.80636E-11  4.02371E-12  1.24522E-09  7.43612E-08
  5.500E-03  2.30367E-09  9.14080E-07  9.67001E-08  3.98414E-11  4.21500E-12  1.06930E-09  7.10979E-08
  5.750E-03  2.51785E-09  9.13247E-07  9.66924E-08  4.16144E-11  4.40624E-12  8.93415E-10  6.77751E-08
  6.000E-03  2.74156E-09  9.12379E-07  9.66845E-08  4.33824E-11  4.59744E-12  7.18449E-10  6.44037E-08
  6.250E-03  2.97478E-09  9.11477E-07  9.66762E-08  4.51454E-11  4.78859E-12  5.45267E-10  6.09941E-08
  6.500E-03  3.21752E-09  9.10541E-07  9.66676E-08  4.69030E-11  4.97969E-12  3.74720E-10  5.75573E-08
  6.750E-03  3.46978E-09  9.09571E-07  9.66586E-08  4.86550E-11  5.17074E-12  2.07638E-10  5.41038E-08
  7.000E-03  3.73156E-09  9.08567E-07  9.66494E-08  5.04014E-11  5.36173E-12  4.48257E-11  5.06444E-08
  7.250E-03  4.00286E-09  9.07531E-07  9.66397E-08  5.21420E-11  5.55267E-12  1.12935E-10  4.71895E-08
  7.500E-03  4.28368E-09  9.06462E-07  9.66298E-08  5.38764E-11  5.74355E-12  2.64904E-10  4.37495E-08
  7.750E-03  4.57402E-09  9.05361E-07  9.66195E-08  5.56047E-11  5.93437E-12  4.10372E-10  4.03347E-08
  8.000E-03  4.87388E-09  9.04228E-07  9.66089E-08  5.73265E-11  6.12513E-12  5.48672E-10  3.69550E-08
  8.250E-03  5.18326E-09  9.03063E-07  9.65979E-08  5.90418E-11  6.31582E-12  6.79186E-10  3.36202E-08
  8.500E-03  5.50215E-09  9.01867E-07  9.65866E-08  6.07504E-11  6.50645E-12  8.01338E-10  3.03396E-08
  8.750E-03  5.83057E-09  9.00641E-07  9.65750E-08  6.24522E-11  6.69701E-12  9.14608E-10  2.71223E-08
  9.000E-03  6.16850E-09  8.99384E-07  9.65631E-08  6.41469E-11  6.88750E-12  1.01853E-09  2.39771E-08
  9.250E-03  6.51596E-09  8.98097E-07  9.65508E-08  6.58344E-11  7.07792E-12  1.11268E-09  2.09122E-08
  9.500E-03  6.87293E-09  8.96780E-07  9.65382E-08  6.75146E-11  7.26826E-12  1.19672E-09  1.79355E-08
  9.750E-03  7.23942E-09  8.95434E-07  9.65252E-08  6.91873E-11  7.45853E-12  1.27036E-09  1.50545E-08
  1.000E-02  7.61544E-09  8.94060E-07  9.65120E-08  7.08524E-11  7.64873E-12  1.33335E-09  1.22761E-08
  1.250E-02  1.18991E-08  8.78835E-07  9.63612E-08  8.70574E-11  9.54598E-12  1.37255E-09  8.72944E-09
  1.500E-02  1.71347E-08  8.61243E-07  9.61782E-08  1.02378E-10  1.14334E-11  5.45195E-10  1.60318E-08
  1.750E-02  2.33223E-08  8.41757E-07  9.59636E-08  1.16738E-10  1.33092E-11  5.32863E-10  1.19105E-08
  2.000E-02  3.04617E-08  8.20847E-07  9.57180E-08  1.30101E-10  1.51716E-11  1.16723E-09  2.40716E-09
  2.250E-02  3.85531E-08  7.98947E-07  9.54425E-08  1.42459E-10  1.70189E-11  9.92639E-10  5.84295E-09
  2.500E-02  4.75965E-08  7.76446E-07  9.51379E-08  1.53829E-10  1.88496E-11  1.72419E-10  8.63076E-09
  2.750E-02  5.75917E-08  7.53673E-07  9.48053E-08  1.64250E-10  2.06621E-11  7.28157E-10  5.63575E-09
  3.000E-02  6.85389E-08  7.30902E-07  9.44456E-08  1.73768E-10  2.24549E-11  1.11391E-09  2.13553E-10
  3.250E-02  8.04380E-08  7.08345E-07  9.40601E-08  1.82439E-10  2.42269E-11  7.42650E-10  4.92101E-09
  3.500E-02  9.32891E-08  6.86165E-07  9.36497E-08  1.90321E-10  2.59767E-11  1.24169E-10  5.83198E-09
  3.750E-02  1.07092E-07  6.64480E-07  9.32158E-08  1.97470E-10  2.77032E-11  8.99516E-10  2.95145E-09
  4.000E-02  1.21847E-07  6.43367E-07  9.27593E-08  2.03943E-10  2.94054E-11  1.06163E-09  1.42813E-09
  4.250E-02  1.37554E-07  6.22877E-07  9.22816E-08  2.09788E-10  3.10823E-11  5.01546E-10  4.38612E-09
  4.500E-02  1.54213E-07  6.03037E-07  9.17837E-08  2.15053E-10  3.27331E-11  4.03121E-10  4.21731E-09
  4.750E-02  1.71823E-07  5.83856E-07  9.12668E-08  2.19780E-10  3.43570E-11  1.03963E-09  1.34921E-09
  5.000E-02  1.90386E-07  5.65331E-07  9.07320E-08  2.24007E-10  3.59534E-11  9.71866E-10  2.13231E-09
  5.250E-02  2.09900E-07  5.47450E-07  9.01806E-08  2.27769E-10  3.75216E-11  2.37631E-10  3.93854E-09
  5.500E-02  2.30367E-07  5.30198E-07  8.96134E-08  2.31095E-10  3.90612E-11  6.70732E-10  3.03831E-09
  5.750E-02  2.51785E-07  5.13554E-07  8.90318E-08  2.34015E-10  4.05716E-11  1.13435E-09  2.15382E-10
  6.000E-02  2.74156E-07  4.97497E-07  8.84365E-08  2.36555E-10  4.20526E-11  8.27511E-10  2.56230E-09
  6.250E-02  2.97478E-07  4.82004E-07  8.78288E-08  2.38737E-10  4.35038E-11  5.44763E-11  3.48470E-09
  6.500E-02  3.21752E-07  4.67052E-07  8.72095E-08  2.40585E-10  4.49249E-11  9.18197E-10  2.05727E-09
  6.750E-02  3.46978E-07  4.52620E-07  8.65797E-08  2.42119E-10  4.63159E-11  1.16972E-09  6.54272E-10
  7.000E-02  3.73156E-07  4.38688E-07  8.59402E-08  2.43357E-10  4.76765E-11  6.21599E-10  2.79975E-09
  7.250E-02  4.00286E-07  4.25235E-07  8.52919E-08  2.44319E-10  4.90068E-11  3.68764E-10  2.99014E-09
  7.500E-02  4.28368E-07  4.12242E-07  8.46357E-08  2.45021E-10  5.03067E-11  1.13080E-09  1.18509E-09
  7.750E-02  4.57402E-07  3.99692E-07  8.39723E-08  2.45481E-10  5.15762E-11  1.13338E-09  1.33821E-09
  8.000E-02  4.87388E-07  3.87568E-07  8.33027E-08  2.45713E-10  5.28154E-11  3.53839E-10  2.87743E-09
  8.250E-02  5.18325E-07  3.75854E-07  8.26276E-08  2.45733E-10  5.40244E-11  6.92318E-10  2.44327E-09
  8.500E-02  5.50215E-07  3.64535E-07  8.19476E-08  2.45555E-10  5.52035E-11  1.29098E-09  3.88922E-10
  8.750E-02  5.83057E-07  3.53597E-07  8.12634E-08  2.45193E-10  5.63527E-11  1.01565E-09  1.86637E-09
  9.000E-02  6.16850E-07  3.43026E-07  8.05759E-08  2.44659E-10  5.74724E-11  3.00275E-11  2.81020E-09
  9.250E-02  6.51596E-07  3.32810E-07  7.98855E-08  2.43966E-10  5.85628E-11  1.00690E-09  1.84484E-09
  9.500E-02  6.87293E-07  3.22936E-07  7.91929E-08  2.43126E-10  5.96241E-11  1.38023E-09  3.37782E-10
  9.750E-02  7.23942E-07  3.13393E-07  7.84987E-08  2.42150E-10  6.06568E-11  8.10921E-10  2.24731E-09
  1.000E-01  7.61543E-07  3.04169E-07  7.78034E-08  2.41050E-10  6.16611E-11  3.37674E-10  2.60729E-09
  1.250E-01  1.18991E-06  2.27316E-07  7.08958E-08  2.25182E-10  7.02338E-11  1.06628E-09  1.98965E-09
  1.500E-01  1.71347E-06  1.72655E-07  6.43163E-08  2.05241E-10  7.64593E-11  1.99266E-09  5.72690E-11
  1.750E-01  2.33223E-06  1.33698E-07  5.82765E-08  1.85421E-10  8.08262E-11  1.34899E-09  2.02932E-09
  2.000E-01  3.04617E-06  1.05730E-07  5.28575E-08  1.67581E-10  8.37838E-11  8.05876E-10  2.41727E-09
  2.250E-01  3.85531E-06  8.53778E-08  4.80590E-08  1.52240E-10  8.57006E-11  2.87979E-09  8.81494E-10
  2.500E-01  4.75964E-06  7.02819E-08  4.38364E-08  1.39247E-10  8.68569E-11  2.88052E-09  1.39181E-09
  2.750E-01  5.75916E-06  5.88210E-08  4.01251E-08  1.28195E-10  8.74544E-11  2.81044E-10  2.59357E-09
  3.000E-01  6.85388E-06  4.98989E-08  3.68561E-08  1.18636E-10  8.76329E-11  3.13686E-09  1.74467E-09
  3.250E-01  8.04378E-06  4.27805E-08  3.39645E-08  1.10189E-10  8.74878E-11  4.47663E-09  5.06501E-10
  3.500E-01  9.32888E-06  3.69744E-08  3.13929E-08  1.02560E-10  8.70847E-11  2.16223E-09  2.38720E-09
  3.750E-01  1.07092E-05  3.21503E-08  2.90931E-08  9.55492E-11  8.64703E-11  2.42266E-09  2.39632E-09
  4.000E-01  1.21846E-05  2.80833E-08  2.70253E-08  8.90266E-11  8.56801E-11  5.67243E-09  4.94854E-10
  4.250E-01  1.37553E-05  2.46166E-08  2.51572E-08  8.29143E-11  8.47431E-11  4.56694E-09  1.84095E-09
  4.500E-01  1.54212E-05  2.16377E-08  2.34626E-08  7.71680E-11  8.36844E-11  6.09406E-10  2.75910E-09
  4.750E-01  1.71822E-05  1.90633E-08  2.19200E-08  7.17639E-11  8.25266E-11  6.02034E-09  1.49252E-09
  5.000E-01  1.90385E-05  1.68292E-08  2.05119E-08  6.66884E-11  8.12903E-11  7.07423E-09  1.00325E-09
  5.250E-01  2.09899E-05  1.48847E-08  1.92235E-08  6.19322E-11  7.99942E-11  2.27121E-09  2.76441E-09
  5.500E-01  2.30365E-05  1.31882E-08  1.80424E-08  5.74864E-11  7.86551E-11  5.08523E-09  2.35907E-09
  5.750E-01  2.51783E-05  1.17051E-08  1.69578E-08  5.33412E-11  7.72879E-11  9.08255E-09  4.96357E-11
  6.000E-01  2.74153E-05  1.04064E-08  1.59604E-08  4.94844E-11  7.59053E-11  5.91930E-09  2.36645E-09
  6.250E-01  2.97475E-05  9.26697E-09  1.50419E-08  4.59025E-11  7.45183E-11  2.59229E-09  2.95343E-09
  6.500E-01  3.21749E-05  8.26557E-09  1.41949E-08  4.25799E-11  7.31358E-11  9.89946E-09  1.18818E-09
  6.750E-01  3.46974E-05  7.38378E-09  1.34129E-08  3.95004E-11  7.17652E-11  9.72521E-09  1.57839E-09
  7.000E-01  3.73152E-05  6.60574E-09  1.26899E-08  3.66469E-11  7.04122E-11  1.41156E-09  3.15399E-09
  7.250E-01  4.00281E-05  5.91776E-09  1.20206E-08  3.40026E-11  6.90812E-11  8.92675E-09  2.24353E-09
  7.500E-01  4.28362E-05  5.30805E-09  1.14002E-08  3.15509E-11  6.77755E-11  1.28573E-08  4.86661E-10
  7.750E-01  4.57395E-05  4.76645E-09  1.08243E-08  2.92759E-11  6.64974E-11  6.48570E-09  2.89377E-09
  8.000E-01  4.87380E-05  4.28418E-09  1.02890E-08  2.71624E-11  6.52485E-11  5.84704E-09  3.04196E-09
  8.250E-01  5.18317E-05  3.85370E-09  9.79072E-09  2.51965E-11  6.40295E-11  1.44358E-08  7.60331E-10
  8.500E-01  5.50205E-05  3.46852E-09  9.32628E-09  2.33651E-11  6.28410E-11  1.18337E-08  2.17950E-09
  8.750E-01  5.83045E-05  3.12302E-09  8.89276E-09  2.16562E-11  6.16829E-11  7.49957E-10  3.44005E-09
  9.000E-01  6.16838E-05  2.81237E-09  8.48755E-09  2.00591E-11  6.05548E-11  1.37316E-08  1.97812E-09
  9.250E-01  6.51582E-05  2.53240E-09  8.10827E-09  1.85637E-11  5.94563E-11  1.64291E-08  1.09314E-09
  9.500E-01  6.87277E-05  2.27951E-09  7.75279E-09  1.71613E-11  5.83866E-11  5.82579E-09  3.35146E-09
  9.750E-01  7.23925E-05  2.05059E-09  7.41917E-09  1.58438E-11  5.73450E-11  1.03471E-08  2.97733E-09
  1.000E+00  7.61524E-05  1.84292E-09  7.10566E-09  1.46040E-11  5.63306E-11  2.51806E-11  8.07364E-12
  1.100E+00  9.21439E-05  1.18219E-09  6.02328E-09  1.03037E-11  5.25268E-11  1.22130E-11  1.66539E-11
  1.200E+00  1.09658E-04  7.19417E-10  5.15961E-09  6.83866E-12  4.90873E-11  6.14165E-13  1.61888E-11
  1.300E+00  1.28695E-04  3.88787E-10  4.45938E-09  4.00154E-12  4.59627E-11  7.03890E-12  1.12359E-11
  1.400E+00  1.49255E-04  1.49439E-10  3.88394E-09  1.65316E-12  4.31127E-11  1.00676E-11  5.16713E-12
  1.500E+00  1.71338E-04 -2.51134E-11  3.40563E-09 -3.04305E-13  4.05051E-11  9.16709E-12  7.71387E-14
  1.600E+00  1.94942E-04 -1.52714E-10  3.00416E-09 -1.94307E-12  3.81136E-11  5.80538E-12  3.07228E-12
  1.700E+00  2.20070E-04 -2.45775E-10  2.66433E-09 -3.31872E-12  3.59163E-11  1.64732E-12  4.18231E-12
  1.800E+00  2.46720E-04 -3.13147E-10  2.37454E-09 -4.47541E-12  3.38941E-11  1.90429E-12  3.69958E-12
  1.900E+00  2.74892E-04 -3.61265E-10  2.12577E-09 -5.44892E-12  3.20302E-11  3.98802E-12  2.31142E-12
  2.000E+00  3.04586E-04 -3.94868E-10  1.91094E-09 -6.26864E-12  3.03098E-11  4.36614E-12  7.00634E-13
  2.100E+00  3.35803E-04 -4.17492E-10  1.72437E-09 -6.95886E-12  2.87193E-11  3.33427E-12  6.17343E-13
  2.200E+00  3.68542E-04 -4.31792E-10  1.56152E-09 -7.53978E-12  2.72465E-11  1.51650E-12  1.36670E-12
  2.300E+00  4.02802E-04 -4.39776E-10  1.41869E-09 -8.02823E-12  2.58806E-11  3.77735E-13  1.50626E-12
  2.400E+00  4.38585E-04 -4.42972E-10  1.29286E-09 -8.43824E-12  2.46116E-11  1.76954E-12  1.17033E-12
  2.500E+00  4.75889E-04 -4.42547E-10  1.18154E-09 -8.78156E-12  2.34306E-11  2.34488E-12  5.83906E-13
  2.600E+00  5.14715E-04 -4.39396E-10  1.08266E-09 -9.06803E-12  2.23296E-11  2.09025E-12  2.09604E-14
  2.700E+00  5.55063E-04 -4.34210E-10  9.94522E-10 -9.30591E-12  2.13015E-11  1.23901E-12  4.68258E-13
  2.800E+00  5.96931E-04 -4.27518E-10  9.15669E-10 -9.50215E-12  2.03399E-11  1.57494E-13  6.70442E-13
  2.900E+00  6.40321E-04 -4.19732E-10  8.44895E-10 -9.66262E-12  1.94389E-11  7.85081E-13  6.28954E-13
  3.000E+00  6.85233E-04 -4.11170E-10  7.81172E-10 -9.79228E-12  1.85933E-11  1.32595E-12  4.13453E-13
  3.100E+00  7.31665E-04 -4.02078E-10  7.23631E-10 -9.89535E-12  1.77986E-11  1.36677E-12  1.25678E-13
  3.200E+00  7.79618E-04 -3.92647E-10  6.71526E-10 -9.97540E-12  1.70506E-11  9.76312E-13  1.36024E-13
  3.300E+00  8.29092E-04 -3.83026E-10  6.24221E-10 -1.00355E-11  1.63455E-11  3.42721E-13  3.01959E-13
  3.400E+00  8.80086E-04 -3.73327E-10  5.81166E-10 -1.00782E-11  1.56800E-11  3.01866E-13  3.44807E-13
  3.500E+00  9.32601E-04 -3.63640E-10  5.41887E-10 -1.01059E-11  1.50509E-11  7.56519E-13  2.77672E-13
  3.600E+00  9.86636E-04 -3.54030E-10  5.05974E-10 -1.01204E-11  1.44556E-11  9.08863E-13  1.42980E-13
  3.700E+00  1.04219E-03 -3.44548E-10  4.73068E-10 -1.01235E-11  1.38915E-11  7.55707E-13  7.38338E-15
  3.800E+00  1.09927E-03 -3.35233E-10  4.42858E-10 -1.01165E-11  1.33565E-11  3.86402E-13  1.26431E-13
  3.900E+00  1.15786E-03 -3.26112E-10  4.15069E-10 -1.01007E-11  1.28484E-11  5.36406E-14  1.86209E-13
  4.000E+00  1.21797E-03 -3.17206E-10  3.89461E-10 -1.00773E-11  1.23654E-11  4.18354E-13  1.80441E-13
  4.100E+00  1.27961E-03 -3.08528E-10  3.65823E-10 -1.00472E-11  1.19058E-11  6.04021E-13  1.22690E-13
  4.200E+00  1.34276E-03 -3.00088E-10  3.43967E-10 -1.00112E-11  1.14681E-11  5.75761E-13  3.92445E-14
  4.300E+00  1.40743E-03 -2.91890E-10  3.23727E-10 -9.97006E-12  1.10508E-11  3.69956E-13  4.09659E-14
  4.400E+00  1.47362E-03 -2.83936E-10  3.04956E-10 -9.92447E-12  1.06526E-11  7.27576E-14  9.51696E-14
  4.500E+00  1.54133E-03 -2.76227E-10  2.87522E-10 -9.87497E-12  1.02724E-11  2.10872E-13  1.12734E-13
  4.600E+00  1.61056E-03 -2.68760E-10  2.71309E-10 -9.82207E-12  9.90899E-12  3.94373E-13  9.40521E-14
  4.700E+00  1.68131E-03 -2.61531E-10  2.56210E-10 -9.76622E-12  9.56143E-12  4.31746E-13  5.12444E-14
  4.800E+00  1.75357E-03 -2.54537E-10  2.42131E-10 -9.70782E-12  9.22875E-12  3.27660E-13  1.42285E-16
  4.900E+00  1.82735E-03 -2.47772E-10  2.28989E-10 -9.64721E-12  8.91011E-12  1.32165E-13  4.24267E-14
  5.000E+00  1.90265E-03 -2.41230E-10  2.16707E-10 -9.58472E-12  8.60470E-12  8.28096E-14  6.59776E-14
  5.100E+00  1.97947E-03 -2.34904E-10  2.05215E-10 -9.52061E-12  8.31179E-12  2.48125E-13  6.70094E-14
  5.200E+00  2.05780E-03 -2.28789E-10  1.94452E-10 -9.45515E-12  8.03068E-12  3.16507E-13  4.80922E-14
  5.300E+00  2.13765E-03 -2.22878E-10  1.84361E-10 -9.38854E-12  7.76074E-12  2.76811E-13  1.83637E-14
  5.400E+00  2.21902E-03 -2.17164E-10  1.74891E-10 -9.32099E-12  7.50138E-12  1.53847E-13  1.27537E-14
  5.500E+00  2.30190E-03 -2.11641E-10  1.65995E-10 -9.25268E-12  7.25203E-12  5.11063E-15  3.51300E-14
  5.600E+00  2.38630E-03 -2.06301E-10  1.57631E-10 -9.18376E-12  7.01220E-12  1.45525E-13  4.45596E-14
  5.700E+00  2.47222E-03 -2.01138E-10  1.49760E-10 -9.11437E-12  6.78138E-12  2.25372E-13  3.94718E-14
  5.800E+00  2.55965E-03 -1.96146E-10  1.42347E-10 -9.04464E-12  6.55913E-12  2.24947E-13  2.36884E-14
  5.900E+00  2.64859E-03 -1.91318E-10  1.35359E-10 -8.97468E-12  6.34503E-12  1.53359E-13  3.54810E-15
  6.000E+00  2.73905E-03 -1.86649E-10  1.28768E-10 -8.90460E-12  6.13869E-12  4.03446E-14  1.47963E-14
  6.100E+00  2.83103E-03 -1.82132E-10  1.22545E-10 -8.83448E-12  5.93972E-12  7.43591E-14  2.65170E-14
  6.200E+00  2.92452E-03 -1.77762E-10  1.16666E-10 -8.76441E-12  5.74778E-12  1.53739E-13  2.93636E-14
  6.300E+00  3.01952E-03 -1.73533E-10  1.11108E-10 -8.69445E-12  5.56255E-12  1.76701E-13  2.30298E-14
  6.400E+00  3.11604E-03 -1.69440E-10  1.05850E-10 -8.62467E-12  5.38371E-12  1.41238E-13  1.18622E-14
  6.500E+00  3.21407E-03 -1.65477E-10  1.00872E-10 -8.55513E-12  5.21097E-12  6.38093E-14  2.14526E-15
  6.600E+00  3.31362E-03 -1.61640E-10  9.61568E-11 -8.48588E-12  5.04407E-12  2.61814E-14  1.35161E-14
  6.700E+00  3.41468E-03 -1.57924E-10  9.16869E-11 -8.41696E-12  4.88274E-12  9.93353E-14  1.95889E-14
  6.800E+00  3.51725E-03 -1.54325E-10  8.74473E-11 -8.34842E-12  4.72673E-12  1.34049E-13  1.95639E-14
  6.900E+00  3.62133E-03 -1.50837E-10  8.34238E-11 -8.28029E-12  4.57582E-12  1.22569E-13  1.38349E-14
  7.000E+00  3.72692E-03 -1.47457E-10  7.96033E-11 -8.21261E-12  4.42979E-12  7.29377E-14  4.60976E-15
  7.100E+00  3.83403E-03 -1.44181E-10  7.59735E-11 -8.14539E-12  4.28844E-12  4.91140E-15  4.47809E-15
  7.200E+00  3.94265E-03 -1.41004E-10  7.25229E-11 -8.07867E-12  4.15156E-12  5.83075E-14  1.16880E-14
  7.300E+00  4.05278E-03 -1.37924E-10  6.92411E-11 -8.01246E-12  4.01898E-12  9.73657E-14  1.43853E-14
  7.400E+00  4.16442E-03 -1.34935E-10  6.61183E-11 -7.94679E-12  3.89051E-12  1.01697E-13  1.29327E-14
  7.500E+00  4.27757E-03 -1.32036E-10  6.31452E-11 -7.88167E-12  3.76600E-12  7.31217E-14  8.12159E-15
  7.600E+00  4.39223E-03 -1.29223E-10  6.03133E-11 -7.81711E-12  3.64528E-12  2.38283E-14  1.55867E-15
  7.700E+00  4.50840E-03 -1.26492E-10  5.76147E-11 -7.75313E-12  3.52821E-12  2.85581E-14  4.76950E-15
  7.800E+00  4.62608E-03 -1.23840E-10  5.50420E-11 -7.68974E-12  3.41463E-12  6.66494E-14  9.50180E-15
  7.900E+00  4.74527E-03 -1.21266E-10  5.25881E-11 -7.62694E-12  3.30443E-12  8.09470E-14  1.09033E-14
  8.000E+00  4.86597E-03 -1.18765E-10  5.02467E-11 -7.56474E-12  3.19746E-12  6.73434E-14  9.42342E-15
  8.100E+00  4.98817E-03 -1.16335E-10  4.80116E-11 -7.50315E-12  3.09361E-12  3.34585E-14  4.88672E-15
  8.200E+00  5.11188E-03 -1.13975E-10  4.58772E-11 -7.44217E-12  2.99275E-12  7.50417E-15  3.81249E-16
  8.300E+00  5.23711E-03 -1.11680E-10  4.38381E-11 -7.38180E-12  2.89478E-12  4.23970E-14  5.20677E-15
  8.400E+00  5.36383E-03 -1.09449E-10  4.18892E-11 -7.32204E-12  2.79960E-12  6.13185E-14  7.80258E-15
  8.500E+00  5.49207E-03 -1.07280E-10  4.00261E-11 -7.26290E-12  2.70709E-12  5.84013E-14  8.67860E-15
  8.600E+00  5.62181E-03 -1.05171E-10  3.82441E-11 -7.20438E-12  2.61716E-12  3.73860E-14  6.74410E-15
  8.700E+00  5.75306E-03 -1.03119E-10  3.65392E-11 -7.14647E-12  2.52972E-12  6.18947E-15  2.70212E-15
  8.800E+00  5.88581E-03 -1.01122E-10  3.49075E-11 -7.08918E-12  2.44469E-12  2.44919E-14  1.31982E-15
  8.900E+00  6.02007E-03 -9.91789E-11  3.33453E-11 -7.03250E-12  2.36197E-12  4.41779E-14  5.64218E-15
  9.000E+00  6.15583E-03 -9.72876E-11  3.18492E-11 -6.97642E-12  2.28149E-12  4.82414E-14  6.61749E-15
  9.100E+00  6.29310E-03 -9.54463E-11  3.04159E-11 -6.92096E-12  2.20317E-12  3.65781E-14  6.31541E-15
  9.200E+00  6.43187E-03 -9.36533E-11  2.90424E-11 -6.86609E-12  2.12693E-12  1.46414E-14  4.36813E-15
  9.300E+00  6.57214E-03 -9.19071E-11  2.77258E-11 -6.81183E-12  2.05272E-12  1.02695E-14  1.17861E-15
  9.400E+00  6.71392E-03 -9.02060E-11  2.64633E-11 -6.75816E-12  1.98044E-12  2.96172E-14  2.01787E-15
  9.500E+00  6.85720E-03 -8.85486E-11  2.52524E-11 -6.70508E-12  1.91006E-12  3.76574E-14  4.93649E-15
  9.600E+00  7.00198E-03 -8.69334E-11  2.40907E-11 -6.65259E-12  1.84149E-12  3.28108E-14  6.07414E-15
  9.700E+00  7.14827E-03 -8.53591E-11  2.29758E-11 -6.60067E-12  1.77468E-12  1.83583E-14  5.54106E-15
  9.800E+00  7.29605E-03 -8.38244E-11  2.19057E-11 -6.54933E-12  1.70958E-12  4.85937E-16  3.04373E-15
  9.900E+00  7.44534E-03 -8.23280E-11  2.08781E-11 -6.49856E-12  1.64613E-12  1.74936E-14  1.29611E-16
  1.000E+01  7.59612E-03 -8.08686E-11  1.98913E-11 -6.44836E-12  1.58427E-12  2.76338E-14  2.79328E-15
  1.025E+01  7.97965E-03 -7.73748E-11  1.75904E-11 -6.32528E-12  1.43629E-12  2.30656E-14  2.17256E-15
  1.050E+01  8.37255E-03 -7.40884E-11  1.55064E-11 -6.20559E-12  1.29723E-12  1.92180E-14  9.19006E-16
  1.075E+01  8.77480E-03 -7.09936E-11  1.36163E-11 -6.08921E-12  1.16644E-12  1.44956E-14  3.28380E-16
  1.100E+01  9.18641E-03 -6.80764E-11  1.18999E-11 -5.97604E-12  1.04331E-12  1.19127E-14  2.08827E-16
  1.125E+01  9.60736E-03 -6.53239E-11  1.03395E-11 -5.86597E-12  9.27275E-13  8.99465E-15  1.59525E-15
  1.150E+01  1.00376E-02 -6.27241E-11  8.91929E-12 -5.75892E-12  8.17844E-13  5.96863E-15  1.52481E-15
  1.175E+01  1.04773E-02 -6.02664E-11  7.62548E-12 -5.65478E-12  7.14552E-13  3.69695E-15  1.82359E-15
  1.200E+01  1.09262E-02 -5.79409E-11  6.44572E-12 -5.55346E-12  6.16981E-13  1.93210E-15  2.44485E-15
  1.225E+01  1.13844E-02 -5.57384E-11  5.36907E-12 -5.45487E-12  5.24746E-13  7.72018E-16  2.84545E-15
  1.250E+01  1.18520E-02 -5.36508E-11  4.38576E-12 -5.35892E-12  4.37491E-13  2.96392E-16  3.05070E-15
  1.275E+01  1.23288E-02 -5.16703E-11  3.48710E-12 -5.26552E-12  3.54894E-13  1.42354E-15  2.77467E-15
  1.300E+01  1.28150E-02 -4.97900E-11  2.66530E-12 -5.17458E-12  2.76655E-13  2.05274E-15  2.96210E-15
  1.325E+01  1.33104E-02 -4.80033E-11  1.91338E-12 -5.08602E-12  2.02499E-13  2.36983E-15  2.70569E-15
  1.350E+01  1.38150E-02 -4.63045E-11  1.22510E-12 -4.99977E-12  1.32172E-13  2.28158E-15  2.32938E-15
  1.375E+01  1.43290E-02 -4.46878E-11  5.94819E-13 -4.91573E-12  6.54377E-14  2.44238E-15  2.63869E-15
  1.400E+01  1.48521E-02 -4.31483E-11  1.74782E-14 -4.83385E-12  2.08024E-15  2.11920E-15  2.03393E-15
  1.425E+01  1.53845E-02 -4.16813E-11 -5.11495E-13 -4.75404E-12 -5.81021E-14  2.27158E-15  1.83841E-15
  1.450E+01  1.59262E-02 -4.02824E-11 -9.96218E-13 -4.67624E-12 -1.15296E-13  1.31568E-15  1.65534E-15
  1.475E+01  1.64770E-02 -3.89475E-11 -1.44043E-12 -4.60038E-12 -1.69675E-13  1.05903E-15  1.82619E-15
  1.500E+01  1.70371E-02 -3.76730E-11 -1.84751E-12 -4.52640E-12 -2.21400E-13  6.14116E-16  1.32290E-15
  1.525E+01  1.76063E-02 -3.64552E-11 -2.22053E-12 -4.45422E-12 -2.70620E-13  1.97956E-16  8.52312E-16
  1.550E+01  1.81848E-02 -3.52911E-11 -2.56227E-12 -4.38380E-12 -3.17476E-13  1.91535E-16  1.03017E-15
  1.575E+01  1.87724E-02 -3.41775E-11 -2.87525E-12 -4.31507E-12 -3.62098E-13  9.27108E-16  7.97306E-16
  1.600E+01  1.93692E-02 -3.31118E-11 -3.16180E-12 -4.24799E-12 -4.04607E-13  1.43677E-15  0.00000E+00
  1.625E+01  1.99751E-02 -3.20911E-11 -3.42401E-12 -4.18249E-12 -4.45117E-13  1.74041E-15  1.86843E-16
  1.650E+01  2.05901E-02 -3.11132E-11 -3.66380E-12 -4.11853E-12 -4.83733E-13  2.19362E-15  1.81029E-16
  1.675E+01  2.12143E-02 -3.01757E-11 -3.88292E-12 -4.05605E-12 -5.20556E-13  2.61884E-15  1.75477E-16
  1.700E+01  2.18476E-02 -2.92765E-11 -4.08297E-12 -3.99501E-12 -5.55678E-13  3.17681E-15  5.10518E-16
  1.725E+01  2.24900E-02 -2.84136E-11 -4.26543E-12 -3.93537E-12 -5.89187E-13  2.62165E-15  3.30201E-16
  1.750E+01  2.31415E-02 -2.75850E-11 -4.43161E-12 -3.87707E-12 -6.21164E-13  3.14557E-15  4.80743E-16
  1.775E+01  2.38021E-02 -2.67892E-11 -4.58279E-12 -3.82008E-12 -6.51686E-13  2.91104E-15  7.78010E-16
  1.800E+01  2.44717E-02 -2.60243E-11 -4.72006E-12 -3.76436E-12 -6.80825E-13  3.11284E-15  4.53455E-16
  1.825E+01  2.51504E-02 -2.52890E-11 -4.84449E-12 -3.70987E-12 -7.08649E-13  3.44003E-15  7.34432E-16
  1.850E+01  2.58382E-02 -2.45817E-11 -4.95701E-12 -3.65657E-12 -7.35223E-13  2.67739E-15  4.28387E-16
  1.875E+01  2.65349E-02 -2.39010E-11 -5.05853E-12 -3.60442E-12 -7.60606E-13  2.86633E-15  8.33221E-16
  1.900E+01  2.72407E-02 -2.32457E-11 -5.14984E-12 -3.55339E-12 -7.84854E-13  2.41014E-15  4.05304E-16
  1.925E+01  2.79555E-02 -2.26146E-11 -5.23170E-12 -3.50345E-12 -8.08022E-13  2.34737E-15  9.20368E-16
  1.950E+01  2.86793E-02 -2.20065E-11 -5.30479E-12 -3.45457E-12 -8.30160E-13  1.56482E-15  8.96013E-16
  1.975E+01  2.94120E-02 -2.14203E-11 -5.36976E-12 -3.40670E-12 -8.51316E-13  1.64244E-15  4.98625E-16
  2.000E+01  3.01537E-02 -2.08551E-11 -5.42719E-12 -3.35984E-12 -8.71534E-13  1.25818E-15  1.21438E-16
  2.025E+01  3.09043E-02 -2.03099E-11 -5.47762E-12 -3.31393E-12 -8.90857E-13  1.11552E-15  4.73360E-16
  2.050E+01  3.16639E-02 -1.97838E-11 -5.52157E-12 -3.26896E-12 -9.09325E-13  7.61804E-16  2.30714E-16
  2.075E+01  3.24324E-02 -1.92759E-11 -5.55949E-12 -3.22491E-12 -9.26977E-13  0.00000E+00  1.12483E-16
  2.100E+01  3.32098E-02 -1.87854E-11 -5.59181E-12 -3.18174E-12 -9.43849E-13  4.14708E-16  5.48567E-16
  2.125E+01  3.39961E-02 -1.83116E-11 -5.61895E-12 -3.13943E-12 -9.59974E-13  4.04955E-16  0.00000E+00
  2.150E+01  3.47912E-02 -1.78538E-11 -5.64126E-12 -3.09795E-12 -9.75386E-13  7.91093E-16  6.26801E-16
  2.175E+01  3.55952E-02 -1.74112E-11 -5.65910E-12 -3.05729E-12 -9.90114E-13  7.72933E-16  0.00000E+00
  2.200E+01  3.64081E-02 -1.69832E-11 -5.67277E-12 -3.01742E-12 -1.00419E-12  1.13310E-15  1.99162E-16
  2.225E+01  3.72297E-02 -1.65692E-11 -5.68260E-12 -2.97832E-12 -1.01764E-12  1.10770E-15  0.00000E+00
  2.250E+01  3.80602E-02 -1.61687E-11 -5.68883E-12 -2.93996E-12 -1.03049E-12  1.26369E-15  0.00000E+00
  2.275E+01  3.88995E-02 -1.57810E-11 -5.69175E-12 -2.90234E-12 -1.04276E-12  1.23601E-15  0.00000E+00
  2.300E+01  3.97476E-02 -1.54056E-11 -5.69157E-12 -2.86542E-12 -1.05448E-12  8.63751E-16  3.63070E-16
  2.325E+01  4.06044E-02 -1.50421E-11 -5.68853E-12 -2.82920E-12 -1.06568E-12  1.01432E-15  1.77487E-16
  2.350E+01  4.14700E-02 -1.46899E-11 -5.68284E-12 -2.79364E-12 -1.07637E-12  1.32380E-15  1.73571E-16
  2.375E+01  4.23443E-02 -1.43486E-11 -5.67469E-12 -2.75875E-12 -1.08657E-12  1.13408E-15  5.09341E-16
  2.400E+01  4.32273E-02 -1.40178E-11 -5.66425E-12 -2.72449E-12 -1.09630E-12  1.11061E-15  3.32221E-16
  2.425E+01  4.41190E-02 -1.36971E-11 -5.65169E-12 -2.69085E-12 -1.10559E-12  1.70952E-15  4.87668E-16
  2.450E+01  4.50194E-02 -1.33861E-11 -5.63718E-12 -2.65782E-12 -1.11445E-12  1.21811E-15  3.18225E-16
  2.475E+01  4.59284E-02 -1.30844E-11 -5.62085E-12 -2.62537E-12 -1.12289E-12  1.34293E-15  3.11551E-16
  2.500E+01  4.68461E-02 -1.27916E-11 -5.60284E-12 -2.59351E-12 -1.13093E-12  1.31632E-15  1.52540E-16
  2.550E+01  4.87074E-02 -1.22316E-11 -5.56228E-12 -2.53145E-12 -1.14590E-12  5.62436E-16  0.00000E+00
  2.600E+01  5.06030E-02 -1.17035E-11 -5.51643E-12 -2.47153E-12 -1.15945E-12  2.70581E-16  1.40541E-16
  2.650E+01  5.25328E-02 -1.12051E-11 -5.46608E-12 -2.41364E-12 -1.17169E-12  3.90832E-16  2.70114E-16
  2.700E+01  5.44967E-02 -1.07343E-11 -5.41194E-12 -2.35769E-12 -1.18272E-12  2.51093E-16  1.29882E-16
  2.750E+01  5.64946E-02 -1.02891E-11 -5.35463E-12 -2.30359E-12 -1.19263E-12  1.21078E-16  0.00000E+00
  2.800E+01  5.85262E-02 -9.86787E-12 -5.29467E-12 -2.25126E-12 -1.20150E-12  2.33705E-16  2.40747E-16
  2.850E+01  6.05914E-02 -9.46887E-12 -5.23253E-12 -2.20061E-12 -1.20940E-12  1.12853E-16  1.16000E-16
  2.900E+01  6.26901E-02 -9.09067E-12 -5.16862E-12 -2.15157E-12 -1.21641E-12  3.27194E-16  3.35571E-16
  2.950E+01  6.48222E-02 -8.73191E-12 -5.10330E-12 -2.10406E-12 -1.22258E-12  2.10944E-16  2.15858E-16
  3.000E+01  6.69873E-02 -8.39134E-12 -5.03689E-12 -2.05803E-12 -1.22797E-12  1.02063E-16  1.04201E-16
  3.050E+01  6.91854E-02 -8.06779E-12 -4.96966E-12 -2.01341E-12 -1.23263E-12  9.88248E-17  1.00660E-16
  3.100E+01  7.14163E-02 -7.76021E-12 -4.90186E-12 -1.97013E-12 -1.23662E-12  9.57466E-17  0.00000E+00
  3.150E+01  7.36799E-02 -7.46760E-12 -4.83369E-12 -1.92815E-12 -1.23999E-12  1.85637E-16  9.40932E-17
  3.200E+01  7.59760E-02 -7.18905E-12 -4.76534E-12 -1.88741E-12 -1.24276E-12  0.00000E+00  0.00000E+00
  3.250E+01  7.83043E-02 -6.92372E-12 -4.69695E-12 -1.84785E-12 -1.24499E-12  3.49497E-16  0.00000E+00
  3.300E+01  8.06647E-02 -6.67081E-12 -4.62869E-12 -1.80944E-12 -1.24670E-12  1.01810E-15  3.41487E-16
  3.350E+01  8.30571E-02 -6.42962E-12 -4.56066E-12 -1.77212E-12 -1.24794E-12  6.59408E-16  1.65460E-16
  3.400E+01  8.54812E-02 -6.19944E-12 -4.49298E-12 -1.73585E-12 -1.24873E-12  4.80716E-16  1.60415E-16
  3.450E+01  8.79369E-02 -5.97968E-12 -4.42574E-12 -1.70060E-12 -1.24910E-12  4.67494E-16  0.00000E+00
  3.500E+01  9.04240E-02 -5.76971E-12 -4.35901E-12 -1.66631E-12 -1.24908E-12  3.03237E-16  0.00000E+00
  3.550E+01  9.29422E-02 -5.56902E-12 -4.29286E-12 -1.63297E-12 -1.24870E-12  1.47589E-16  0.00000E+00
  3.600E+01  9.54915E-02 -5.37708E-12 -4.22735E-12 -1.60052E-12 -1.24797E-12  0.00000E+00  1.42361E-16
  3.650E+01  9.80716E-02 -5.19342E-12 -4.16252E-12 -1.56894E-12 -1.24692E-12  1.40040E-16  0.00000E+00
  3.700E+01  1.00682E-01 -5.01760E-12 -4.09843E-12 -1.53819E-12 -1.24558E-12  1.36502E-16  0.00000E+00
  3.750E+01  1.03323E-01 -4.84920E-12 -4.03511E-12 -1.50825E-12 -1.24395E-12  3.99330E-16  0.00000E+00
  3.800E+01  1.05995E-01 -4.68783E-12 -3.97259E-12 -1.47908E-12 -1.24206E-12  5.19426E-16  1.27174E-16
  3.850E+01  1.08696E-01 -4.53313E-12 -3.91088E-12 -1.45067E-12 -1.23992E-12  2.53469E-16  0.00000E+00
  3.900E+01  1.11427E-01 -4.38476E-12 -3.85001E-12 -1.42297E-12 -1.23755E-12  2.47474E-16  1.20473E-16
  3.950E+01  1.14188E-01 -4.24238E-12 -3.78999E-12 -1.39598E-12 -1.23496E-12  2.41716E-16  1.17318E-16
  4.000E+01  1.16978E-01 -4.10571E-12 -3.73083E-12 -1.36965E-12 -1.23217E-12  2.36183E-16  2.28572E-16
  4.050E+01  1.19797E-01 -3.97447E-12 -3.67255E-12 -1.34398E-12 -1.22919E-12  1.15432E-16  3.34110E-16
  4.100E+01  1.22645E-01 -3.84838E-12 -3.61514E-12 -1.31894E-12 -1.22603E-12  3.38619E-16  1.08564E-16
  4.150E+01  1.25522E-01 -3.72719E-12 -3.55861E-12 -1.29450E-12 -1.22271E-12  1.10411E-16  1.05863E-16
  4.200E+01  1.28428E-01 -3.61068E-12 -3.50297E-12 -1.27065E-12 -1.21922E-12  2.16082E-16  2.06524E-16
  4.250E+01  1.31361E-01 -3.49861E-12 -3.44820E-12 -1.24737E-12 -1.21559E-12  1.05758E-16  0.00000E+00
  4.300E+01  1.34323E-01 -3.39077E-12 -3.39430E-12 -1.22464E-12 -1.21183E-12  0.00000E+00  0.00000E+00
  4.350E+01  1.37313E-01 -3.28698E-12 -3.34127E-12 -1.20244E-12 -1.20793E-12  2.02881E-16  9.60112E-17
  4.400E+01  1.40330E-01 -3.18705E-12 -3.28911E-12 -1.18075E-12 -1.20391E-12  2.98191E-16  9.37643E-17
  4.450E+01  1.43375E-01 -3.09079E-12 -3.23781E-12 -1.15957E-12 -1.19978E-12  3.89705E-16  1.83192E-16
  4.500E+01  1.46447E-01 -2.99805E-12 -3.18735E-12 -1.13887E-12 -1.19555E-12  9.55249E-17  1.79005E-16
  4.550E+01  1.49545E-01 -2.90866E-12 -3.13774E-12 -1.11864E-12 -1.19121E-12  9.36897E-17  2.62443E-16
  4.600E+01  1.52671E-01 -2.82248E-12 -3.08896E-12 -1.09886E-12 -1.18679E-12  9.19180E-17  2.56584E-16
  4.650E+01  1.55823E-01 -2.73936E-12 -3.04099E-12 -1.07953E-12 -1.18227E-12  1.80414E-16  0.00000E+00
  4.700E+01  1.59001E-01 -2.65917E-12 -2.99383E-12 -1.06062E-12 -1.17768E-12  8.85540E-17  8.18153E-17
  4.750E+01  1.62205E-01 -2.58179E-12 -2.94748E-12 -1.04213E-12 -1.17301E-12  8.69567E-17  8.00502E-17
  4.800E+01  1.65435E-01 -2.50710E-12 -2.90191E-12 -1.02404E-12 -1.16827E-12  8.54126E-17  7.83426E-17
  4.850E+01  1.68690E-01 -2.43498E-12 -2.85712E-12 -1.00634E-12 -1.16346E-12  8.39195E-17  7.66900E-17
  4.900E+01  1.71970E-01 -2.36532E-12 -2.81309E-12 -9.89022E-13 -1.15859E-12  8.24754E-17  0.00000E+00
  4.950E+01  1.75276E-01 -2.29802E-12 -2.76981E-12 -9.72072E-13 -1.15367E-12  0.00000E+00  7.35407E-17
  5.000E+01  1.78606E-01 -2.23299E-12 -2.72727E-12 -9.55481E-13 -1.14869E-12  2.39180E-16  7.20398E-17
  5.050E+01  1.81961E-01 -2.17013E-12 -2.68546E-12 -9.39239E-13 -1.14367E-12  2.35254E-16  2.11756E-16
  5.100E+01  1.85340E-01 -2.10935E-12 -2.64436E-12 -9.23335E-13 -1.13859E-12  1.54303E-16  0.00000E+00
  5.150E+01  1.88743E-01 -2.05057E-12 -2.60396E-12 -9.07761E-13 -1.13348E-12  0.00000E+00  0.00000E+00
  5.200E+01  1.92169E-01 -1.99371E-12 -2.56425E-12 -8.92507E-13 -1.12833E-12  7.47362E-17  0.00000E+00
  5.250E+01  1.95619E-01 -1.93870E-12 -2.52523E-12 -8.77564E-13 -1.12314E-12  1.47170E-16  0.00000E+00
  5.300E+01  1.99092E-01 -1.88546E-12 -2.48687E-12 -8.62925E-13 -1.11792E-12  1.44939E-16  0.00000E+00
  5.350E+01  2.02589E-01 -1.83392E-12 -2.44915E-12 -8.48582E-13 -1.11267E-12  0.00000E+00  0.00000E+00
  5.400E+01  2.06107E-01 -1.78401E-12 -2.41208E-12 -8.34525E-13 -1.10739E-12  0.00000E+00  0.00000E+00
  5.450E+01  2.09649E-01 -1.73569E-12 -2.37564E-12 -8.20748E-13 -1.10208E-12  6.93238E-17  0.00000E+00
  5.500E+01  2.13212E-01 -1.68887E-12 -2.33982E-12 -8.07244E-13 -1.09675E-12  6.83382E-17  0.00000E+00
  5.550E+01  2.16797E-01 -1.64352E-12 -2.30460E-12 -7.94005E-13 -1.09140E-12  0.00000E+00  0.00000E+00
  5.600E+01  2.20404E-01 -1.59956E-12 -2.26998E-12 -7.81025E-13 -1.08604E-12  0.00000E+00  0.00000E+00
  5.650E+01  2.24032E-01 -1.55696E-12 -2.23595E-12 -7.68296E-13 -1.08065E-12  6.55551E-17  0.00000E+00
  5.700E+01  2.27680E-01 -1.51566E-12 -2.20248E-12 -7.55813E-13 -1.07525E-12  6.46820E-17  0.00000E+00
  5.750E+01  2.31350E-01 -1.47561E-12 -2.16957E-12 -7.43570E-13 -1.06984E-12  0.00000E+00  0.00000E+00
  5.800E+01  2.35040E-01 -1.43677E-12 -2.13721E-12 -7.31560E-13 -1.06441E-12  0.00000E+00  0.00000E+00
  5.850E+01  2.38751E-01 -1.39909E-12 -2.10540E-12 -7.19778E-13 -1.05898E-12  0.00000E+00  0.00000E+00
  5.900E+01  2.42481E-01 -1.36254E-12 -2.07411E-12 -7.08218E-13 -1.05353E-12  0.00000E+00  0.00000E+00
  5.950E+01  2.46231E-01 -1.32707E-12 -2.04335E-12 -6.96875E-13 -1.04808E-12  6.06856E-17  0.00000E+00
  6.000E+01  2.50000E-01 -1.29265E-12 -2.01309E-12 -6.85743E-13 -1.04262E-12  0.00000E+00  0.00000E+00
  6.050E+01  2.53788E-01 -1.25923E-12 -1.98333E-12 -6.74818E-13 -1.03716E-12  0.00000E+00  0.00000E+00
  6.100E+01  2.57595E-01 -1.22678E-12 -1.95406E-12 -6.64094E-13 -1.03169E-12  0.00000E+00  0.00000E+00
  6.150E+01  2.61421E-01 -1.19528E-12 -1.92526E-12 -6.53567E-13 -1.02622E-12  0.00000E+00  0.00000E+00
  6.200E+01  2.65264E-01 -1.16468E-12 -1.89694E-12 -6.43232E-13 -1.02075E-12  2.28938E-16  0.00000E+00
  6.250E+01  2.69126E-01 -1.13496E-12 -1.86908E-12 -6.33084E-13 -1.01528E-12  2.26409E-16  0.00000E+00
  6.300E+01  2.73005E-01 -1.10609E-12 -1.84168E-12 -6.23120E-13 -1.00981E-12  1.11976E-16  0.00000E+00
  6.350E+01  2.76901E-01 -1.07803E-12 -1.81472E-12 -6.13335E-13 -1.00433E-12  0.00000E+00  0.00000E+00
  6.400E+01  2.80814E-01 -1.05077E-12 -1.78819E-12 -6.03725E-13 -9.98866E-13  0.00000E+00  0.00000E+00
  6.450E+01  2.84744E-01 -1.02426E-12 -1.76209E-12 -5.94285E-13 -9.93401E-13  0.00000E+00  0.00000E+00
  6.500E+01  2.88691E-01 -9.98501E-13 -1.73640E-12 -5.85013E-13 -9.87939E-13  0.00000E+00  0.00000E+00
  6.550E+01  2.92653E-01 -9.73454E-13 -1.71113E-12 -5.75904E-13 -9.82481E-13  0.00000E+00  0.00000E+00
  6.600E+01  2.96632E-01 -9.49100E-13 -1.68626E-12 -5.66955E-13 -9.77028E-13  0.00000E+00  0.00000E+00
  6.650E+01  3.00625E-01 -9.25416E-13 -1.66179E-12 -5.58163E-13 -9.71581E-13  0.00000E+00  0.00000E+00
  6.700E+01  3.04634E-01 -9.02380E-13 -1.63770E-12 -5.49523E-13 -9.66140E-13  0.00000E+00  0.00000E+00
  6.750E+01  3.08658E-01 -8.79970E-13 -1.61400E-12 -5.41032E-13 -9.60706E-13  0.00000E+00  0.00000E+00
  6.800E+01  3.12697E-01 -8.58166E-13 -1.59066E-12 -5.32688E-13 -9.55279E-13  1.01453E-16  0.00000E+00
  6.850E+01  3.16749E-01 -8.36950E-13 -1.56768E-12 -5.24486E-13 -9.49859E-13  0.00000E+00  0.00000E+00
  6.900E+01  3.20816E-01 -8.16304E-13 -1.54507E-12 -5.16425E-13 -9.44448E-13  9.96881E-17  0.00000E+00
  6.950E+01  3.24896E-01 -7.96211E-13 -1.52281E-12 -5.08501E-13 -9.39046E-13  0.00000E+00  0.00000E+00
  7.000E+01  3.28990E-01 -7.76655E-13 -1.50090E-12 -5.00711E-13 -9.33652E-13  9.80223E-17  0.00000E+00
  7.050E+01  3.33097E-01 -7.57616E-13 -1.47933E-12 -4.93052E-13 -9.28269E-13  9.72251E-17  0.00000E+00
  7.100E+01  3.37216E-01 -7.39079E-13 -1.45808E-12 -4.85522E-13 -9.22894E-13  9.64512E-17  0.00000E+00
  7.150E+01  3.41348E-01 -7.21025E-13 -1.43716E-12 -4.78117E-13 -9.17530E-13  9.57000E-17  0.00000E+00
  7.200E+01  3.45492E-01 -7.03442E-13 -1.41656E-12 -4.70836E-13 -9.12177E-13  9.49707E-17  0.00000E+00
  7.250E+01  3.49647E-01 -6.86324E-13 -1.39627E-12 -4.63676E-13 -9.06834E-13  0.00000E+00  0.00000E+00
  7.300E+01  3.53814E-01 -6.69651E-13 -1.37630E-12 -4.56634E-13 -9.01502E-13  0.00000E+00  0.00000E+00
  7.350E+01  3.57992E-01 -6.53406E-13 -1.35663E-12 -4.49708E-13 -8.96182E-13  0.00000E+00  0.00000E+00
  7.400E+01  3.62181E-01 -6.37578E-13 -1.33725E-12 -4.42895E-13 -8.90873E-13  0.00000E+00  0.00000E+00
  7.450E+01  3.66381E-01 -6.22155E-13 -1.31816E-12 -4.36194E-13 -8.85576E-13  9.16335E-17  0.00000E+00
  7.500E+01  3.70590E-01 -6.07127E-13 -1.29936E-12 -4.29602E-13 -8.80291E-13  9.10252E-17  0.00000E+00
  7.550E+01  3.74810E-01 -5.92483E-13 -1.28084E-12 -4.23117E-13 -8.75019E-13  0.00000E+00  0.00000E+00
  7.600E+01  3.79039E-01 -5.78210E-13 -1.26260E-12 -4.16736E-13 -8.69758E-13  0.00000E+00  0.00000E+00
  7.650E+01  3.83277E-01 -5.64298E-13 -1.24463E-12 -4.10459E-13 -8.64511E-13  0.00000E+00  0.00000E+00
  7.700E+01  3.87524E-01 -5.50736E-13 -1.22693E-12 -4.04282E-13 -8.59275E-13  8.87739E-17  0.00000E+00
  7.750E+01  3.91780E-01 -5.37513E-13 -1.20948E-12 -3.98204E-13 -8.54053E-13  8.82550E-17  0.00000E+00
  7.800E+01  3.96044E-01 -5.24620E-13 -1.19229E-12 -3.92223E-13 -8.48844E-13  8.77529E-17  0.00000E+00
  7.850E+01  4.00316E-01 -5.12049E-13 -1.17535E-12 -3.86337E-13 -8.43648E-13  0.00000E+00  0.00000E+00
  7.900E+01  4.04596E-01 -4.99791E-13 -1.15866E-12 -3.80544E-13 -8.38465E-13  8.67977E-17  0.00000E+00
  7.950E+01  4.08882E-01 -4.87836E-13 -1.14222E-12 -3.74842E-13 -8.33296E-13  8.63440E-17  0.00000E+00
  8.000E+01  4.13176E-01 -4.76176E-13 -1.12601E-12 -3.69231E-13 -8.28139E-13  8.59058E-17  0.00000E+00
  8.050E+01  4.17476E-01 -4.64803E-13 -1.11004E-12 -3.63707E-13 -8.22997E-13  0.00000E+00  0.00000E+00
  8.100E+01  4.21783E-01 -4.53708E-13 -1.09430E-12 -3.58270E-13 -8.17868E-13  4.25376E-17  0.00000E+00
  8.150E+01  4.26095E-01 -4.42884E-13 -1.07878E-12 -3.52918E-13 -8.12752E-13  4.23411E-17  0.00000E+00
  8.200E+01  4.30413E-01 -4.32324E-13 -1.06349E-12 -3.47648E-13 -8.07651E-13  0.00000E+00  0.00000E+00
  8.250E+01  4.34737E-01 -4.22020E-13 -1.04841E-12 -3.42461E-13 -8.02563E-13  4.19699E-17  0.00000E+00
  8.300E+01  4.39065E-01 -4.11966E-13 -1.03355E-12 -3.37354E-13 -7.97488E-13  8.35896E-17  0.00000E+00
  8.350E+01  4.43398E-01 -4.02155E-13 -1.01891E-12 -3.32325E-13 -7.92428E-13  1.24880E-16  0.00000E+00
  8.400E+01  4.47736E-01 -3.92580E-13 -1.00447E-12 -3.27374E-13 -7.87382E-13  0.00000E+00  0.00000E+00
  8.450E+01  4.52077E-01 -3.83235E-13 -9.90230E-13 -3.22499E-13 -7.82349E-13  0.00000E+00  0.00000E+00
  8.500E+01  4.56422E-01 -3.74114E-13 -9.76194E-13 -3.17698E-13 -7.77330E-13  8.23256E-17  0.00000E+00
  8.550E+01  4.60770E-01 -3.65210E-13 -9.62356E-13 -3.12971E-13 -7.72325E-13  4.10214E-17  0.00000E+00
  8.600E+01  4.65122E-01 -3.56518E-13 -9.48712E-13 -3.08316E-13 -7.67334E-13  0.00000E+00  0.00000E+00
  8.650E+01  4.69476E-01 -3.48033E-13 -9.35259E-13 -3.03731E-13 -7.62357E-13  4.07578E-17  0.00000E+00
  8.700E+01  4.73832E-01 -3.39750E-13 -9.21995E-13 -2.99215E-13 -7.57394E-13  0.00000E+00  0.00000E+00
  8.750E+01  4.78190E-01 -3.31662E-13 -9.08915E-13 -2.94768E-13 -7.52445E-13  0.00000E+00  0.00000E+00
  8.800E+01  4.82550E-01 -3.23765E-13 -8.96016E-13 -2.90388E-13 -7.47509E-13  4.04094E-17  0.00000E+00
  8.850E+01  4.86912E-01 -3.16053E-13 -8.83296E-13 -2.86074E-13 -7.42588E-13  8.06111E-17  0.00000E+00
  8.900E+01  4.91274E-01 -3.08522E-13 -8.70751E-13 -2.81824E-13 -7.37680E-13  4.02077E-17  0.00000E+00
  8.950E+01  4.95637E-01 -3.01168E-13 -8.58379E-13 -2.77638E-13 -7.32786E-13  4.01158E-17  0.00000E+00
  9.000E+01  5.00000E-01 -2.93985E-13 -8.46178E-13 -2.73514E-13 -7.27906E-13  4.00298E-17  0.00000E+00
  9.050E+01  5.04363E-01 -2.86970E-13 -8.34144E-13 -2.69452E-13 -7.23039E-13  3.99497E-17  0.00000E+00
  9.100E+01  5.08726E-01 -2.80119E-13 -8.22275E-13 -2.65450E-13 -7.18187E-13  3.98753E-17  0.00000E+00
  9.150E+01  5.13088E-01 -2.73426E-13 -8.10568E-13 -2.61508E-13 -7.13348E-13  0.00000E+00  0.00000E+00
  9.200E+01  5.17450E-01 -2.66888E-13 -7.99021E-13 -2.57624E-13 -7.08522E-13  3.97438E-17  0.00000E+00
  9.250E+01  5.21810E-01 -2.60501E-13 -7.87629E-13 -2.53797E-13 -7.03710E-13  7.93731E-17  0.00000E+00
  9.300E+01  5.26168E-01 -2.54262E-13 -7.76393E-13 -2.50027E-13 -6.98912E-13  7.92699E-17  0.00000E+00
  9.350E+01  5.30524E-01 -2.48166E-13 -7.65309E-13 -2.46312E-13 -6.94127E-13  3.95889E-17  0.00000E+00
  9.400E+01  5.34878E-01 -2.42210E-13 -7.54375E-13 -2.42651E-13 -6.89356E-13  0.00000E+00  0.00000E+00
  9.450E+01  5.39230E-01 -2.36392E-13 -7.43588E-13 -2.39045E-13 -6.84598E-13  3.95135E-17  0.00000E+00
  9.500E+01  5.43578E-01 -2.30706E-13 -7.32946E-13 -2.35491E-13 -6.79853E-13  7.89681E-17  0.00000E+00
  9.550E+01  5.47923E-01 -2.25150E-13 -7.22448E-13 -2.31989E-13 -6.75122E-13  7.89202E-17  0.00000E+00
  9.600E+01  5.52264E-01 -2.19721E-13 -7.12089E-13 -2.28538E-13 -6.70403E-13  0.00000E+00  0.00000E+00
  9.650E+01  5.56602E-01 -2.14416E-13 -7.01870E-13 -2.25137E-13 -6.65698E-13  3.94286E-17  0.00000E+00
  9.700E+01  5.60935E-01 -2.09231E-13 -6.91787E-13 -2.21785E-13 -6.61006E-13  0.00000E+00  0.00000E+00
  9.750E+01  5.65263E-01 -2.04165E-13 -6.81838E-13 -2.18482E-13 -6.56327E-13  3.94188E-17  0.00000E+00
  9.800E+01  5.69587E-01 -1.99213E-13 -6.72023E-13 -2.15227E-13 -6.51661E-13  0.00000E+00  0.00000E+00
  9.850E+01  5.73905E-01 -1.94373E-13 -6.62338E-13 -2.12019E-13 -6.47008E-13  3.94306E-17  0.00000E+00
  9.900E+01  5.78217E-01 -1.89643E-13 -6.52781E-13 -2.08858E-13 -6.42367E-13  1.18334E-16  0.00000E+00
  9.950E+01  5.82524E-01 -1.85019E-13 -6.43350E-13 -2.05741E-13 -6.37739E-13  1.18392E-16  0.00000E+00
  1.000E+02  5.86824E-01 -1.80500E-13 -6.34045E-13 -2.02670E-13 -6.33124E-13  0.00000E+00  0.00000E+00
  1.005E+02  5.91118E-01 -1.76082E-13 -6.24862E-13 -1.99643E-13 -6.28522E-13  3.95190E-17  0.00000E+00
  1.010E+02  5.95404E-01 -1.71764E-13 -6.15801E-13 -1.96659E-13 -6.23932E-13  0.00000E+00  0.00000E+00
  1.015E+02  5.99684E-01 -1.67543E-13 -6.06860E-13 -1.93717E-13 -6.19354E-13  3.95956E-17  0.00000E+00
  1.020E+02  6.03956E-01 -1.63416E-13 -5.98036E-13 -1.90818E-13 -6.14789E-13  1.18926E-16  0.00000E+00
  1.025E+02  6.08220E-01 -1.59382E-13 -5.89328E-13 -1.87960E-13 -6.10236E-13  3.96940E-17  0.00000E+00
  1.030E+02  6.12476E-01 -1.55439E-13 -5.80735E-13 -1.85143E-13 -6.05695E-13  3.97513E-17  0.00000E+00
  1.035E+02  6.16723E-01 -1.51583E-13 -5.72254E-13 -1.82366E-13 -6.01166E-13  7.96283E-17  0.00000E+00
  1.040E+02  6.20961E-01 -1.47813E-13 -5.63884E-13 -1.79629E-13 -5.96649E-13  7.97649E-17  0.00000E+00
  1.045E+02  6.25190E-01 -1.44128E-13 -5.55625E-13 -1.76930E-13 -5.92145E-13  7.99126E-17  0.00000E+00
  1.050E+02  6.29410E-01 -1.40525E-13 -5.47473E-13 -1.74270E-13 -5.87652E-13  0.00000E+00  0.00000E+00
  1.055E+02  6.33619E-01 -1.37002E-13 -5.39428E-13 -1.71647E-13 -5.83171E-13  8.02412E-17  0.00000E+00
  1.060E+02  6.37819E-01 -1.33558E-13 -5.31489E-13 -1.69061E-13 -5.78701E-13  8.04223E-17  0.00000E+00
  1.065E+02  6.42008E-01 -1.30190E-13 -5.23652E-13 -1.66512E-13 -5.74243E-13  8.06147E-17  0.00000E+00
  1.070E+02  6.46186E-01 -1.26897E-13 -5.15918E-13 -1.63999E-13 -5.69797E-13  1.21228E-16  0.00000E+00
  1.075E+02  6.50353E-01 -1.23677E-13 -5.08285E-13 -1.61521E-13 -5.65362E-13  4.05169E-17  0.00000E+00
  1.080E+02  6.54508E-01 -1.20528E-13 -5.00752E-13 -1.59078E-13 -5.60939E-13  0.00000E+00  0.00000E+00
  1.085E+02  6.58652E-01 -1.17449E-13 -4.93317E-13 -1.56669E-13 -5.56527E-13  8.14988E-17  0.00000E+00
  1.090E+02  6.62784E-01 -1.14439E-13 -4.85979E-13 -1.54294E-13 -5.52126E-13  0.00000E+00  0.00000E+00
  1.095E+02  6.66903E-01 -1.11495E-13 -4.78736E-13 -1.51952E-13 -5.47736E-13  0.00000E+00  0.00000E+00
  1.100E+02  6.71010E-01 -1.08617E-13 -4.71588E-13 -1.49643E-13 -5.43357E-13  0.00000E+00  0.00000E+00
  1.105E+02  6.75104E-01 -1.05802E-13 -4.64532E-13 -1.47367E-13 -5.38989E-13  4.12850E-17  0.00000E+00
  1.110E+02  6.79184E-01 -1.03049E-13 -4.57569E-13 -1.45122E-13 -5.34632E-13  4.14340E-17  0.00000E+00
  1.115E+02  6.83251E-01 -1.00357E-13 -4.50696E-13 -1.42908E-13 -5.30285E-13  0.00000E+00  0.00000E+00
  1.120E+02  6.87303E-01 -9.77245E-14 -4.43913E-13 -1.40726E-13 -5.25950E-13  8.35007E-17  0.00000E+00
  1.125E+02  6.91342E-01 -9.51503E-14 -4.37219E-13 -1.38573E-13 -5.21625E-13  0.00000E+00  0.00000E+00
  1.130E+02  6.95366E-01 -9.26330E-14 -4.30611E-13 -1.36451E-13 -5.17310E-13  4.20917E-17  0.00000E+00
  1.135E+02  6.99375E-01 -9.01712E-14 -4.24090E-13 -1.34358E-13 -5.13006E-13  4.22719E-17  0.00000E+00
  1.140E+02  7.03368E-01 -8.77636E-14 -4.17654E-13 -1.32294E-13 -5.08712E-13  0.00000E+00  0.00000E+00
  1.145E+02  7.07347E-01 -8.54091E-14 -4.11301E-13 -1.30259E-13 -5.04429E-13  1.27956E-16  0.00000E+00
  1.150E+02  7.11309E-01 -8.31065E-14 -4.05032E-13 -1.28252E-13 -5.00155E-13  1.28556E-16  0.00000E+00
  1.155E+02  7.15256E-01 -8.08549E-14 -3.98845E-13 -1.26272E-13 -4.95892E-13  4.30586E-17  0.00000E+00
  1.160E+02  7.19186E-01 -7.86531E-14 -3.92738E-13 -1.24320E-13 -4.91638E-13  1.29816E-16  0.00000E+00
  1.165E+02  7.23099E-01 -7.64998E-14 -3.86712E-13 -1.22395E-13 -4.87395E-13  4.34923E-17  0.00000E+00
  1.170E+02  7.26995E-01 -7.43939E-14 -3.80765E-13 -1.20496E-13 -4.83161E-13  2.18598E-17  0.00000E+00
  1.175E+02  7.30874E-01 -7.23344E-14 -3.74895E-13 -1.18624E-13 -4.78937E-13  2.19771E-17  0.00000E+00
  1.180E+02  7.34736E-01 -7.03203E-14 -3.69102E-13 -1.16777E-13 -4.74723E-13  0.00000E+00  0.00000E+00
  1.185E+02  7.38579E-01 -6.83506E-14 -3.63385E-13 -1.14956E-13 -4.70518E-13  4.44447E-17  0.00000E+00
  1.190E+02  7.42405E-01 -6.64246E-14 -3.57744E-13 -1.13159E-13 -4.66322E-13  1.11752E-16  0.00000E+00
  1.195E+02  7.46212E-01 -6.45411E-14 -3.52178E-13 -1.11387E-13 -4.62136E-13  2.24824E-17  0.00000E+00
  1.200E+02  7.50000E-01 -6.26992E-14 -3.46685E-13 -1.09640E-13 -4.57959E-13  1.13090E-16  0.00000E+00
  1.205E+02  7.53769E-01 -6.08980E-14 -3.41264E-13 -1.07916E-13 -4.53792E-13  4.55153E-17  0.00000E+00
  1.210E+02  7.57519E-01 -5.91365E-14 -3.35915E-13 -1.06216E-13 -4.49633E-13  4.58023E-17  0.00000E+00
  1.215E+02  7.61249E-01 -5.74138E-14 -3.30637E-13 -1.04539E-13 -4.45484E-13  9.21947E-17  0.00000E+00
  1.220E+02  7.64960E-01 -5.57292E-14 -3.25428E-13 -1.02884E-13 -4.41343E-13  4.64005E-17  0.00000E+00
  1.225E+02  7.68650E-01 -5.40820E-14 -3.20290E-13 -1.01253E-13 -4.37212E-13  4.67118E-17  0.00000E+00
  1.230E+02  7.72320E-01 -5.24714E-14 -3.15220E-13 -9.96429E-14 -4.33089E-13  4.70315E-17  0.00000E+00
  1.235E+02  7.75968E-01 -5.08965E-14 -3.10218E-13 -9.80551E-14 -4.28974E-13  2.36798E-17  0.00000E+00
  1.240E+02  7.79596E-01 -4.93564E-14 -3.05283E-13 -9.64888E-14 -4.24869E-13  2.38482E-17  0.00000E+00
  1.245E+02  7.83203E-01 -4.78504E-14 -3.00414E-13 -9.49436E-14 -4.20771E-13  0.00000E+00  0.00000E+00
  1.250E+02  7.86788E-01 -4.63777E-14 -2.95610E-13 -9.34193E-14 -4.16683E-13  2.41984E-17  0.00000E+00
  1.255E+02  7.90351E-01 -4.49377E-14 -2.90872E-13 -9.19155E-14 -4.12602E-13  9.75208E-17  0.00000E+00
  1.260E+02  7.93893E-01 -4.35299E-14 -2.86197E-13 -9.04320E-14 -4.08530E-13  4.91333E-17  0.00000E+00
  1.265E+02  7.97411E-01 -4.21534E-14 -2.81587E-13 -8.89684E-14 -4.04466E-13  7.42734E-17  0.00000E+00
  1.270E+02  8.00908E-01 -4.08077E-14 -2.77039E-13 -8.75244E-14 -4.00410E-13  9.98148E-17  0.00000E+00
  1.275E+02  8.04381E-01 -3.94919E-14 -2.72553E-13 -8.60998E-14 -3.96362E-13  7.54634E-17  0.00000E+00
  1.280E+02  8.07831E-01 -3.82054E-14 -2.68129E-13 -8.46942E-14 -3.92322E-13  2.53602E-16  0.00000E+00
  1.285E+02  8.11257E-01 -3.69475E-14 -2.63765E-13 -8.33073E-14 -3.88289E-13  1.78997E-16  0.00000E+00
  1.290E+02  8.14660E-01 -3.57177E-14 -2.59461E-13 -8.19389E-14 -3.84265E-13  1.54722E-16  0.00000E+00
  1.295E+02  8.18039E-01 -3.45155E-14 -2.55217E-13 -8.05888E-14 -3.80248E-13  1.82056E-16  2.65939E-17
  1.300E+02  8.21394E-01 -3.33404E-14 -2.51032E-13 -7.92565E-14 -3.76238E-13  1.04938E-16  2.64723E-17
  1.305E+02  8.24724E-01 -3.21917E-14 -2.46906E-13 -7.79419E-14 -3.72237E-13  1.05865E-16  2.63526E-17
  1.310E+02  8.28030E-01 -3.10688E-14 -2.42838E-13 -7.66447E-14 -3.68242E-13  1.60221E-16  2.62348E-17
  1.315E+02  8.31310E-01 -2.99711E-14 -2.38826E-13 -7.53645E-14 -3.64255E-13  5.38928E-17  2.61188E-17
  1.320E+02  8.34565E-01 -2.88980E-14 -2.34871E-13 -7.41012E-14 -3.60275E-13  1.35975E-17  0.00000E+00
  1.325E+02  8.37795E-01 -2.78491E-14 -2.30972E-13 -7.28545E-14 -3.56302E-13  2.74493E-17  0.00000E+00
  1.330E+02  8.40999E-01 -2.68240E-14 -2.27129E-13 -7.16242E-14 -3.52337E-13  6.92740E-17  0.00000E+00
  1.335E+02  8.44177E-01 -2.58222E-14 -2.23341E-13 -7.04099E-14 -3.48378E-13  1.11903E-16  2.56733E-17
  1.340E+02  8.47329E-01 -2.48432E-14 -2.19607E-13 -6.92114E-14 -3.44426E-13  1.55364E-16  2.55664E-17
  1.345E+02  8.50455E-01 -2.38864E-14 -2.15928E-13 -6.80285E-14 -3.40481E-13  1.85422E-16  0.00000E+00
  1.350E+02  8.53553E-01 -2.29514E-14 -2.12302E-13 -6.68610E-14 -3.36543E-13  2.16085E-16  0.00000E+00
  1.355E+02  8.56625E-01 -2.20376E-14 -2.08729E-13 -6.57085E-14 -3.32611E-13  2.03717E-16  2.52558E-17
  1.360E+02  8.59670E-01 -2.11446E-14 -2.05208E-13 -6.45709E-14 -3.28686E-13  2.05802E-16  2.51556E-17
  1.365E+02  8.62687E-01 -2.02720E-14 -2.01739E-13 -6.34480E-14 -3.24767E-13  2.22784E-16  2.50571E-17
  1.370E+02  8.65677E-01 -1.94196E-14 -1.98322E-13 -6.23394E-14 -3.20855E-13  1.95101E-16  0.00000E+00
  1.375E+02  8.68639E-01 -1.85869E-14 -1.94956E-13 -6.12450E-14 -3.16950E-13  1.51667E-16  0.00000E+00
  1.380E+02  8.71572E-01 -1.77735E-14 -1.91641E-13 -6.01645E-14 -3.13050E-13  1.22633E-16  0.00000E+00
  1.385E+02  8.74478E-01 -1.69788E-14 -1.88376E-13 -5.90978E-14 -3.09157E-13  1.54950E-16  0.00000E+00
  1.390E+02  8.77355E-01 -1.62025E-14 -1.85161E-13 -5.80445E-14 -3.05269E-13  9.39869E-17  0.00000E+00
  1.395E+02  8.80203E-01 -1.54440E-14 -1.81994E-13 -5.70045E-14 -3.01388E-13  1.58376E-17  0.00000E+00
  1.400E+02  8.83022E-01 -1.47032E-14 -1.78877E-13 -5.59775E-14 -2.97513E-13  1.60145E-17  2.44116E-17
  1.405E+02  8.85812E-01 -1.39798E-14 -1.75808E-13 -5.49634E-14 -2.93643E-13  1.61950E-17  0.00000E+00
  1.410E+02  8.88573E-01 -1.32735E-14 -1.72788E-13 -5.39619E-14 -2.89780E-13  4.91379E-17  2.42408E-17
  1.415E+02  8.91304E-01 -1.25839E-14 -1.69815E-13 -5.29728E-14 -2.85922E-13  7.45533E-17  2.41576E-17
  1.420E+02  8.94005E-01 -1.19106E-14 -1.66890E-13 -5.19959E-14 -2.82069E-13  1.08936E-16  0.00000E+00
  1.425E+02  8.96677E-01 -1.12531E-14 -1.64011E-13 -5.10310E-14 -2.78222E-13  1.44120E-16  2.39955E-17
  1.430E+02  8.99318E-01 -1.06109E-14 -1.61179E-13 -5.00779E-14 -2.74381E-13  1.20087E-16  2.39166E-17
  1.435E+02  9.01928E-01 -9.98377E-15 -1.58392E-13 -4.91364E-14 -2.70545E-13  1.47554E-16  4.76780E-17
  1.440E+02  9.04508E-01 -9.37199E-15 -1.55652E-13 -4.82062E-14 -2.66714E-13  1.58106E-16  9.50514E-17
  1.445E+02  9.07058E-01 -8.77553E-15 -1.52958E-13 -4.72873E-14 -2.62889E-13  1.42235E-16  9.47521E-17
  1.450E+02  9.09576E-01 -8.19325E-15 -1.50309E-13 -4.63794E-14 -2.59068E-13  1.25968E-16  9.44583E-17
  1.455E+02  9.12063E-01 -7.62468E-15 -1.47704E-13 -4.54823E-14 -2.55253E-13  1.36619E-16  9.41697E-17
  1.460E+02  9.14519E-01 -7.06978E-15 -1.45144E-13 -4.45957E-14 -2.51443E-13  1.29084E-16  9.38865E-17
  1.465E+02  9.16943E-01 -6.52842E-15 -1.42627E-13 -4.37196E-14 -2.47638E-13  1.21351E-16  1.17011E-16
  1.470E+02  9.19335E-01 -6.00048E-15 -1.40155E-13 -4.28538E-14 -2.43837E-13  1.03963E-16  1.16669E-16
  1.475E+02  9.21696E-01 -5.48572E-15 -1.37726E-13 -4.19979E-14 -2.40041E-13  9.56987E-17  1.39602E-16
  1.480E+02  9.24024E-01 -4.98383E-15 -1.35341E-13 -4.11520E-14 -2.36250E-13  9.20610E-17  1.16006E-16
  1.485E+02  9.26320E-01 -4.49441E-15 -1.32998E-13 -4.03157E-14 -2.32464E-13  7.36015E-17  9.25474E-17
  1.490E+02  9.28584E-01 -4.01713E-15 -1.30698E-13 -3.94889E-14 -2.28682E-13  5.46622E-17  9.22946E-17
  1.495E+02  9.30815E-01 -3.55173E-15 -1.28440E-13 -3.86714E-14 -2.24905E-13  4.02632E-17  6.90351E-17
  1.500E+02  9.33013E-01 -3.09807E-15 -1.26224E-13 -3.78631E-14 -2.21131E-13  3.05854E-17  4.59019E-17
  1.505E+02  9.35178E-01 -2.65602E-15 -1.24050E-13 -3.70637E-14 -2.17363E-13  1.29082E-17  4.57829E-17
  1.510E+02  9.37310E-01 -2.22545E-15 -1.21917E-13 -3.62731E-14 -2.13598E-13  0.00000E+00  2.28331E-17
  1.515E+02  9.39409E-01 -1.80612E-15 -1.19826E-13 -3.54911E-14 -2.09838E-13  1.58936E-17  2.27760E-17
  1.520E+02  9.41474E-01 -1.39773E-15 -1.17776E-13 -3.47175E-14 -2.06082E-13  3.22002E-17  1.13600E-16
  1.525E+02  9.43505E-01 -9.99960E-16 -1.15766E-13 -3.39522E-14 -2.02329E-13  4.48516E-17  1.58656E-16
  1.530E+02  9.45503E-01 -6.12563E-16 -1.13797E-13 -3.31950E-14 -1.98581E-13  6.19585E-17  1.58281E-16
  1.535E+02  9.47467E-01 -2.35387E-16 -1.11868E-13 -3.24457E-14 -1.94837E-13  7.60176E-17  2.03031E-16
  1.540E+02  9.49397E-01  1.31651E-16 -1.09978E-13 -3.17042E-14 -1.91096E-13  8.90203E-17  1.80061E-16
  1.545E+02  9.51293E-01  4.88644E-16 -1.08129E-13 -3.09702E-14 -1.87359E-13  9.87702E-17  1.79659E-16
  1.550E+02  9.53154E-01  8.35755E-16 -1.06319E-13 -3.02437E-14 -1.83626E-13  1.11658E-16  2.24083E-16
  1.555E+02  9.54981E-01  1.17324E-15 -1.04549E-13 -2.95244E-14 -1.79896E-13  1.13111E-16  1.78882E-16
  1.560E+02  9.56773E-01  1.50137E-15 -1.02818E-13 -2.88123E-14 -1.76170E-13  1.16068E-16  1.78506E-16
  1.565E+02  9.58530E-01  1.82040E-15 -1.01125E-13 -2.81070E-14 -1.72447E-13  1.26616E-16  1.78140E-16
  1.570E+02  9.60252E-01  2.13047E-15 -9.94709E-14 -2.74086E-14 -1.68727E-13  1.25198E-16  1.55559E-16
  1.575E+02  9.61940E-01  2.43164E-15 -9.78552E-14 -2.67167E-14 -1.65011E-13  1.23717E-16  1.10895E-16
  1.580E+02  9.63592E-01  2.72395E-15 -9.62779E-14 -2.60313E-14 -1.61298E-13  1.37831E-16  6.64093E-17
  1.585E+02  9.65209E-01  3.00752E-15 -9.47389E-14 -2.53522E-14 -1.57588E-13  1.07863E-16  2.20949E-17
  1.590E+02  9.66790E-01  3.28254E-15 -9.32380E-14 -2.46792E-14 -1.53881E-13  1.28504E-16  0.00000E+00
  1.595E+02  9.68336E-01  3.54926E-15 -9.17747E-14 -2.40123E-14 -1.50178E-13  1.10601E-16  4.40299E-17
  1.600E+02  9.69846E-01  3.80794E-15 -9.03487E-14 -2.33511E-14 -1.46477E-13  9.88074E-17  4.39531E-17
  1.605E+02  9.71321E-01  4.05869E-15 -8.89599E-14 -2.26957E-14 -1.42778E-13  1.06699E-16  6.58175E-17
  1.610E+02  9.72759E-01  4.30156E-15 -8.76082E-14 -2.20457E-14 -1.39083E-13  6.07541E-17  1.31417E-16
  1.615E+02  9.74162E-01  4.53656E-15 -8.62937E-14 -2.14012E-14 -1.35390E-13  7.51560E-17  1.31205E-16
  1.620E+02  9.75528E-01  4.76374E-15 -8.50163E-14 -2.07618E-14 -1.31700E-13  4.14859E-17  8.73327E-17
  1.625E+02  9.76858E-01  4.98326E-15 -8.37758E-14 -2.01275E-14 -1.28013E-13  3.49810E-17  8.71994E-17
  1.630E+02  9.78152E-01  5.19534E-15 -8.25720E-14 -1.94982E-14 -1.24328E-13  0.00000E+00  4.35351E-17
  1.635E+02  9.79410E-01  5.40021E-15 -8.14043E-14 -1.88736E-14 -1.20645E-13  2.86379E-17  0.00000E+00
  1.640E+02  9.80631E-01  5.59801E-15 -8.02727E-14 -1.82537E-14 -1.16965E-13  1.01369E-16  2.17059E-17
  1.645E+02  9.81815E-01  5.78876E-15 -7.91771E-14 -1.76382E-14 -1.13287E-13  8.78569E-17  0.00000E+00
  1.650E+02  9.82963E-01  5.97243E-15 -7.81177E-14 -1.70270E-14 -1.09611E-13  8.88185E-17  1.08241E-16
  1.655E+02  9.84074E-01  6.14902E-15 -7.70945E-14 -1.64200E-14 -1.05937E-13  1.49619E-16  1.08104E-16
  1.660E+02  9.85148E-01  6.31864E-15 -7.61073E-14 -1.58171E-14 -1.02265E-13  2.11665E-16  6.47832E-17
  1.665E+02  9.86185E-01  6.48150E-15 -7.51558E-14 -1.52181E-14 -9.85957E-14  2.13836E-16  1.72552E-16
  1.670E+02  9.87185E-01  6.63782E-15 -7.42398E-14 -1.46228E-14 -9.49279E-14  2.00550E-16  1.29267E-16
  1.675E+02  9.88148E-01  6.78773E-15 -7.33588E-14 -1.40311E-14 -9.12619E-14  2.18083E-16  8.60838E-17
  1.680E+02  9.89074E-01  6.93125E-15 -7.25130E-14 -1.34429E-14 -8.75977E-14  2.51601E-16  1.07492E-16
  1.685E+02  9.89962E-01  7.06831E-15 -7.17025E-14 -1.28580E-14 -8.39351E-14  2.22176E-16  2.14768E-17
  1.690E+02  9.90814E-01  7.19887E-15 -7.09275E-14 -1.22763E-14 -8.02742E-14  1.60110E-16  2.14561E-17
  1.695E+02  9.91627E-01  7.32298E-15 -7.01879E-14 -1.16976E-14 -7.66148E-14  1.45336E-16  1.28618E-16
  1.700E+02  9.92404E-01  7.44081E-15 -6.94834E-14 -1.11218E-14 -7.29569E-14  8.14099E-17  2.14176E-16
  1.705E+02  9.93143E-01  7.55261E-15 -6.88136E-14 -1.05488E-14 -6.93004E-14  3.28227E-17  3.20996E-16
  1.710E+02  9.93844E-01  7.65849E-15 -6.81783E-14 -9.97838E-15 -6.56452E-14  6.61449E-17  3.84890E-16
  1.715E+02  9.94508E-01  7.75850E-15 -6.75774E-14 -9.41044E-15 -6.19913E-14  4.99691E-17  5.12803E-16
  1.720E+02  9.95134E-01  7.85251E-15 -6.70112E-14 -8.84484E-15 -5.83386E-14  1.00628E-16  6.83255E-16
  1.725E+02  9.95722E-01  7.94042E-15 -6.64800E-14 -8.28142E-15 -5.46870E-14  1.68810E-16  7.89491E-16
  1.730E+02  9.96273E-01  8.02225E-15 -6.59837E-14 -7.72007E-15 -5.10364E-14  2.03818E-16  8.74300E-16
  1.735E+02  9.96786E-01  8.09811E-15 -6.55221E-14 -7.16064E-15 -4.73868E-14  2.39159E-16  9.37732E-16
  1.740E+02  9.97261E-01  8.16827E-15 -6.50948E-14 -6.60298E-15 -4.37382E-14  2.23269E-16  1.04373E-15
  1.745E+02  9.97698E-01  8.23288E-15 -6.47015E-14 -6.04698E-15 -4.00904E-14  2.07120E-16  1.14967E-15
  1.750E+02  9.98097E-01  8.29198E-15 -6.43421E-14 -5.49247E-15 -3.64434E-14  1.90729E-16  1.14916E-15
  1.755E+02  9.98459E-01  8.34543E-15 -6.40169E-14 -4.93933E-15 -3.27970E-14  1.56700E-16  1.10615E-15
  1.760E+02  9.98782E-01  8.39302E-15 -6.37263E-14 -4.38742E-15 -2.91513E-14  1.04857E-16  1.04195E-15
  1.765E+02  9.99067E-01  8.43470E-15 -6.34705E-14 -3.83660E-15 -2.55062E-14  5.26017E-17  8.50302E-16
  1.770E+02  9.99315E-01  8.47052E-15 -6.32493E-14 -3.28674E-15 -2.18615E-14  1.75841E-17  5.31292E-16
  1.775E+02  9.99524E-01  8.50080E-15 -6.30623E-14 -2.73770E-15 -1.82173E-14  1.05761E-16  0.00000E+00
  1.780E+02  9.99695E-01  8.52577E-15 -6.29088E-14 -2.18934E-15 -1.45734E-14  2.11945E-16  1.12586E-15
  1.785E+02  9.99829E-01  8.54559E-15 -6.27887E-14 -1.64153E-15 -1.09298E-14  2.83037E-16  3.20715E-15
  1.790E+02  9.99924E-01  8.56011E-15 -6.27022E-14 -1.09413E-15 -7.28645E-15  3.18777E-16  8.49484E-15
  1.795E+02  9.99981E-01  8.56901E-15 -6.26499E-14 -5.46999E-16 -3.64319E-15  4.25328E-16  3.09404E-14
  1.800E+02  1.00000E+00  8.57227E-15 -6.26323E-14 -7.67598E-30 -5.11263E-29  7.26770E-15  7.28583E-11
