 #  Scattering amplitudes (in cm)      MU=(1-cos(TH))/2
 #  Z =  47,   projectile: electron
 #  Kinetic energy = 3.05000E+06 eV
 #
 # TH (deg)      MU          Re(F)        Im(F)        Re(G)        Im(G)        ERRF         ERRG 
 #-----------------------------------------------------------------------------------------------------------------
  0.000E+00  0.00000E+00  5.91051E-07  6.23530E-08  0.00000E+00  0.00000E+00  5.52260E-09  0.00000E+00
  1.000E-04  7.61557E-13  5.91050E-07  6.23530E-08  4.41779E-13  4.66112E-14  5.52190E-09  3.37338E-08
  1.250E-04  1.18994E-12  5.91049E-07  6.23530E-08  5.52223E-13  5.82640E-14  5.52150E-09  3.37326E-08
  1.500E-04  1.71346E-12  5.91049E-07  6.23530E-08  6.62667E-13  6.99168E-14  5.52102E-09  3.37312E-08
  1.750E-04  2.33225E-12  5.91048E-07  6.23530E-08  7.73110E-13  8.15696E-14  5.52045E-09  3.37294E-08
  2.000E-04  3.04617E-12  5.91047E-07  6.23530E-08  8.83554E-13  9.32224E-14  5.51979E-09  3.37274E-08
  2.250E-04  3.85530E-12  5.91047E-07  6.23530E-08  9.93996E-13  1.04875E-13  5.51904E-09  3.37252E-08
  2.500E-04  4.75964E-12  5.91046E-07  6.23530E-08  1.10444E-12  1.16528E-13  5.51821E-09  3.37227E-08
  2.750E-04  5.75917E-12  5.91045E-07  6.23530E-08  1.21488E-12  1.28181E-13  5.51729E-09  3.37199E-08
  3.000E-04  6.85391E-12  5.91043E-07  6.23530E-08  1.32532E-12  1.39833E-13  5.51628E-09  3.37168E-08
  3.250E-04  8.04379E-12  5.91042E-07  6.23530E-08  1.43576E-12  1.51486E-13  5.51519E-09  3.37135E-08
  3.500E-04  9.32893E-12  5.91041E-07  6.23530E-08  1.54620E-12  1.63139E-13  5.51400E-09  3.37099E-08
  3.750E-04  1.07092E-11  5.91039E-07  6.23529E-08  1.65664E-12  1.74792E-13  5.51273E-09  3.37061E-08
  4.000E-04  1.21847E-11  5.91038E-07  6.23529E-08  1.76708E-12  1.86444E-13  5.51137E-09  3.37020E-08
  4.250E-04  1.37554E-11  5.91036E-07  6.23529E-08  1.87752E-12  1.98097E-13  5.50992E-09  3.36976E-08
  4.500E-04  1.54213E-11  5.91034E-07  6.23529E-08  1.98795E-12  2.09750E-13  5.50839E-09  3.36930E-08
  4.750E-04  1.71823E-11  5.91033E-07  6.23529E-08  2.09839E-12  2.21403E-13  5.50677E-09  3.36881E-08
  5.000E-04  1.90386E-11  5.91031E-07  6.23529E-08  2.20882E-12  2.33055E-13  5.50506E-09  3.36829E-08
  5.250E-04  2.09900E-11  5.91029E-07  6.23529E-08  2.31925E-12  2.44708E-13  5.50326E-09  3.36775E-08
  5.500E-04  2.30367E-11  5.91027E-07  6.23528E-08  2.42969E-12  2.56361E-13  5.50138E-09  3.36718E-08
  5.750E-04  2.51785E-11  5.91024E-07  6.23528E-08  2.54012E-12  2.68013E-13  5.49941E-09  3.36658E-08
  6.000E-04  2.74156E-11  5.91022E-07  6.23528E-08  2.65055E-12  2.79666E-13  5.49735E-09  3.36596E-08
  6.250E-04  2.97478E-11  5.91020E-07  6.23528E-08  2.76098E-12  2.91319E-13  5.49520E-09  3.36531E-08
  6.500E-04  3.21752E-11  5.91017E-07  6.23527E-08  2.87140E-12  3.02971E-13  5.49297E-09  3.36463E-08
  6.750E-04  3.46979E-11  5.91014E-07  6.23527E-08  2.98183E-12  3.14624E-13  5.49065E-09  3.36393E-08
  7.000E-04  3.73157E-11  5.91012E-07  6.23527E-08  3.09225E-12  3.26277E-13  5.48825E-09  3.36320E-08
  7.250E-04  4.00286E-11  5.91009E-07  6.23527E-08  3.20267E-12  3.37929E-13  5.48575E-09  3.36245E-08
  7.500E-04  4.28368E-11  5.91006E-07  6.23526E-08  3.31309E-12  3.49582E-13  5.48317E-09  3.36167E-08
  7.750E-04  4.57402E-11  5.91003E-07  6.23526E-08  3.42351E-12  3.61234E-13  5.48050E-09  3.36086E-08
  8.000E-04  4.87388E-11  5.91000E-07  6.23526E-08  3.53393E-12  3.72887E-13  5.47775E-09  3.36003E-08
  8.250E-04  5.18325E-11  5.90997E-07  6.23526E-08  3.64435E-12  3.84539E-13  5.47491E-09  3.35917E-08
  8.500E-04  5.50215E-11  5.90993E-07  6.23525E-08  3.75476E-12  3.96192E-13  5.47198E-09  3.35828E-08
  8.750E-04  5.83057E-11  5.90990E-07  6.23525E-08  3.86517E-12  4.07844E-13  5.46897E-09  3.35737E-08
  9.000E-04  6.16850E-11  5.90986E-07  6.23525E-08  3.97558E-12  4.19497E-13  5.46587E-09  3.35643E-08
  9.250E-04  6.51595E-11  5.90983E-07  6.23524E-08  4.08599E-12  4.31149E-13  5.46268E-09  3.35547E-08
  9.500E-04  6.87293E-11  5.90979E-07  6.23524E-08  4.19639E-12  4.42802E-13  5.45941E-09  3.35448E-08
  9.750E-04  7.23943E-11  5.90975E-07  6.23524E-08  4.30680E-12  4.54454E-13  5.45605E-09  3.35346E-08
  1.000E-03  7.61544E-11  5.90971E-07  6.23523E-08  4.41720E-12  4.66107E-13  5.45260E-09  3.35241E-08
  1.250E-03  1.18991E-10  5.90927E-07  6.23519E-08  5.52108E-12  5.82630E-13  5.41342E-09  3.34054E-08
  1.500E-03  1.71347E-10  5.90872E-07  6.23515E-08  6.62469E-12  6.99150E-13  5.36571E-09  3.32606E-08
  1.750E-03  2.33223E-10  5.90808E-07  6.23509E-08  7.72796E-12  8.15668E-13  5.30960E-09  3.30901E-08
  2.000E-03  3.04617E-10  5.90734E-07  6.23502E-08  8.83085E-12  9.32182E-13  5.24521E-09  3.28940E-08
  2.250E-03  3.85531E-10  5.90650E-07  6.23495E-08  9.93329E-12  1.04869E-12  5.17269E-09  3.26726E-08
  2.500E-03  4.75965E-10  5.90556E-07  6.23486E-08  1.10352E-11  1.16520E-12  5.09221E-09  3.24264E-08
  2.750E-03  5.75917E-10  5.90452E-07  6.23477E-08  1.21366E-11  1.28170E-12  5.00395E-09  3.21557E-08
  3.000E-03  6.85389E-10  5.90339E-07  6.23467E-08  1.32374E-11  1.39819E-12  4.90813E-09  3.18608E-08
  3.250E-03  8.04380E-10  5.90215E-07  6.23456E-08  1.43375E-11  1.51468E-12  4.80496E-09  3.15423E-08
  3.500E-03  9.32891E-10  5.90082E-07  6.23444E-08  1.54369E-11  1.63116E-12  4.69468E-09  3.12006E-08
  3.750E-03  1.07092E-09  5.89939E-07  6.23431E-08  1.65356E-11  1.74764E-12  4.57756E-09  3.08363E-08
  4.000E-03  1.21847E-09  5.89787E-07  6.23417E-08  1.76334E-11  1.86411E-12  4.45385E-09  3.04499E-08
  4.250E-03  1.37554E-09  5.89624E-07  6.23403E-08  1.87303E-11  1.98057E-12  4.32386E-09  3.00419E-08
  4.500E-03  1.54213E-09  5.89452E-07  6.23387E-08  1.98263E-11  2.09702E-12  4.18787E-09  2.96131E-08
  4.750E-03  1.71823E-09  5.89271E-07  6.23371E-08  2.09213E-11  2.21346E-12  4.04620E-09  2.91640E-08
  5.000E-03  1.90386E-09  5.89079E-07  6.23353E-08  2.20153E-11  2.32990E-12  3.89917E-09  2.86954E-08
  5.250E-03  2.09900E-09  5.88878E-07  6.23335E-08  2.31082E-11  2.44632E-12  3.74714E-09  2.82079E-08
  5.500E-03  2.30367E-09  5.88668E-07  6.23316E-08  2.41999E-11  2.56274E-12  3.59043E-09  2.77023E-08
  5.750E-03  2.51785E-09  5.88448E-07  6.23296E-08  2.52904E-11  2.67914E-12  3.42943E-09  2.71792E-08
  6.000E-03  2.74156E-09  5.88218E-07  6.23276E-08  2.63797E-11  2.79553E-12  3.26448E-09  2.66396E-08
  6.250E-03  2.97478E-09  5.87979E-07  6.23254E-08  2.74677E-11  2.91191E-12  3.09598E-09  2.60842E-08
  6.500E-03  3.21752E-09  5.87730E-07  6.23231E-08  2.85543E-11  3.02827E-12  2.92429E-09  2.55138E-08
  6.750E-03  3.46978E-09  5.87472E-07  6.23208E-08  2.96396E-11  3.14463E-12  2.74983E-09  2.49293E-08
  7.000E-03  3.73156E-09  5.87205E-07  6.23184E-08  3.07234E-11  3.26097E-12  2.57297E-09  2.43315E-08
  7.250E-03  4.00286E-09  5.86928E-07  6.23158E-08  3.18056E-11  3.37730E-12  2.39412E-09  2.37213E-08
  7.500E-03  4.28368E-09  5.86642E-07  6.23132E-08  3.28863E-11  3.49361E-12  2.21369E-09  2.30997E-08
  7.750E-03  4.57402E-09  5.86347E-07  6.23105E-08  3.39654E-11  3.60991E-12  2.03207E-09  2.24674E-08
  8.000E-03  4.87388E-09  5.86043E-07  6.23078E-08  3.50429E-11  3.72619E-12  1.84969E-09  2.18254E-08
  8.250E-03  5.18326E-09  5.85729E-07  6.23049E-08  3.61186E-11  3.84245E-12  1.66693E-09  2.11747E-08
  8.500E-03  5.50215E-09  5.85406E-07  6.23019E-08  3.71926E-11  3.95870E-12  1.48422E-09  2.05161E-08
  8.750E-03  5.83057E-09  5.85074E-07  6.22989E-08  3.82648E-11  4.07494E-12  1.30196E-09  1.98507E-08
  9.000E-03  6.16850E-09  5.84733E-07  6.22957E-08  3.93352E-11  4.19115E-12  1.12055E-09  1.91793E-08
  9.250E-03  6.51596E-09  5.84383E-07  6.22925E-08  4.04037E-11  4.30735E-12  9.40379E-10  1.85030E-08
  9.500E-03  6.87293E-09  5.84025E-07  6.22892E-08  4.14702E-11  4.42353E-12  7.61856E-10  1.78226E-08
  9.750E-03  7.23942E-09  5.83657E-07  6.22858E-08  4.25347E-11  4.53969E-12  5.85363E-10  1.71391E-08
  1.000E-02  7.61544E-09  5.83280E-07  6.22823E-08  4.35972E-11  4.65583E-12  4.11282E-10  1.64534E-08
  1.250E-02  1.18991E-08  5.79041E-07  6.22427E-08  5.41004E-11  5.81609E-12  1.11944E-09  9.68183E-09
  1.500E-02  1.71347E-08  5.73982E-07  6.21944E-08  6.43533E-11  6.97389E-12  2.07142E-09  3.65792E-09
  1.750E-02  2.33223E-08  5.68170E-07  6.21374E-08  7.43187E-11  8.12876E-12  2.29197E-09  9.44929E-10
  2.000E-02  3.04617E-08  5.61679E-07  6.20720E-08  8.39652E-11  9.28022E-12  1.81554E-09  3.75641E-09
  2.250E-02  3.85531E-08  5.54584E-07  6.19981E-08  9.32677E-11  1.04278E-11  8.47882E-10  4.74982E-09
  2.500E-02  4.75965E-08  5.46964E-07  6.19159E-08  1.02207E-10  1.15711E-11  2.93643E-10  4.21383E-09
  2.750E-02  5.75917E-08  5.38899E-07  6.18256E-08  1.10770E-10  1.27097E-11  1.26781E-09  2.66436E-09
  3.000E-02  6.85389E-08  5.30464E-07  6.17271E-08  1.18949E-10  1.38430E-11  1.80165E-09  7.17719E-10
  3.250E-02  8.04380E-08  5.21734E-07  6.16208E-08  1.26740E-10  1.49708E-11  1.76197E-09  1.04598E-09
  3.500E-02  9.32891E-08  5.12776E-07  6.15067E-08  1.34146E-10  1.60925E-11  1.18704E-09  2.19927E-09
  3.750E-02  1.07092E-07  5.03655E-07  6.13850E-08  1.41171E-10  1.72079E-11  2.69731E-10  2.53931E-09
  4.000E-02  1.21847E-07  4.94427E-07  6.12558E-08  1.47824E-10  1.83164E-11  7.02548E-10  2.10234E-09
  4.250E-02  1.37554E-07  4.85144E-07  6.11194E-08  1.54114E-10  1.94179E-11  1.43401E-09  1.12174E-09
  4.500E-02  1.54213E-07  4.75850E-07  6.09759E-08  1.60053E-10  2.05118E-11  1.70773E-09  5.63804E-11
  4.750E-02  1.71823E-07  4.66584E-07  6.08254E-08  1.65656E-10  2.15980E-11  1.44868E-09  1.07609E-09
  5.000E-02  1.90386E-07  4.57379E-07  6.06682E-08  1.70934E-10  2.26759E-11  7.44233E-10  1.66650E-09
  5.250E-02  2.09900E-07  4.48262E-07  6.05045E-08  1.75903E-10  2.37455E-11  1.83832E-10  1.70527E-09
  5.500E-02  2.30367E-07  4.39256E-07  6.03344E-08  1.80577E-10  2.48063E-11  1.04749E-09  1.23702E-09
  5.750E-02  2.51785E-07  4.30378E-07  6.01581E-08  1.84970E-10  2.58581E-11  1.58033E-09  4.45427E-10
  6.000E-02  2.74156E-07  4.21643E-07  5.99759E-08  1.89095E-10  2.69006E-11  1.61877E-09  4.10198E-10
  6.250E-02  2.97478E-07  4.13061E-07  5.97879E-08  1.92965E-10  2.79337E-11  1.15193E-09  1.07404E-09
  6.500E-02  3.21752E-07  4.04640E-07  5.95943E-08  1.96592E-10  2.89570E-11  3.24997E-10  1.36601E-09
  6.750E-02  3.46978E-07  3.96386E-07  5.93953E-08  1.99989E-10  2.99703E-11  6.05214E-10  1.22749E-09
  7.000E-02  3.73156E-07  3.88300E-07  5.91911E-08  2.03166E-10  3.09735E-11  1.34919E-09  7.29676E-10
  7.250E-02  4.00286E-07  3.80386E-07  5.89819E-08  2.06133E-10  3.19663E-11  1.67410E-09  4.43466E-11
  7.500E-02  4.28368E-07  3.72643E-07  5.87678E-08  2.08900E-10  3.29486E-11  1.47624E-09  6.12423E-10
  7.750E-02  4.57402E-07  3.65070E-07  5.85492E-08  2.11476E-10  3.39202E-11  8.14050E-10  1.04599E-09
  8.000E-02  4.87388E-07  3.57665E-07  5.83261E-08  2.13870E-10  3.48810E-11  1.08828E-10  1.13899E-09
  8.250E-02  5.18325E-07  3.50426E-07  5.80987E-08  2.16090E-10  3.58308E-11  1.00571E-09  8.81730E-10
  8.500E-02  5.50215E-07  3.43349E-07  5.78672E-08  2.18143E-10  3.67695E-11  1.59541E-09  3.69459E-10
  8.750E-02  5.83057E-07  3.36433E-07  5.76319E-08  2.20035E-10  3.76971E-11  1.68997E-09  2.30964E-10
  9.000E-02  6.16850E-07  3.29673E-07  5.73928E-08  2.21774E-10  3.86133E-11  1.25434E-09  7.34036E-10
  9.250E-02  6.51596E-07  3.23066E-07  5.71502E-08  2.23366E-10  3.95181E-11  4.19085E-10  9.91733E-10
  9.500E-02  6.87293E-07  3.16607E-07  5.69041E-08  2.24817E-10  4.04115E-11  5.58455E-10  9.36150E-10
  9.750E-02  7.23942E-07  3.10294E-07  5.66549E-08  2.26133E-10  4.12933E-11  1.37307E-09  5.96608E-10
  1.000E-01  7.61543E-07  3.04122E-07  5.64026E-08  2.27318E-10  4.21635E-11  1.76660E-09  8.71048E-11
  1.250E-01  1.18991E-06  2.49435E-07  5.37451E-08  2.33054E-10  5.02215E-11  1.43925E-09  5.42060E-10
  1.500E-01  1.71347E-06  2.05531E-07  5.09365E-08  2.30440E-10  5.71169E-11  4.78792E-10  7.39731E-10
  1.750E-01  2.33223E-06  1.70188E-07  4.80860E-08  2.22618E-10  6.29078E-11  8.88471E-10  6.73626E-10
  2.000E-01  3.04617E-06  1.41734E-07  4.52740E-08  2.11884E-10  6.76909E-11  2.20333E-09  3.85128E-10
  2.250E-01  3.85531E-06  1.18828E-07  4.25568E-08  1.99848E-10  7.15826E-11  2.90065E-09  2.65711E-11
  2.500E-01  4.75964E-06  1.00379E-07  3.99713E-08  1.87579E-10  7.47049E-11  2.53500E-09  4.22540E-10
  2.750E-01  5.75916E-06  8.54905E-08  3.75390E-08  1.75734E-10  7.71756E-11  1.01994E-09  6.64820E-10
  3.000E-01  6.85388E-06  7.34346E-08  3.52697E-08  1.64676E-10  7.91030E-11  1.24148E-09  6.64902E-10
  3.250E-01  8.04378E-06  6.36228E-08  3.31649E-08  1.54563E-10  8.05817E-11  3.43161E-09  4.19297E-10
  3.500E-01  9.32888E-06  5.55844E-08  3.12201E-08  1.45423E-10  8.16925E-11  4.60675E-09  1.49853E-11
  3.750E-01  1.07092E-05  4.89459E-08  2.94272E-08  1.37203E-10  8.25021E-11  4.09745E-09  4.00228E-10
  4.000E-01  1.21846E-05  4.34132E-08  2.77759E-08  1.29808E-10  8.30650E-11  1.84738E-09  6.72103E-10
  4.250E-01  1.37553E-05  3.87565E-08  2.62547E-08  1.23128E-10  8.34242E-11  1.47339E-09  6.98001E-10
  4.500E-01  1.54212E-05  3.47968E-08  2.48522E-08  1.17051E-10  8.36139E-11  4.65731E-09  4.65911E-10
  4.750E-01  1.71822E-05  3.13952E-08  2.35571E-08  1.11477E-10  8.36608E-11  6.39928E-09  5.95233E-11
  5.000E-01  1.90385E-05  2.84446E-08  2.23589E-08  1.06316E-10  8.35858E-11  5.82464E-09  3.72372E-10
  5.250E-01  2.09899E-05  2.58617E-08  2.12480E-08  1.01496E-10  8.34054E-11  2.89377E-09  6.70557E-10
  5.500E-01  2.30365E-05  2.35822E-08  2.02156E-08  9.69575E-11  8.31326E-11  1.49361E-09  7.23925E-10
  5.750E-01  2.51783E-05  2.15560E-08  1.92540E-08  9.26558E-11  8.27784E-11  5.76302E-09  5.10549E-10
  6.000E-01  2.74153E-05  1.97438E-08  1.83565E-08  8.85565E-11  8.23518E-11  8.22522E-09  1.06352E-10
  6.250E-01  2.97475E-05  1.81145E-08  1.75168E-08  8.46345E-11  8.18605E-11  7.73485E-09  3.41835E-10
  6.500E-01  3.21749E-05  1.66434E-08  1.67300E-08  8.08721E-11  8.13115E-11  4.19498E-09  6.69328E-10
  6.750E-01  3.46974E-05  1.53105E-08  1.59912E-08  7.72569E-11  8.07113E-11  1.30562E-09  7.53750E-10
  7.000E-01  3.73152E-05  1.40993E-08  1.52966E-08  7.37803E-11  8.00657E-11  6.80997E-09  5.60520E-10
  7.250E-01  4.00281E-05  1.29961E-08  1.46425E-08  7.04367E-11  7.93804E-11  1.01805E-08  1.56855E-10
  7.500E-01  4.28362E-05  1.19895E-08  1.40258E-08  6.72222E-11  7.86604E-11  9.91954E-09  3.11344E-10
  7.750E-01  4.57395E-05  1.10697E-08  1.34439E-08  6.41339E-11  7.79109E-11  5.81074E-09  6.71946E-10
  8.000E-01  4.87380E-05  1.02281E-08  1.28941E-08  6.11696E-11  7.71364E-11  8.85187E-10  7.89649E-10
  8.250E-01  5.18317E-05  9.45720E-09  1.23743E-08  5.83271E-11  7.63412E-11  7.79671E-09  6.16650E-10
  8.500E-01  5.50205E-05  8.75053E-09  1.18825E-08  5.56043E-11  7.55295E-11  1.22727E-08  2.11932E-10
  8.750E-01  5.83045E-05  8.10219E-09  1.14168E-08  5.29988E-11  7.47050E-11  1.23914E-08  2.78586E-10
  9.000E-01  6.16838E-05  7.50690E-09  1.09756E-08  5.05079E-11  7.38711E-11  7.76511E-09  6.74520E-10
  9.250E-01  6.51582E-05  6.95995E-09  1.05574E-08  4.81288E-11  7.30309E-11  1.89085E-10  8.27295E-10
  9.500E-01  6.87277E-05  6.45705E-09  1.01607E-08  4.58580E-11  7.21872E-11  8.66181E-09  6.75889E-10
  9.750E-01  7.23925E-05  5.99433E-09  9.78417E-09  4.36921E-11  7.13426E-11  1.44361E-08  2.71109E-10
  1.000E+00  7.61524E-05  5.56827E-09  9.42666E-09  4.16272E-11  7.04992E-11  8.95831E-13  1.96282E-12
  1.100E+00  9.21439E-05  4.17079E-09  8.16492E-09  3.42977E-11  6.71732E-11  9.21726E-13  1.37456E-13
  1.200E+00  1.09658E-04  3.15005E-09  7.12838E-09  2.82581E-11  6.39807E-11  6.26217E-13  8.46443E-13
  1.300E+00  1.28695E-04  2.39336E-09  6.26934E-09  2.32583E-11  6.09631E-11  2.23539E-13  1.09064E-12
  1.400E+00  1.49255E-04  1.82359E-09  5.55095E-09  1.90832E-11  5.81331E-11  1.20125E-13  8.55235E-13
  1.500E+00  1.71338E-04  1.38789E-09  4.94477E-09  1.55596E-11  5.54870E-11  3.13609E-13  4.22607E-13
  1.600E+00  1.94942E-04  1.04989E-09  4.42883E-09  1.25531E-11  5.30138E-11  3.41027E-13  1.25445E-14
  1.700E+00  2.20070E-04  7.84306E-10  3.98610E-09  9.96159E-12  5.06994E-11  2.42588E-13  2.50880E-13
  1.800E+00  2.46720E-04  5.73346E-10  3.60334E-09  7.70792E-12  4.85299E-11  8.62455E-14  3.35058E-13
  1.900E+00  2.74892E-04  4.04270E-10  3.27015E-09  5.73372E-12  4.64922E-11  6.00704E-14  2.75081E-13
  2.000E+00  3.04586E-04  2.67804E-10  2.97833E-09  3.99428E-12  4.45747E-11  1.49467E-13  1.38915E-13
  2.100E+00  3.35803E-04  1.57071E-10  2.72133E-09  2.45480E-12  4.27674E-11  1.65248E-13  3.68576E-15
  2.200E+00  3.68542E-04  6.68845E-11  2.49386E-09  1.08766E-12  4.10614E-11  1.19163E-13  1.02791E-13
  2.300E+00  4.02802E-04 -6.73707E-12  2.29163E-09 -1.29490E-13  3.94493E-11  4.07724E-14  1.37718E-13
  2.400E+00  4.38585E-04 -6.68937E-11  2.11112E-09 -1.21512E-12  3.79243E-11  3.58548E-14  1.14721E-13
  2.500E+00  4.75889E-04 -1.16032E-10  1.94939E-09 -2.18476E-12  3.64805E-11  8.43756E-14  5.74537E-14
  2.600E+00  5.14715E-04 -1.56105E-10  1.80401E-09 -3.05165E-12  3.51126E-11  9.33799E-14  5.43330E-15
  2.700E+00  5.55063E-04 -1.88686E-10  1.67293E-09 -3.82723E-12  3.38157E-11  6.72090E-14  5.08170E-14
  2.800E+00  5.96931E-04 -2.15055E-10  1.55438E-09 -4.52146E-12  3.25853E-11  2.16379E-14  6.72916E-14
  2.900E+00  6.40321E-04 -2.36256E-10  1.44690E-09 -5.14307E-12  3.14174E-11  2.37977E-14  5.59881E-14
  3.000E+00  6.85233E-04 -2.53151E-10  1.34920E-09 -5.69977E-12  3.03082E-11  5.28615E-14  2.73694E-14
  3.100E+00  7.31665E-04 -2.66449E-10  1.26017E-09 -6.19838E-12  2.92539E-11  5.80732E-14  4.79103E-15
  3.200E+00  7.79618E-04 -2.76741E-10  1.17888E-09 -6.64493E-12  2.82513E-11  4.13458E-14  2.83409E-14
  3.300E+00  8.29092E-04 -2.84518E-10  1.10447E-09 -7.04479E-12  2.72973E-11  1.23279E-14  3.67710E-14
  3.400E+00  8.80086E-04 -2.90188E-10  1.03625E-09 -7.40273E-12  2.63889E-11  1.68472E-14  3.03273E-14
  3.500E+00  9.32601E-04 -2.94096E-10  9.73553E-10 -7.72301E-12  2.55233E-11  3.54719E-14  1.43333E-14
  3.600E+00  9.86636E-04 -2.96529E-10  9.15841E-10 -8.00941E-12  2.46980E-11  3.84899E-14  3.82780E-15
  3.700E+00  1.04219E-03 -2.97728E-10  8.62619E-10 -8.26530E-12  2.39106E-11  2.71331E-14  1.71056E-14
  3.800E+00  1.09927E-03 -2.97896E-10  8.13451E-10 -8.49370E-12  2.31587E-11  7.22571E-15  2.17227E-14
  3.900E+00  1.15786E-03 -2.97206E-10  7.67954E-10 -8.69729E-12  2.24403E-11  1.24343E-14  1.77165E-14
  4.000E+00  1.21797E-03 -2.95802E-10  7.25787E-10 -8.87847E-12  2.17535E-11  2.49383E-14  7.70914E-15
  4.100E+00  1.27961E-03 -2.93806E-10  6.86646E-10 -9.03941E-12  2.10963E-11  2.66305E-14  2.93137E-15
  4.200E+00  1.34276E-03 -2.91322E-10  6.50260E-10 -9.18201E-12  2.04672E-11  1.84261E-14  1.07796E-14
  4.300E+00  1.40743E-03 -2.88438E-10  6.16386E-10 -9.30801E-12  1.98643E-11  4.36410E-15  1.35346E-14
  4.400E+00  1.47362E-03 -2.85227E-10  5.84809E-10 -9.41895E-12  1.92864E-11  9.51692E-15  1.08939E-14
  4.500E+00  1.54133E-03 -2.81753E-10  5.55334E-10 -9.51622E-12  1.87319E-11  1.80842E-14  4.62364E-15
  4.600E+00  1.61056E-03 -2.78069E-10  5.27786E-10 -9.60106E-12  1.81996E-11  1.90092E-14  2.36777E-15
  4.700E+00  1.68131E-03 -2.74221E-10  5.02006E-10 -9.67460E-12  1.76882E-11  1.28206E-14  7.04853E-15
  4.800E+00  1.75357E-03 -2.70246E-10  4.77854E-10 -9.73785E-12  1.71967E-11  2.90414E-15  8.67936E-15
  4.900E+00  1.82735E-03 -2.66179E-10  4.55201E-10 -9.79173E-12  1.67240E-11  7.31858E-15  6.84080E-15
  5.000E+00  1.90265E-03 -2.62045E-10  4.33929E-10 -9.83705E-12  1.62691E-11  1.33578E-14  2.66070E-15
  5.100E+00  1.97947E-03 -2.57870E-10  4.13935E-10 -9.87456E-12  1.58310E-11  1.39273E-14  1.95865E-15
  5.200E+00  2.05780E-03 -2.53672E-10  3.95121E-10 -9.90494E-12  1.54089E-11  9.22872E-15  4.90995E-15
  5.300E+00  2.13765E-03 -2.49467E-10  3.77401E-10 -9.92880E-12  1.50020E-11  1.62617E-15  5.74476E-15
  5.400E+00  2.21902E-03 -2.45272E-10  3.60695E-10 -9.94670E-12  1.46096E-11  5.80427E-15  4.46829E-15
  5.500E+00  2.30190E-03 -2.41096E-10  3.44930E-10 -9.95913E-12  1.42308E-11  1.03017E-14  1.67749E-15
  5.600E+00  2.38630E-03 -2.36950E-10  3.30041E-10 -9.96656E-12  1.38652E-11  1.04134E-14  1.40572E-15
  5.700E+00  2.47222E-03 -2.32843E-10  3.15966E-10 -9.96941E-12  1.35120E-11  6.77339E-15  3.38890E-15
  5.800E+00  2.55965E-03 -2.28780E-10  3.02650E-10 -9.96806E-12  1.31706E-11  9.01624E-16  4.18564E-15
  5.900E+00  2.64859E-03 -2.24768E-10  2.90041E-10 -9.96286E-12  1.28405E-11  4.89744E-15  3.28353E-15
  6.000E+00  2.73905E-03 -2.20811E-10  2.78094E-10 -9.95412E-12  1.25212E-11  7.99185E-15  1.34206E-15
  6.100E+00  2.83103E-03 -2.16914E-10  2.66764E-10 -9.94214E-12  1.22122E-11  7.72630E-15  9.43468E-16
  6.200E+00  2.92452E-03 -2.13077E-10  2.56012E-10 -9.92718E-12  1.19131E-11  5.01523E-15  2.39526E-15
  6.300E+00  3.01952E-03 -2.09305E-10  2.45801E-10 -9.90949E-12  1.16234E-11  3.80693E-16  2.64893E-15
  6.400E+00  3.11604E-03 -2.05599E-10  2.36097E-10 -9.88930E-12  1.13426E-11  3.87064E-15  2.13717E-15
  6.500E+00  3.21407E-03 -2.01960E-10  2.26869E-10 -9.86681E-12  1.10705E-11  6.33910E-15  6.21052E-16
  6.600E+00  3.31362E-03 -1.98388E-10  2.18089E-10 -9.84221E-12  1.08066E-11  6.05779E-15  6.01873E-16
  6.700E+00  3.41468E-03 -1.94885E-10  2.09728E-10 -9.81568E-12  1.05507E-11  3.77641E-15  1.75068E-15
  6.800E+00  3.51725E-03 -1.91449E-10  2.01762E-10 -9.78738E-12  1.03023E-11  1.62834E-16  2.07556E-15
  6.900E+00  3.62133E-03 -1.88083E-10  1.94169E-10 -9.75746E-12  1.00612E-11  3.08192E-15  1.37333E-15
  7.000E+00  3.72692E-03 -1.84784E-10  1.86925E-10 -9.72605E-12  9.82704E-12  5.06441E-15  3.55548E-16
  7.100E+00  3.83403E-03 -1.81552E-10  1.80013E-10 -9.69328E-12  9.59962E-12  4.91970E-15  4.31664E-16
  7.200E+00  3.94265E-03 -1.78388E-10  1.73412E-10 -9.65927E-12  9.37864E-12  3.04250E-15  1.09052E-15
  7.300E+00  4.05278E-03 -1.75290E-10  1.67105E-10 -9.62413E-12  9.16386E-12  1.40854E-16  1.38619E-15
  7.400E+00  4.16442E-03 -1.72256E-10  1.61077E-10 -9.58796E-12  8.95504E-12  2.60285E-15  7.92914E-16
  7.500E+00  4.27757E-03 -1.69287E-10  1.55311E-10 -9.55085E-12  8.75195E-12  3.86528E-15  6.17063E-16
  7.600E+00  4.39223E-03 -1.66382E-10  1.49795E-10 -9.51288E-12  8.55438E-12  3.89180E-15  4.50362E-16
  7.700E+00  4.50840E-03 -1.63538E-10  1.44514E-10 -9.47415E-12  8.36213E-12  2.39985E-15  1.02297E-15
  7.800E+00  4.62608E-03 -1.60756E-10  1.39457E-10 -9.43471E-12  8.17500E-12  2.46043E-16  1.13849E-15
  7.900E+00  4.74527E-03 -1.58033E-10  1.34611E-10 -9.39465E-12  7.99281E-12  2.15750E-15  5.54523E-16
  8.000E+00  4.86597E-03 -1.55370E-10  1.29966E-10 -9.35402E-12  7.81539E-12  3.03733E-15  4.05268E-16
  8.100E+00  4.98817E-03 -1.52763E-10  1.25511E-10 -9.31288E-12  7.64255E-12  2.84733E-15  5.26723E-16
  8.200E+00  5.11188E-03 -1.50213E-10  1.21238E-10 -9.27130E-12  7.47415E-12  1.44396E-15  5.13592E-16
  8.300E+00  5.23711E-03 -1.47719E-10  1.17137E-10 -9.22931E-12  7.31003E-12  3.25073E-16  7.51411E-16
  8.400E+00  5.36383E-03 -1.45278E-10  1.13199E-10 -9.18698E-12  7.15004E-12  1.69183E-15  1.22186E-16
  8.500E+00  5.49207E-03 -1.42889E-10  1.09416E-10 -9.14433E-12  6.99405E-12  2.37392E-15  2.38493E-16
  8.600E+00  5.62181E-03 -1.40553E-10  1.05782E-10 -9.10142E-12  6.84192E-12  2.11634E-15  4.65640E-16
  8.700E+00  5.75306E-03 -1.38266E-10  1.02288E-10 -9.05829E-12  6.69352E-12  1.08269E-15  4.54690E-16
  8.800E+00  5.88581E-03 -1.36029E-10  9.89291E-11 -9.01496E-12  6.54874E-12  2.88468E-16  4.44117E-16
  8.900E+00  6.02007E-03 -1.33840E-10  9.56979E-11 -8.97147E-12  6.40744E-12  1.40944E-15  2.16952E-16
  9.000E+00  6.15583E-03 -1.31697E-10  9.25888E-11 -8.92786E-12  6.26953E-12  1.92871E-15  2.12018E-16
  9.100E+00  6.29310E-03 -1.29600E-10  8.95961E-11 -8.88415E-12  6.13488E-12  1.97548E-15  3.10872E-16
  9.200E+00  6.43187E-03 -1.27548E-10  8.67145E-11 -8.84036E-12  6.00341E-12  1.22938E-15  2.02635E-16
  9.300E+00  6.57214E-03 -1.25539E-10  8.39391E-11 -8.79653E-12  5.87500E-12  3.43585E-16  2.97260E-16
  9.400E+00  6.71392E-03 -1.23573E-10  8.12651E-11 -8.75268E-12  5.74957E-12  1.34466E-15  9.69274E-17
  9.500E+00  6.85720E-03 -1.21649E-10  7.86879E-11 -8.70882E-12  5.62703E-12  1.80939E-15  9.48372E-17
  9.600E+00  7.00198E-03 -1.19764E-10  7.62034E-11 -8.66499E-12  5.50727E-12  1.44910E-15  3.71252E-16
  9.700E+00  7.14827E-03 -1.17919E-10  7.38075E-11 -8.62119E-12  5.39023E-12  7.88208E-16  3.63409E-16
  9.800E+00  7.29605E-03 -1.16113E-10  7.14964E-11 -8.57744E-12  5.27582E-12  3.08752E-16  3.55808E-16
  9.900E+00  7.44534E-03 -1.14344E-10  6.92665E-11 -8.53377E-12  5.16396E-12  1.05847E-15  3.48440E-16
  1.000E+01  7.59612E-03 -1.12612E-10  6.71143E-11 -8.49018E-12  5.05457E-12  1.48140E-15  1.70648E-16
  1.025E+01  7.97965E-03 -1.08435E-10  6.20528E-11 -8.38168E-12  4.79148E-12  1.40861E-15  1.62178E-16
  1.050E+01  8.37255E-03 -1.04468E-10  5.74102E-11 -8.27400E-12  4.54235E-12  1.34102E-15  1.54316E-16
  1.075E+01  8.77480E-03 -1.00698E-10  5.31455E-11 -8.16728E-12  4.30623E-12  1.02253E-15  2.94008E-16
  1.100E+01  9.18641E-03 -9.71134E-11  4.92221E-11 -8.06168E-12  4.08223E-12  9.75687E-16  2.80386E-16
  1.125E+01  9.60736E-03 -9.37025E-11  4.56076E-11 -7.95728E-12  3.86955E-12  8.15478E-16  4.01516E-16
  1.150E+01  1.00376E-02 -9.04551E-11  4.22732E-11 -7.85418E-12  3.66745E-12  6.68343E-16  1.27900E-16
  1.175E+01  1.04773E-02 -8.73618E-11  3.91935E-11 -7.75245E-12  3.47524E-12  6.39668E-16  1.22343E-16
  1.200E+01  1.09262E-02 -8.44134E-11  3.63454E-11 -7.65214E-12  3.29231E-12  6.12792E-16  1.17136E-16
  1.225E+01  1.13844E-02 -8.16015E-11  3.37086E-11 -7.55329E-12  3.11808E-12  0.00000E+00  1.12249E-16
  1.250E+01  1.18520E-02 -7.89182E-11  3.12647E-11 -7.45593E-12  2.95202E-12  0.00000E+00  1.07657E-16
  1.275E+01  1.23288E-02 -7.63562E-11  2.89971E-11 -7.36009E-12  2.79363E-12  0.00000E+00  0.00000E+00
  1.300E+01  1.28150E-02 -7.39087E-11  2.68910E-11 -7.26578E-12  2.64247E-12  0.00000E+00  1.98535E-16
  1.325E+01  1.33104E-02 -7.15691E-11  2.49331E-11 -7.17299E-12  2.49811E-12  0.00000E+00  0.00000E+00
  1.350E+01  1.38150E-02 -6.93316E-11  2.31113E-11 -7.08175E-12  2.36017E-12  0.00000E+00  0.00000E+00
  1.375E+01  1.43290E-02 -6.71905E-11  2.14146E-11 -6.99203E-12  2.22827E-12  0.00000E+00  0.00000E+00
  1.400E+01  1.48521E-02 -6.51405E-11  1.98330E-11 -6.90384E-12  2.10210E-12  0.00000E+00  0.00000E+00
  1.425E+01  1.53845E-02 -6.31768E-11  1.83577E-11 -6.81716E-12  1.98132E-12  0.00000E+00  0.00000E+00
  1.450E+01  1.59262E-02 -6.12947E-11  1.69804E-11 -6.73198E-12  1.86565E-12  0.00000E+00  0.00000E+00
  1.475E+01  1.64770E-02 -5.94900E-11  1.56936E-11 -6.64828E-12  1.75483E-12  0.00000E+00  0.00000E+00
  1.500E+01  1.70371E-02 -5.77586E-11  1.44905E-11 -6.56604E-12  1.64858E-12  0.00000E+00  0.00000E+00
  1.525E+01  1.76063E-02 -5.60967E-11  1.33651E-11 -6.48525E-12  1.54668E-12  0.00000E+00  1.42617E-16
  1.550E+01  1.81848E-02 -5.45008E-11  1.23114E-11 -6.40588E-12  1.44891E-12  0.00000E+00  1.37883E-16
  1.575E+01  1.87724E-02 -5.29675E-11  1.13245E-11 -6.32791E-12  1.35505E-12  0.00000E+00  0.00000E+00
  1.600E+01  1.93692E-02 -5.14938E-11  1.03995E-11 -6.25132E-12  1.26491E-12  0.00000E+00  0.00000E+00
  1.625E+01  1.99751E-02 -5.00766E-11  9.53209E-12 -6.17608E-12  1.17830E-12  0.00000E+00  0.00000E+00
  1.650E+01  2.05901E-02 -4.87133E-11  8.71820E-12 -6.10216E-12  1.09506E-12  0.00000E+00  0.00000E+00
  1.675E+01  2.12143E-02 -4.74011E-11  7.95418E-12 -6.02956E-12  1.01503E-12  0.00000E+00  0.00000E+00
  1.700E+01  2.18476E-02 -4.61376E-11  7.23662E-12 -5.95823E-12  9.38038E-13  0.00000E+00  0.00000E+00
  1.725E+01  2.24900E-02 -4.49206E-11  6.56239E-12 -5.88815E-12  8.63959E-13  0.00000E+00  0.00000E+00
  1.750E+01  2.31415E-02 -4.37478E-11  5.92862E-12 -5.81931E-12  7.92653E-13  0.00000E+00  0.00000E+00
  1.775E+01  2.38021E-02 -4.26172E-11  5.33262E-12 -5.75167E-12  7.23992E-13  0.00000E+00  0.00000E+00
  1.800E+01  2.44717E-02 -4.15268E-11  4.77194E-12 -5.68520E-12  6.57858E-13  0.00000E+00  0.00000E+00
  1.825E+01  2.51504E-02 -4.04749E-11  4.24430E-12 -5.61990E-12  5.94136E-13  0.00000E+00  0.00000E+00
  1.850E+01  2.58382E-02 -3.94596E-11  3.74758E-12 -5.55573E-12  5.32719E-13  0.00000E+00  0.00000E+00
  1.875E+01  2.65349E-02 -3.84793E-11  3.27983E-12 -5.49266E-12  4.73508E-13  0.00000E+00  0.00000E+00
  1.900E+01  2.72407E-02 -3.75325E-11  2.83923E-12 -5.43068E-12  4.16405E-13  0.00000E+00  0.00000E+00
  1.925E+01  2.79555E-02 -3.66177E-11  2.42409E-12 -5.36976E-12  3.61321E-13  0.00000E+00  0.00000E+00
  1.950E+01  2.86793E-02 -3.57336E-11  2.03284E-12 -5.30987E-12  3.08170E-13  0.00000E+00  0.00000E+00
  1.975E+01  2.94120E-02 -3.48787E-11  1.66404E-12 -5.25101E-12  2.56870E-13  0.00000E+00  0.00000E+00
  2.000E+01  3.01537E-02 -3.40520E-11  1.31631E-12 -5.19314E-12  2.07345E-13  0.00000E+00  0.00000E+00
  2.025E+01  3.09043E-02 -3.32521E-11  9.88396E-13 -5.13624E-12  1.59522E-13  0.00000E+00  0.00000E+00
  2.050E+01  3.16639E-02 -3.24780E-11  6.79126E-13 -5.08029E-12  1.13331E-13  0.00000E+00  0.00000E+00
  2.075E+01  3.24324E-02 -3.17285E-11  3.87397E-13 -5.02527E-12  6.87057E-14  0.00000E+00  0.00000E+00
  2.100E+01  3.32098E-02 -3.10028E-11  1.12187E-13 -4.97116E-12  2.55843E-14  0.00000E+00  0.00000E+00
  2.125E+01  3.39961E-02 -3.02998E-11 -1.47465E-13 -4.91795E-12 -1.60930E-14  0.00000E+00  0.00000E+00
  2.150E+01  3.47912E-02 -2.96185E-11 -3.92451E-13 -4.86560E-12 -5.63828E-14  0.00000E+00  0.00000E+00
  2.175E+01  3.55952E-02 -2.89583E-11 -6.23609E-13 -4.81411E-12 -9.53391E-14  0.00000E+00  0.00000E+00
  2.200E+01  3.64081E-02 -2.83181E-11 -8.41723E-13 -4.76345E-12 -1.33013E-13  0.00000E+00  0.00000E+00
  2.225E+01  3.72297E-02 -2.76973E-11 -1.04753E-12 -4.71361E-12 -1.69454E-13  0.00000E+00  0.00000E+00
  2.250E+01  3.80602E-02 -2.70950E-11 -1.24171E-12 -4.66456E-12 -2.04708E-13  0.00000E+00  0.00000E+00
  2.275E+01  3.88995E-02 -2.65106E-11 -1.42491E-12 -4.61630E-12 -2.38820E-13  0.00000E+00  0.00000E+00
  2.300E+01  3.97476E-02 -2.59434E-11 -1.59774E-12 -4.56880E-12 -2.71833E-13  0.00000E+00  0.00000E+00
  2.325E+01  4.06044E-02 -2.53927E-11 -1.76077E-12 -4.52205E-12 -3.03786E-13  0.00000E+00  0.00000E+00
  2.350E+01  4.14700E-02 -2.48579E-11 -1.91453E-12 -4.47604E-12 -3.34719E-13  0.00000E+00  0.00000E+00
  2.375E+01  4.23443E-02 -2.43384E-11 -2.05951E-12 -4.43073E-12 -3.64668E-13  0.00000E+00  0.00000E+00
  2.400E+01  4.32273E-02 -2.38337E-11 -2.19620E-12 -4.38613E-12 -3.93669E-13  0.00000E+00  0.00000E+00
  2.425E+01  4.41190E-02 -2.33433E-11 -2.32503E-12 -4.34222E-12 -4.21756E-13  0.00000E+00  0.00000E+00
  2.450E+01  4.50194E-02 -2.28665E-11 -2.44641E-12 -4.29898E-12 -4.48960E-13  0.00000E+00  0.00000E+00
  2.475E+01  4.59284E-02 -2.24029E-11 -2.56075E-12 -4.25640E-12 -4.75314E-13  0.00000E+00  0.00000E+00
  2.500E+01  4.68461E-02 -2.19521E-11 -2.66841E-12 -4.21446E-12 -5.00845E-13  0.00000E+00  0.00000E+00
  2.550E+01  4.87074E-02 -2.10869E-11 -2.86506E-12 -4.13246E-12 -5.49556E-13  0.00000E+00  0.00000E+00
  2.600E+01  5.06030E-02 -2.02676E-11 -3.03893E-12 -4.05288E-12 -5.95305E-13  0.00000E+00  0.00000E+00
  2.650E+01  5.25328E-02 -1.94909E-11 -3.19228E-12 -3.97562E-12 -6.38287E-13  0.00000E+00  0.00000E+00
  2.700E+01  5.44967E-02 -1.87541E-11 -3.32717E-12 -3.90060E-12 -6.78684E-13  0.00000E+00  0.00000E+00
  2.750E+01  5.64946E-02 -1.80546E-11 -3.44539E-12 -3.82771E-12 -7.16660E-13  0.00000E+00  0.00000E+00
  2.800E+01  5.85262E-02 -1.73900E-11 -3.54858E-12 -3.75687E-12 -7.52370E-13  0.00000E+00  0.00000E+00
  2.850E+01  6.05914E-02 -1.67581E-11 -3.63818E-12 -3.68801E-12 -7.85953E-13  0.00000E+00  0.00000E+00
  2.900E+01  6.26901E-02 -1.61567E-11 -3.71549E-12 -3.62105E-12 -8.17542E-13  0.00000E+00  0.00000E+00
  2.950E+01  6.48222E-02 -1.55841E-11 -3.78170E-12 -3.55591E-12 -8.47257E-13  0.00000E+00  0.00000E+00
  3.000E+01  6.69873E-02 -1.50384E-11 -3.83786E-12 -3.49253E-12 -8.75210E-13  0.00000E+00  0.00000E+00
  3.050E+01  6.91854E-02 -1.45181E-11 -3.88492E-12 -3.43084E-12 -9.01506E-13  0.00000E+00  0.00000E+00
  3.100E+01  7.14163E-02 -1.40217E-11 -3.92375E-12 -3.37077E-12 -9.26242E-13  0.00000E+00  0.00000E+00
  3.150E+01  7.36799E-02 -1.35477E-11 -3.95512E-12 -3.31227E-12 -9.49508E-13  0.00000E+00  0.00000E+00
  3.200E+01  7.59760E-02 -1.30949E-11 -3.97971E-12 -3.25528E-12 -9.71387E-13  0.00000E+00  0.00000E+00
  3.250E+01  7.83043E-02 -1.26620E-11 -3.99818E-12 -3.19974E-12 -9.91959E-13  0.00000E+00  0.00000E+00
  3.300E+01  8.06647E-02 -1.22480E-11 -4.01109E-12 -3.14560E-12 -1.01130E-12  0.00000E+00  0.00000E+00
  3.350E+01  8.30571E-02 -1.18518E-11 -4.01896E-12 -3.09282E-12 -1.02946E-12  0.00000E+00  0.00000E+00
  3.400E+01  8.54812E-02 -1.14725E-11 -4.02227E-12 -3.04134E-12 -1.04653E-12  0.00000E+00  0.00000E+00
  3.450E+01  8.79369E-02 -1.11091E-11 -4.02146E-12 -2.99112E-12 -1.06255E-12  0.00000E+00  0.00000E+00
  3.500E+01  9.04240E-02 -1.07607E-11 -4.01690E-12 -2.94212E-12 -1.07759E-12  0.00000E+00  0.00000E+00
  3.550E+01  9.29422E-02 -1.04266E-11 -4.00895E-12 -2.89429E-12 -1.09169E-12  0.00000E+00  0.00000E+00
  3.600E+01  9.54915E-02 -1.01061E-11 -3.99793E-12 -2.84759E-12 -1.10490E-12  0.00000E+00  0.00000E+00
  3.650E+01  9.80716E-02 -9.79836E-12 -3.98415E-12 -2.80199E-12 -1.11727E-12  0.00000E+00  0.00000E+00
  3.700E+01  1.00682E-01 -9.50284E-12 -3.96786E-12 -2.75746E-12 -1.12885E-12  0.00000E+00  0.00000E+00
  3.750E+01  1.03323E-01 -9.21890E-12 -3.94932E-12 -2.71395E-12 -1.13966E-12  0.00000E+00  0.00000E+00
  3.800E+01  1.05995E-01 -8.94596E-12 -3.92875E-12 -2.67143E-12 -1.14976E-12  0.00000E+00  0.00000E+00
  3.850E+01  1.08696E-01 -8.68348E-12 -3.90634E-12 -2.62987E-12 -1.15918E-12  0.00000E+00  0.00000E+00
  3.900E+01  1.11427E-01 -8.43095E-12 -3.88230E-12 -2.58924E-12 -1.16794E-12  0.00000E+00  0.00000E+00
  3.950E+01  1.14188E-01 -8.18790E-12 -3.85677E-12 -2.54951E-12 -1.17609E-12  0.00000E+00  0.00000E+00
  4.000E+01  1.16978E-01 -7.95387E-12 -3.82993E-12 -2.51066E-12 -1.18365E-12  0.00000E+00  0.00000E+00
  4.050E+01  1.19797E-01 -7.72844E-12 -3.80192E-12 -2.47265E-12 -1.19065E-12  0.00000E+00  0.00000E+00
  4.100E+01  1.22645E-01 -7.51122E-12 -3.77286E-12 -2.43546E-12 -1.19712E-12  0.00000E+00  0.00000E+00
  4.150E+01  1.25522E-01 -7.30182E-12 -3.74289E-12 -2.39906E-12 -1.20308E-12  0.00000E+00  0.00000E+00
  4.200E+01  1.28428E-01 -7.09989E-12 -3.71209E-12 -2.36343E-12 -1.20856E-12  0.00000E+00  0.00000E+00
  4.250E+01  1.31361E-01 -6.90509E-12 -3.68058E-12 -2.32855E-12 -1.21358E-12  0.00000E+00  0.00000E+00
  4.300E+01  1.34323E-01 -6.71710E-12 -3.64845E-12 -2.29440E-12 -1.21816E-12  0.00000E+00  0.00000E+00
  4.350E+01  1.37313E-01 -6.53562E-12 -3.61577E-12 -2.26095E-12 -1.22232E-12  0.00000E+00  0.00000E+00
  4.400E+01  1.40330E-01 -6.36038E-12 -3.58262E-12 -2.22819E-12 -1.22608E-12  0.00000E+00  0.00000E+00
  4.450E+01  1.43375E-01 -6.19109E-12 -3.54909E-12 -2.19608E-12 -1.22946E-12  0.00000E+00  0.00000E+00
  4.500E+01  1.46447E-01 -6.02751E-12 -3.51524E-12 -2.16463E-12 -1.23247E-12  0.00000E+00  0.00000E+00
  4.550E+01  1.49545E-01 -5.86940E-12 -3.48111E-12 -2.13380E-12 -1.23514E-12  0.00000E+00  0.00000E+00
  4.600E+01  1.52671E-01 -5.71651E-12 -3.44676E-12 -2.10358E-12 -1.23747E-12  0.00000E+00  0.00000E+00
  4.650E+01  1.55823E-01 -5.56864E-12 -3.41225E-12 -2.07395E-12 -1.23948E-12  0.00000E+00  0.00000E+00
  4.700E+01  1.59001E-01 -5.42557E-12 -3.37762E-12 -2.04489E-12 -1.24119E-12  0.00000E+00  0.00000E+00
  4.750E+01  1.62205E-01 -5.28712E-12 -3.34290E-12 -2.01640E-12 -1.24261E-12  0.00000E+00  0.00000E+00
  4.800E+01  1.65435E-01 -5.15309E-12 -3.30815E-12 -1.98845E-12 -1.24376E-12  0.00000E+00  0.00000E+00
  4.850E+01  1.68690E-01 -5.02331E-12 -3.27339E-12 -1.96103E-12 -1.24463E-12  0.00000E+00  0.00000E+00
  4.900E+01  1.71970E-01 -4.89761E-12 -3.23866E-12 -1.93413E-12 -1.24525E-12  0.00000E+00  0.00000E+00
  4.950E+01  1.75276E-01 -4.77583E-12 -3.20398E-12 -1.90773E-12 -1.24563E-12  0.00000E+00  0.00000E+00
  5.000E+01  1.78606E-01 -4.65781E-12 -3.16937E-12 -1.88182E-12 -1.24577E-12  0.00000E+00  0.00000E+00
  5.050E+01  1.81961E-01 -4.54341E-12 -3.13487E-12 -1.85639E-12 -1.24569E-12  0.00000E+00  0.00000E+00
  5.100E+01  1.85340E-01 -4.43249E-12 -3.10049E-12 -1.83142E-12 -1.24539E-12  0.00000E+00  0.00000E+00
  5.150E+01  1.88743E-01 -4.32492E-12 -3.06627E-12 -1.80690E-12 -1.24489E-12  0.00000E+00  0.00000E+00
  5.200E+01  1.92169E-01 -4.22057E-12 -3.03220E-12 -1.78282E-12 -1.24419E-12  0.00000E+00  0.00000E+00
  5.250E+01  1.95619E-01 -4.11932E-12 -2.99832E-12 -1.75918E-12 -1.24331E-12  0.00000E+00  0.00000E+00
  5.300E+01  1.99092E-01 -4.02106E-12 -2.96463E-12 -1.73595E-12 -1.24224E-12  0.00000E+00  0.00000E+00
  5.350E+01  2.02589E-01 -3.92567E-12 -2.93115E-12 -1.71313E-12 -1.24100E-12  0.00000E+00  0.00000E+00
  5.400E+01  2.06107E-01 -3.83306E-12 -2.89788E-12 -1.69070E-12 -1.23959E-12  0.00000E+00  0.00000E+00
  5.450E+01  2.09649E-01 -3.74311E-12 -2.86485E-12 -1.66867E-12 -1.23802E-12  0.00000E+00  0.00000E+00
  5.500E+01  2.13212E-01 -3.65574E-12 -2.83205E-12 -1.64702E-12 -1.23630E-12  0.00000E+00  0.00000E+00
  5.550E+01  2.16797E-01 -3.57086E-12 -2.79951E-12 -1.62573E-12 -1.23443E-12  0.00000E+00  0.00000E+00
  5.600E+01  2.20404E-01 -3.48837E-12 -2.76723E-12 -1.60481E-12 -1.23242E-12  0.00000E+00  0.00000E+00
  5.650E+01  2.24032E-01 -3.40819E-12 -2.73520E-12 -1.58424E-12 -1.23028E-12  0.00000E+00  0.00000E+00
  5.700E+01  2.27680E-01 -3.33025E-12 -2.70345E-12 -1.56401E-12 -1.22801E-12  0.00000E+00  0.00000E+00
  5.750E+01  2.31350E-01 -3.25445E-12 -2.67196E-12 -1.54412E-12 -1.22561E-12  0.00000E+00  0.00000E+00
  5.800E+01  2.35040E-01 -3.18073E-12 -2.64076E-12 -1.52456E-12 -1.22309E-12  0.00000E+00  0.00000E+00
  5.850E+01  2.38751E-01 -3.10903E-12 -2.60984E-12 -1.50532E-12 -1.22045E-12  0.00000E+00  0.00000E+00
  5.900E+01  2.42481E-01 -3.03927E-12 -2.57921E-12 -1.48639E-12 -1.21771E-12  0.00000E+00  0.00000E+00
  5.950E+01  2.46231E-01 -2.97139E-12 -2.54887E-12 -1.46777E-12 -1.21486E-12  0.00000E+00  0.00000E+00
  6.000E+01  2.50000E-01 -2.90532E-12 -2.51882E-12 -1.44945E-12 -1.21190E-12  0.00000E+00  0.00000E+00
  6.050E+01  2.53788E-01 -2.84100E-12 -2.48906E-12 -1.43142E-12 -1.20885E-12  0.00000E+00  0.00000E+00
  6.100E+01  2.57595E-01 -2.77838E-12 -2.45960E-12 -1.41368E-12 -1.20570E-12  0.00000E+00  0.00000E+00
  6.150E+01  2.61421E-01 -2.71740E-12 -2.43043E-12 -1.39622E-12 -1.20247E-12  0.00000E+00  0.00000E+00
  6.200E+01  2.65264E-01 -2.65800E-12 -2.40156E-12 -1.37903E-12 -1.19914E-12  0.00000E+00  0.00000E+00
  6.250E+01  2.69126E-01 -2.60015E-12 -2.37299E-12 -1.36211E-12 -1.19574E-12  0.00000E+00  0.00000E+00
  6.300E+01  2.73005E-01 -2.54379E-12 -2.34471E-12 -1.34545E-12 -1.19225E-12  0.00000E+00  0.00000E+00
  6.350E+01  2.76901E-01 -2.48887E-12 -2.31673E-12 -1.32904E-12 -1.18868E-12  0.00000E+00  0.00000E+00
  6.400E+01  2.80814E-01 -2.43534E-12 -2.28905E-12 -1.31289E-12 -1.18504E-12  0.00000E+00  0.00000E+00
  6.450E+01  2.84744E-01 -2.38316E-12 -2.26166E-12 -1.29699E-12 -1.18133E-12  0.00000E+00  0.00000E+00
  6.500E+01  2.88691E-01 -2.33230E-12 -2.23456E-12 -1.28132E-12 -1.17755E-12  0.00000E+00  0.00000E+00
  6.550E+01  2.92653E-01 -2.28270E-12 -2.20776E-12 -1.26589E-12 -1.17371E-12  0.00000E+00  0.00000E+00
  6.600E+01  2.96632E-01 -2.23434E-12 -2.18125E-12 -1.25069E-12 -1.16980E-12  0.00000E+00  0.00000E+00
  6.650E+01  3.00625E-01 -2.18717E-12 -2.15503E-12 -1.23571E-12 -1.16583E-12  0.00000E+00  0.00000E+00
  6.700E+01  3.04634E-01 -2.14117E-12 -2.12911E-12 -1.22096E-12 -1.16180E-12  0.00000E+00  0.00000E+00
  6.750E+01  3.08658E-01 -2.09628E-12 -2.10346E-12 -1.20642E-12 -1.15771E-12  0.00000E+00  0.00000E+00
  6.800E+01  3.12697E-01 -2.05248E-12 -2.07811E-12 -1.19209E-12 -1.15357E-12  0.00000E+00  0.00000E+00
  6.850E+01  3.16749E-01 -2.00974E-12 -2.05303E-12 -1.17797E-12 -1.14938E-12  0.00000E+00  0.00000E+00
  6.900E+01  3.20816E-01 -1.96802E-12 -2.02824E-12 -1.16406E-12 -1.14514E-12  0.00000E+00  0.00000E+00
  6.950E+01  3.24896E-01 -1.92730E-12 -2.00373E-12 -1.15034E-12 -1.14085E-12  0.00000E+00  0.00000E+00
  7.000E+01  3.28990E-01 -1.88755E-12 -1.97950E-12 -1.13682E-12 -1.13651E-12  0.00000E+00  0.00000E+00
  7.050E+01  3.33097E-01 -1.84875E-12 -1.95554E-12 -1.12349E-12 -1.13213E-12  0.00000E+00  0.00000E+00
  7.100E+01  3.37216E-01 -1.81085E-12 -1.93185E-12 -1.11035E-12 -1.12770E-12  0.00000E+00  0.00000E+00
  7.150E+01  3.41348E-01 -1.77383E-12 -1.90843E-12 -1.09739E-12 -1.12324E-12  0.00000E+00  0.00000E+00
  7.200E+01  3.45492E-01 -1.73767E-12 -1.88528E-12 -1.08462E-12 -1.11873E-12  0.00000E+00  0.00000E+00
  7.250E+01  3.49647E-01 -1.70236E-12 -1.86240E-12 -1.07202E-12 -1.11419E-12  0.00000E+00  0.00000E+00
  7.300E+01  3.53814E-01 -1.66786E-12 -1.83978E-12 -1.05959E-12 -1.10961E-12  0.00000E+00  0.00000E+00
  7.350E+01  3.57992E-01 -1.63415E-12 -1.81742E-12 -1.04734E-12 -1.10499E-12  0.00000E+00  0.00000E+00
  7.400E+01  3.62181E-01 -1.60121E-12 -1.79532E-12 -1.03525E-12 -1.10034E-12  0.00000E+00  0.00000E+00
  7.450E+01  3.66381E-01 -1.56901E-12 -1.77347E-12 -1.02333E-12 -1.09566E-12  0.00000E+00  0.00000E+00
  7.500E+01  3.70590E-01 -1.53754E-12 -1.75187E-12 -1.01156E-12 -1.09095E-12  0.00000E+00  0.00000E+00
  7.550E+01  3.74810E-01 -1.50678E-12 -1.73052E-12 -9.99959E-13 -1.08620E-12  0.00000E+00  0.00000E+00
  7.600E+01  3.79039E-01 -1.47671E-12 -1.70943E-12 -9.88509E-13 -1.08143E-12  0.00000E+00  0.00000E+00
  7.650E+01  3.83277E-01 -1.44731E-12 -1.68858E-12 -9.77212E-13 -1.07663E-12  0.00000E+00  0.00000E+00
  7.700E+01  3.87524E-01 -1.41856E-12 -1.66796E-12 -9.66063E-13 -1.07181E-12  0.00000E+00  0.00000E+00
  7.750E+01  3.91780E-01 -1.39045E-12 -1.64759E-12 -9.55061E-13 -1.06696E-12  0.00000E+00  0.00000E+00
  7.800E+01  3.96044E-01 -1.36295E-12 -1.62746E-12 -9.44203E-13 -1.06208E-12  0.00000E+00  0.00000E+00
  7.850E+01  4.00316E-01 -1.33605E-12 -1.60755E-12 -9.33486E-13 -1.05718E-12  0.00000E+00  0.00000E+00
  7.900E+01  4.04596E-01 -1.30974E-12 -1.58788E-12 -9.22908E-13 -1.05226E-12  0.00000E+00  0.00000E+00
  7.950E+01  4.08882E-01 -1.28400E-12 -1.56844E-12 -9.12467E-13 -1.04731E-12  0.00000E+00  0.00000E+00
  8.000E+01  4.13176E-01 -1.25882E-12 -1.54923E-12 -9.02159E-13 -1.04235E-12  0.00000E+00  0.00000E+00
  8.050E+01  4.17476E-01 -1.23418E-12 -1.53024E-12 -8.91982E-13 -1.03737E-12  0.00000E+00  0.00000E+00
  8.100E+01  4.21783E-01 -1.21006E-12 -1.51147E-12 -8.81935E-13 -1.03236E-12  0.00000E+00  0.00000E+00
  8.150E+01  4.26095E-01 -1.18646E-12 -1.49292E-12 -8.72015E-13 -1.02734E-12  0.00000E+00  0.00000E+00
  8.200E+01  4.30413E-01 -1.16336E-12 -1.47458E-12 -8.62219E-13 -1.02230E-12  0.00000E+00  0.00000E+00
  8.250E+01  4.34737E-01 -1.14075E-12 -1.45646E-12 -8.52546E-13 -1.01725E-12  0.00000E+00  0.00000E+00
  8.300E+01  4.39065E-01 -1.11861E-12 -1.43855E-12 -8.42994E-13 -1.01218E-12  0.00000E+00  0.00000E+00
  8.350E+01  4.43398E-01 -1.09694E-12 -1.42085E-12 -8.33559E-13 -1.00709E-12  0.00000E+00  0.00000E+00
  8.400E+01  4.47736E-01 -1.07573E-12 -1.40335E-12 -8.24241E-13 -1.00199E-12  0.00000E+00  0.00000E+00
  8.450E+01  4.52077E-01 -1.05495E-12 -1.38606E-12 -8.15037E-13 -9.96872E-13  0.00000E+00  0.00000E+00
  8.500E+01  4.56422E-01 -1.03460E-12 -1.36897E-12 -8.05946E-13 -9.91743E-13  0.00000E+00  0.00000E+00
  8.550E+01  4.60770E-01 -1.01468E-12 -1.35208E-12 -7.96965E-13 -9.86601E-13  0.00000E+00  0.00000E+00
  8.600E+01  4.65122E-01 -9.95160E-13 -1.33538E-12 -7.88093E-13 -9.81447E-13  0.00000E+00  0.00000E+00
  8.650E+01  4.69476E-01 -9.76044E-13 -1.31888E-12 -7.79327E-13 -9.76282E-13  0.00000E+00  0.00000E+00
  8.700E+01  4.73832E-01 -9.57319E-13 -1.30257E-12 -7.70666E-13 -9.71105E-13  0.00000E+00  0.00000E+00
  8.750E+01  4.78190E-01 -9.38974E-13 -1.28645E-12 -7.62109E-13 -9.65917E-13  0.00000E+00  0.00000E+00
  8.800E+01  4.82550E-01 -9.21002E-13 -1.27052E-12 -7.53653E-13 -9.60720E-13  0.00000E+00  0.00000E+00
  8.850E+01  4.86912E-01 -9.03392E-13 -1.25477E-12 -7.45297E-13 -9.55513E-13  0.00000E+00  0.00000E+00
  8.900E+01  4.91274E-01 -8.86137E-13 -1.23921E-12 -7.37039E-13 -9.50296E-13  0.00000E+00  0.00000E+00
  8.950E+01  4.95637E-01 -8.69228E-13 -1.22382E-12 -7.28878E-13 -9.45072E-13  0.00000E+00  0.00000E+00
  9.000E+01  5.00000E-01 -8.52657E-13 -1.20862E-12 -7.20811E-13 -9.39838E-13  0.00000E+00  0.00000E+00
  9.050E+01  5.04363E-01 -8.36417E-13 -1.19359E-12 -7.12839E-13 -9.34597E-13  0.00000E+00  0.00000E+00
  9.100E+01  5.08726E-01 -8.20499E-13 -1.17874E-12 -7.04958E-13 -9.29349E-13  0.00000E+00  0.00000E+00
  9.150E+01  5.13088E-01 -8.04896E-13 -1.16406E-12 -6.97167E-13 -9.24093E-13  0.00000E+00  0.00000E+00
  9.200E+01  5.17450E-01 -7.89601E-13 -1.14955E-12 -6.89466E-13 -9.18831E-13  0.00000E+00  0.00000E+00
  9.250E+01  5.21810E-01 -7.74606E-13 -1.13520E-12 -6.81852E-13 -9.13562E-13  0.00000E+00  0.00000E+00
  9.300E+01  5.26168E-01 -7.59906E-13 -1.12103E-12 -6.74325E-13 -9.08288E-13  0.00000E+00  0.00000E+00
  9.350E+01  5.30524E-01 -7.45493E-13 -1.10701E-12 -6.66882E-13 -9.03008E-13  0.00000E+00  0.00000E+00
  9.400E+01  5.34878E-01 -7.31361E-13 -1.09316E-12 -6.59523E-13 -8.97722E-13  0.00000E+00  0.00000E+00
  9.450E+01  5.39230E-01 -7.17503E-13 -1.07948E-12 -6.52246E-13 -8.92432E-13  0.00000E+00  0.00000E+00
  9.500E+01  5.43578E-01 -7.03914E-13 -1.06595E-12 -6.45050E-13 -8.87137E-13  0.00000E+00  0.00000E+00
  9.550E+01  5.47923E-01 -6.90587E-13 -1.05257E-12 -6.37934E-13 -8.81838E-13  0.00000E+00  0.00000E+00
  9.600E+01  5.52264E-01 -6.77517E-13 -1.03935E-12 -6.30896E-13 -8.76534E-13  0.00000E+00  0.00000E+00
  9.650E+01  5.56602E-01 -6.64697E-13 -1.02629E-12 -6.23935E-13 -8.71227E-13  0.00000E+00  0.00000E+00
  9.700E+01  5.60935E-01 -6.52123E-13 -1.01337E-12 -6.17050E-13 -8.65916E-13  0.00000E+00  0.00000E+00
  9.750E+01  5.65263E-01 -6.39789E-13 -1.00061E-12 -6.10240E-13 -8.60602E-13  0.00000E+00  0.00000E+00
  9.800E+01  5.69587E-01 -6.27690E-13 -9.87989E-13 -6.03503E-13 -8.55285E-13  0.00000E+00  0.00000E+00
  9.850E+01  5.73905E-01 -6.15821E-13 -9.75519E-13 -5.96839E-13 -8.49966E-13  0.00000E+00  0.00000E+00
  9.900E+01  5.78217E-01 -6.04177E-13 -9.63192E-13 -5.90247E-13 -8.44643E-13  0.00000E+00  0.00000E+00
  9.950E+01  5.82524E-01 -5.92752E-13 -9.51007E-13 -5.83724E-13 -8.39318E-13  0.00000E+00  0.00000E+00
  1.000E+02  5.86824E-01 -5.81542E-13 -9.38964E-13 -5.77271E-13 -8.33992E-13  0.00000E+00  0.00000E+00
  1.005E+02  5.91118E-01 -5.70543E-13 -9.27060E-13 -5.70886E-13 -8.28663E-13  0.00000E+00  0.00000E+00
  1.010E+02  5.95404E-01 -5.59750E-13 -9.15295E-13 -5.64569E-13 -8.23332E-13  0.00000E+00  0.00000E+00
  1.015E+02  5.99684E-01 -5.49160E-13 -9.03666E-13 -5.58317E-13 -8.18000E-13  0.00000E+00  0.00000E+00
  1.020E+02  6.03956E-01 -5.38767E-13 -8.92171E-13 -5.52131E-13 -8.12667E-13  0.00000E+00  0.00000E+00
  1.025E+02  6.08220E-01 -5.28567E-13 -8.80810E-13 -5.46008E-13 -8.07333E-13  0.00000E+00  0.00000E+00
  1.030E+02  6.12476E-01 -5.18556E-13 -8.69580E-13 -5.39949E-13 -8.01997E-13  0.00000E+00  0.00000E+00
  1.035E+02  6.16723E-01 -5.08731E-13 -8.58481E-13 -5.33952E-13 -7.96661E-13  0.00000E+00  0.00000E+00
  1.040E+02  6.20961E-01 -4.99088E-13 -8.47510E-13 -5.28017E-13 -7.91324E-13  0.00000E+00  0.00000E+00
  1.045E+02  6.25190E-01 -4.89622E-13 -8.36667E-13 -5.22142E-13 -7.85987E-13  0.00000E+00  0.00000E+00
  1.050E+02  6.29410E-01 -4.80331E-13 -8.25950E-13 -5.16326E-13 -7.80649E-13  0.00000E+00  0.00000E+00
  1.055E+02  6.33619E-01 -4.71211E-13 -8.15357E-13 -5.10569E-13 -7.75311E-13  0.00000E+00  0.00000E+00
  1.060E+02  6.37819E-01 -4.62257E-13 -8.04888E-13 -5.04870E-13 -7.69973E-13  0.00000E+00  0.00000E+00
  1.065E+02  6.42008E-01 -4.53468E-13 -7.94540E-13 -4.99228E-13 -7.64635E-13  0.00000E+00  0.00000E+00
  1.070E+02  6.46186E-01 -4.44838E-13 -7.84313E-13 -4.93642E-13 -7.59297E-13  0.00000E+00  0.00000E+00
  1.075E+02  6.50353E-01 -4.36366E-13 -7.74205E-13 -4.88111E-13 -7.53959E-13  0.00000E+00  0.00000E+00
  1.080E+02  6.54508E-01 -4.28048E-13 -7.64215E-13 -4.82634E-13 -7.48622E-13  0.00000E+00  0.00000E+00
  1.085E+02  6.58652E-01 -4.19882E-13 -7.54342E-13 -4.77211E-13 -7.43286E-13  0.00000E+00  0.00000E+00
  1.090E+02  6.62784E-01 -4.11863E-13 -7.44584E-13 -4.71841E-13 -7.37950E-13  0.00000E+00  0.00000E+00
  1.095E+02  6.66903E-01 -4.03990E-13 -7.34940E-13 -4.66523E-13 -7.32614E-13  0.00000E+00  0.00000E+00
  1.100E+02  6.71010E-01 -3.96258E-13 -7.25409E-13 -4.61257E-13 -7.27280E-13  0.00000E+00  0.00000E+00
  1.105E+02  6.75104E-01 -3.88666E-13 -7.15990E-13 -4.56041E-13 -7.21947E-13  0.00000E+00  0.00000E+00
  1.110E+02  6.79184E-01 -3.81211E-13 -7.06681E-13 -4.50875E-13 -7.16614E-13  0.00000E+00  0.00000E+00
  1.115E+02  6.83251E-01 -3.73889E-13 -6.97482E-13 -4.45757E-13 -7.11283E-13  0.00000E+00  0.00000E+00
  1.120E+02  6.87303E-01 -3.66700E-13 -6.88391E-13 -4.40689E-13 -7.05953E-13  0.00000E+00  0.00000E+00
  1.125E+02  6.91342E-01 -3.59639E-13 -6.79408E-13 -4.35668E-13 -7.00624E-13  0.00000E+00  0.00000E+00
  1.130E+02  6.95366E-01 -3.52705E-13 -6.70530E-13 -4.30694E-13 -6.95297E-13  0.00000E+00  0.00000E+00
  1.135E+02  6.99375E-01 -3.45895E-13 -6.61757E-13 -4.25766E-13 -6.89971E-13  0.00000E+00  0.00000E+00
  1.140E+02  7.03368E-01 -3.39206E-13 -6.53088E-13 -4.20885E-13 -6.84646E-13  0.00000E+00  0.00000E+00
  1.145E+02  7.07347E-01 -3.32637E-13 -6.44522E-13 -4.16048E-13 -6.79324E-13  0.00000E+00  0.00000E+00
  1.150E+02  7.11309E-01 -3.26184E-13 -6.36057E-13 -4.11255E-13 -6.74002E-13  0.00000E+00  0.00000E+00
  1.155E+02  7.15256E-01 -3.19847E-13 -6.27693E-13 -4.06506E-13 -6.68683E-13  0.00000E+00  0.00000E+00
  1.160E+02  7.19186E-01 -3.13623E-13 -6.19430E-13 -4.01801E-13 -6.63365E-13  0.00000E+00  0.00000E+00
  1.165E+02  7.23099E-01 -3.07509E-13 -6.11265E-13 -3.97137E-13 -6.58049E-13  0.00000E+00  0.00000E+00
  1.170E+02  7.26995E-01 -3.01504E-13 -6.03197E-13 -3.92516E-13 -6.52735E-13  0.00000E+00  0.00000E+00
  1.175E+02  7.30874E-01 -2.95605E-13 -5.95227E-13 -3.87936E-13 -6.47423E-13  0.00000E+00  0.00000E+00
  1.180E+02  7.34736E-01 -2.89810E-13 -5.87352E-13 -3.83396E-13 -6.42113E-13  0.00000E+00  0.00000E+00
  1.185E+02  7.38579E-01 -2.84118E-13 -5.79571E-13 -3.78897E-13 -6.36805E-13  0.00000E+00  0.00000E+00
  1.190E+02  7.42405E-01 -2.78527E-13 -5.71886E-13 -3.74437E-13 -6.31498E-13  0.00000E+00  0.00000E+00
  1.195E+02  7.46212E-01 -2.73035E-13 -5.64293E-13 -3.70016E-13 -6.26194E-13  0.00000E+00  0.00000E+00
  1.200E+02  7.50000E-01 -2.67641E-13 -5.56793E-13 -3.65634E-13 -6.20893E-13  0.00000E+00  0.00000E+00
  1.205E+02  7.53769E-01 -2.62341E-13 -5.49383E-13 -3.61289E-13 -6.15593E-13  0.00000E+00  0.00000E+00
  1.210E+02  7.57519E-01 -2.57136E-13 -5.42064E-13 -3.56982E-13 -6.10295E-13  0.00000E+00  0.00000E+00
  1.215E+02  7.61249E-01 -2.52021E-13 -5.34835E-13 -3.52711E-13 -6.05000E-13  0.00000E+00  0.00000E+00
  1.220E+02  7.64960E-01 -2.46998E-13 -5.27694E-13 -3.48476E-13 -5.99707E-13  0.00000E+00  0.00000E+00
  1.225E+02  7.68650E-01 -2.42063E-13 -5.20642E-13 -3.44278E-13 -5.94416E-13  0.00000E+00  0.00000E+00
  1.230E+02  7.72320E-01 -2.37215E-13 -5.13676E-13 -3.40114E-13 -5.89128E-13  0.00000E+00  0.00000E+00
  1.235E+02  7.75968E-01 -2.32454E-13 -5.06797E-13 -3.35985E-13 -5.83842E-13  0.00000E+00  0.00000E+00
  1.240E+02  7.79596E-01 -2.27776E-13 -5.00004E-13 -3.31890E-13 -5.78558E-13  0.00000E+00  0.00000E+00
  1.245E+02  7.83203E-01 -2.23180E-13 -4.93295E-13 -3.27829E-13 -5.73277E-13  0.00000E+00  0.00000E+00
  1.250E+02  7.86788E-01 -2.18666E-13 -4.86670E-13 -3.23801E-13 -5.67998E-13  0.00000E+00  0.00000E+00
  1.255E+02  7.90351E-01 -2.14232E-13 -4.80129E-13 -3.19806E-13 -5.62722E-13  0.00000E+00  0.00000E+00
  1.260E+02  7.93893E-01 -2.09876E-13 -4.73670E-13 -3.15843E-13 -5.57448E-13  0.00000E+00  0.00000E+00
  1.265E+02  7.97411E-01 -2.05597E-13 -4.67293E-13 -3.11911E-13 -5.52176E-13  0.00000E+00  0.00000E+00
  1.270E+02  8.00908E-01 -2.01394E-13 -4.60997E-13 -3.08011E-13 -5.46907E-13  0.00000E+00  0.00000E+00
  1.275E+02  8.04381E-01 -1.97266E-13 -4.54782E-13 -3.04142E-13 -5.41641E-13  0.00000E+00  0.00000E+00
  1.280E+02  8.07831E-01 -1.93211E-13 -4.48646E-13 -3.00303E-13 -5.36377E-13  0.00000E+00  0.00000E+00
  1.285E+02  8.11257E-01 -1.89227E-13 -4.42588E-13 -2.96495E-13 -5.31115E-13  0.00000E+00  0.00000E+00
  1.290E+02  8.14660E-01 -1.85314E-13 -4.36610E-13 -2.92715E-13 -5.25856E-13  0.00000E+00  0.00000E+00
  1.295E+02  8.18039E-01 -1.81471E-13 -4.30709E-13 -2.88965E-13 -5.20599E-13  0.00000E+00  0.00000E+00
  1.300E+02  8.21394E-01 -1.77696E-13 -4.24885E-13 -2.85243E-13 -5.15345E-13  0.00000E+00  0.00000E+00
  1.305E+02  8.24724E-01 -1.73989E-13 -4.19138E-13 -2.81550E-13 -5.10094E-13  0.00000E+00  0.00000E+00
  1.310E+02  8.28030E-01 -1.70348E-13 -4.13467E-13 -2.77884E-13 -5.04845E-13  0.00000E+00  0.00000E+00
  1.315E+02  8.31310E-01 -1.66772E-13 -4.07870E-13 -2.74246E-13 -4.99598E-13  0.00000E+00  0.00000E+00
  1.320E+02  8.34565E-01 -1.63260E-13 -4.02348E-13 -2.70635E-13 -4.94354E-13  0.00000E+00  0.00000E+00
  1.325E+02  8.37795E-01 -1.59811E-13 -3.96900E-13 -2.67050E-13 -4.89113E-13  0.00000E+00  0.00000E+00
  1.330E+02  8.40999E-01 -1.56424E-13 -3.91525E-13 -2.63491E-13 -4.83874E-13  0.00000E+00  0.00000E+00
  1.335E+02  8.44177E-01 -1.53098E-13 -3.86224E-13 -2.59958E-13 -4.78637E-13  0.00000E+00  0.00000E+00
  1.340E+02  8.47329E-01 -1.49832E-13 -3.80995E-13 -2.56451E-13 -4.73403E-13  0.00000E+00  0.00000E+00
  1.345E+02  8.50455E-01 -1.46625E-13 -3.75837E-13 -2.52969E-13 -4.68172E-13  0.00000E+00  0.00000E+00
  1.350E+02  8.53553E-01 -1.43477E-13 -3.70751E-13 -2.49511E-13 -4.62943E-13  0.00000E+00  0.00000E+00
  1.355E+02  8.56625E-01 -1.40385E-13 -3.65735E-13 -2.46077E-13 -4.57716E-13  0.00000E+00  0.00000E+00
  1.360E+02  8.59670E-01 -1.37350E-13 -3.60788E-13 -2.42667E-13 -4.52492E-13  0.00000E+00  0.00000E+00
  1.365E+02  8.62687E-01 -1.34370E-13 -3.55912E-13 -2.39281E-13 -4.47271E-13  0.00000E+00  0.00000E+00
  1.370E+02  8.65677E-01 -1.31445E-13 -3.51104E-13 -2.35918E-13 -4.42052E-13  0.00000E+00  0.00000E+00
  1.375E+02  8.68639E-01 -1.28573E-13 -3.46366E-13 -2.32577E-13 -4.36835E-13  0.00000E+00  0.00000E+00
  1.380E+02  8.71572E-01 -1.25755E-13 -3.41695E-13 -2.29259E-13 -4.31621E-13  0.00000E+00  0.00000E+00
  1.385E+02  8.74478E-01 -1.22989E-13 -3.37092E-13 -2.25963E-13 -4.26409E-13  0.00000E+00  0.00000E+00
  1.390E+02  8.77355E-01 -1.20275E-13 -3.32556E-13 -2.22689E-13 -4.21200E-13  0.00000E+00  0.00000E+00
  1.395E+02  8.80203E-01 -1.17610E-13 -3.28086E-13 -2.19436E-13 -4.15993E-13  0.00000E+00  0.00000E+00
  1.400E+02  8.83022E-01 -1.14995E-13 -3.23682E-13 -2.16204E-13 -4.10789E-13  0.00000E+00  0.00000E+00
  1.405E+02  8.85812E-01 -1.12430E-13 -3.19344E-13 -2.12993E-13 -4.05587E-13  0.00000E+00  0.00000E+00
  1.410E+02  8.88573E-01 -1.09913E-13 -3.15072E-13 -2.09802E-13 -4.00387E-13  0.00000E+00  0.00000E+00
  1.415E+02  8.91304E-01 -1.07445E-13 -3.10865E-13 -2.06631E-13 -3.95189E-13  0.00000E+00  0.00000E+00
  1.420E+02  8.94005E-01 -1.05023E-13 -3.06722E-13 -2.03480E-13 -3.89994E-13  0.00000E+00  0.00000E+00
  1.425E+02  8.96677E-01 -1.02647E-13 -3.02643E-13 -2.00348E-13 -3.84801E-13  0.00000E+00  0.00000E+00
  1.430E+02  8.99318E-01 -1.00317E-13 -2.98626E-13 -1.97235E-13 -3.79611E-13  0.00000E+00  0.00000E+00
  1.435E+02  9.01928E-01 -9.80308E-14 -2.94673E-13 -1.94141E-13 -3.74422E-13  0.00000E+00  0.00000E+00
  1.440E+02  9.04508E-01 -9.57900E-14 -2.90783E-13 -1.91065E-13 -3.69236E-13  0.00000E+00  0.00000E+00
  1.445E+02  9.07058E-01 -9.35942E-14 -2.86956E-13 -1.88007E-13 -3.64053E-13  0.00000E+00  0.00000E+00
  1.450E+02  9.09576E-01 -9.14413E-14 -2.83191E-13 -1.84967E-13 -3.58871E-13  0.00000E+00  0.00000E+00
  1.455E+02  9.12063E-01 -8.93302E-14 -2.79487E-13 -1.81944E-13 -3.53692E-13  0.00000E+00  0.00000E+00
  1.460E+02  9.14519E-01 -8.72607E-14 -2.75843E-13 -1.78939E-13 -3.48514E-13  0.00000E+00  0.00000E+00
  1.465E+02  9.16943E-01 -8.52328E-14 -2.72260E-13 -1.75950E-13 -3.43339E-13  0.00000E+00  0.00000E+00
  1.470E+02  9.19335E-01 -8.32461E-14 -2.68739E-13 -1.72978E-13 -3.38166E-13  0.00000E+00  0.00000E+00
  1.475E+02  9.21696E-01 -8.13001E-14 -2.65277E-13 -1.70022E-13 -3.32995E-13  0.00000E+00  0.00000E+00
  1.480E+02  9.24024E-01 -7.93941E-14 -2.61876E-13 -1.67082E-13 -3.27826E-13  0.00000E+00  0.00000E+00
  1.485E+02  9.26320E-01 -7.75275E-14 -2.58534E-13 -1.64158E-13 -3.22659E-13  0.00000E+00  0.00000E+00
  1.490E+02  9.28584E-01 -7.56994E-14 -2.55251E-13 -1.61249E-13 -3.17495E-13  0.00000E+00  0.00000E+00
  1.495E+02  9.30815E-01 -7.39094E-14 -2.52026E-13 -1.58355E-13 -3.12332E-13  0.00000E+00  0.00000E+00
  1.500E+02  9.33013E-01 -7.21572E-14 -2.48860E-13 -1.55476E-13 -3.07171E-13  0.00000E+00  0.00000E+00
  1.505E+02  9.35178E-01 -7.04424E-14 -2.45752E-13 -1.52612E-13 -3.02012E-13  0.00000E+00  0.00000E+00
  1.510E+02  9.37310E-01 -6.87649E-14 -2.42702E-13 -1.49762E-13 -2.96855E-13  0.00000E+00  0.00000E+00
  1.515E+02  9.39409E-01 -6.71242E-14 -2.39710E-13 -1.46925E-13 -2.91700E-13  0.00000E+00  0.00000E+00
  1.520E+02  9.41474E-01 -6.55195E-14 -2.36775E-13 -1.44102E-13 -2.86547E-13  0.00000E+00  0.00000E+00
  1.525E+02  9.43505E-01 -6.39503E-14 -2.33897E-13 -1.41293E-13 -2.81396E-13  0.00000E+00  0.00000E+00
  1.530E+02  9.45503E-01 -6.24161E-14 -2.31075E-13 -1.38497E-13 -2.76246E-13  0.00000E+00  0.00000E+00
  1.535E+02  9.47467E-01 -6.09165E-14 -2.28310E-13 -1.35713E-13 -2.71098E-13  0.00000E+00  0.00000E+00
  1.540E+02  9.49397E-01 -5.94513E-14 -2.25601E-13 -1.32943E-13 -2.65952E-13  0.00000E+00  0.00000E+00
  1.545E+02  9.51293E-01 -5.80205E-14 -2.22948E-13 -1.30184E-13 -2.60808E-13  0.00000E+00  0.00000E+00
  1.550E+02  9.53154E-01 -5.66235E-14 -2.20351E-13 -1.27438E-13 -2.55665E-13  0.00000E+00  0.00000E+00
  1.555E+02  9.54981E-01 -5.52600E-14 -2.17809E-13 -1.24703E-13 -2.50524E-13  0.00000E+00  0.00000E+00
  1.560E+02  9.56773E-01 -5.39293E-14 -2.15323E-13 -1.21980E-13 -2.45385E-13  0.00000E+00  0.00000E+00
  1.565E+02  9.58530E-01 -5.26309E-14 -2.12891E-13 -1.19268E-13 -2.40247E-13  0.00000E+00  0.00000E+00
  1.570E+02  9.60252E-01 -5.13645E-14 -2.10513E-13 -1.16567E-13 -2.35111E-13  0.00000E+00  0.00000E+00
  1.575E+02  9.61940E-01 -5.01301E-14 -2.08190E-13 -1.13877E-13 -2.29977E-13  0.00000E+00  0.00000E+00
  1.580E+02  9.63592E-01 -4.89274E-14 -2.05921E-13 -1.11197E-13 -2.24844E-13  0.00000E+00  0.00000E+00
  1.585E+02  9.65209E-01 -4.77564E-14 -2.03707E-13 -1.08528E-13 -2.19712E-13  0.00000E+00  0.00000E+00
  1.590E+02  9.66790E-01 -4.66164E-14 -2.01546E-13 -1.05868E-13 -2.14582E-13  0.00000E+00  0.00000E+00
  1.595E+02  9.68336E-01 -4.55071E-14 -1.99439E-13 -1.03218E-13 -2.09453E-13  0.00000E+00  0.00000E+00
  1.600E+02  9.69846E-01 -4.44280E-14 -1.97386E-13 -1.00578E-13 -2.04326E-13  0.00000E+00  0.00000E+00
  1.605E+02  9.71321E-01 -4.33787E-14 -1.95385E-13 -9.79469E-14 -1.99200E-13  0.00000E+00  0.00000E+00
  1.610E+02  9.72759E-01 -4.23592E-14 -1.93437E-13 -9.53248E-14 -1.94076E-13  0.00000E+00  0.00000E+00
  1.615E+02  9.74162E-01 -4.13695E-14 -1.91542E-13 -9.27115E-14 -1.88952E-13  0.00000E+00  0.00000E+00
  1.620E+02  9.75528E-01 -4.04093E-14 -1.89700E-13 -9.01066E-14 -1.83830E-13  0.00000E+00  0.00000E+00
  1.625E+02  9.76858E-01 -3.94785E-14 -1.87910E-13 -8.75099E-14 -1.78709E-13  0.00000E+00  0.00000E+00
  1.630E+02  9.78152E-01 -3.85766E-14 -1.86173E-13 -8.49213E-14 -1.73590E-13  0.00000E+00  0.00000E+00
  1.635E+02  9.79410E-01 -3.77030E-14 -1.84488E-13 -8.23404E-14 -1.68471E-13  0.00000E+00  0.00000E+00
  1.640E+02  9.80631E-01 -3.68575E-14 -1.82855E-13 -7.97671E-14 -1.63354E-13  0.00000E+00  0.00000E+00
  1.645E+02  9.81815E-01 -3.60401E-14 -1.81273E-13 -7.72010E-14 -1.58238E-13  0.00000E+00  0.00000E+00
  1.650E+02  9.82963E-01 -3.52507E-14 -1.79743E-13 -7.46420E-14 -1.53123E-13  0.00000E+00  0.00000E+00
  1.655E+02  9.84074E-01 -3.44895E-14 -1.78264E-13 -7.20897E-14 -1.48009E-13  0.00000E+00  0.00000E+00
  1.660E+02  9.85148E-01 -3.37561E-14 -1.76838E-13 -6.95441E-14 -1.42896E-13  0.00000E+00  0.00000E+00
  1.665E+02  9.86185E-01 -3.30501E-14 -1.75463E-13 -6.70048E-14 -1.37784E-13  0.00000E+00  0.00000E+00
  1.670E+02  9.87185E-01 -3.23711E-14 -1.74138E-13 -6.44716E-14 -1.32673E-13  0.00000E+00  0.00000E+00
  1.675E+02  9.88148E-01 -3.17188E-14 -1.72865E-13 -6.19442E-14 -1.27562E-13  0.00000E+00  0.00000E+00
  1.680E+02  9.89074E-01 -3.10932E-14 -1.71641E-13 -5.94225E-14 -1.22453E-13  0.00000E+00  0.00000E+00
  1.685E+02  9.89962E-01 -3.04944E-14 -1.70469E-13 -5.69062E-14 -1.17345E-13  0.00000E+00  0.00000E+00
  1.690E+02  9.90814E-01 -2.99225E-14 -1.69348E-13 -5.43951E-14 -1.12237E-13  0.00000E+00  0.00000E+00
  1.695E+02  9.91627E-01 -2.93773E-14 -1.68278E-13 -5.18889E-14 -1.07130E-13  0.00000E+00  0.00000E+00
  1.700E+02  9.92404E-01 -2.88585E-14 -1.67258E-13 -4.93875E-14 -1.02024E-13  0.00000E+00  0.00000E+00
  1.705E+02  9.93143E-01 -2.83657E-14 -1.66288E-13 -4.68905E-14 -9.69181E-14  0.00000E+00  0.00000E+00
  1.710E+02  9.93844E-01 -2.78985E-14 -1.65369E-13 -4.43978E-14 -9.18133E-14  0.00000E+00  0.00000E+00
  1.715E+02  9.94508E-01 -2.74569E-14 -1.64499E-13 -4.19091E-14 -8.67091E-14  0.00000E+00  0.00000E+00
  1.720E+02  9.95134E-01 -2.70412E-14 -1.63679E-13 -3.94243E-14 -8.16054E-14  0.00000E+00  0.00000E+00
  1.725E+02  9.95722E-01 -2.66514E-14 -1.62910E-13 -3.69429E-14 -7.65024E-14  0.00000E+00  0.00000E+00
  1.730E+02  9.96273E-01 -2.62877E-14 -1.62191E-13 -3.44650E-14 -7.13998E-14  0.00000E+00  0.00000E+00
  1.735E+02  9.96786E-01 -2.59497E-14 -1.61522E-13 -3.19902E-14 -6.62978E-14  0.00000E+00  0.00000E+00
  1.740E+02  9.97261E-01 -2.56370E-14 -1.60903E-13 -2.95183E-14 -6.11962E-14  0.00000E+00  0.00000E+00
  1.745E+02  9.97698E-01 -2.53491E-14 -1.60333E-13 -2.70490E-14 -5.60950E-14  0.00000E+00  0.00000E+00
  1.750E+02  9.98097E-01 -2.50861E-14 -1.59813E-13 -2.45822E-14 -5.09943E-14  0.00000E+00  0.00000E+00
  1.755E+02  9.98459E-01 -2.48481E-14 -1.59342E-13 -2.21177E-14 -4.58938E-14  0.00000E+00  0.00000E+00
  1.760E+02  9.98782E-01 -2.46357E-14 -1.58921E-13 -1.96551E-14 -4.07937E-14  0.00000E+00  0.00000E+00
  1.765E+02  9.99067E-01 -2.44489E-14 -1.58550E-13 -1.71943E-14 -3.56939E-14  0.00000E+00  0.00000E+00
  1.770E+02  9.99315E-01 -2.42876E-14 -1.58229E-13 -1.47351E-14 -3.05943E-14  0.00000E+00  0.00000E+00
  1.775E+02  9.99524E-01 -2.41513E-14 -1.57958E-13 -1.22772E-14 -2.54949E-14  0.00000E+00  0.00000E+00
  1.780E+02  9.99695E-01 -2.40392E-14 -1.57735E-13 -9.82043E-15 -2.03957E-14  5.62188E-17  0.00000E+00
  1.785E+02  9.99829E-01 -2.39514E-14 -1.57561E-13 -7.36456E-15 -1.52967E-14  8.44037E-17  1.10617E-16
  1.790E+02  9.99924E-01 -2.38878E-14 -1.57436E-13 -4.90934E-15 -1.01977E-14  5.63055E-17  1.10605E-16
  1.795E+02  9.99981E-01 -2.38494E-14 -1.57361E-13 -2.45456E-15 -5.09886E-15  2.81637E-17  4.97691E-16
  1.800E+02  1.00000E+00 -2.38359E-14 -1.57335E-13 -3.44454E-29 -7.15544E-29  5.35181E-16  5.71502E-13
