 #  Spin polarization functions (in cm)      MU=(1-cos(TH))/2
 #  Z =  47,   projectile: electron
 #  Kinetic energy = 3.05000E+06 eV
 #
 # TH (deg)      MU            U            S            T      1-U^2-T^2-S^2
 #------------------------------------------------------------------------------
  0.000E+00  0.00000E+00  0.00000E+00  0.00000E+00  1.00000E+00  0.00000E+00
  1.000E-04  7.61557E-13  1.49490E-06  1.86752E-11  1.00000E+00  1.11022E-16
  1.250E-04  1.18994E-12  1.86862E-06  2.33440E-11  1.00000E+00 -2.22045E-16
  1.500E-04  1.71346E-12  2.24234E-06  2.80128E-11  1.00000E+00  3.33067E-16
  1.750E-04  2.33225E-12  2.61607E-06  3.26816E-11  1.00000E+00 -2.22045E-16
  2.000E-04  3.04617E-12  2.98979E-06  3.73504E-11  1.00000E+00  0.00000E+00
  2.250E-04  3.85530E-12  3.36352E-06  4.20192E-11  1.00000E+00  1.11022E-16
  2.500E-04  4.75964E-12  3.73724E-06  4.66880E-11  1.00000E+00 -2.22045E-16
  2.750E-04  5.75917E-12  4.11097E-06  5.13568E-11  1.00000E+00 -2.22045E-16
  3.000E-04  6.85391E-12  4.48469E-06  5.60257E-11  1.00000E+00  1.11022E-16
  3.250E-04  8.04379E-12  4.85841E-06  6.06945E-11  1.00000E+00  0.00000E+00
  3.500E-04  9.32893E-12  5.23214E-06  6.53633E-11  1.00000E+00  1.11022E-16
  3.750E-04  1.07092E-11  5.60586E-06  7.00322E-11  1.00000E+00  1.11022E-16
  4.000E-04  1.21847E-11  5.97959E-06  7.47011E-11  1.00000E+00 -2.22045E-16
  4.250E-04  1.37554E-11  6.35331E-06  7.93699E-11  1.00000E+00 -2.22045E-16
  4.500E-04  1.54213E-11  6.72703E-06  8.40388E-11  1.00000E+00  1.11022E-16
  4.750E-04  1.71823E-11  7.10076E-06  8.87077E-11  1.00000E+00  0.00000E+00
  5.000E-04  1.90386E-11  7.47448E-06  9.33766E-11  1.00000E+00 -2.22045E-16
  5.250E-04  2.09900E-11  7.84821E-06  9.80455E-11  1.00000E+00  0.00000E+00
  5.500E-04  2.30367E-11  8.22193E-06  1.02714E-10  1.00000E+00  0.00000E+00
  5.750E-04  2.51785E-11  8.59566E-06  1.07383E-10  1.00000E+00  2.22045E-16
  6.000E-04  2.74156E-11  8.96938E-06  1.12052E-10  1.00000E+00  3.33067E-16
  6.250E-04  2.97478E-11  9.34310E-06  1.16721E-10  1.00000E+00  1.11022E-16
  6.500E-04  3.21752E-11  9.71683E-06  1.21390E-10  1.00000E+00  0.00000E+00
  6.750E-04  3.46979E-11  1.00906E-05  1.26059E-10  1.00000E+00  0.00000E+00
  7.000E-04  3.73157E-11  1.04643E-05  1.30728E-10  1.00000E+00  0.00000E+00
  7.250E-04  4.00286E-11  1.08380E-05  1.35397E-10  1.00000E+00  0.00000E+00
  7.500E-04  4.28368E-11  1.12117E-05  1.40066E-10  1.00000E+00 -2.22045E-16
  7.750E-04  4.57402E-11  1.15854E-05  1.44736E-10  1.00000E+00  0.00000E+00
  8.000E-04  4.87388E-11  1.19592E-05  1.49405E-10  1.00000E+00 -2.22045E-16
  8.250E-04  5.18325E-11  1.23329E-05  1.54074E-10  1.00000E+00  0.00000E+00
  8.500E-04  5.50215E-11  1.27066E-05  1.58743E-10  1.00000E+00  0.00000E+00
  8.750E-04  5.83057E-11  1.30803E-05  1.63412E-10  1.00000E+00  1.11022E-16
  9.000E-04  6.16850E-11  1.34541E-05  1.68081E-10  1.00000E+00  1.11022E-16
  9.250E-04  6.51595E-11  1.38278E-05  1.72750E-10  1.00000E+00 -2.22045E-16
  9.500E-04  6.87293E-11  1.42015E-05  1.77420E-10  1.00000E+00  0.00000E+00
  9.750E-04  7.23943E-11  1.45752E-05  1.82089E-10  1.00000E+00  2.22045E-16
  1.000E-03  7.61544E-11  1.49490E-05  1.86758E-10  1.00000E+00 -2.22045E-16
  1.250E-03  1.18991E-10  1.86862E-05  2.33452E-10  1.00000E+00  1.11022E-16
  1.500E-03  1.71347E-10  2.24234E-05  2.80150E-10  1.00000E+00  2.22045E-16
  1.750E-03  2.33223E-10  2.61607E-05  3.26851E-10  1.00000E+00  0.00000E+00
  2.000E-03  3.04617E-10  2.98979E-05  3.73557E-10  1.00000E+00  3.33067E-16
  2.250E-03  3.85531E-10  3.36352E-05  4.20268E-10  1.00000E+00  0.00000E+00
  2.500E-03  4.75965E-10  3.73724E-05  4.66984E-10  1.00000E+00 -2.22045E-16
  2.750E-03  5.75917E-10  4.11097E-05  5.13708E-10  1.00000E+00  0.00000E+00
  3.000E-03  6.85389E-10  4.48469E-05  5.60439E-10  1.00000E+00  1.11022E-16
  3.250E-03  8.04380E-10  4.85841E-05  6.07178E-10  1.00000E+00 -2.22045E-16
  3.500E-03  9.32891E-10  5.23214E-05  6.53927E-10  1.00000E+00  1.11022E-16
  3.750E-03  1.07092E-09  5.60586E-05  7.00685E-10  1.00000E+00  3.33067E-16
  4.000E-03  1.21847E-09  5.97959E-05  7.47455E-10  1.00000E+00  0.00000E+00
  4.250E-03  1.37554E-09  6.35331E-05  7.94237E-10  1.00000E+00 -2.22045E-16
  4.500E-03  1.54213E-09  6.72704E-05  8.41031E-10  1.00000E+00 -2.22045E-16
  4.750E-03  1.71823E-09  7.10076E-05  8.87840E-10  1.00000E+00  0.00000E+00
  5.000E-03  1.90386E-09  7.47449E-05  9.34664E-10  1.00000E+00  1.11022E-16
  5.250E-03  2.09900E-09  7.84821E-05  9.81505E-10  1.00000E+00  0.00000E+00
  5.500E-03  2.30367E-09  8.22193E-05  1.02836E-09  1.00000E+00  0.00000E+00
  5.750E-03  2.51785E-09  8.59566E-05  1.07524E-09  1.00000E+00  3.33067E-16
  6.000E-03  2.74156E-09  8.96938E-05  1.12214E-09  1.00000E+00  2.22045E-16
  6.250E-03  2.97478E-09  9.34311E-05  1.16906E-09  1.00000E+00  2.22045E-16
  6.500E-03  3.21752E-09  9.71683E-05  1.21600E-09  1.00000E+00  2.22045E-16
  6.750E-03  3.46978E-09  1.00906E-04  1.26297E-09  1.00000E+00  0.00000E+00
  7.000E-03  3.73156E-09  1.04643E-04  1.30996E-09  1.00000E+00  2.22045E-16
  7.250E-03  4.00286E-09  1.08380E-04  1.35698E-09  1.00000E+00  2.22045E-16
  7.500E-03  4.28368E-09  1.12117E-04  1.40403E-09  1.00000E+00 -2.22045E-16
  7.750E-03  4.57402E-09  1.15855E-04  1.45112E-09  1.00000E+00  0.00000E+00
  8.000E-03  4.87388E-09  1.19592E-04  1.49823E-09  1.00000E+00 -2.22045E-16
  8.250E-03  5.18326E-09  1.23329E-04  1.54538E-09  1.00000E+00 -4.44089E-16
  8.500E-03  5.50215E-09  1.27066E-04  1.59257E-09  1.00000E+00  0.00000E+00
  8.750E-03  5.83057E-09  1.30804E-04  1.63980E-09  1.00000E+00  0.00000E+00
  9.000E-03  6.16850E-09  1.34541E-04  1.68707E-09  1.00000E+00 -2.22045E-16
  9.250E-03  6.51596E-09  1.38278E-04  1.73438E-09  1.00000E+00  0.00000E+00
  9.500E-03  6.87293E-09  1.42015E-04  1.78174E-09  1.00000E+00  0.00000E+00
  9.750E-03  7.23942E-09  1.45753E-04  1.82915E-09  1.00000E+00 -2.22045E-16
  1.000E-02  7.61544E-09  1.49490E-04  1.87660E-09  1.00000E+00  0.00000E+00
  1.250E-02  1.18991E-08  1.86862E-04  2.35450E-09  1.00000E+00 -2.22045E-16
  1.500E-02  1.71347E-08  2.24235E-04  2.84036E-09  1.00000E+00  0.00000E+00
  1.750E-02  2.33223E-08  2.61607E-04  3.33715E-09  1.00000E+00  1.11022E-16
  2.000E-02  3.04617E-08  2.98980E-04  3.84781E-09  1.00000E+00  2.22045E-16
  2.250E-02  3.85531E-08  3.36353E-04  4.37490E-09  1.00000E+00 -2.22045E-16
  2.500E-02  4.75965E-08  3.73725E-04  4.92034E-09  1.00000E+00 -2.22045E-16
  2.750E-02  5.75917E-08  4.11098E-04  5.48528E-09  1.00000E+00 -2.22045E-16
  3.000E-02  6.85389E-08  4.48470E-04  6.07010E-09  1.00000E+00  2.22045E-16
  3.250E-02  8.04380E-08  4.85843E-04  6.67463E-09  1.00000E+00  2.22045E-16
  3.500E-02  9.32891E-08  5.23216E-04  7.29853E-09  1.00000E+00  2.22045E-16
  3.750E-02  1.07092E-07  5.60588E-04  7.94161E-09  1.00000E+00 -2.22045E-16
  4.000E-02  1.21847E-07  5.97961E-04  8.60414E-09  1.00000E+00  2.22045E-16
  4.250E-02  1.37554E-07  6.35334E-04  9.28702E-09  1.00000E+00 -2.22045E-16
  4.500E-02  1.54213E-07  6.72707E-04  9.99165E-09  1.00000E+00 -4.44089E-16
  4.750E-02  1.71823E-07  7.10080E-04  1.07198E-08  1.00000E+00  0.00000E+00
  5.000E-02  1.90386E-07  7.47453E-04  1.14729E-08  1.00000E+00  1.11022E-16
  5.250E-02  2.09900E-07  7.84826E-04  1.22523E-08  1.00000E+00  1.11022E-16
  5.500E-02  2.30367E-07  8.22199E-04  1.30584E-08  1.00000E+00 -2.22045E-16
  5.750E-02  2.51785E-07  8.59572E-04  1.38906E-08  1.00000E+00  0.00000E+00
  6.000E-02  2.74156E-07  8.96945E-04  1.47482E-08  1.00000E+00  0.00000E+00
  6.250E-02  2.97478E-07  9.34318E-04  1.56300E-08  1.00000E+00 -4.44089E-16
  6.500E-02  3.21752E-07  9.71691E-04  1.65349E-08  1.00000E+00  0.00000E+00
  6.750E-02  3.46978E-07  1.00906E-03  1.74627E-08  9.99999E-01  1.11022E-16
  7.000E-02  3.73156E-07  1.04644E-03  1.84141E-08  9.99999E-01  0.00000E+00
  7.250E-02  4.00286E-07  1.08381E-03  1.93906E-08  9.99999E-01  3.33067E-16
  7.500E-02  4.28368E-07  1.12118E-03  2.03941E-08  9.99999E-01  0.00000E+00
  7.750E-02  4.57402E-07  1.15856E-03  2.14266E-08  9.99999E-01  0.00000E+00
  8.000E-02  4.87388E-07  1.19593E-03  2.24895E-08  9.99999E-01  1.11022E-16
  8.250E-02  5.18325E-07  1.23330E-03  2.35834E-08  9.99999E-01  3.33067E-16
  8.500E-02  5.50215E-07  1.27068E-03  2.47076E-08  9.99999E-01 -2.22045E-16
  8.750E-02  5.83057E-07  1.30805E-03  2.58608E-08  9.99999E-01  3.33067E-16
  9.000E-02  6.16850E-07  1.34542E-03  2.70413E-08  9.99999E-01  2.22045E-16
  9.250E-02  6.51596E-07  1.38280E-03  2.82474E-08  9.99999E-01  2.22045E-16
  9.500E-02  6.87293E-07  1.42017E-03  2.94787E-08  9.99999E-01  1.11022E-16
  9.750E-02  7.23942E-07  1.45755E-03  3.07358E-08  9.99999E-01  1.11022E-16
  1.000E-01  7.61543E-07  1.49492E-03  3.20206E-08  9.99999E-01  0.00000E+00
  1.250E-01  1.18991E-06  1.86866E-03  4.67028E-08  9.99998E-01 -2.22045E-16
  1.500E-01  1.71347E-06  2.24241E-03  6.48028E-08  9.99997E-01 -2.22045E-16
  1.750E-01  2.33223E-06  2.61616E-03  8.66015E-08  9.99997E-01 -2.22045E-16
  2.000E-01  3.04617E-06  2.98992E-03  1.12243E-07  9.99996E-01  0.00000E+00
  2.250E-01  3.85531E-06  3.36369E-03  1.41734E-07  9.99994E-01  3.33067E-16
  2.500E-01  4.75964E-06  3.73747E-03  1.74977E-07  9.99993E-01  0.00000E+00
  2.750E-01  5.75916E-06  4.11126E-03  2.11785E-07  9.99992E-01 -2.22045E-16
  3.000E-01  6.85388E-06  4.48506E-03  2.51933E-07  9.99990E-01 -2.22045E-16
  3.250E-01  8.04378E-06  4.85886E-03  2.95236E-07  9.99988E-01 -2.22045E-16
  3.500E-01  9.32888E-06  5.23268E-03  3.41582E-07  9.99986E-01  3.33067E-16
  3.750E-01  1.07092E-05  5.60651E-03  3.90891E-07  9.99984E-01  0.00000E+00
  4.000E-01  1.21846E-05  5.98034E-03  4.43165E-07  9.99982E-01 -2.22045E-16
  4.250E-01  1.37553E-05  6.35418E-03  4.98406E-07  9.99980E-01  0.00000E+00
  4.500E-01  1.54212E-05  6.72803E-03  5.56705E-07  9.99977E-01  0.00000E+00
  4.750E-01  1.71822E-05  7.10188E-03  6.18181E-07  9.99975E-01  0.00000E+00
  5.000E-01  1.90385E-05  7.47575E-03  6.82728E-07  9.99972E-01  2.22045E-16
  5.250E-01  2.09899E-05  7.84962E-03  7.50438E-07  9.99969E-01  0.00000E+00
  5.500E-01  2.30365E-05  8.22350E-03  8.21484E-07  9.99966E-01  0.00000E+00
  5.750E-01  2.51783E-05  8.59739E-03  8.95682E-07  9.99963E-01  0.00000E+00
  6.000E-01  2.74153E-05  8.97129E-03  9.72936E-07  9.99960E-01  1.11022E-16
  6.250E-01  2.97475E-05  9.34519E-03  1.05312E-06  9.99956E-01  0.00000E+00
  6.500E-01  3.21749E-05  9.71911E-03  1.13613E-06  9.99953E-01  0.00000E+00
  6.750E-01  3.46974E-05  1.00930E-02  1.22193E-06  9.99949E-01  1.11022E-16
  7.000E-01  3.73152E-05  1.04670E-02  1.31024E-06  9.99945E-01  1.11022E-16
  7.250E-01  4.00281E-05  1.08409E-02  1.40106E-06  9.99941E-01  0.00000E+00
  7.500E-01  4.28362E-05  1.12149E-02  1.49438E-06  9.99937E-01  0.00000E+00
  7.750E-01  4.57395E-05  1.15888E-02  1.59005E-06  9.99933E-01  3.33067E-16
  8.000E-01  4.87380E-05  1.19628E-02  1.68810E-06  9.99928E-01  2.22045E-16
  8.250E-01  5.18317E-05  1.23368E-02  1.78846E-06  9.99924E-01  0.00000E+00
  8.500E-01  5.50205E-05  1.27108E-02  1.89102E-06  9.99919E-01  2.22045E-16
  8.750E-01  5.83045E-05  1.30848E-02  1.99566E-06  9.99914E-01  0.00000E+00
  9.000E-01  6.16838E-05  1.34589E-02  2.10252E-06  9.99909E-01  1.11022E-16
  9.250E-01  6.51582E-05  1.38329E-02  2.21127E-06  9.99904E-01 -2.22045E-16
  9.500E-01  6.87277E-05  1.42069E-02  2.32199E-06  9.99899E-01  0.00000E+00
  9.750E-01  7.23925E-05  1.45810E-02  2.43482E-06  9.99894E-01  1.11022E-16
  1.000E+00  7.61524E-05  1.49551E-02  2.54947E-06  9.99888E-01  2.22045E-16
  1.100E+00  9.21439E-05  1.64514E-02  3.03224E-06  9.99865E-01  2.22045E-16
  1.200E+00  1.09658E-04  1.79479E-02  3.55309E-06  9.99839E-01  1.11022E-16
  1.300E+00  1.28695E-04  1.94446E-02  4.11466E-06  9.99811E-01  0.00000E+00
  1.400E+00  1.49255E-04  2.09414E-02  4.71939E-06  9.99781E-01  3.33067E-16
  1.500E+00  1.71338E-04  2.24384E-02  5.36594E-06  9.99748E-01  0.00000E+00
  1.600E+00  1.94942E-04  2.39354E-02  6.05304E-06  9.99714E-01  1.11022E-16
  1.700E+00  2.20070E-04  2.54327E-02  6.77958E-06  9.99677E-01  2.22045E-16
  1.800E+00  2.46720E-04  2.69300E-02  7.54059E-06  9.99637E-01  0.00000E+00
  1.900E+00  2.74892E-04  2.84275E-02  8.33545E-06  9.99596E-01  0.00000E+00
  2.000E+00  3.04586E-04  2.99251E-02  9.16066E-06  9.99552E-01  1.11022E-16
  2.100E+00  3.35803E-04  3.14229E-02  1.00128E-05  9.99506E-01 -2.22045E-16
  2.200E+00  3.68542E-04  3.29208E-02  1.08907E-05  9.99458E-01 -2.22045E-16
  2.300E+00  4.02802E-04  3.44188E-02  1.17914E-05  9.99407E-01 -4.44089E-16
  2.400E+00  4.38585E-04  3.59170E-02  1.27145E-05  9.99355E-01 -2.22045E-16
  2.500E+00  4.75889E-04  3.74153E-02  1.36580E-05  9.99300E-01  2.22045E-16
  2.600E+00  5.14715E-04  3.89137E-02  1.46220E-05  9.99243E-01  0.00000E+00
  2.700E+00  5.55063E-04  4.04122E-02  1.56042E-05  9.99183E-01  0.00000E+00
  2.800E+00  5.96931E-04  4.19109E-02  1.66030E-05  9.99121E-01 -2.22045E-16
  2.900E+00  6.40321E-04  4.34097E-02  1.76213E-05  9.99057E-01  0.00000E+00
  3.000E+00  6.85233E-04  4.49085E-02  1.86567E-05  9.98991E-01  3.33067E-16
  3.100E+00  7.31665E-04  4.64075E-02  1.97054E-05  9.98923E-01  0.00000E+00
  3.200E+00  7.79618E-04  4.79066E-02  2.07742E-05  9.98852E-01 -2.22045E-16
  3.300E+00  8.29092E-04  4.94059E-02  2.18540E-05  9.98779E-01 -2.22045E-16
  3.400E+00  8.80086E-04  5.09052E-02  2.29466E-05  9.98703E-01 -2.22045E-16
  3.500E+00  9.32601E-04  5.24046E-02  2.40566E-05  9.98626E-01 -2.22045E-16
  3.600E+00  9.86636E-04  5.39041E-02  2.51767E-05  9.98546E-01  0.00000E+00
  3.700E+00  1.04219E-03  5.54036E-02  2.63080E-05  9.98464E-01 -2.22045E-16
  3.800E+00  1.09927E-03  5.69033E-02  2.74525E-05  9.98380E-01  0.00000E+00
  3.900E+00  1.15786E-03  5.84031E-02  2.86053E-05  9.98293E-01  0.00000E+00
  4.000E+00  1.21797E-03  5.99029E-02  2.97618E-05  9.98204E-01  1.11022E-16
  4.100E+00  1.27961E-03  6.14028E-02  3.09322E-05  9.98113E-01  0.00000E+00
  4.200E+00  1.34276E-03  6.29028E-02  3.21064E-05  9.98020E-01  0.00000E+00
  4.300E+00  1.40743E-03  6.44028E-02  3.32855E-05  9.97924E-01  0.00000E+00
  4.400E+00  1.47362E-03  6.59029E-02  3.44744E-05  9.97826E-01  1.11022E-16
  4.500E+00  1.54133E-03  6.74031E-02  3.56616E-05  9.97726E-01  1.11022E-16
  4.600E+00  1.61056E-03  6.89033E-02  3.68462E-05  9.97623E-01  0.00000E+00
  4.700E+00  1.68131E-03  7.04036E-02  3.80364E-05  9.97519E-01  2.22045E-16
  4.800E+00  1.75357E-03  7.19039E-02  3.92226E-05  9.97412E-01 -2.22045E-16
  4.900E+00  1.82735E-03  7.34042E-02  4.04068E-05  9.97302E-01  1.11022E-16
  5.000E+00  1.90265E-03  7.49046E-02  4.15946E-05  9.97191E-01  0.00000E+00
  5.100E+00  1.97947E-03  7.64051E-02  4.27728E-05  9.97077E-01  2.22045E-16
  5.200E+00  2.05780E-03  7.79056E-02  4.39420E-05  9.96961E-01  3.33067E-16
  5.300E+00  2.13765E-03  7.94061E-02  4.51095E-05  9.96842E-01 -2.22045E-16
  5.400E+00  2.21902E-03  8.09066E-02  4.62637E-05  9.96722E-01 -2.22045E-16
  5.500E+00  2.30190E-03  8.24072E-02  4.74078E-05  9.96599E-01  1.11022E-16
  5.600E+00  2.38630E-03  8.39077E-02  4.85481E-05  9.96474E-01 -2.22045E-16
  5.700E+00  2.47222E-03  8.54083E-02  4.96698E-05  9.96346E-01 -2.22045E-16
  5.800E+00  2.55965E-03  8.69089E-02  5.07758E-05  9.96216E-01  1.11022E-16
  5.900E+00  2.64859E-03  8.84095E-02  5.18750E-05  9.96084E-01  2.22045E-16
  6.000E+00  2.73905E-03  8.99101E-02  5.29524E-05  9.95950E-01 -4.44089E-16
  6.100E+00  2.83103E-03  9.14108E-02  5.40126E-05  9.95813E-01  3.33067E-16
  6.200E+00  2.92452E-03  9.29114E-02  5.50636E-05  9.95674E-01  2.22045E-16
  6.300E+00  3.01952E-03  9.44120E-02  5.60845E-05  9.95533E-01 -2.22045E-16
  6.400E+00  3.11604E-03  9.59126E-02  5.70832E-05  9.95390E-01  0.00000E+00
  6.500E+00  3.21407E-03  9.74131E-02  5.80716E-05  9.95244E-01 -2.22045E-16
  6.600E+00  3.31362E-03  9.89137E-02  5.90261E-05  9.95096E-01  2.22045E-16
  6.700E+00  3.41468E-03  1.00414E-01  5.99603E-05  9.94946E-01 -2.22045E-16
  6.800E+00  3.51725E-03  1.01915E-01  6.08808E-05  9.94793E-01  0.00000E+00
  6.900E+00  3.62133E-03  1.03415E-01  6.17524E-05  9.94638E-01 -2.22045E-16
  7.000E+00  3.72692E-03  1.04916E-01  6.26098E-05  9.94481E-01 -2.22045E-16
  7.100E+00  3.83403E-03  1.06416E-01  6.34387E-05  9.94322E-01  2.22045E-16
  7.200E+00  3.94265E-03  1.07916E-01  6.42350E-05  9.94160E-01  0.00000E+00
  7.300E+00  4.05278E-03  1.09417E-01  6.50044E-05  9.93996E-01 -2.22045E-16
  7.400E+00  4.16442E-03  1.10917E-01  6.57500E-05  9.93830E-01  0.00000E+00
  7.500E+00  4.27757E-03  1.12417E-01  6.64408E-05  9.93661E-01  0.00000E+00
  7.600E+00  4.39223E-03  1.13917E-01  6.71111E-05  9.93490E-01  0.00000E+00
  7.700E+00  4.50840E-03  1.15417E-01  6.77437E-05  9.93317E-01  0.00000E+00
  7.800E+00  4.62608E-03  1.16918E-01  6.83373E-05  9.93142E-01  1.11022E-16
  7.900E+00  4.74527E-03  1.18417E-01  6.89081E-05  9.92964E-01  0.00000E+00
  8.000E+00  4.86597E-03  1.19917E-01  6.94327E-05  9.92784E-01  1.11022E-16
  8.100E+00  4.98817E-03  1.21417E-01  6.99099E-05  9.92602E-01 -2.22045E-16
  8.200E+00  5.11188E-03  1.22917E-01  7.03512E-05  9.92417E-01  0.00000E+00
  8.300E+00  5.23711E-03  1.24417E-01  7.07489E-05  9.92230E-01 -2.22045E-16
  8.400E+00  5.36383E-03  1.25916E-01  7.11078E-05  9.92041E-01  1.11022E-16
  8.500E+00  5.49207E-03  1.27416E-01  7.14316E-05  9.91849E-01 -2.22045E-16
  8.600E+00  5.62181E-03  1.28915E-01  7.17053E-05  9.91656E-01  4.44089E-16
  8.700E+00  5.75306E-03  1.30414E-01  7.19262E-05  9.91460E-01  3.33067E-16
  8.800E+00  5.88581E-03  1.31913E-01  7.21010E-05  9.91261E-01 -4.44089E-16
  8.900E+00  6.02007E-03  1.33412E-01  7.22290E-05  9.91061E-01  0.00000E+00
  9.000E+00  6.15583E-03  1.34911E-01  7.23135E-05  9.90858E-01 -2.22045E-16
  9.100E+00  6.29310E-03  1.36410E-01  7.23552E-05  9.90652E-01  2.22045E-16
  9.200E+00  6.43187E-03  1.37909E-01  7.23425E-05  9.90445E-01  1.11022E-16
  9.300E+00  6.57214E-03  1.39407E-01  7.22713E-05  9.90235E-01 -2.22045E-16
  9.400E+00  6.71392E-03  1.40906E-01  7.21470E-05  9.90023E-01  0.00000E+00
  9.500E+00  6.85720E-03  1.42404E-01  7.19718E-05  9.89809E-01 -2.22045E-16
  9.600E+00  7.00198E-03  1.43902E-01  7.17483E-05  9.89592E-01  0.00000E+00
  9.700E+00  7.14827E-03  1.45400E-01  7.14750E-05  9.89373E-01 -2.22045E-16
  9.800E+00  7.29605E-03  1.46898E-01  7.11425E-05  9.89152E-01 -2.22045E-16
  9.900E+00  7.44534E-03  1.48395E-01  7.07464E-05  9.88928E-01  0.00000E+00
  1.000E+01  7.59612E-03  1.49893E-01  7.02916E-05  9.88702E-01  1.11022E-16
  1.025E+01  7.97965E-03  1.53636E-01  6.89193E-05  9.88128E-01 -2.22045E-16
  1.050E+01  8.37255E-03  1.57378E-01  6.71726E-05  9.87538E-01 -2.22045E-16
  1.075E+01  8.77480E-03  1.61119E-01  6.50325E-05  9.86935E-01  1.11022E-16
  1.100E+01  9.18641E-03  1.64858E-01  6.25156E-05  9.86317E-01  2.22045E-16
  1.125E+01  9.60736E-03  1.68597E-01  5.95650E-05  9.85685E-01 -2.22045E-16
  1.150E+01  1.00376E-02  1.72334E-01  5.62162E-05  9.85039E-01  0.00000E+00
  1.175E+01  1.04773E-02  1.76069E-01  5.24161E-05  9.84378E-01 -2.22045E-16
  1.200E+01  1.09262E-02  1.79803E-01  4.81755E-05  9.83703E-01  0.00000E+00
  1.225E+01  1.13844E-02  1.83536E-01  4.34830E-05  9.83013E-01 -2.22045E-16
  1.250E+01  1.18520E-02  1.87267E-01  3.83020E-05  9.82309E-01 -2.22045E-16
  1.275E+01  1.23288E-02  1.90996E-01  3.26626E-05  9.81591E-01  0.00000E+00
  1.300E+01  1.28150E-02  1.94723E-01  2.65048E-05  9.80858E-01  2.22045E-16
  1.325E+01  1.33104E-02  1.98449E-01  1.98657E-05  9.80111E-01  1.11022E-16
  1.350E+01  1.38150E-02  2.02173E-01  1.27085E-05  9.79350E-01  1.11022E-16
  1.375E+01  1.43290E-02  2.05894E-01  5.02982E-06  9.78574E-01 -2.22045E-16
  1.400E+01  1.48521E-02  2.09614E-01 -3.15630E-06  9.77784E-01 -2.22045E-16
  1.425E+01  1.53845E-02  2.13332E-01 -1.19023E-05  9.76980E-01  2.22045E-16
  1.450E+01  1.59262E-02  2.17047E-01 -2.11610E-05  9.76161E-01 -2.22045E-16
  1.475E+01  1.64770E-02  2.20760E-01 -3.09913E-05  9.75328E-01  0.00000E+00
  1.500E+01  1.70371E-02  2.24471E-01 -4.13685E-05  9.74481E-01  0.00000E+00
  1.525E+01  1.76063E-02  2.28180E-01 -5.23089E-05  9.73619E-01  2.22045E-16
  1.550E+01  1.81848E-02  2.31885E-01 -6.38477E-05  9.72743E-01 -2.22045E-16
  1.575E+01  1.87724E-02  2.35589E-01 -7.59428E-05  9.71853E-01  2.22045E-16
  1.600E+01  1.93692E-02  2.39290E-01 -8.86733E-05  9.70948E-01 -2.22045E-16
  1.625E+01  1.99751E-02  2.42988E-01 -1.01979E-04  9.70029E-01  0.00000E+00
  1.650E+01  2.05901E-02  2.46683E-01 -1.15919E-04  9.69096E-01  0.00000E+00
  1.675E+01  2.12143E-02  2.50376E-01 -1.30477E-04  9.68149E-01  2.22045E-16
  1.700E+01  2.18476E-02  2.54066E-01 -1.45639E-04  9.67187E-01  2.22045E-16
  1.725E+01  2.24900E-02  2.57753E-01 -1.61471E-04  9.66211E-01 -2.22045E-16
  1.750E+01  2.31415E-02  2.61436E-01 -1.77880E-04  9.65221E-01  2.22045E-16
  1.775E+01  2.38021E-02  2.65117E-01 -1.94986E-04  9.64216E-01  1.11022E-16
  1.800E+01  2.44717E-02  2.68795E-01 -2.12678E-04  9.63197E-01  3.33067E-16
  1.825E+01  2.51504E-02  2.72469E-01 -2.31049E-04  9.62165E-01 -2.22045E-16
  1.850E+01  2.58382E-02  2.76140E-01 -2.50054E-04  9.61117E-01  2.22045E-16
  1.875E+01  2.65349E-02  2.79808E-01 -2.69728E-04  9.60056E-01  1.11022E-16
  1.900E+01  2.72407E-02  2.83472E-01 -2.90074E-04  9.58980E-01 -2.22045E-16
  1.925E+01  2.79555E-02  2.87133E-01 -3.11083E-04  9.57891E-01  1.11022E-16
  1.950E+01  2.86793E-02  2.90790E-01 -3.32798E-04  9.56787E-01  1.11022E-16
  1.975E+01  2.94120E-02  2.94444E-01 -3.55187E-04  9.55669E-01 -2.22045E-16
  2.000E+01  3.01537E-02  2.98093E-01 -3.78292E-04  9.54537E-01  0.00000E+00
  2.025E+01  3.09043E-02  3.01739E-01 -4.02089E-04  9.53390E-01  0.00000E+00
  2.050E+01  3.16639E-02  3.05382E-01 -4.26593E-04  9.52230E-01  4.44089E-16
  2.075E+01  3.24324E-02  3.09020E-01 -4.51802E-04  9.51055E-01 -2.22045E-16
  2.100E+01  3.32098E-02  3.12654E-01 -4.77712E-04  9.49867E-01  0.00000E+00
  2.125E+01  3.39961E-02  3.16285E-01 -5.04331E-04  9.48664E-01  0.00000E+00
  2.150E+01  3.47912E-02  3.19911E-01 -5.31651E-04  9.47448E-01 -2.22045E-16
  2.175E+01  3.55952E-02  3.23533E-01 -5.59682E-04  9.46217E-01  3.33067E-16
  2.200E+01  3.64081E-02  3.27150E-01 -5.88424E-04  9.44972E-01 -2.22045E-16
  2.225E+01  3.72297E-02  3.30764E-01 -6.17887E-04  9.43713E-01 -2.22045E-16
  2.250E+01  3.80602E-02  3.34373E-01 -6.48080E-04  9.42441E-01  1.11022E-16
  2.275E+01  3.88995E-02  3.37978E-01 -6.79008E-04  9.41154E-01  0.00000E+00
  2.300E+01  3.97476E-02  3.41578E-01 -7.10682E-04  9.39853E-01  3.33067E-16
  2.325E+01  4.06044E-02  3.45173E-01 -7.43106E-04  9.38539E-01  4.44089E-16
  2.350E+01  4.14700E-02  3.48764E-01 -7.76287E-04  9.37210E-01  3.33067E-16
  2.375E+01  4.23443E-02  3.52350E-01 -8.10225E-04  9.35868E-01 -2.22045E-16
  2.400E+01  4.32273E-02  3.55931E-01 -8.44920E-04  9.34512E-01  0.00000E+00
  2.425E+01  4.41190E-02  3.59508E-01 -8.80368E-04  9.33142E-01  3.33067E-16
  2.450E+01  4.50194E-02  3.63079E-01 -9.16566E-04  9.31758E-01  0.00000E+00
  2.475E+01  4.59284E-02  3.66646E-01 -9.53513E-04  9.30360E-01  2.22045E-16
  2.500E+01  4.68461E-02  3.70207E-01 -9.91205E-04  9.28949E-01  1.11022E-16
  2.550E+01  4.87074E-02  3.77315E-01 -1.06883E-03  9.26085E-01  0.00000E+00
  2.600E+01  5.06030E-02  3.84401E-01 -1.14949E-03  9.23165E-01  1.11022E-16
  2.650E+01  5.25328E-02  3.91466E-01 -1.23324E-03  9.20192E-01  0.00000E+00
  2.700E+01  5.44967E-02  3.98509E-01 -1.32015E-03  9.17163E-01  1.11022E-16
  2.750E+01  5.64946E-02  4.05529E-01 -1.41022E-03  9.14081E-01 -2.22045E-16
  2.800E+01  5.85262E-02  4.12526E-01 -1.50343E-03  9.10944E-01  2.22045E-16
  2.850E+01  6.05914E-02  4.19500E-01 -1.59973E-03  9.07754E-01 -4.44089E-16
  2.900E+01  6.26901E-02  4.26449E-01 -1.69911E-03  9.04510E-01  0.00000E+00
  2.950E+01  6.48222E-02  4.33374E-01 -1.80159E-03  9.01212E-01  2.22045E-16
  3.000E+01  6.69873E-02  4.40274E-01 -1.90727E-03  8.97861E-01  2.22045E-16
  3.050E+01  6.91854E-02  4.47148E-01 -2.01619E-03  8.94458E-01  3.33067E-16
  3.100E+01  7.14163E-02  4.53996E-01 -2.12836E-03  8.91001E-01  0.00000E+00
  3.150E+01  7.36799E-02  4.60817E-01 -2.24374E-03  8.87492E-01 -2.22045E-16
  3.200E+01  7.59760E-02  4.67611E-01 -2.36225E-03  8.83931E-01  2.22045E-16
  3.250E+01  7.83043E-02  4.74378E-01 -2.48388E-03  8.80318E-01  0.00000E+00
  3.300E+01  8.06647E-02  4.81117E-01 -2.60867E-03  8.76653E-01  0.00000E+00
  3.350E+01  8.30571E-02  4.87827E-01 -2.73669E-03  8.72936E-01  1.11022E-16
  3.400E+01  8.54812E-02  4.94508E-01 -2.86802E-03  8.69168E-01  0.00000E+00
  3.450E+01  8.79369E-02  5.01159E-01 -3.00264E-03  8.65350E-01  1.11022E-16
  3.500E+01  9.04240E-02  5.07781E-01 -3.14049E-03  8.61481E-01  2.22045E-16
  3.550E+01  9.29422E-02  5.14372E-01 -3.28150E-03  8.57561E-01 -2.22045E-16
  3.600E+01  9.54915E-02  5.20932E-01 -3.42570E-03  8.53591E-01 -2.22045E-16
  3.650E+01  9.80716E-02  5.27461E-01 -3.57293E-03  8.49572E-01  2.22045E-16
  3.700E+01  1.00682E-01  5.33958E-01 -3.72357E-03  8.45503E-01  0.00000E+00
  3.750E+01  1.03323E-01  5.40423E-01 -3.87746E-03  8.41384E-01  2.22045E-16
  3.800E+01  1.05995E-01  5.46855E-01 -4.03469E-03  8.37218E-01  2.22045E-16
  3.850E+01  1.08696E-01  5.53254E-01 -4.19515E-03  8.33002E-01 -2.22045E-16
  3.900E+01  1.11427E-01  5.59619E-01 -4.35878E-03  8.28739E-01  3.33067E-16
  3.950E+01  1.14188E-01  5.65950E-01 -4.52555E-03  8.24427E-01 -2.22045E-16
  4.000E+01  1.16978E-01  5.72248E-01 -4.69550E-03  8.20067E-01  2.22045E-16
  4.050E+01  1.19797E-01  5.78510E-01 -4.86873E-03  8.15661E-01 -2.22045E-16
  4.100E+01  1.22645E-01  5.84736E-01 -5.04529E-03  8.11208E-01  0.00000E+00
  4.150E+01  1.25522E-01  5.90927E-01 -5.22516E-03  8.06708E-01 -2.22045E-16
  4.200E+01  1.28428E-01  5.97082E-01 -5.40827E-03  8.02162E-01 -4.44089E-16
  4.250E+01  1.31361E-01  6.03200E-01 -5.59454E-03  7.97570E-01  0.00000E+00
  4.300E+01  1.34323E-01  6.09282E-01 -5.78397E-03  7.92933E-01  2.22045E-16
  4.350E+01  1.37313E-01  6.15326E-01 -5.97658E-03  7.88250E-01  2.22045E-16
  4.400E+01  1.40330E-01  6.21332E-01 -6.17247E-03  7.83523E-01  0.00000E+00
  4.450E+01  1.43375E-01  6.27300E-01 -6.37168E-03  7.78751E-01  0.00000E+00
  4.500E+01  1.46447E-01  6.33230E-01 -6.57421E-03  7.73936E-01  2.22045E-16
  4.550E+01  1.49545E-01  6.39120E-01 -6.77997E-03  7.69077E-01  1.11022E-16
  4.600E+01  1.52671E-01  6.44972E-01 -6.98890E-03  7.64175E-01  1.11022E-16
  4.650E+01  1.55823E-01  6.50784E-01 -7.20099E-03  7.59229E-01  1.11022E-16
  4.700E+01  1.59001E-01  6.56556E-01 -7.41628E-03  7.54241E-01 -2.22045E-16
  4.750E+01  1.62205E-01  6.62287E-01 -7.63484E-03  7.49211E-01  0.00000E+00
  4.800E+01  1.65435E-01  6.67978E-01 -7.85672E-03  7.44140E-01 -4.44089E-16
  4.850E+01  1.68690E-01  6.73627E-01 -8.08191E-03  7.39027E-01  1.11022E-16
  4.900E+01  1.71970E-01  6.79235E-01 -8.31034E-03  7.33874E-01  0.00000E+00
  4.950E+01  1.75276E-01  6.84801E-01 -8.54197E-03  7.28680E-01  1.11022E-16
  5.000E+01  1.78606E-01  6.90325E-01 -8.77676E-03  7.23446E-01  0.00000E+00
  5.050E+01  1.81961E-01  6.95807E-01 -9.01476E-03  7.18172E-01  0.00000E+00
  5.100E+01  1.85340E-01  7.01246E-01 -9.25604E-03  7.12860E-01  2.22045E-16
  5.150E+01  1.88743E-01  7.06641E-01 -9.50064E-03  7.07508E-01  1.11022E-16
  5.200E+01  1.92169E-01  7.11993E-01 -9.74855E-03  7.02119E-01  0.00000E+00
  5.250E+01  1.95619E-01  7.17301E-01 -9.99973E-03  6.96692E-01  0.00000E+00
  5.300E+01  1.99092E-01  7.22565E-01 -1.02541E-02  6.91227E-01  0.00000E+00
  5.350E+01  2.02589E-01  7.27785E-01 -1.05117E-02  6.85725E-01  0.00000E+00
  5.400E+01  2.06107E-01  7.32960E-01 -1.07725E-02  6.80186E-01  0.00000E+00
  5.450E+01  2.09649E-01  7.38091E-01 -1.10366E-02  6.74611E-01 -4.44089E-16
  5.500E+01  2.13212E-01  7.43175E-01 -1.13041E-02  6.69001E-01  4.44089E-16
  5.550E+01  2.16797E-01  7.48214E-01 -1.15749E-02  6.63356E-01  0.00000E+00
  5.600E+01  2.20404E-01  7.53207E-01 -1.18489E-02  6.57677E-01  4.44089E-16
  5.650E+01  2.24032E-01  7.58154E-01 -1.21263E-02  6.51963E-01  1.11022E-16
  5.700E+01  2.27680E-01  7.63055E-01 -1.24068E-02  6.46215E-01  1.11022E-16
  5.750E+01  2.31350E-01  7.67909E-01 -1.26906E-02  6.40433E-01  2.22045E-16
  5.800E+01  2.35040E-01  7.72716E-01 -1.29778E-02  6.34619E-01  4.44089E-16
  5.850E+01  2.38751E-01  7.77476E-01 -1.32683E-02  6.28773E-01  2.22045E-16
  5.900E+01  2.42481E-01  7.82188E-01 -1.35622E-02  6.22895E-01  4.44089E-16
  5.950E+01  2.46231E-01  7.86852E-01 -1.38594E-02  6.16986E-01  1.11022E-16
  6.000E+01  2.50000E-01  7.91469E-01 -1.41599E-02  6.11046E-01  4.44089E-16
  6.050E+01  2.53788E-01  7.96037E-01 -1.44637E-02  6.05075E-01  0.00000E+00
  6.100E+01  2.57595E-01  8.00557E-01 -1.47709E-02  5.99074E-01  1.11022E-16
  6.150E+01  2.61421E-01  8.05029E-01 -1.50814E-02  5.93044E-01 -4.44089E-16
  6.200E+01  2.65264E-01  8.09451E-01 -1.53953E-02  5.86985E-01 -2.22045E-16
  6.250E+01  2.69126E-01  8.13824E-01 -1.57127E-02  5.80899E-01  2.22045E-16
  6.300E+01  2.73005E-01  8.18148E-01 -1.60334E-02  5.74784E-01 -2.22045E-16
  6.350E+01  2.76901E-01  8.22422E-01 -1.63575E-02  5.68643E-01  0.00000E+00
  6.400E+01  2.80814E-01  8.26647E-01 -1.66850E-02  5.62474E-01 -2.22045E-16
  6.450E+01  2.84744E-01  8.30822E-01 -1.70159E-02  5.56278E-01  0.00000E+00
  6.500E+01  2.88691E-01  8.34947E-01 -1.73503E-02  5.50056E-01  0.00000E+00
  6.550E+01  2.92653E-01  8.39022E-01 -1.76881E-02  5.43810E-01  0.00000E+00
  6.600E+01  2.96632E-01  8.43046E-01 -1.80294E-02  5.37539E-01  2.22045E-16
  6.650E+01  3.00625E-01  8.47019E-01 -1.83742E-02  5.31245E-01  4.44089E-16
  6.700E+01  3.04634E-01  8.50941E-01 -1.87225E-02  5.24927E-01  0.00000E+00
  6.750E+01  3.08658E-01  8.54813E-01 -1.90742E-02  5.18585E-01 -4.44089E-16
  6.800E+01  3.12697E-01  8.58634E-01 -1.94294E-02  5.12221E-01  0.00000E+00
  6.850E+01  3.16749E-01  8.62404E-01 -1.97882E-02  5.05833E-01  0.00000E+00
  6.900E+01  3.20816E-01  8.66123E-01 -2.01507E-02  4.99425E-01  2.22045E-16
  6.950E+01  3.24896E-01  8.69789E-01 -2.05167E-02  4.92996E-01  1.11022E-16
  7.000E+01  3.28990E-01  8.73404E-01 -2.08862E-02  4.86549E-01  2.22045E-16
  7.050E+01  3.33097E-01  8.76966E-01 -2.12590E-02  4.80082E-01 -2.22045E-16
  7.100E+01  3.37216E-01  8.80478E-01 -2.16356E-02  4.73594E-01  0.00000E+00
  7.150E+01  3.41348E-01  8.83939E-01 -2.20164E-02  4.67084E-01  0.00000E+00
  7.200E+01  3.45492E-01  8.87347E-01 -2.24010E-02  4.60557E-01  2.22045E-16
  7.250E+01  3.49647E-01  8.90702E-01 -2.27883E-02  4.54016E-01  0.00000E+00
  7.300E+01  3.53814E-01  8.94003E-01 -2.31793E-02  4.47460E-01  2.22045E-16
  7.350E+01  3.57992E-01  8.97254E-01 -2.35745E-02  4.40885E-01  0.00000E+00
  7.400E+01  3.62181E-01  9.00453E-01 -2.39738E-02  4.34293E-01  1.11022E-16
  7.450E+01  3.66381E-01  9.03599E-01 -2.43766E-02  4.27684E-01 -2.22045E-16
  7.500E+01  3.70590E-01  9.06693E-01 -2.47830E-02  4.21062E-01  0.00000E+00
  7.550E+01  3.74810E-01  9.09734E-01 -2.51932E-02  4.14427E-01  0.00000E+00
  7.600E+01  3.79039E-01  9.12722E-01 -2.56073E-02  4.07779E-01  1.11022E-16
  7.650E+01  3.83277E-01  9.15657E-01 -2.60253E-02  4.01118E-01  0.00000E+00
  7.700E+01  3.87524E-01  9.18539E-01 -2.64473E-02  3.94444E-01  1.11022E-16
  7.750E+01  3.91780E-01  9.21370E-01 -2.68732E-02  3.87758E-01  2.22045E-16
  7.800E+01  3.96044E-01  9.24147E-01 -2.73030E-02  3.81060E-01 -2.22045E-16
  7.850E+01  4.00316E-01  9.26872E-01 -2.77368E-02  3.74352E-01 -2.22045E-16
  7.900E+01  4.04596E-01  9.29543E-01 -2.81746E-02  3.67635E-01 -4.44089E-16
  7.950E+01  4.08882E-01  9.32162E-01 -2.86164E-02  3.60908E-01 -4.44089E-16
  8.000E+01  4.13176E-01  9.34728E-01 -2.90623E-02  3.54174E-01  2.22045E-16
  8.050E+01  4.17476E-01  9.37241E-01 -2.95123E-02  3.47430E-01  0.00000E+00
  8.100E+01  4.21783E-01  9.39702E-01 -2.99665E-02  3.40679E-01 -2.22045E-16
  8.150E+01  4.26095E-01  9.42110E-01 -3.04249E-02  3.33921E-01 -2.22045E-16
  8.200E+01  4.30413E-01  9.44465E-01 -3.08875E-02  3.27157E-01 -2.22045E-16
  8.250E+01  4.34737E-01  9.46768E-01 -3.13544E-02  3.20387E-01 -2.22045E-16
  8.300E+01  4.39065E-01  9.49018E-01 -3.18254E-02  3.13612E-01  3.33067E-16
  8.350E+01  4.43398E-01  9.51215E-01 -3.23008E-02  3.06834E-01  4.44089E-16
  8.400E+01  4.47736E-01  9.53360E-01 -3.27806E-02  3.00052E-01  0.00000E+00
  8.450E+01  4.52077E-01  9.55452E-01 -3.32647E-02  2.93266E-01 -2.22045E-16
  8.500E+01  4.56422E-01  9.57492E-01 -3.37534E-02  2.86477E-01  0.00000E+00
  8.550E+01  4.60770E-01  9.59480E-01 -3.42466E-02  2.79687E-01 -4.44089E-16
  8.600E+01  4.65122E-01  9.61416E-01 -3.47442E-02  2.72895E-01 -4.44089E-16
  8.650E+01  4.69476E-01  9.63300E-01 -3.52464E-02  2.66104E-01  0.00000E+00
  8.700E+01  4.73832E-01  9.65132E-01 -3.57532E-02  2.59312E-01  0.00000E+00
  8.750E+01  4.78190E-01  9.66911E-01 -3.62646E-02  2.52522E-01  3.33067E-16
  8.800E+01  4.82550E-01  9.68640E-01 -3.67808E-02  2.45732E-01  0.00000E+00
  8.850E+01  4.86912E-01  9.70316E-01 -3.73018E-02  2.38945E-01  4.44089E-16
  8.900E+01  4.91274E-01  9.71942E-01 -3.78276E-02  2.32160E-01  2.22045E-16
  8.950E+01  4.95637E-01  9.73516E-01 -3.83583E-02  2.25378E-01 -2.22045E-16
  9.000E+01  5.00000E-01  9.75039E-01 -3.88938E-02  2.18601E-01  3.33067E-16
  9.050E+01  5.04363E-01  9.76511E-01 -3.94343E-02  2.11829E-01  2.22045E-16
  9.100E+01  5.08726E-01  9.77932E-01 -3.99797E-02  2.05062E-01  0.00000E+00
  9.150E+01  5.13088E-01  9.79303E-01 -4.05303E-02  1.98301E-01  2.22045E-16
  9.200E+01  5.17450E-01  9.80623E-01 -4.10861E-02  1.91547E-01  2.22045E-16
  9.250E+01  5.21810E-01  9.81893E-01 -4.16471E-02  1.84800E-01  0.00000E+00
  9.300E+01  5.26168E-01  9.83114E-01 -4.22133E-02  1.78061E-01  1.11022E-16
  9.350E+01  5.30524E-01  9.84284E-01 -4.27848E-02  1.71331E-01  1.11022E-16
  9.400E+01  5.34878E-01  9.85405E-01 -4.33617E-02  1.64611E-01  1.11022E-16
  9.450E+01  5.39230E-01  9.86477E-01 -4.39439E-02  1.57901E-01  1.11022E-16
  9.500E+01  5.43578E-01  9.87499E-01 -4.45317E-02  1.51202E-01  0.00000E+00
  9.550E+01  5.47923E-01  9.88473E-01 -4.51252E-02  1.44515E-01 -4.44089E-16
  9.600E+01  5.52264E-01  9.89399E-01 -4.57243E-02  1.37839E-01  1.11022E-16
  9.650E+01  5.56602E-01  9.90276E-01 -4.63292E-02  1.31177E-01  0.00000E+00
  9.700E+01  5.60935E-01  9.91105E-01 -4.69398E-02  1.24528E-01  4.44089E-16
  9.750E+01  5.65263E-01  9.91887E-01 -4.75562E-02  1.17894E-01  1.11022E-16
  9.800E+01  5.69587E-01  9.92621E-01 -4.81786E-02  1.11276E-01  0.00000E+00
  9.850E+01  5.73905E-01  9.93308E-01 -4.88070E-02  1.04673E-01 -2.22045E-16
  9.900E+01  5.78217E-01  9.93949E-01 -4.94415E-02  9.80873E-02 -2.22045E-16
  9.950E+01  5.82524E-01  9.94543E-01 -5.00823E-02  9.15184E-02  0.00000E+00
  1.000E+02  5.86824E-01  9.95091E-01 -5.07294E-02  8.49675E-02 -2.22045E-16
  1.005E+02  5.91118E-01  9.95594E-01 -5.13829E-02  7.84356E-02  0.00000E+00
  1.010E+02  5.95404E-01  9.96051E-01 -5.20427E-02  7.19238E-02 -2.22045E-16
  1.015E+02  5.99684E-01  9.96464E-01 -5.27090E-02  6.54327E-02 -2.22045E-16
  1.020E+02  6.03956E-01  9.96832E-01 -5.33820E-02  5.89628E-02  0.00000E+00
  1.025E+02  6.08220E-01  9.97156E-01 -5.40617E-02  5.25147E-02  5.55112E-16
  1.030E+02  6.12476E-01  9.97436E-01 -5.47483E-02  4.60889E-02 -2.22045E-16
  1.035E+02  6.16723E-01  9.97673E-01 -5.54419E-02  3.96866E-02 -2.22045E-16
  1.040E+02  6.20961E-01  9.97867E-01 -5.61426E-02  3.33087E-02 -4.44089E-16
  1.045E+02  6.25190E-01  9.98019E-01 -5.68503E-02  2.69562E-02 -4.44089E-16
  1.050E+02  6.29410E-01  9.98129E-01 -5.75651E-02  2.06300E-02 -2.22045E-16
  1.055E+02  6.33619E-01  9.98197E-01 -5.82873E-02  1.43307E-02  0.00000E+00
  1.060E+02  6.37819E-01  9.98224E-01 -5.90171E-02  8.05883E-03  2.22045E-16
  1.065E+02  6.42008E-01  9.98211E-01 -5.97544E-02  1.81503E-03 -6.66134E-16
  1.070E+02  6.46186E-01  9.98159E-01 -6.04996E-02 -4.39980E-03 -4.44089E-16
  1.075E+02  6.50353E-01  9.98066E-01 -6.12526E-02 -1.05844E-02 -2.22045E-16
  1.080E+02  6.54508E-01  9.97935E-01 -6.20135E-02 -1.67379E-02  1.11022E-16
  1.085E+02  6.58652E-01  9.97765E-01 -6.27823E-02 -2.28590E-02  0.00000E+00
  1.090E+02  6.62784E-01  9.97558E-01 -6.35594E-02 -2.89474E-02 -2.22045E-16
  1.095E+02  6.66903E-01  9.97314E-01 -6.43448E-02 -3.50022E-02  1.11022E-16
  1.100E+02  6.71010E-01  9.97033E-01 -6.51388E-02 -4.10228E-02  0.00000E+00
  1.105E+02  6.75104E-01  9.96716E-01 -6.59415E-02 -4.70084E-02  1.11022E-16
  1.110E+02  6.79184E-01  9.96363E-01 -6.67530E-02 -5.29577E-02 -4.44089E-16
  1.115E+02  6.83251E-01  9.95976E-01 -6.75733E-02 -5.88694E-02  0.00000E+00
  1.120E+02  6.87303E-01  9.95555E-01 -6.84026E-02 -6.47426E-02  3.33067E-16
  1.125E+02  6.91342E-01  9.95100E-01 -6.92411E-02 -7.05762E-02 -2.22045E-16
  1.130E+02  6.95366E-01  9.94613E-01 -7.00890E-02 -7.63698E-02  0.00000E+00
  1.135E+02  6.99375E-01  9.94094E-01 -7.09465E-02 -8.21226E-02  3.33067E-16
  1.140E+02  7.03368E-01  9.93543E-01 -7.18139E-02 -8.78337E-02  2.22045E-16
  1.145E+02  7.07347E-01  9.92962E-01 -7.26912E-02 -9.35017E-02  5.55112E-16
  1.150E+02  7.11309E-01  9.92351E-01 -7.35785E-02 -9.91253E-02 -2.22045E-16
  1.155E+02  7.15256E-01  9.91711E-01 -7.44759E-02 -1.04703E-01  0.00000E+00
  1.160E+02  7.19186E-01  9.91043E-01 -7.53837E-02 -1.10235E-01 -2.22045E-16
  1.165E+02  7.23099E-01  9.90347E-01 -7.63021E-02 -1.15718E-01 -2.22045E-16
  1.170E+02  7.26995E-01  9.89625E-01 -7.72314E-02 -1.21154E-01  0.00000E+00
  1.175E+02  7.30874E-01  9.88876E-01 -7.81718E-02 -1.26541E-01 -6.66134E-16
  1.180E+02  7.34736E-01  9.88103E-01 -7.91236E-02 -1.31876E-01  0.00000E+00
  1.185E+02  7.38579E-01  9.87306E-01 -8.00868E-02 -1.37160E-01  2.22045E-16
  1.190E+02  7.42405E-01  9.86486E-01 -8.10615E-02 -1.42391E-01  0.00000E+00
  1.195E+02  7.46212E-01  9.85643E-01 -8.20479E-02 -1.47566E-01 -2.22045E-16
  1.200E+02  7.50000E-01  9.84779E-01 -8.30464E-02 -1.52686E-01  0.00000E+00
  1.205E+02  7.53769E-01  9.83895E-01 -8.40573E-02 -1.57749E-01  0.00000E+00
  1.210E+02  7.57519E-01  9.82992E-01 -8.50810E-02 -1.62754E-01  0.00000E+00
  1.215E+02  7.61249E-01  9.82069E-01 -8.61175E-02 -1.67700E-01  4.44089E-16
  1.220E+02  7.64960E-01  9.81130E-01 -8.71672E-02 -1.72585E-01  0.00000E+00
  1.225E+02  7.68650E-01  9.80174E-01 -8.82300E-02 -1.77408E-01 -2.22045E-16
  1.230E+02  7.72320E-01  9.79204E-01 -8.93063E-02 -1.82166E-01 -4.44089E-16
  1.235E+02  7.75968E-01  9.78219E-01 -9.03963E-02 -1.86859E-01 -2.22045E-16
  1.240E+02  7.79596E-01  9.77221E-01 -9.15006E-02 -1.91485E-01  1.11022E-16
  1.245E+02  7.83203E-01  9.76211E-01 -9.26195E-02 -1.96044E-01  1.11022E-16
  1.250E+02  7.86788E-01  9.75191E-01 -9.37532E-02 -2.00533E-01  3.33067E-16
  1.255E+02  7.90351E-01  9.74160E-01 -9.49020E-02 -2.04951E-01  4.44089E-16
  1.260E+02  7.93893E-01  9.73122E-01 -9.60660E-02 -2.09296E-01 -2.22045E-16
  1.265E+02  7.97411E-01  9.72077E-01 -9.72454E-02 -2.13564E-01  1.11022E-16
  1.270E+02  8.00908E-01  9.71026E-01 -9.84407E-02 -2.17756E-01 -4.44089E-16
  1.275E+02  8.04381E-01  9.69971E-01 -9.96523E-02 -2.21870E-01  1.11022E-16
  1.280E+02  8.07831E-01  9.68912E-01 -1.00881E-01 -2.25904E-01  1.11022E-16
  1.285E+02  8.11257E-01  9.67851E-01 -1.02126E-01 -2.29856E-01  4.44089E-16
  1.290E+02  8.14660E-01  9.66790E-01 -1.03389E-01 -2.33724E-01  2.22045E-16
  1.295E+02  8.18039E-01  9.65730E-01 -1.04670E-01 -2.37506E-01  2.22045E-16
  1.300E+02  8.21394E-01  9.64673E-01 -1.05968E-01 -2.41198E-01  0.00000E+00
  1.305E+02  8.24724E-01  9.63620E-01 -1.07285E-01 -2.44799E-01  3.33067E-16
  1.310E+02  8.28030E-01  9.62572E-01 -1.08621E-01 -2.48307E-01 -2.22045E-16
  1.315E+02  8.31310E-01  9.61531E-01 -1.09976E-01 -2.51720E-01  0.00000E+00
  1.320E+02  8.34565E-01  9.60499E-01 -1.11351E-01 -2.55036E-01 -2.22045E-16
  1.325E+02  8.37795E-01  9.59476E-01 -1.12746E-01 -2.58253E-01  2.22045E-16
  1.330E+02  8.40999E-01  9.58465E-01 -1.14162E-01 -2.61365E-01  1.11022E-16
  1.335E+02  8.44177E-01  9.57468E-01 -1.15598E-01 -2.64371E-01  0.00000E+00
  1.340E+02  8.47329E-01  9.56486E-01 -1.17055E-01 -2.67268E-01 -2.22045E-16
  1.345E+02  8.50455E-01  9.55521E-01 -1.18535E-01 -2.70054E-01  0.00000E+00
  1.350E+02  8.53553E-01  9.54574E-01 -1.20036E-01 -2.72725E-01 -2.22045E-16
  1.355E+02  8.56625E-01  9.53648E-01 -1.21561E-01 -2.75279E-01  1.11022E-16
  1.360E+02  8.59670E-01  9.52743E-01 -1.23110E-01 -2.77713E-01 -2.22045E-16
  1.365E+02  8.62687E-01  9.51863E-01 -1.24682E-01 -2.80021E-01  2.22045E-16
  1.370E+02  8.65677E-01  9.51008E-01 -1.26278E-01 -2.82201E-01  2.22045E-16
  1.375E+02  8.68639E-01  9.50182E-01 -1.27898E-01 -2.84247E-01  1.11022E-16
  1.380E+02  8.71572E-01  9.49385E-01 -1.29544E-01 -2.86157E-01  0.00000E+00
  1.385E+02  8.74478E-01  9.48620E-01 -1.31216E-01 -2.87928E-01  0.00000E+00
  1.390E+02  8.77355E-01  9.47888E-01 -1.32915E-01 -2.89555E-01  2.22045E-16
  1.395E+02  8.80203E-01  9.47191E-01 -1.34640E-01 -2.91033E-01  2.22045E-16
  1.400E+02  8.83022E-01  9.46532E-01 -1.36394E-01 -2.92358E-01  3.33067E-16
  1.405E+02  8.85812E-01  9.45913E-01 -1.38175E-01 -2.93524E-01  0.00000E+00
  1.410E+02  8.88573E-01  9.45336E-01 -1.39984E-01 -2.94525E-01  1.11022E-16
  1.415E+02  8.91304E-01  9.44803E-01 -1.41822E-01 -2.95355E-01  0.00000E+00
  1.420E+02  8.94005E-01  9.44315E-01 -1.43689E-01 -2.96011E-01  0.00000E+00
  1.425E+02  8.96677E-01  9.43875E-01 -1.45587E-01 -2.96487E-01  2.22045E-16
  1.430E+02  8.99318E-01  9.43483E-01 -1.47518E-01 -2.96779E-01  0.00000E+00
  1.435E+02  9.01928E-01  9.43144E-01 -1.49480E-01 -2.96877E-01  0.00000E+00
  1.440E+02  9.04508E-01  9.42859E-01 -1.51472E-01 -2.96772E-01  3.33067E-16
  1.445E+02  9.07058E-01  9.42631E-01 -1.53495E-01 -2.96456E-01  0.00000E+00
  1.450E+02  9.09576E-01  9.42461E-01 -1.55552E-01 -2.95924E-01  0.00000E+00
  1.455E+02  9.12063E-01  9.42349E-01 -1.57643E-01 -2.95172E-01 -2.22045E-16
  1.460E+02  9.14519E-01  9.42298E-01 -1.59769E-01 -2.94190E-01  2.22045E-16
  1.465E+02  9.16943E-01  9.42311E-01 -1.61929E-01 -2.92967E-01  0.00000E+00
  1.470E+02  9.19335E-01  9.42388E-01 -1.64124E-01 -2.91492E-01  1.11022E-16
  1.475E+02  9.21696E-01  9.42533E-01 -1.66352E-01 -2.89755E-01 -2.22045E-16
  1.480E+02  9.24024E-01  9.42746E-01 -1.68616E-01 -2.87747E-01  1.11022E-16
  1.485E+02  9.26320E-01  9.43028E-01 -1.70916E-01 -2.85457E-01  2.22045E-16
  1.490E+02  9.28584E-01  9.43380E-01 -1.73252E-01 -2.82875E-01  2.22045E-16
  1.495E+02  9.30815E-01  9.43802E-01 -1.75624E-01 -2.79989E-01  0.00000E+00
  1.500E+02  9.33013E-01  9.44296E-01 -1.78033E-01 -2.76785E-01  1.11022E-16
  1.505E+02  9.35178E-01  9.44862E-01 -1.80478E-01 -2.73248E-01  2.22045E-16
  1.510E+02  9.37310E-01  9.45500E-01 -1.82958E-01 -2.69363E-01  0.00000E+00
  1.515E+02  9.39409E-01  9.46210E-01 -1.85473E-01 -2.65115E-01  1.11022E-16
  1.520E+02  9.41474E-01  9.46992E-01 -1.88022E-01 -2.60488E-01  0.00000E+00
  1.525E+02  9.43505E-01  9.47842E-01 -1.90607E-01 -2.55468E-01  0.00000E+00
  1.530E+02  9.45503E-01  9.48760E-01 -1.93226E-01 -2.50035E-01  4.44089E-16
  1.535E+02  9.47467E-01  9.49743E-01 -1.95879E-01 -2.44172E-01  3.33067E-16
  1.540E+02  9.49397E-01  9.50788E-01 -1.98562E-01 -2.37856E-01 -2.22045E-16
  1.545E+02  9.51293E-01  9.51891E-01 -2.01275E-01 -2.31066E-01  0.00000E+00
  1.550E+02  9.53154E-01  9.53048E-01 -2.04015E-01 -2.23779E-01  3.33067E-16
  1.555E+02  9.54981E-01  9.54253E-01 -2.06781E-01 -2.15971E-01  0.00000E+00
  1.560E+02  9.56773E-01  9.55497E-01 -2.09570E-01 -2.07620E-01  3.33067E-16
  1.565E+02  9.58530E-01  9.56772E-01 -2.12379E-01 -1.98700E-01 -4.44089E-16
  1.570E+02  9.60252E-01  9.58069E-01 -2.15206E-01 -1.89184E-01  3.33067E-16
  1.575E+02  9.61940E-01  9.59375E-01 -2.18045E-01 -1.79040E-01  2.22045E-16
  1.580E+02  9.63592E-01  9.60679E-01 -2.20890E-01 -1.68237E-01 -2.22045E-16
  1.585E+02  9.65209E-01  9.61963E-01 -2.23737E-01 -1.56744E-01  1.11022E-16
  1.590E+02  9.66790E-01  9.63211E-01 -2.26578E-01 -1.44526E-01  0.00000E+00
  1.595E+02  9.68336E-01  9.64400E-01 -2.29407E-01 -1.31550E-01  0.00000E+00
  1.600E+02  9.69846E-01  9.65507E-01 -2.32217E-01 -1.17781E-01  0.00000E+00
  1.605E+02  9.71321E-01  9.66504E-01 -2.34997E-01 -1.03182E-01 -2.22045E-16
  1.610E+02  9.72759E-01  9.67361E-01 -2.37737E-01 -8.77114E-02  2.22045E-16
  1.615E+02  9.74162E-01  9.68044E-01 -2.40423E-01 -7.13279E-02  0.00000E+00
  1.620E+02  9.75528E-01  9.68512E-01 -2.43041E-01 -5.39891E-02  2.22045E-16
  1.625E+02  9.76858E-01  9.68722E-01 -2.45576E-01 -3.56532E-02  0.00000E+00
  1.630E+02  9.78152E-01  9.68621E-01 -2.48010E-01 -1.62791E-02 -2.22045E-16
  1.635E+02  9.79410E-01  9.68153E-01 -2.50324E-01  4.17447E-03 -2.22045E-16
  1.640E+02  9.80631E-01  9.67255E-01 -2.52498E-01  2.57495E-02  2.22045E-16
  1.645E+02  9.81815E-01  9.65855E-01 -2.54505E-01  4.84883E-02  4.44089E-16
  1.650E+02  9.82963E-01  9.63875E-01 -2.56317E-01  7.24324E-02 -2.22045E-16
  1.655E+02  9.84074E-01  9.61226E-01 -2.57903E-01  9.76198E-02 -2.22045E-16
  1.660E+02  9.85148E-01  9.57812E-01 -2.59228E-01  1.24084E-01  1.11022E-16
  1.665E+02  9.86185E-01  9.53524E-01 -2.60257E-01  1.51850E-01  3.33067E-16
  1.670E+02  9.87185E-01  9.48244E-01 -2.60949E-01  1.80939E-01  2.22045E-16
  1.675E+02  9.88148E-01  9.41843E-01 -2.61261E-01  2.11363E-01  0.00000E+00
  1.680E+02  9.89074E-01  9.34181E-01 -2.61143E-01  2.43125E-01  0.00000E+00
  1.685E+02  9.89962E-01  9.25107E-01 -2.60541E-01  2.76218E-01  0.00000E+00
  1.690E+02  9.90814E-01  9.14456E-01 -2.59397E-01  3.10617E-01  0.00000E+00
  1.695E+02  9.91627E-01  9.02056E-01 -2.57652E-01  3.46281E-01  0.00000E+00
  1.700E+02  9.92404E-01  8.87724E-01 -2.55243E-01  3.83141E-01  0.00000E+00
  1.705E+02  9.93143E-01  8.71270E-01 -2.52106E-01  4.21107E-01 -2.22045E-16
  1.710E+02  9.93844E-01  8.52499E-01 -2.48173E-01  4.60061E-01  0.00000E+00
  1.715E+02  9.94508E-01  8.31212E-01 -2.43376E-01  4.99855E-01  2.22045E-16
  1.720E+02  9.95134E-01  8.07212E-01 -2.37645E-01  5.40309E-01  0.00000E+00
  1.725E+02  9.95722E-01  7.80309E-01 -2.30913E-01  5.81204E-01  0.00000E+00
  1.730E+02  9.96273E-01  7.50324E-01 -2.23117E-01  6.22280E-01 -2.22045E-16
  1.735E+02  9.96786E-01  7.17100E-01 -2.14204E-01  6.63238E-01  0.00000E+00
  1.740E+02  9.97261E-01  6.80505E-01 -2.04130E-01  7.03735E-01  0.00000E+00
  1.745E+02  9.97698E-01  6.40445E-01 -1.92863E-01  7.43393E-01  0.00000E+00
  1.750E+02  9.98097E-01  5.96866E-01 -1.80384E-01  7.81801E-01  1.11022E-16
  1.755E+02  9.98459E-01  5.49767E-01 -1.66690E-01  8.18518E-01  2.22045E-16
  1.760E+02  9.98782E-01  4.99205E-01 -1.51801E-01  8.53083E-01  0.00000E+00
  1.765E+02  9.99067E-01  4.45305E-01 -1.35759E-01  8.85027E-01  0.00000E+00
  1.770E+02  9.99315E-01  3.88267E-01 -1.18632E-01  9.13879E-01  2.22045E-16
  1.775E+02  9.99524E-01  3.28361E-01 -1.00517E-01  9.39189E-01  0.00000E+00
  1.780E+02  9.99695E-01  2.65931E-01 -8.15326E-02  9.60538E-01  2.22045E-16
  1.785E+02  9.99829E-01  2.01387E-01 -6.18194E-02  9.77559E-01  0.00000E+00
  1.790E+02  9.99924E-01  1.35199E-01 -4.15388E-02  9.89947E-01  0.00000E+00
  1.795E+02  9.99981E-01  6.78857E-02 -2.08685E-02  9.97475E-01  1.11022E-16
  1.800E+02  1.00000E+00  9.54016E-16 -2.93328E-16  1.00000E+00  0.00000E+00
