 #  Scattering amplitudes (in cm)      MU=(1-cos(TH))/2
 #  Z =  47,   projectile: electron
 #  Kinetic energy = 2.95000E+06 eV
 #
 # TH (deg)      MU          Re(F)        Im(F)        Re(G)        Im(G)        ERRF         ERRG 
 #-----------------------------------------------------------------------------------------------------------------
  0.000E+00  0.00000E+00  5.74438E-07  6.06383E-08  0.00000E+00  0.00000E+00  1.51055E-07  0.00000E+00
  1.000E-04  7.61557E-13  5.74438E-07  6.06383E-08  4.27271E-13  4.51103E-14  1.51043E-07  1.09463E-06
  1.250E-04  1.18994E-12  5.74437E-07  6.06383E-08  5.34088E-13  5.63879E-14  1.51036E-07  1.09460E-06
  1.500E-04  1.71346E-12  5.74437E-07  6.06383E-08  6.40905E-13  6.76654E-14  1.51027E-07  1.09457E-06
  1.750E-04  2.33225E-12  5.74436E-07  6.06383E-08  7.47722E-13  7.89430E-14  1.51017E-07  1.09454E-06
  2.000E-04  3.04617E-12  5.74435E-07  6.06383E-08  8.54539E-13  9.02205E-14  1.51006E-07  1.09450E-06
  2.250E-04  3.85530E-12  5.74435E-07  6.06382E-08  9.61355E-13  1.01498E-13  1.50992E-07  1.09445E-06
  2.500E-04  4.75964E-12  5.74434E-07  6.06382E-08  1.06817E-12  1.12776E-13  1.50978E-07  1.09440E-06
  2.750E-04  5.75917E-12  5.74433E-07  6.06382E-08  1.17499E-12  1.24053E-13  1.50961E-07  1.09434E-06
  3.000E-04  6.85391E-12  5.74432E-07  6.06382E-08  1.28180E-12  1.35331E-13  1.50943E-07  1.09427E-06
  3.250E-04  8.04379E-12  5.74431E-07  6.06382E-08  1.38861E-12  1.46608E-13  1.50924E-07  1.09420E-06
  3.500E-04  9.32893E-12  5.74429E-07  6.06382E-08  1.49543E-12  1.57886E-13  1.50903E-07  1.09413E-06
  3.750E-04  1.07092E-11  5.74428E-07  6.06382E-08  1.60224E-12  1.69163E-13  1.50880E-07  1.09405E-06
  4.000E-04  1.21847E-11  5.74427E-07  6.06382E-08  1.70905E-12  1.80441E-13  1.50856E-07  1.09396E-06
  4.250E-04  1.37554E-11  5.74425E-07  6.06382E-08  1.81586E-12  1.91718E-13  1.50830E-07  1.09387E-06
  4.500E-04  1.54213E-11  5.74424E-07  6.06381E-08  1.92267E-12  2.02996E-13  1.50803E-07  1.09377E-06
  4.750E-04  1.71823E-11  5.74422E-07  6.06381E-08  2.02948E-12  2.14273E-13  1.50774E-07  1.09367E-06
  5.000E-04  1.90386E-11  5.74420E-07  6.06381E-08  2.13629E-12  2.25551E-13  1.50744E-07  1.09356E-06
  5.250E-04  2.09900E-11  5.74418E-07  6.06381E-08  2.24310E-12  2.36828E-13  1.50712E-07  1.09345E-06
  5.500E-04  2.30367E-11  5.74416E-07  6.06381E-08  2.34990E-12  2.48106E-13  1.50679E-07  1.09333E-06
  5.750E-04  2.51785E-11  5.74414E-07  6.06381E-08  2.45671E-12  2.59383E-13  1.50644E-07  1.09320E-06
  6.000E-04  2.74156E-11  5.74412E-07  6.06380E-08  2.56351E-12  2.70661E-13  1.50607E-07  1.09307E-06
  6.250E-04  2.97478E-11  5.74410E-07  6.06380E-08  2.67032E-12  2.81938E-13  1.50569E-07  1.09294E-06
  6.500E-04  3.21752E-11  5.74408E-07  6.06380E-08  2.77712E-12  2.93216E-13  1.50529E-07  1.09279E-06
  6.750E-04  3.46979E-11  5.74405E-07  6.06380E-08  2.88392E-12  3.04493E-13  1.50488E-07  1.09265E-06
  7.000E-04  3.73157E-11  5.74403E-07  6.06380E-08  2.99072E-12  3.15770E-13  1.50445E-07  1.09249E-06
  7.250E-04  4.00286E-11  5.74400E-07  6.06379E-08  3.09751E-12  3.27048E-13  1.50401E-07  1.09234E-06
  7.500E-04  4.28368E-11  5.74398E-07  6.06379E-08  3.20431E-12  3.38325E-13  1.50355E-07  1.09217E-06
  7.750E-04  4.57402E-11  5.74395E-07  6.06379E-08  3.31110E-12  3.49603E-13  1.50308E-07  1.09200E-06
  8.000E-04  4.87388E-11  5.74392E-07  6.06379E-08  3.41790E-12  3.60880E-13  1.50259E-07  1.09183E-06
  8.250E-04  5.18325E-11  5.74389E-07  6.06378E-08  3.52469E-12  3.72157E-13  1.50208E-07  1.09165E-06
  8.500E-04  5.50215E-11  5.74386E-07  6.06378E-08  3.63148E-12  3.83435E-13  1.50156E-07  1.09146E-06
  8.750E-04  5.83057E-11  5.74383E-07  6.06378E-08  3.73826E-12  3.94712E-13  1.50102E-07  1.09127E-06
  9.000E-04  6.16850E-11  5.74380E-07  6.06378E-08  3.84505E-12  4.05989E-13  1.50047E-07  1.09107E-06
  9.250E-04  6.51595E-11  5.74376E-07  6.06377E-08  3.95183E-12  4.17266E-13  1.49991E-07  1.09087E-06
  9.500E-04  6.87293E-11  5.74373E-07  6.06377E-08  4.05862E-12  4.28544E-13  1.49932E-07  1.09066E-06
  9.750E-04  7.23943E-11  5.74369E-07  6.06377E-08  4.16540E-12  4.39821E-13  1.49873E-07  1.09045E-06
  1.000E-03  7.61544E-11  5.74366E-07  6.06376E-08  4.27218E-12  4.51098E-13  1.49811E-07  1.09023E-06
  1.250E-03  1.18991E-10  5.74325E-07  6.06373E-08  5.33984E-12  5.63869E-13  1.49114E-07  1.08774E-06
  1.500E-03  1.71347E-10  5.74275E-07  6.06368E-08  6.40725E-12  6.76638E-13  1.48263E-07  1.08469E-06
  1.750E-03  2.33223E-10  5.74216E-07  6.06363E-08  7.47436E-12  7.89404E-13  1.47261E-07  1.08110E-06
  2.000E-03  3.04617E-10  5.74148E-07  6.06357E-08  8.54111E-12  9.02167E-13  1.46109E-07  1.07697E-06
  2.250E-03  3.85531E-10  5.74071E-07  6.06350E-08  9.60747E-12  1.01493E-12  1.44808E-07  1.07230E-06
  2.500E-03  4.75965E-10  5.73985E-07  6.06342E-08  1.06734E-11  1.12768E-12  1.43361E-07  1.06710E-06
  2.750E-03  5.75917E-10  5.73890E-07  6.06334E-08  1.17388E-11  1.24043E-12  1.41770E-07  1.06136E-06
  3.000E-03  6.85389E-10  5.73786E-07  6.06324E-08  1.28036E-11  1.35318E-12  1.40037E-07  1.05511E-06
  3.250E-03  8.04380E-10  5.73673E-07  6.06314E-08  1.38678E-11  1.46592E-12  1.38164E-07  1.04833E-06
  3.500E-03  9.32891E-10  5.73551E-07  6.06303E-08  1.49314E-11  1.57865E-12  1.36155E-07  1.04105E-06
  3.750E-03  1.07092E-09  5.73420E-07  6.06291E-08  1.59943E-11  1.69138E-12  1.34012E-07  1.03326E-06
  4.000E-03  1.21847E-09  5.73280E-07  6.06279E-08  1.70564E-11  1.80410E-12  1.31739E-07  1.02497E-06
  4.250E-03  1.37554E-09  5.73131E-07  6.06265E-08  1.81177E-11  1.91682E-12  1.29340E-07  1.01620E-06
  4.500E-03  1.54213E-09  5.72973E-07  6.06251E-08  1.91782E-11  2.02952E-12  1.26816E-07  1.00695E-06
  4.750E-03  1.71823E-09  5.72806E-07  6.06236E-08  2.02378E-11  2.14222E-12  1.24174E-07  9.97227E-07
  5.000E-03  1.90386E-09  5.72631E-07  6.06220E-08  2.12964E-11  2.25491E-12  1.21415E-07  9.87044E-07
  5.250E-03  2.09900E-09  5.72446E-07  6.06204E-08  2.23540E-11  2.36759E-12  1.18545E-07  9.76409E-07
  5.500E-03  2.30367E-09  5.72253E-07  6.06186E-08  2.34106E-11  2.48026E-12  1.15568E-07  9.65334E-07
  5.750E-03  2.51785E-09  5.72051E-07  6.06168E-08  2.44661E-11  2.59292E-12  1.12488E-07  9.53829E-07
  6.000E-03  2.74156E-09  5.71841E-07  6.06149E-08  2.55205E-11  2.70557E-12  1.09310E-07  9.41905E-07
  6.250E-03  2.97478E-09  5.71621E-07  6.06129E-08  2.65736E-11  2.81821E-12  1.06038E-07  9.29574E-07
  6.500E-03  3.21752E-09  5.71393E-07  6.06108E-08  2.76256E-11  2.93084E-12  1.02677E-07  9.16846E-07
  6.750E-03  3.46978E-09  5.71157E-07  6.06087E-08  2.86762E-11  3.04346E-12  9.92327E-08  9.03736E-07
  7.000E-03  3.73156E-09  5.70911E-07  6.06065E-08  2.97255E-11  3.15606E-12  9.57097E-08  8.90254E-07
  7.250E-03  4.00286E-09  5.70657E-07  6.06041E-08  3.07735E-11  3.26866E-12  9.21132E-08  8.76415E-07
  7.500E-03  4.28368E-09  5.70395E-07  6.06017E-08  3.18200E-11  3.38123E-12  8.84485E-08  8.62231E-07
  7.750E-03  4.57402E-09  5.70124E-07  6.05993E-08  3.28651E-11  3.49380E-12  8.47211E-08  8.47715E-07
  8.000E-03  4.87388E-09  5.69844E-07  6.05967E-08  3.39086E-11  3.60635E-12  8.09364E-08  8.32882E-07
  8.250E-03  5.18326E-09  5.69556E-07  6.05941E-08  3.49506E-11  3.71889E-12  7.71000E-08  8.17746E-07
  8.500E-03  5.50215E-09  5.69260E-07  6.05914E-08  3.59910E-11  3.83141E-12  7.32175E-08  8.02320E-07
  8.750E-03  5.83057E-09  5.68955E-07  6.05886E-08  3.70297E-11  3.94392E-12  6.92946E-08  7.86620E-07
  9.000E-03  6.16850E-09  5.68642E-07  6.05857E-08  3.80668E-11  4.05641E-12  6.53370E-08  7.70660E-07
  9.250E-03  6.51596E-09  5.68321E-07  6.05827E-08  3.91021E-11  4.16888E-12  6.13505E-08  7.54456E-07
  9.500E-03  6.87293E-09  5.67991E-07  6.05797E-08  4.01356E-11  4.28134E-12  5.73408E-08  7.38021E-07
  9.750E-03  7.23942E-09  5.67653E-07  6.05766E-08  4.11674E-11  4.39378E-12  5.33139E-08  7.21372E-07
  1.000E-02  7.61544E-09  5.67307E-07  6.05734E-08  4.21972E-11  4.50620E-12  4.92755E-08  7.04525E-07
  1.250E-02  1.18991E-08  5.63410E-07  6.05370E-08  5.23844E-11  5.62937E-12  9.53323E-09  5.28576E-07
  1.500E-02  1.71347E-08  5.58752E-07  6.04926E-08  6.23420E-11  6.75030E-12  2.52093E-08  3.50145E-07
  1.750E-02  2.33223E-08  5.53393E-07  6.04404E-08  7.20351E-11  7.86854E-12  5.03292E-08  1.84322E-07
  2.000E-02  3.04617E-08  5.47397E-07  6.03803E-08  8.14341E-11  8.98368E-12  6.28719E-08  4.38734E-08
  2.250E-02  3.85531E-08  5.40831E-07  6.03124E-08  9.05147E-11  1.00953E-11  6.19974E-08  6.21027E-08
  2.500E-02  4.75965E-08  5.33764E-07  6.02369E-08  9.92581E-11  1.12029E-11  4.90747E-08  1.29022E-07
  2.750E-02  5.75917E-08  5.26269E-07  6.01539E-08  1.07651E-10  1.23062E-11  2.74049E-08  1.57070E-07
  3.000E-02  6.85389E-08  5.18413E-07  6.00634E-08  1.15684E-10  1.34048E-11  1.61667E-09  1.50849E-07
  3.250E-02  8.04380E-08  5.10263E-07  5.99656E-08  1.23354E-10  1.44982E-11  2.31630E-08  1.18462E-07
  3.500E-02  9.32891E-08  5.01882E-07  5.98606E-08  1.30661E-10  1.55862E-11  4.22213E-08  7.01834E-08
  3.750E-02  1.07092E-07  4.93328E-07  5.97486E-08  1.37608E-10  1.66682E-11  5.20919E-08  1.69113E-08
  4.000E-02  1.21847E-07  4.84655E-07  5.96297E-08  1.44201E-10  1.77440E-11  5.11583E-08  3.13767E-08
  4.250E-02  1.37554E-07  4.75911E-07  5.95041E-08  1.50449E-10  1.88133E-11  3.99149E-08  6.69367E-08
  4.500E-02  1.54213E-07  4.67137E-07  5.93718E-08  1.56362E-10  1.98757E-11  2.08368E-08  8.51587E-08
  4.750E-02  1.71823E-07  4.58372E-07  5.92332E-08  1.61952E-10  2.09309E-11  2.12152E-09  8.49350E-08
  5.000E-02  1.90386E-07  4.49646E-07  5.90882E-08  1.67231E-10  2.19787E-11  2.43050E-08  6.84669E-08
  5.250E-02  2.09900E-07  4.40988E-07  5.89372E-08  1.72211E-10  2.30186E-11  4.12690E-08  4.05665E-08
  5.500E-02  2.30367E-07  4.32419E-07  5.87802E-08  1.76906E-10  2.40505E-11  4.96480E-08  7.59307E-09
  5.750E-02  2.51785E-07  4.23958E-07  5.86174E-08  1.81329E-10  2.50741E-11  4.78136E-08  2.37842E-08
  6.000E-02  2.74156E-07  4.15619E-07  5.84491E-08  1.85491E-10  2.60891E-11  3.61916E-08  4.77837E-08
  6.250E-02  2.97478E-07  4.07415E-07  5.82753E-08  1.89406E-10  2.70954E-11  1.71751E-08  6.04687E-08
  6.500E-02  3.21752E-07  3.99353E-07  5.80962E-08  1.93085E-10  2.80926E-11  5.35378E-09  6.03164E-08
  6.750E-02  3.46978E-07  3.91441E-07  5.79121E-08  1.96538E-10  2.90807E-11  2.68005E-08  4.83201E-08
  7.000E-02  3.73156E-07  3.83681E-07  5.77231E-08  1.99777E-10  3.00593E-11  4.27813E-08  2.76344E-08
  7.250E-02  4.00286E-07  3.76078E-07  5.75293E-08  2.02812E-10  3.10284E-11  5.00093E-08  2.84869E-09
  7.500E-02  4.28368E-07  3.68632E-07  5.73310E-08  2.05651E-10  3.19877E-11  4.69658E-08  2.09585E-08
  7.750E-02  4.57402E-07  3.61342E-07  5.71282E-08  2.08304E-10  3.29370E-11  3.42192E-08  3.92032E-08
  8.000E-02  4.87388E-07  3.54208E-07  5.69213E-08  2.10778E-10  3.38764E-11  1.43240E-08  4.86349E-08
  8.250E-02  5.18325E-07  3.47228E-07  5.67102E-08  2.13082E-10  3.48055E-11  8.68351E-09  4.78830E-08
  8.500E-02  5.50215E-07  3.40401E-07  5.64953E-08  2.15222E-10  3.57243E-11  3.00962E-08  3.76226E-08
  8.750E-02  5.83057E-07  3.33722E-07  5.62766E-08  2.17206E-10  3.66327E-11  4.54910E-08  2.03449E-08
  9.000E-02  6.16850E-07  3.27190E-07  5.60543E-08  2.19039E-10  3.75306E-11  5.16367E-08  2.06970E-10
  9.250E-02  6.51596E-07  3.20801E-07  5.58287E-08  2.20728E-10  3.84178E-11  4.71684E-08  1.98174E-08
  9.500E-02  6.87293E-07  3.14552E-07  5.55997E-08  2.22278E-10  3.92943E-11  3.28885E-08  3.46361E-08
  9.750E-02  7.23942E-07  3.08441E-07  5.53676E-08  2.23695E-10  4.01601E-11  1.16281E-08  4.19126E-08
  1.000E-01  7.61543E-07  3.02463E-07  5.51326E-08  2.24984E-10  4.10150E-11  1.23091E-08  4.04906E-08
  1.250E-01  1.18991E-06  2.49338E-07  5.26493E-08  2.31835E-10  4.89599E-11  5.68104E-08  4.40425E-09
  1.500E-01  1.71347E-06  2.06446E-07  5.00110E-08  2.30346E-10  5.58081E-11  2.17798E-09  3.30097E-08
  1.750E-01  2.33223E-06  1.71710E-07  4.73190E-08  2.23521E-10  6.16052E-11  6.80418E-08  4.80869E-09
  2.000E-01  3.04617E-06  1.43568E-07  4.46495E-08  2.13587E-10  6.64347E-11  2.30157E-08  2.90059E-08
  2.250E-01  3.85531E-06  1.20773E-07  4.20570E-08  2.02135E-10  7.04001E-11  7.66688E-08  1.24122E-08
  2.500E-01  4.75964E-06  1.02303E-07  3.95782E-08  1.90248E-10  7.36126E-11  5.11375E-08  2.50681E-08
  2.750E-01  5.75916E-06  8.73159E-08  3.72355E-08  1.78617E-10  7.61818E-11  7.81730E-08  1.92192E-08
  3.000E-01  6.85388E-06  7.51217E-08  3.50406E-08  1.67644E-10  7.82093E-11  8.49522E-08  1.99679E-08
  3.250E-01  8.04378E-06  6.51572E-08  3.29968E-08  1.57525E-10  7.97860E-11  6.83658E-08  2.49071E-08
  3.500E-01  9.32888E-06  5.69679E-08  3.11019E-08  1.48322E-10  8.09902E-11  1.20489E-07  1.34102E-08
  3.750E-01  1.07092E-05  5.01898E-08  2.93498E-08  1.40009E-10  8.18876E-11  4.47460E-08  2.89054E-08
  4.000E-01  1.21846E-05  4.45335E-08  2.77318E-08  1.32514E-10  8.25324E-11  1.52399E-07  5.67309E-09
  4.250E-01  1.37553E-05  3.97705E-08  2.62380E-08  1.25738E-10  8.29684E-11  7.18915E-09  3.07744E-08
  4.500E-01  1.54212E-05  3.57211E-08  2.48583E-08  1.19579E-10  8.32304E-11  1.75222E-07  2.66888E-09
  4.750E-01  1.71822E-05  3.22451E-08  2.35824E-08  1.13941E-10  8.33460E-11  4.22131E-08  3.03242E-08
  5.000E-01  1.90385E-05  2.92329E-08  2.24005E-08  1.08734E-10  8.33370E-11  1.84268E-07  1.09594E-08
  5.250E-01  2.09899E-05  2.65992E-08  2.13037E-08  1.03885E-10  8.32204E-11  9.96897E-08  2.75914E-08
  5.500E-01  2.30365E-05  2.42773E-08  2.02837E-08  9.93328E-11  8.30099E-11  1.76027E-07  1.85758E-08
  5.750E-01  2.51783E-05  2.22153E-08  1.93330E-08  9.50282E-11  8.27167E-11  1.60279E-07  2.27777E-08
  6.000E-01  2.74153E-05  2.03723E-08  1.84451E-08  9.09337E-11  8.23499E-11  1.48370E-07  2.49706E-08
  6.250E-01  2.97475E-05  1.87159E-08  1.76140E-08  8.70212E-11  8.19174E-11  2.18185E-07  1.62071E-08
  6.500E-01  3.21749E-05  1.72202E-08  1.68348E-08  8.32701E-11  8.14260E-11  1.00738E-07  2.96824E-08
  6.750E-01  3.46974E-05  1.58645E-08  1.61028E-08  7.96655E-11  8.08821E-11  2.67112E-07  8.30428E-09
  7.000E-01  3.73152E-05  1.46318E-08  1.54140E-08  7.61970E-11  8.02912E-11  3.43574E-08  3.23467E-08
  7.250E-01  4.00281E-05  1.35081E-08  1.47651E-08  7.28577E-11  7.96588E-11  3.00685E-07  4.16320E-10
  7.500E-01  4.28362E-05  1.24815E-08  1.41529E-08  6.96426E-11  7.89898E-11  4.75742E-08  3.27153E-08
  7.750E-01  4.57395E-05  1.15422E-08  1.35746E-08  6.65483E-11  7.82890E-11  3.13005E-07  9.36659E-09
  8.000E-01  4.87380E-05  1.06815E-08  1.30279E-08  6.35725E-11  7.75609E-11  1.39840E-07  3.06809E-08
  8.250E-01  5.18317E-05  9.89185E-09  1.25106E-08  6.07129E-11  7.68096E-11  2.99311E-07  1.79120E-08
  8.500E-01  5.50205E-05  9.16677E-09  1.20207E-08  5.79678E-11  7.60391E-11  2.35374E-07  2.62993E-08
  8.750E-01  5.83045E-05  8.50043E-09  1.15564E-08  5.53351E-11  7.52532E-11  2.56659E-07  2.54116E-08
  9.000E-01  6.16838E-05  7.88756E-09  1.11161E-08  5.28126E-11  7.44553E-11  3.25683E-07  1.98017E-08
  9.250E-01  6.51582E-05  7.32347E-09  1.06983E-08  5.03980E-11  7.36484E-11  1.84523E-07  3.12669E-08
  9.500E-01  6.87277E-05  6.80397E-09  1.03016E-08  4.80885E-11  7.28354E-11  4.01522E-07  1.15918E-08
  9.750E-01  7.23925E-05  6.32521E-09  9.92479E-09  4.58811E-11  7.20189E-11  8.52036E-08  3.49737E-08
  1.000E+00  7.61524E-05  5.88366E-09  9.56667E-09  4.37726E-11  7.12013E-11  1.88162E-10  1.72190E-13
  1.100E+00  9.21439E-05  4.43049E-09  8.30016E-09  3.62574E-11  6.79567E-11  1.11752E-10  3.77710E-13
  1.200E+00  1.09658E-04  3.36405E-09  7.25656E-09  3.00323E-11  6.48173E-11  3.38672E-11  3.74514E-13
  1.300E+00  1.28695E-04  2.57077E-09  6.38958E-09  2.48620E-11  6.18331E-11  2.57760E-11  2.64601E-13
  1.400E+00  1.49255E-04  1.97202E-09  5.66321E-09  2.05373E-11  5.90232E-11  5.82977E-11  1.24868E-13
  1.500E+00  1.71338E-04  1.51339E-09  5.04944E-09  1.68853E-11  5.63889E-11  6.44874E-11  5.07267E-15
  1.600E+00  1.94942E-04  1.15712E-09  4.52649E-09  1.37692E-11  5.39221E-11  5.09259E-11  7.10517E-14
  1.700E+00  2.20070E-04  8.76813E-10  4.07737E-09  1.10837E-11  5.16109E-11  2.69776E-11  9.94289E-14
  1.800E+00  2.46720E-04  6.53800E-10  3.68881E-09  8.74829E-12  4.94422E-11  2.11044E-12  8.94552E-14
  1.900E+00  2.74892E-04  4.74709E-10  3.35036E-09  6.70188E-12  4.74036E-11  1.74882E-11  5.68446E-14
  2.000E+00  3.04586E-04  3.29797E-10  3.05375E-09  4.89754E-12  4.54838E-11  2.72048E-11  1.78534E-14
  2.100E+00  3.35803E-04  2.11849E-10  2.79235E-09  3.29883E-12  4.36728E-11  2.70190E-11  1.49722E-14
  2.200E+00  3.68542E-04  1.15428E-10  2.56085E-09  1.87697E-12  4.19620E-11  1.92292E-11  3.40993E-14
  2.300E+00  4.02802E-04  3.63718E-11  2.35489E-09  6.08781E-13  4.03438E-11  7.63540E-12  3.81508E-14
  2.400E+00  4.38585E-04 -2.85555E-11  2.17092E-09 -5.24767E-13  3.88115E-11  3.88347E-12  2.99390E-14
  2.500E+00  4.75889E-04 -8.19045E-11  2.00597E-09 -1.53956E-12  3.73593E-11  1.19701E-11  1.49378E-14
  2.600E+00  5.14715E-04 -1.25709E-10  1.85759E-09 -2.44910E-12  3.59821E-11  1.51520E-11  9.04001E-16
  2.700E+00  5.55063E-04 -1.61606E-10  1.72369E-09 -3.26500E-12  3.46749E-11  1.34203E-11  1.28556E-14
  2.800E+00  5.96931E-04 -1.90930E-10  1.60252E-09 -3.99732E-12  3.34336E-11  8.13571E-12  1.83564E-14
  2.900E+00  6.40321E-04 -2.14768E-10  1.49258E-09 -4.65493E-12  3.22541E-11  1.44967E-12  1.71378E-14
  3.000E+00  6.85233E-04 -2.34018E-10  1.39256E-09 -5.24559E-12  3.11326E-11  4.69241E-12  1.10957E-14
  3.100E+00  7.31665E-04 -2.49425E-10  1.30137E-09 -5.77623E-12  3.00658E-11  8.43065E-12  2.88862E-15
  3.200E+00  7.79618E-04 -2.61604E-10  1.21804E-09 -6.25295E-12  2.90504E-11  9.16536E-12  4.62678E-15
  3.300E+00  8.29092E-04 -2.71073E-10  1.14173E-09 -6.68121E-12  2.80833E-11  7.13420E-12  9.34592E-15
  3.400E+00  8.80086E-04 -2.78261E-10  1.07171E-09 -7.06586E-12  2.71617E-11  3.32796E-12  1.02701E-14
  3.500E+00  9.32601E-04 -2.83532E-10  1.00734E-09 -7.41125E-12  2.62829E-11  9.89147E-13  7.96584E-15
  3.600E+00  9.86636E-04 -2.87188E-10  9.48044E-10 -7.72125E-12  2.54444E-11  4.34618E-12  3.56781E-15
  3.700E+00  1.04219E-03 -2.89488E-10  8.93336E-10 -7.99931E-12  2.46438E-11  6.02553E-12  1.00375E-15
  3.800E+00  1.09927E-03 -2.90647E-10  8.42771E-10 -8.24853E-12  2.38790E-11  5.73061E-12  4.67531E-15
  3.900E+00  1.15786E-03 -2.90850E-10  7.95960E-10 -8.47169E-12  2.31478E-11  3.79749E-12  6.19839E-15
  4.000E+00  1.21797E-03 -2.90250E-10  7.52556E-10 -8.67127E-12  2.24483E-11  1.00809E-12  5.81614E-15
  4.100E+00  1.27961E-03 -2.88980E-10  7.12250E-10 -8.84949E-12  2.17787E-11  1.79849E-12  3.44737E-15
  4.200E+00  1.34276E-03 -2.87152E-10  6.74767E-10 -9.00836E-12  2.11374E-11  3.70598E-12  3.71442E-16
  4.300E+00  1.40743E-03 -2.84860E-10  6.39859E-10 -9.14965E-12  2.05226E-11  4.31271E-12  2.18261E-15
  4.400E+00  1.47362E-03 -2.82185E-10  6.07306E-10 -9.27500E-12  1.99330E-11  3.58415E-12  3.99530E-15
  4.500E+00  1.54133E-03 -2.79196E-10  5.76910E-10 -9.38583E-12  1.93671E-11  1.88231E-12  4.19143E-15
  4.600E+00  1.61056E-03 -2.75952E-10  5.48492E-10 -9.48346E-12  1.88236E-11  2.70302E-13  3.03066E-15
  4.700E+00  1.68131E-03 -2.72503E-10  5.21890E-10 -9.56907E-12  1.83014E-11  2.01011E-12  1.17959E-15
  4.800E+00  1.75357E-03 -2.68891E-10  4.96960E-10 -9.64371E-12  1.77993E-11  3.03033E-12  7.53149E-16
  4.900E+00  1.82735E-03 -2.65152E-10  4.73570E-10 -9.70834E-12  1.73162E-11  3.05415E-12  2.52682E-15
  5.000E+00  1.90265E-03 -2.61317E-10  4.51601E-10 -9.76384E-12  1.68512E-11  2.17327E-12  2.85709E-15
  5.100E+00  1.97947E-03 -2.57413E-10  4.30944E-10 -9.81098E-12  1.64033E-11  7.41521E-13  2.49391E-15
  5.200E+00  2.05780E-03 -2.53462E-10  4.11503E-10 -9.85047E-12  1.59716E-11  8.03062E-13  1.27812E-15
  5.300E+00  2.13765E-03 -2.49482E-10  3.93187E-10 -9.88296E-12  1.55554E-11  1.93964E-12  1.53638E-16
  5.400E+00  2.21902E-03 -2.45491E-10  3.75914E-10 -9.90905E-12  1.51538E-11  2.40306E-12  1.33069E-15
  5.500E+00  2.30190E-03 -2.41502E-10  3.59611E-10 -9.92925E-12  1.47662E-11  2.11176E-12  2.13582E-15
  5.600E+00  2.38630E-03 -2.37526E-10  3.44209E-10 -9.94406E-12  1.43919E-11  1.22052E-12  1.92103E-15
  5.700E+00  2.47222E-03 -2.33573E-10  3.29647E-10 -9.95392E-12  1.40303E-11  1.10758E-13  1.25703E-15
  5.800E+00  2.55965E-03 -2.29651E-10  3.15866E-10 -9.95924E-12  1.36807E-11  1.05653E-12  2.55352E-16
  5.900E+00  2.64859E-03 -2.25768E-10  3.02814E-10 -9.96038E-12  1.33426E-11  1.73916E-12  8.62896E-16
  6.000E+00  2.73905E-03 -2.21928E-10  2.90444E-10 -9.95768E-12  1.30155E-11  1.84914E-12  1.30996E-15
  6.100E+00  2.83103E-03 -2.18136E-10  2.78710E-10 -9.95145E-12  1.26988E-11  1.39944E-12  1.49645E-15
  6.200E+00  2.92452E-03 -2.14397E-10  2.67572E-10 -9.94198E-12  1.23922E-11  5.71117E-13  1.00197E-15
  6.300E+00  3.01952E-03 -2.10713E-10  2.56992E-10 -9.92952E-12  1.20952E-11  3.78474E-13  5.38645E-16
  6.400E+00  3.11604E-03 -2.07086E-10  2.46936E-10 -9.91432E-12  1.18073E-11  1.12586E-12  1.04298E-16
  6.500E+00  3.21407E-03 -2.03520E-10  2.37371E-10 -9.89660E-12  1.15283E-11  1.48492E-12  9.09248E-16
  6.600E+00  3.31362E-03 -2.00014E-10  2.28267E-10 -9.87655E-12  1.12576E-11  1.37393E-12  1.27279E-15
  6.700E+00  3.41468E-03 -1.96570E-10  2.19596E-10 -9.85437E-12  1.09950E-11  8.60771E-13  1.04419E-15
  6.800E+00  3.51725E-03 -1.93189E-10  2.11333E-10 -9.83022E-12  1.07401E-11  1.38409E-13  5.52474E-16
  6.900E+00  3.62133E-03 -1.89871E-10  2.03455E-10 -9.80427E-12  1.04927E-11  5.97621E-13  8.93565E-17
  7.000E+00  3.72692E-03 -1.86616E-10  1.95938E-10 -9.77667E-12  1.02524E-11  1.08619E-12  6.07261E-16
  7.100E+00  3.83403E-03 -1.83424E-10  1.88763E-10 -9.74754E-12  1.00189E-11  1.21659E-12  8.42578E-16
  7.200E+00  3.94265E-03 -1.80295E-10  1.81910E-10 -9.71701E-12  9.79196E-12  9.73793E-13  7.36820E-16
  7.300E+00  4.05278E-03 -1.77228E-10  1.75361E-10 -9.68521E-12  9.57136E-12  4.55674E-13  6.36632E-16
  7.400E+00  4.16442E-03 -1.74223E-10  1.69099E-10 -9.65223E-12  9.35685E-12  1.73251E-13  1.54766E-16
  7.500E+00  4.27757E-03 -1.71279E-10  1.63109E-10 -9.61818E-12  9.14819E-12  6.98645E-13  0.00000E+00
  7.600E+00  4.39223E-03 -1.68395E-10  1.57377E-10 -9.58315E-12  8.94517E-12  9.84254E-13  4.39512E-16
  7.700E+00  4.50840E-03 -1.65571E-10  1.51888E-10 -9.54722E-12  8.74757E-12  9.56362E-13  9.98315E-16
  7.800E+00  4.62608E-03 -1.62805E-10  1.46630E-10 -9.51049E-12  8.55520E-12  6.42499E-13  5.55519E-16
  7.900E+00  4.74527E-03 -1.60097E-10  1.41592E-10 -9.47301E-12  8.36788E-12  1.57698E-13  1.35286E-16
  8.000E+00  4.86597E-03 -1.57445E-10  1.36760E-10 -9.43486E-12  8.18542E-12  3.52006E-13  1.31829E-16
  8.100E+00  4.98817E-03 -1.54849E-10  1.32126E-10 -9.39610E-12  8.00765E-12  7.19453E-13  6.42507E-16
  8.200E+00  5.11188E-03 -1.52307E-10  1.27680E-10 -9.35680E-12  7.83441E-12  8.48966E-13  5.01186E-16
  8.300E+00  5.23711E-03 -1.49819E-10  1.23411E-10 -9.31700E-12  7.66555E-12  7.15263E-13  4.88835E-16
  8.400E+00  5.36383E-03 -1.47383E-10  1.19312E-10 -9.27677E-12  7.50091E-12  3.73925E-13  4.76930E-16
  8.500E+00  5.49207E-03 -1.44998E-10  1.15373E-10 -9.23614E-12  7.34035E-12  6.64600E-14  2.32725E-16
  8.600E+00  5.62181E-03 -1.42663E-10  1.11588E-10 -9.19516E-12  7.18374E-12  4.53763E-13  0.00000E+00
  8.700E+00  5.75306E-03 -1.40377E-10  1.07949E-10 -9.15388E-12  7.03094E-12  6.86277E-13  2.21842E-16
  8.800E+00  5.88581E-03 -1.38140E-10  1.04449E-10 -9.11234E-12  6.88183E-12  6.99050E-13  6.50043E-16
  8.900E+00  6.02007E-03 -1.35949E-10  1.01082E-10 -9.07056E-12  6.73630E-12  4.99793E-13  3.17544E-16
  9.000E+00  6.15583E-03 -1.33804E-10  9.78406E-11 -9.02859E-12  6.59422E-12  1.61178E-13  1.03440E-16
  9.100E+00  6.29310E-03 -1.31704E-10  9.47204E-11 -8.98645E-12  6.45549E-12  2.10646E-13  1.01112E-16
  9.200E+00  6.43187E-03 -1.29647E-10  9.17153E-11 -8.94418E-12  6.32001E-12  4.97211E-13  2.96580E-16
  9.300E+00  6.57214E-03 -1.27634E-10  8.88202E-11 -8.90180E-12  6.18766E-12  6.18618E-13  3.86729E-16
  9.400E+00  6.71392E-03 -1.25662E-10  8.60303E-11 -8.85934E-12  6.05835E-12  5.46797E-13  2.83724E-16
  9.500E+00  6.85720E-03 -1.23731E-10  8.33409E-11 -8.81682E-12  5.93200E-12  3.13147E-13  0.00000E+00
  9.600E+00  7.00198E-03 -1.21839E-10  8.07475E-11 -8.77427E-12  5.80851E-12  1.34513E-14  0.00000E+00
  9.700E+00  7.14827E-03 -1.19987E-10  7.82461E-11 -8.73170E-12  5.68779E-12  3.04243E-13  3.54577E-16
  9.800E+00  7.29605E-03 -1.18172E-10  7.58326E-11 -8.68914E-12  5.56976E-12  4.97299E-13  3.47158E-16
  9.900E+00  7.44534E-03 -1.16395E-10  7.35034E-11 -8.64659E-12  5.45435E-12  5.30062E-13  1.69983E-16
  1.000E+01  7.59612E-03 -1.14653E-10  7.12549E-11 -8.60409E-12  5.34147E-12  4.00636E-13  3.32993E-16
  1.025E+01  7.97965E-03 -1.10453E-10  6.59647E-11 -8.49811E-12  5.06989E-12  2.51238E-13  4.74687E-16
  1.050E+01  8.37255E-03 -1.06459E-10  6.11097E-11 -8.39269E-12  4.81263E-12  4.30823E-13  3.01110E-16
  1.075E+01  8.77480E-03 -1.02661E-10  5.66472E-11 -8.28801E-12  4.56869E-12  9.56605E-14  1.43418E-16
  1.100E+01  9.18641E-03 -9.90470E-11  5.25395E-11 -8.18423E-12  4.33719E-12  4.13615E-13  1.36771E-16
  1.125E+01  9.60736E-03 -9.56058E-11  4.87530E-11 -8.08146E-12  4.11730E-12  3.79712E-14  0.00000E+00
  1.150E+01  1.00376E-02 -9.23277E-11  4.52580E-11 -7.97981E-12  3.90825E-12  3.60428E-13  0.00000E+00
  1.175E+01  1.04773E-02 -8.92030E-11  4.20279E-11 -7.87936E-12  3.70937E-12  1.41561E-13  0.00000E+00
  1.200E+01  1.09262E-02 -8.62230E-11  3.90391E-11 -7.78019E-12  3.52001E-12  2.83293E-13  2.28535E-16
  1.225E+01  1.13844E-02 -8.33793E-11  3.62703E-11 -7.68233E-12  3.33958E-12  2.12642E-13  0.00000E+00
  1.250E+01  1.18520E-02 -8.06644E-11  3.37024E-11 -7.58585E-12  3.16754E-12  1.93595E-13  2.10035E-16
  1.275E+01  1.23288E-02 -7.80708E-11  3.13185E-11 -7.49076E-12  3.00340E-12  2.50793E-13  2.01603E-16
  1.300E+01  1.28150E-02 -7.55918E-11  2.91030E-11 -7.39710E-12  2.84668E-12  1.01552E-13  1.93662E-16
  1.325E+01  1.33104E-02 -7.32211E-11  2.70421E-11 -7.30486E-12  2.69696E-12  2.58862E-13  0.00000E+00
  1.350E+01  1.38150E-02 -7.09527E-11  2.51231E-11 -7.21408E-12  2.55383E-12  1.57187E-14  3.58206E-16
  1.375E+01  1.43290E-02 -6.87812E-11  2.33349E-11 -7.12474E-12  2.41694E-12  2.41396E-13  0.00000E+00
  1.400E+01  1.48521E-02 -6.67012E-11  2.16669E-11 -7.03685E-12  2.28592E-12  5.72599E-14  1.66102E-16
  1.425E+01  1.53845E-02 -6.47079E-11  2.01100E-11 -6.95040E-12  2.16047E-12  2.04162E-13  0.00000E+00
  1.450E+01  1.59262E-02 -6.27968E-11  1.86555E-11 -6.86538E-12  2.04028E-12  1.13198E-13  1.54446E-16
  1.475E+01  1.64770E-02 -6.09636E-11  1.72957E-11 -6.78178E-12  1.92507E-12  1.53845E-13  0.00000E+00
  1.500E+01  1.70371E-02 -5.92041E-11  1.60236E-11 -6.69959E-12  1.81459E-12  1.49710E-13  0.00000E+00
  1.525E+01  1.76063E-02 -5.75148E-11  1.48326E-11 -6.61880E-12  1.70859E-12  9.70138E-14  0.00000E+00
  1.550E+01  1.81848E-02 -5.58919E-11  1.37169E-11 -6.53938E-12  1.60684E-12  1.66636E-13  0.00000E+00
  1.575E+01  1.87724E-02 -5.43323E-11  1.26711E-11 -6.46131E-12  1.50912E-12  3.97367E-14  0.00000E+00
  1.600E+01  1.93692E-02 -5.28327E-11  1.16902E-11 -6.38458E-12  1.41525E-12  1.65381E-13  0.00000E+00
  1.625E+01  1.99751E-02 -5.13902E-11  1.07696E-11 -6.30917E-12  1.32502E-12  1.27105E-14  0.00000E+00
  1.650E+01  2.05901E-02 -5.00021E-11  9.90521E-12 -6.23505E-12  1.23827E-12  1.48745E-13  0.00000E+00
  1.675E+01  2.12143E-02 -4.86657E-11  9.09316E-12 -6.16220E-12  1.15482E-12  5.62795E-14  0.00000E+00
  1.700E+01  2.18476E-02 -4.73785E-11  8.32988E-12 -6.09060E-12  1.07452E-12  1.20503E-13  0.00000E+00
  1.725E+01  2.24900E-02 -4.61383E-11  7.61212E-12 -6.02023E-12  9.97233E-13  8.81923E-14  0.00000E+00
  1.750E+01  2.31415E-02 -4.49429E-11  6.93687E-12 -5.95106E-12  9.22806E-13  8.47694E-14  0.00000E+00
  1.775E+01  2.38021E-02 -4.37901E-11  6.30133E-12 -5.88308E-12  8.51113E-13  1.07232E-13  0.00000E+00
  1.800E+01  2.44717E-02 -4.26781E-11  5.70295E-12 -5.81625E-12  7.82032E-13  4.58469E-14  0.00000E+00
  1.825E+01  2.51504E-02 -4.16050E-11  5.13932E-12 -5.75056E-12  7.15446E-13  1.13276E-13  0.00000E+00
  1.850E+01  2.58382E-02 -4.05691E-11  4.60824E-12 -5.68598E-12  6.51245E-13  7.85444E-15  0.00000E+00
  1.875E+01  2.65349E-02 -3.95686E-11  4.10766E-12 -5.62250E-12  5.89325E-13  1.07460E-13  0.00000E+00
  1.900E+01  2.72407E-02 -3.86021E-11  3.63570E-12 -5.56008E-12  5.29587E-13  2.60395E-14  0.00000E+00
  1.925E+01  2.79555E-02 -3.76681E-11  3.19057E-12 -5.49871E-12  4.71939E-13  9.18154E-14  0.00000E+00
  1.950E+01  2.86793E-02 -3.67651E-11  2.77063E-12 -5.43837E-12  4.16292E-13  5.29281E-14  0.00000E+00
  1.975E+01  2.94120E-02 -3.58919E-11  2.37437E-12 -5.37903E-12  3.62562E-13  6.89843E-14  0.00000E+00
  2.000E+01  3.01537E-02 -3.50472E-11  2.00036E-12 -5.32068E-12  3.10671E-13  7.12017E-14  0.00000E+00
  2.025E+01  3.09043E-02 -3.42297E-11  1.64728E-12 -5.26328E-12  2.60542E-13  4.19547E-14  0.00000E+00
  2.050E+01  3.16639E-02 -3.34385E-11  1.31389E-12 -5.20683E-12  2.12106E-13  8.01331E-14  0.00000E+00
  2.075E+01  3.24324E-02 -3.26723E-11  9.99049E-13 -5.15131E-12  1.65292E-13  1.37868E-14  0.00000E+00
  2.100E+01  3.32098E-02 -3.19302E-11  7.01671E-13 -5.09668E-12  1.20038E-13  7.98901E-14  0.00000E+00
  2.125E+01  3.39961E-02 -3.12112E-11  4.20755E-13 -5.04294E-12  7.62808E-14  1.29142E-14  0.00000E+00
  2.150E+01  3.47912E-02 -3.05143E-11  1.55364E-13 -4.99007E-12  3.39631E-14  7.14806E-14  0.00000E+00
  2.175E+01  3.55952E-02 -2.98388E-11 -9.53818E-14 -4.93804E-12 -6.97115E-15  3.54887E-14  0.00000E+00
  2.200E+01  3.64081E-02 -2.91837E-11 -3.32306E-13 -4.88685E-12 -4.65748E-14  5.65196E-14  0.00000E+00
  2.225E+01  3.72297E-02 -2.85482E-11 -5.56179E-13 -4.83646E-12 -8.48984E-14  5.23567E-14  0.00000E+00
  2.250E+01  3.80602E-02 -2.79317E-11 -7.67724E-13 -4.78687E-12 -1.21990E-13  3.70582E-14  0.00000E+00
  2.275E+01  3.88995E-02 -2.73333E-11 -9.67619E-13 -4.73806E-12 -1.57896E-13  6.24370E-14  0.00000E+00
  2.300E+01  3.97476E-02 -2.67525E-11 -1.15650E-12 -4.69001E-12 -1.92659E-13  1.53630E-14  0.00000E+00
  2.325E+01  4.06044E-02 -2.61885E-11 -1.33496E-12 -4.64271E-12 -2.26322E-13  6.53605E-14  0.00000E+00
  2.350E+01  4.14700E-02 -2.56407E-11 -1.50357E-12 -4.59614E-12 -2.58925E-13  6.38136E-15  0.00000E+00
  2.375E+01  4.23443E-02 -2.51085E-11 -1.66286E-12 -4.55028E-12 -2.90506E-13  6.14596E-14  0.00000E+00
  2.400E+01  4.32273E-02 -2.45913E-11 -1.81330E-12 -4.50512E-12 -3.21101E-13  2.59735E-14  0.00000E+00
  2.425E+01  4.41190E-02 -2.40886E-11 -1.95538E-12 -4.46065E-12 -3.50745E-13  5.16910E-14  0.00000E+00
  2.450E+01  4.50194E-02 -2.35999E-11 -2.08954E-12 -4.41685E-12 -3.79471E-13  4.18608E-14  0.00000E+00
  2.475E+01  4.59284E-02 -2.31247E-11 -2.21618E-12 -4.37371E-12 -4.07312E-13  3.74001E-14  0.00000E+00
  2.500E+01  4.68461E-02 -2.26624E-11 -2.33569E-12 -4.33121E-12 -4.34299E-13  5.27867E-14  0.00000E+00
  2.550E+01  4.87074E-02 -2.17751E-11 -2.55479E-12 -4.24809E-12 -4.85823E-13  5.81706E-14  0.00000E+00
  2.600E+01  5.06030E-02 -2.09346E-11 -2.74955E-12 -4.16739E-12 -5.34263E-13  5.78881E-14  0.00000E+00
  2.650E+01  5.25328E-02 -2.01376E-11 -2.92235E-12 -4.08902E-12 -5.79823E-13  5.23224E-14  0.00000E+00
  2.700E+01  5.44967E-02 -1.93814E-11 -3.07537E-12 -4.01289E-12 -6.22688E-13  4.23386E-14  0.00000E+00
  2.750E+01  5.64946E-02 -1.86632E-11 -3.21050E-12 -3.93890E-12 -6.63030E-13  2.92190E-14  0.00000E+00
  2.800E+01  5.85262E-02 -1.79806E-11 -3.32948E-12 -3.86697E-12 -7.01008E-13  1.42413E-14  0.00000E+00
  2.850E+01  6.05914E-02 -1.73315E-11 -3.43383E-12 -3.79702E-12 -7.36768E-13  1.07106E-15  0.00000E+00
  2.900E+01  6.26901E-02 -1.67136E-11 -3.52495E-12 -3.72898E-12 -7.70445E-13  1.53578E-14  0.00000E+00
  2.950E+01  6.48222E-02 -1.61250E-11 -3.60407E-12 -3.66278E-12 -8.02166E-13  2.75029E-14  0.00000E+00
  3.000E+01  6.69873E-02 -1.55641E-11 -3.67233E-12 -3.59833E-12 -8.32047E-13  3.64788E-14  0.00000E+00
  3.050E+01  6.91854E-02 -1.50291E-11 -3.73073E-12 -3.53559E-12 -8.60196E-13  4.19078E-14  0.00000E+00
  3.100E+01  7.14163E-02 -1.45185E-11 -3.78019E-12 -3.47449E-12 -8.86714E-13  4.34068E-14  0.00000E+00
  3.150E+01  7.36799E-02 -1.40309E-11 -3.82153E-12 -3.41496E-12 -9.11694E-13  4.12779E-14  0.00000E+00
  3.200E+01  7.59760E-02 -1.35650E-11 -3.85550E-12 -3.35695E-12 -9.35224E-13  3.60113E-14  0.00000E+00
  3.250E+01  7.83043E-02 -1.31196E-11 -3.88276E-12 -3.30041E-12 -9.57384E-13  2.82691E-14  0.00000E+00
  3.300E+01  8.06647E-02 -1.26934E-11 -3.90394E-12 -3.24528E-12 -9.78250E-13  1.89850E-14  0.00000E+00
  3.350E+01  8.30571E-02 -1.22855E-11 -3.91960E-12 -3.19151E-12 -9.97894E-13  9.11980E-15  0.00000E+00
  3.400E+01  8.54812E-02 -1.18948E-11 -3.93023E-12 -3.13906E-12 -1.01638E-12  1.95867E-16  0.00000E+00
  3.450E+01  8.79369E-02 -1.15205E-11 -3.93631E-12 -3.08788E-12 -1.03377E-12  8.28440E-15  0.00000E+00
  3.500E+01  9.04240E-02 -1.11616E-11 -3.93824E-12 -3.03793E-12 -1.05013E-12  1.44505E-14  0.00000E+00
  3.550E+01  9.29422E-02 -1.08173E-11 -3.93642E-12 -2.98916E-12 -1.06551E-12  1.82560E-14  0.00000E+00
  3.600E+01  9.54915E-02 -1.04869E-11 -3.93116E-12 -2.94154E-12 -1.07995E-12  1.93557E-14  0.00000E+00
  3.650E+01  9.80716E-02 -1.01698E-11 -3.92282E-12 -2.89503E-12 -1.09351E-12  1.79997E-14  0.00000E+00
  3.700E+01  1.00682E-01 -9.86505E-12 -3.91166E-12 -2.84959E-12 -1.10623E-12  1.44166E-14  0.00000E+00
  3.750E+01  1.03323E-01 -9.57224E-12 -3.89796E-12 -2.80518E-12 -1.11815E-12  9.09961E-15  0.00000E+00
  3.800E+01  1.05995E-01 -9.29072E-12 -3.88196E-12 -2.76178E-12 -1.12932E-12  2.69433E-15  0.00000E+00
  3.850E+01  1.08696E-01 -9.01994E-12 -3.86387E-12 -2.71936E-12 -1.13977E-12  3.78890E-15  0.00000E+00
  3.900E+01  1.11427E-01 -8.75938E-12 -3.84390E-12 -2.67787E-12 -1.14954E-12  1.01144E-14  0.00000E+00
  3.950E+01  1.14188E-01 -8.50854E-12 -3.82223E-12 -2.63729E-12 -1.15866E-12  1.53315E-14  0.00000E+00
  4.000E+01  1.16978E-01 -8.26698E-12 -3.79903E-12 -2.59760E-12 -1.16715E-12  1.89378E-14  0.00000E+00
  4.050E+01  1.19797E-01 -8.03425E-12 -3.77445E-12 -2.55876E-12 -1.17506E-12  2.05481E-14  0.00000E+00
  4.100E+01  1.22645E-01 -7.80995E-12 -3.74865E-12 -2.52075E-12 -1.18240E-12  2.02259E-14  0.00000E+00
  4.150E+01  1.25522E-01 -7.59370E-12 -3.72175E-12 -2.48355E-12 -1.18921E-12  1.75602E-14  0.00000E+00
  4.200E+01  1.28428E-01 -7.38512E-12 -3.69386E-12 -2.44713E-12 -1.19551E-12  1.32302E-14  0.00000E+00
  4.250E+01  1.31361E-01 -7.18388E-12 -3.66510E-12 -2.41146E-12 -1.20133E-12  7.40799E-15  0.00000E+00
  4.300E+01  1.34323E-01 -6.98964E-12 -3.63557E-12 -2.37653E-12 -1.20667E-12  5.67575E-16  0.00000E+00
  4.350E+01  1.37313E-01 -6.80209E-12 -3.60535E-12 -2.34232E-12 -1.21158E-12  6.42298E-15  0.00000E+00
  4.400E+01  1.40330E-01 -6.62095E-12 -3.57454E-12 -2.30880E-12 -1.21606E-12  1.33103E-14  0.00000E+00
  4.450E+01  1.43375E-01 -6.44595E-12 -3.54321E-12 -2.27595E-12 -1.22014E-12  1.93280E-14  0.00000E+00
  4.500E+01  1.46447E-01 -6.27681E-12 -3.51144E-12 -2.24375E-12 -1.22383E-12  2.41188E-14  0.00000E+00
  4.550E+01  1.49545E-01 -6.11330E-12 -3.47929E-12 -2.21219E-12 -1.22715E-12  2.71261E-14  0.00000E+00
  4.600E+01  1.52671E-01 -5.95517E-12 -3.44681E-12 -2.18125E-12 -1.23012E-12  2.82836E-14  0.00000E+00
  4.650E+01  1.55823E-01 -5.80220E-12 -3.41406E-12 -2.15091E-12 -1.23275E-12  2.75310E-14  0.00000E+00
  4.700E+01  1.59001E-01 -5.65418E-12 -3.38110E-12 -2.12115E-12 -1.23506E-12  2.51899E-14  0.00000E+00
  4.750E+01  1.62205E-01 -5.51091E-12 -3.34797E-12 -2.09196E-12 -1.23706E-12  2.13475E-14  0.00000E+00
  4.800E+01  1.65435E-01 -5.37220E-12 -3.31471E-12 -2.06333E-12 -1.23876E-12  1.62932E-14  0.00000E+00
  4.850E+01  1.68690E-01 -5.23786E-12 -3.28137E-12 -2.03523E-12 -1.24018E-12  1.07035E-14  0.00000E+00
  4.900E+01  1.71970E-01 -5.10773E-12 -3.24798E-12 -2.00766E-12 -1.24133E-12  5.00791E-15  0.00000E+00
  4.950E+01  1.75276E-01 -4.98163E-12 -3.21456E-12 -1.98060E-12 -1.24222E-12  2.95308E-16  0.00000E+00
  5.000E+01  1.78606E-01 -4.85940E-12 -3.18116E-12 -1.95404E-12 -1.24286E-12  4.83846E-15  0.00000E+00
  5.050E+01  1.81961E-01 -4.74091E-12 -3.14779E-12 -1.92796E-12 -1.24326E-12  8.27854E-15  0.00000E+00
  5.100E+01  1.85340E-01 -4.62600E-12 -3.11448E-12 -1.90235E-12 -1.24343E-12  1.03888E-14  0.00000E+00
  5.150E+01  1.88743E-01 -4.51455E-12 -3.08126E-12 -1.87720E-12 -1.24339E-12  1.10496E-14  0.00000E+00
  5.200E+01  1.92169E-01 -4.40642E-12 -3.04816E-12 -1.85250E-12 -1.24313E-12  1.05112E-14  0.00000E+00
  5.250E+01  1.95619E-01 -4.30149E-12 -3.01517E-12 -1.82823E-12 -1.24267E-12  9.00848E-15  0.00000E+00
  5.300E+01  1.99092E-01 -4.19964E-12 -2.98233E-12 -1.80440E-12 -1.24202E-12  6.49837E-15  0.00000E+00
  5.350E+01  2.02589E-01 -4.10075E-12 -2.94965E-12 -1.78097E-12 -1.24118E-12  3.63220E-15  0.00000E+00
  5.400E+01  2.06107E-01 -4.00472E-12 -2.91714E-12 -1.75796E-12 -1.24016E-12  7.66679E-16  0.00000E+00
  5.450E+01  2.09649E-01 -3.91144E-12 -2.88482E-12 -1.73533E-12 -1.23898E-12  1.84649E-15  0.00000E+00
  5.500E+01  2.13212E-01 -3.82082E-12 -2.85269E-12 -1.71310E-12 -1.23762E-12  3.88754E-15  0.00000E+00
  5.550E+01  2.16797E-01 -3.73277E-12 -2.82078E-12 -1.69124E-12 -1.23611E-12  4.81040E-15  0.00000E+00
  5.600E+01  2.20404E-01 -3.64719E-12 -2.78909E-12 -1.66975E-12 -1.23445E-12  4.66237E-15  0.00000E+00
  5.650E+01  2.24032E-01 -3.56399E-12 -2.75762E-12 -1.64861E-12 -1.23264E-12  3.32947E-15  0.00000E+00
  5.700E+01  2.27680E-01 -3.48310E-12 -2.72639E-12 -1.62783E-12 -1.23069E-12  1.01651E-15  0.00000E+00
  5.750E+01  2.31350E-01 -3.40443E-12 -2.69540E-12 -1.60739E-12 -1.22861E-12  2.16005E-15  0.00000E+00
  5.800E+01  2.35040E-01 -3.32790E-12 -2.66465E-12 -1.58728E-12 -1.22640E-12  5.93786E-15  0.00000E+00
  5.850E+01  2.38751E-01 -3.25346E-12 -2.63416E-12 -1.56750E-12 -1.22406E-12  1.02187E-14  0.00000E+00
  5.900E+01  2.42481E-01 -3.18102E-12 -2.60394E-12 -1.54804E-12 -1.22161E-12  1.42420E-14  0.00000E+00
  5.950E+01  2.46231E-01 -3.11051E-12 -2.57397E-12 -1.52889E-12 -1.21904E-12  1.77984E-14  0.00000E+00
  6.000E+01  2.50000E-01 -3.04189E-12 -2.54427E-12 -1.51005E-12 -1.21636E-12  2.05440E-14  0.00000E+00
  6.050E+01  2.53788E-01 -2.97507E-12 -2.51483E-12 -1.49151E-12 -1.21357E-12  2.22947E-14  0.00000E+00
  6.100E+01  2.57595E-01 -2.91001E-12 -2.48567E-12 -1.47325E-12 -1.21068E-12  2.25926E-14  0.00000E+00
  6.150E+01  2.61421E-01 -2.84664E-12 -2.45678E-12 -1.45529E-12 -1.20769E-12  2.17683E-14  0.00000E+00
  6.200E+01  2.65264E-01 -2.78491E-12 -2.42816E-12 -1.43760E-12 -1.20461E-12  1.95852E-14  0.00000E+00
  6.250E+01  2.69126E-01 -2.72478E-12 -2.39983E-12 -1.42018E-12 -1.20144E-12  1.63623E-14  0.00000E+00
  6.300E+01  2.73005E-01 -2.66618E-12 -2.37177E-12 -1.40303E-12 -1.19818E-12  1.21343E-14  0.00000E+00
  6.350E+01  2.76901E-01 -2.60908E-12 -2.34399E-12 -1.38614E-12 -1.19483E-12  7.33372E-15  0.00000E+00
  6.400E+01  2.80814E-01 -2.55341E-12 -2.31649E-12 -1.36951E-12 -1.19140E-12  2.37414E-15  0.00000E+00
  6.450E+01  2.84744E-01 -2.49915E-12 -2.28926E-12 -1.35313E-12 -1.18790E-12  2.60986E-15  0.00000E+00
  6.500E+01  2.88691E-01 -2.44623E-12 -2.26232E-12 -1.33699E-12 -1.18432E-12  7.10206E-15  0.00000E+00
  6.550E+01  2.92653E-01 -2.39464E-12 -2.23565E-12 -1.32110E-12 -1.18067E-12  1.08631E-14  0.00000E+00
  6.600E+01  2.96632E-01 -2.34432E-12 -2.20926E-12 -1.30543E-12 -1.17695E-12  1.35367E-14  0.00000E+00
  6.650E+01  3.00625E-01 -2.29523E-12 -2.18315E-12 -1.29000E-12 -1.17316E-12  1.54065E-14  0.00000E+00
  6.700E+01  3.04634E-01 -2.24735E-12 -2.15732E-12 -1.27479E-12 -1.16931E-12  1.58765E-14  0.00000E+00
  6.750E+01  3.08658E-01 -2.20062E-12 -2.13175E-12 -1.25981E-12 -1.16539E-12  1.56017E-14  0.00000E+00
  6.800E+01  3.12697E-01 -2.15502E-12 -2.10646E-12 -1.24504E-12 -1.16142E-12  1.43599E-14  0.00000E+00
  6.850E+01  3.16749E-01 -2.11051E-12 -2.08144E-12 -1.23048E-12 -1.15738E-12  1.25395E-14  0.00000E+00
  6.900E+01  3.20816E-01 -2.06707E-12 -2.05670E-12 -1.21613E-12 -1.15330E-12  1.03948E-14  0.00000E+00
  6.950E+01  3.24896E-01 -2.02466E-12 -2.03222E-12 -1.20198E-12 -1.14916E-12  8.05254E-15  0.00000E+00
  7.000E+01  3.28990E-01 -1.98326E-12 -2.00801E-12 -1.18804E-12 -1.14496E-12  6.10414E-15  0.00000E+00
  7.050E+01  3.33097E-01 -1.94283E-12 -1.98407E-12 -1.17428E-12 -1.14072E-12  4.42258E-15  0.00000E+00
  7.100E+01  3.37216E-01 -1.90333E-12 -1.96039E-12 -1.16073E-12 -1.13643E-12  3.69306E-15  0.00000E+00
  7.150E+01  3.41348E-01 -1.86475E-12 -1.93697E-12 -1.14735E-12 -1.13210E-12  3.43380E-15  0.00000E+00
  7.200E+01  3.45492E-01 -1.82707E-12 -1.91380E-12 -1.13417E-12 -1.12772E-12  4.08738E-15  0.00000E+00
  7.250E+01  3.49647E-01 -1.79026E-12 -1.89090E-12 -1.12116E-12 -1.12330E-12  5.40680E-15  0.00000E+00
  7.300E+01  3.53814E-01 -1.75429E-12 -1.86826E-12 -1.10833E-12 -1.11883E-12  7.26506E-15  0.00000E+00
  7.350E+01  3.57992E-01 -1.71914E-12 -1.84587E-12 -1.09567E-12 -1.11433E-12  9.20664E-15  0.00000E+00
  7.400E+01  3.62181E-01 -1.68479E-12 -1.82373E-12 -1.08319E-12 -1.10979E-12  1.13404E-14  0.00000E+00
  7.450E+01  3.66381E-01 -1.65120E-12 -1.80183E-12 -1.07087E-12 -1.10521E-12  1.31162E-14  0.00000E+00
  7.500E+01  3.70590E-01 -1.61838E-12 -1.78018E-12 -1.05872E-12 -1.10060E-12  1.46509E-14  0.00000E+00
  7.550E+01  3.74810E-01 -1.58628E-12 -1.75878E-12 -1.04673E-12 -1.09596E-12  1.54113E-14  0.00000E+00
  7.600E+01  3.79039E-01 -1.55491E-12 -1.73762E-12 -1.03490E-12 -1.09128E-12  1.50925E-14  0.00000E+00
  7.650E+01  3.83277E-01 -1.52422E-12 -1.71670E-12 -1.02322E-12 -1.08657E-12  1.40353E-14  0.00000E+00
  7.700E+01  3.87524E-01 -1.49422E-12 -1.69601E-12 -1.01169E-12 -1.08183E-12  1.16202E-14  0.00000E+00
  7.750E+01  3.91780E-01 -1.46486E-12 -1.67556E-12 -1.00032E-12 -1.07706E-12  8.39747E-15  0.00000E+00
  7.800E+01  3.96044E-01 -1.43615E-12 -1.65534E-12 -9.89091E-13 -1.07227E-12  4.48571E-15  0.00000E+00
  7.850E+01  4.00316E-01 -1.40807E-12 -1.63535E-12 -9.78007E-13 -1.06744E-12  1.03689E-16  0.00000E+00
  7.900E+01  4.04596E-01 -1.38059E-12 -1.61558E-12 -9.67066E-13 -1.06260E-12  4.84466E-15  0.00000E+00
  7.950E+01  4.08882E-01 -1.35370E-12 -1.59605E-12 -9.56263E-13 -1.05772E-12  9.63367E-15  0.00000E+00
  8.000E+01  4.13176E-01 -1.32739E-12 -1.57673E-12 -9.45598E-13 -1.05282E-12  1.40639E-14  0.00000E+00
  8.050E+01  4.17476E-01 -1.30165E-12 -1.55764E-12 -9.35067E-13 -1.04790E-12  1.78387E-14  0.00000E+00
  8.100E+01  4.21783E-01 -1.27645E-12 -1.53876E-12 -9.24667E-13 -1.04296E-12  2.07686E-14  0.00000E+00
  8.150E+01  4.26095E-01 -1.25178E-12 -1.52010E-12 -9.14398E-13 -1.03800E-12  2.25671E-14  0.00000E+00
  8.200E+01  4.30413E-01 -1.22763E-12 -1.50165E-12 -9.04256E-13 -1.03302E-12  2.33520E-14  0.00000E+00
  8.250E+01  4.34737E-01 -1.20399E-12 -1.48341E-12 -8.94240E-13 -1.02801E-12  2.30395E-14  0.00000E+00
  8.300E+01  4.39065E-01 -1.18085E-12 -1.46539E-12 -8.84346E-13 -1.02299E-12  2.16455E-14  0.00000E+00
  8.350E+01  4.43398E-01 -1.15819E-12 -1.44756E-12 -8.74573E-13 -1.01795E-12  1.94800E-14  0.00000E+00
  8.400E+01  4.47736E-01 -1.13600E-12 -1.42994E-12 -8.64920E-13 -1.01289E-12  1.67487E-14  0.00000E+00
  8.450E+01  4.52077E-01 -1.11426E-12 -1.41253E-12 -8.55383E-13 -1.00782E-12  1.36532E-14  0.00000E+00
  8.500E+01  4.56422E-01 -1.09298E-12 -1.39531E-12 -8.45961E-13 -1.00273E-12  1.05857E-14  0.00000E+00
  8.550E+01  4.60770E-01 -1.07213E-12 -1.37829E-12 -8.36653E-13 -9.97624E-13  7.73793E-15  0.00000E+00
  8.600E+01  4.65122E-01 -1.05170E-12 -1.36146E-12 -8.27455E-13 -9.92504E-13  5.20274E-15  0.00000E+00
  8.650E+01  4.69476E-01 -1.03169E-12 -1.34482E-12 -8.18367E-13 -9.87371E-13  3.26348E-15  0.00000E+00
  8.700E+01  4.73832E-01 -1.01209E-12 -1.32838E-12 -8.09385E-13 -9.82224E-13  2.00837E-15  0.00000E+00
  8.750E+01  4.78190E-01 -9.92886E-13 -1.31212E-12 -8.00510E-13 -9.77064E-13  1.42954E-15  0.00000E+00
  8.800E+01  4.82550E-01 -9.74067E-13 -1.29605E-12 -7.91738E-13 -9.71891E-13  1.42475E-15  0.00000E+00
  8.850E+01  4.86912E-01 -9.55624E-13 -1.28017E-12 -7.83069E-13 -9.66707E-13  1.98823E-15  0.00000E+00
  8.900E+01  4.91274E-01 -9.37550E-13 -1.26446E-12 -7.74500E-13 -9.61512E-13  2.83156E-15  0.00000E+00
  8.950E+01  4.95637E-01 -9.19837E-13 -1.24894E-12 -7.66030E-13 -9.56305E-13  3.67017E-15  0.00000E+00
  9.000E+01  5.00000E-01 -9.02475E-13 -1.23359E-12 -7.57657E-13 -9.51089E-13  4.22287E-15  0.00000E+00
  9.050E+01  5.04363E-01 -8.85457E-13 -1.21842E-12 -7.49380E-13 -9.45863E-13  4.58589E-15  0.00000E+00
  9.100E+01  5.08726E-01 -8.68774E-13 -1.20342E-12 -7.41197E-13 -9.40627E-13  4.29412E-15  0.00000E+00
  9.150E+01  5.13088E-01 -8.52420E-13 -1.18860E-12 -7.33107E-13 -9.35382E-13  2.88685E-15  0.00000E+00
  9.200E+01  5.17450E-01 -8.36385E-13 -1.17394E-12 -7.25108E-13 -9.30129E-13  1.02202E-15  0.00000E+00
  9.250E+01  5.21810E-01 -8.20663E-13 -1.15945E-12 -7.17198E-13 -9.24867E-13  1.76149E-15  0.00000E+00
  9.300E+01  5.26168E-01 -8.05247E-13 -1.14513E-12 -7.09377E-13 -9.19598E-13  5.08870E-15  0.00000E+00
  9.350E+01  5.30524E-01 -7.90130E-13 -1.13097E-12 -7.01643E-13 -9.14321E-13  9.04989E-15  0.00000E+00
  9.400E+01  5.34878E-01 -7.75306E-13 -1.11697E-12 -6.93994E-13 -9.09037E-13  1.30898E-14  0.00000E+00
  9.450E+01  5.39230E-01 -7.60768E-13 -1.10313E-12 -6.86429E-13 -9.03747E-13  1.73017E-14  0.00000E+00
  9.500E+01  5.43578E-01 -7.46509E-13 -1.08945E-12 -6.78947E-13 -8.98450E-13  2.10430E-14  0.00000E+00
  9.550E+01  5.47923E-01 -7.32523E-13 -1.07593E-12 -6.71547E-13 -8.93147E-13  2.40420E-14  0.00000E+00
  9.600E+01  5.52264E-01 -7.18804E-13 -1.06256E-12 -6.64227E-13 -8.87839E-13  2.67611E-14  0.00000E+00
  9.650E+01  5.56602E-01 -7.05346E-13 -1.04935E-12 -6.56986E-13 -8.82525E-13  2.78292E-14  0.00000E+00
  9.700E+01  5.60935E-01 -6.92145E-13 -1.03628E-12 -6.49823E-13 -8.77206E-13  2.81670E-14  0.00000E+00
  9.750E+01  5.65263E-01 -6.79193E-13 -1.02337E-12 -6.42736E-13 -8.71882E-13  2.70456E-14  0.00000E+00
  9.800E+01  5.69587E-01 -6.66487E-13 -1.01060E-12 -6.35725E-13 -8.66554E-13  2.44687E-14  0.00000E+00
  9.850E+01  5.73905E-01 -6.54019E-13 -9.97979E-13 -6.28788E-13 -8.61222E-13  2.15335E-14  0.00000E+00
  9.900E+01  5.78217E-01 -6.41786E-13 -9.85503E-13 -6.21924E-13 -8.55885E-13  1.73275E-14  0.00000E+00
  9.950E+01  5.82524E-01 -6.29782E-13 -9.73169E-13 -6.15132E-13 -8.50545E-13  1.27627E-14  0.00000E+00
  1.000E+02  5.86824E-01 -6.18002E-13 -9.60977E-13 -6.08411E-13 -8.45201E-13  7.65566E-15  0.00000E+00
  1.005E+02  5.91118E-01 -6.06442E-13 -9.48924E-13 -6.01760E-13 -8.39854E-13  3.09830E-15  0.00000E+00
  1.010E+02  5.95404E-01 -5.95097E-13 -9.37010E-13 -5.95178E-13 -8.34503E-13  1.27576E-15  0.00000E+00
  1.015E+02  5.99684E-01 -5.83963E-13 -9.25232E-13 -5.88664E-13 -8.29150E-13  5.10358E-15  0.00000E+00
  1.020E+02  6.03956E-01 -5.73034E-13 -9.13590E-13 -5.82216E-13 -8.23795E-13  8.20410E-15  0.00000E+00
  1.025E+02  6.08220E-01 -5.62308E-13 -9.02081E-13 -5.75834E-13 -8.18437E-13  1.00308E-14  0.00000E+00
  1.030E+02  6.12476E-01 -5.51779E-13 -8.90703E-13 -5.69517E-13 -8.13076E-13  1.13128E-14  0.00000E+00
  1.035E+02  6.16723E-01 -5.41443E-13 -8.79457E-13 -5.63264E-13 -8.07714E-13  1.18673E-14  0.00000E+00
  1.040E+02  6.20961E-01 -5.31296E-13 -8.68339E-13 -5.57073E-13 -8.02349E-13  1.13278E-14  0.00000E+00
  1.045E+02  6.25190E-01 -5.21336E-13 -8.57350E-13 -5.50945E-13 -7.96983E-13  1.07887E-14  0.00000E+00
  1.050E+02  6.29410E-01 -5.11557E-13 -8.46487E-13 -5.44877E-13 -7.91616E-13  9.88389E-15  0.00000E+00
  1.055E+02  6.33619E-01 -5.01957E-13 -8.35750E-13 -5.38869E-13 -7.86247E-13  8.97840E-15  0.00000E+00
  1.060E+02  6.37819E-01 -4.92531E-13 -8.25136E-13 -5.32921E-13 -7.80877E-13  8.25536E-15  0.00000E+00
  1.065E+02  6.42008E-01 -4.83276E-13 -8.14644E-13 -5.27031E-13 -7.75506E-13  8.44995E-15  0.00000E+00
  1.070E+02  6.46186E-01 -4.74189E-13 -8.04273E-13 -5.21199E-13 -7.70134E-13  8.64606E-15  0.00000E+00
  1.075E+02  6.50353E-01 -4.65266E-13 -7.94022E-13 -5.15423E-13 -7.64761E-13  1.01335E-14  0.00000E+00
  1.080E+02  6.54508E-01 -4.56503E-13 -7.83889E-13 -5.09703E-13 -7.59387E-13  1.19960E-14  0.00000E+00
  1.085E+02  6.58652E-01 -4.47899E-13 -7.73874E-13 -5.04038E-13 -7.54013E-13  1.44210E-14  0.00000E+00
  1.090E+02  6.62784E-01 -4.39450E-13 -7.63976E-13 -4.98427E-13 -7.48639E-13  1.75976E-14  0.00000E+00
  1.095E+02  6.66903E-01 -4.31152E-13 -7.54192E-13 -4.92870E-13 -7.43264E-13  2.02318E-14  0.00000E+00
  1.100E+02  6.71010E-01 -4.23003E-13 -7.44521E-13 -4.87365E-13 -7.37890E-13  2.28794E-14  0.00000E+00
  1.105E+02  6.75104E-01 -4.14999E-13 -7.34963E-13 -4.81912E-13 -7.32515E-13  2.53547E-14  0.00000E+00
  1.110E+02  6.79184E-01 -4.07138E-13 -7.25516E-13 -4.76510E-13 -7.27140E-13  2.65363E-14  0.00000E+00
  1.115E+02  6.83251E-01 -3.99418E-13 -7.16179E-13 -4.71159E-13 -7.21766E-13  2.67897E-14  0.00000E+00
  1.120E+02  6.87303E-01 -3.91835E-13 -7.06951E-13 -4.65857E-13 -7.16391E-13  2.59204E-14  0.00000E+00
  1.125E+02  6.91342E-01 -3.84387E-13 -6.97832E-13 -4.60604E-13 -7.11018E-13  2.35426E-14  0.00000E+00
  1.130E+02  6.95366E-01 -3.77072E-13 -6.88819E-13 -4.55399E-13 -7.05644E-13  2.03985E-14  0.00000E+00
  1.135E+02  6.99375E-01 -3.69886E-13 -6.79912E-13 -4.50242E-13 -7.00271E-13  1.55334E-14  0.00000E+00
  1.140E+02  7.03368E-01 -3.62827E-13 -6.71109E-13 -4.45132E-13 -6.94899E-13  1.00707E-14  0.00000E+00
  1.145E+02  7.07347E-01 -3.55893E-13 -6.62410E-13 -4.40068E-13 -6.89528E-13  3.81234E-15  0.00000E+00
  1.150E+02  7.11309E-01 -3.49081E-13 -6.53813E-13 -4.35049E-13 -6.84157E-13  2.67742E-15  0.00000E+00
  1.155E+02  7.15256E-01 -3.42390E-13 -6.45319E-13 -4.30075E-13 -6.78788E-13  9.01906E-15  0.00000E+00
  1.160E+02  7.19186E-01 -3.35818E-13 -6.36925E-13 -4.25146E-13 -6.73419E-13  1.52130E-14  0.00000E+00
  1.165E+02  7.23099E-01 -3.29361E-13 -6.28630E-13 -4.20260E-13 -6.68051E-13  2.02931E-14  0.00000E+00
  1.170E+02  7.26995E-01 -3.23017E-13 -6.20435E-13 -4.15416E-13 -6.62685E-13  2.46368E-14  0.00000E+00
  1.175E+02  7.30874E-01 -3.16785E-13 -6.12336E-13 -4.10616E-13 -6.57319E-13  2.74579E-14  0.00000E+00
  1.180E+02  7.34736E-01 -3.10662E-13 -6.04334E-13 -4.05857E-13 -6.51955E-13  2.91307E-14  0.00000E+00
  1.185E+02  7.38579E-01 -3.04647E-13 -5.96428E-13 -4.01139E-13 -6.46592E-13  2.90529E-14  0.00000E+00
  1.190E+02  7.42405E-01 -2.98738E-13 -5.88618E-13 -3.96461E-13 -6.41230E-13  2.83858E-14  0.00000E+00
  1.195E+02  7.46212E-01 -2.92933E-13 -5.80901E-13 -3.91824E-13 -6.35870E-13  2.61318E-14  0.00000E+00
  1.200E+02  7.50000E-01 -2.87229E-13 -5.73277E-13 -3.87226E-13 -6.30511E-13  2.33635E-14  0.00000E+00
  1.205E+02  7.53769E-01 -2.81626E-13 -5.65746E-13 -3.82667E-13 -6.25154E-13  2.03728E-14  0.00000E+00
  1.210E+02  7.57519E-01 -2.76120E-13 -5.58306E-13 -3.78145E-13 -6.19798E-13  1.74569E-14  0.00000E+00
  1.215E+02  7.61249E-01 -2.70711E-13 -5.50956E-13 -3.73662E-13 -6.14444E-13  1.45152E-14  0.00000E+00
  1.220E+02  7.64960E-01 -2.65396E-13 -5.43696E-13 -3.69216E-13 -6.09091E-13  1.23569E-14  0.00000E+00
  1.225E+02  7.68650E-01 -2.60175E-13 -5.36525E-13 -3.64806E-13 -6.03741E-13  1.08910E-14  0.00000E+00
  1.230E+02  7.72320E-01 -2.55045E-13 -5.29443E-13 -3.60433E-13 -5.98391E-13  1.03320E-14  0.00000E+00
  1.235E+02  7.75968E-01 -2.50006E-13 -5.22447E-13 -3.56095E-13 -5.93044E-13  1.06935E-14  0.00000E+00
  1.240E+02  7.79596E-01 -2.45054E-13 -5.15538E-13 -3.51792E-13 -5.87698E-13  1.15764E-14  0.00000E+00
  1.245E+02  7.83203E-01 -2.40189E-13 -5.08715E-13 -3.47524E-13 -5.82354E-13  1.28852E-14  0.00000E+00
  1.250E+02  7.86788E-01 -2.35409E-13 -5.01977E-13 -3.43290E-13 -5.77012E-13  1.47314E-14  0.00000E+00
  1.255E+02  7.90351E-01 -2.30713E-13 -4.95322E-13 -3.39089E-13 -5.71671E-13  1.58636E-14  0.00000E+00
  1.260E+02  7.93893E-01 -2.26100E-13 -4.88752E-13 -3.34922E-13 -5.66333E-13  1.69040E-14  0.00000E+00
  1.265E+02  7.97411E-01 -2.21567E-13 -4.82264E-13 -3.30787E-13 -5.60996E-13  1.68948E-14  0.00000E+00
  1.270E+02  8.00908E-01 -2.17115E-13 -4.75859E-13 -3.26684E-13 -5.55662E-13  1.57109E-14  0.00000E+00
  1.275E+02  8.04381E-01 -2.12740E-13 -4.69535E-13 -3.22612E-13 -5.50329E-13  1.33314E-14  0.00000E+00
  1.280E+02  8.07831E-01 -2.08443E-13 -4.63292E-13 -3.18572E-13 -5.44998E-13  9.30177E-15  0.00000E+00
  1.285E+02  8.11257E-01 -2.04220E-13 -4.57128E-13 -3.14563E-13 -5.39669E-13  3.91763E-15  0.00000E+00
  1.290E+02  8.14660E-01 -2.00072E-13 -4.51044E-13 -3.10584E-13 -5.34342E-13  2.51851E-15  0.00000E+00
  1.295E+02  8.18039E-01 -1.95998E-13 -4.45038E-13 -3.06635E-13 -5.29018E-13  9.91731E-15  0.00000E+00
  1.300E+02  8.21394E-01 -1.91995E-13 -4.39111E-13 -3.02715E-13 -5.23695E-13  1.75220E-14  0.00000E+00
  1.305E+02  8.24724E-01 -1.88064E-13 -4.33262E-13 -2.98824E-13 -5.18374E-13  2.51144E-14  0.00000E+00
  1.310E+02  8.28030E-01 -1.84202E-13 -4.27489E-13 -2.94962E-13 -5.13055E-13  3.22459E-14  0.00000E+00
  1.315E+02  8.31310E-01 -1.80409E-13 -4.21792E-13 -2.91128E-13 -5.07738E-13  3.84560E-14  0.00000E+00
  1.320E+02  8.34565E-01 -1.76682E-13 -4.16171E-13 -2.87321E-13 -5.02424E-13  4.31573E-14  0.00000E+00
  1.325E+02  8.37795E-01 -1.73022E-13 -4.10624E-13 -2.83542E-13 -4.97111E-13  4.59755E-14  0.00000E+00
  1.330E+02  8.40999E-01 -1.69427E-13 -4.05152E-13 -2.79789E-13 -4.91801E-13  4.67564E-14  0.00000E+00
  1.335E+02  8.44177E-01 -1.65897E-13 -3.99754E-13 -2.76063E-13 -4.86492E-13  4.54572E-14  0.00000E+00
  1.340E+02  8.47329E-01 -1.62430E-13 -3.94430E-13 -2.72363E-13 -4.81186E-13  4.22677E-14  0.00000E+00
  1.345E+02  8.50455E-01 -1.59026E-13 -3.89178E-13 -2.68689E-13 -4.75881E-13  3.73827E-14  0.00000E+00
  1.350E+02  8.53553E-01 -1.55682E-13 -3.83998E-13 -2.65040E-13 -4.70579E-13  3.10024E-14  0.00000E+00
  1.355E+02  8.56625E-01 -1.52399E-13 -3.78890E-13 -2.61416E-13 -4.65279E-13  2.41705E-14  0.00000E+00
  1.360E+02  8.59670E-01 -1.49175E-13 -3.73852E-13 -2.57816E-13 -4.59981E-13  1.65145E-14  0.00000E+00
  1.365E+02  8.62687E-01 -1.46009E-13 -3.68886E-13 -2.54241E-13 -4.54685E-13  9.47291E-15  0.00000E+00
  1.370E+02  8.65677E-01 -1.42901E-13 -3.63989E-13 -2.50689E-13 -4.49391E-13  2.93680E-15  0.00000E+00
  1.375E+02  8.68639E-01 -1.39851E-13 -3.59163E-13 -2.47161E-13 -4.44099E-13  2.21943E-15  0.00000E+00
  1.380E+02  8.71572E-01 -1.36856E-13 -3.54405E-13 -2.43655E-13 -4.38809E-13  6.21258E-15  0.00000E+00
  1.385E+02  8.74478E-01 -1.33916E-13 -3.49716E-13 -2.40172E-13 -4.33521E-13  8.51480E-15  0.00000E+00
  1.390E+02  8.77355E-01 -1.31030E-13 -3.45095E-13 -2.36712E-13 -4.28235E-13  9.33876E-15  0.00000E+00
  1.395E+02  8.80203E-01 -1.28197E-13 -3.40541E-13 -2.33273E-13 -4.22951E-13  8.77660E-15  0.00000E+00
  1.400E+02  8.83022E-01 -1.25417E-13 -3.36054E-13 -2.29856E-13 -4.17670E-13  7.17978E-15  0.00000E+00
  1.405E+02  8.85812E-01 -1.22689E-13 -3.31635E-13 -2.26461E-13 -4.12390E-13  4.91108E-15  0.00000E+00
  1.410E+02  8.88573E-01 -1.20012E-13 -3.27282E-13 -2.23086E-13 -4.07112E-13  2.60566E-15  0.00000E+00
  1.415E+02  8.91304E-01 -1.17386E-13 -3.22995E-13 -2.19731E-13 -4.01837E-13  1.05074E-15  0.00000E+00
  1.420E+02  8.94005E-01 -1.14810E-13 -3.18773E-13 -2.16397E-13 -3.96563E-13  1.32417E-16  0.00000E+00
  1.425E+02  8.96677E-01 -1.12283E-13 -3.14616E-13 -2.13083E-13 -3.91291E-13  6.67538E-16  0.00000E+00
  1.430E+02  8.99318E-01 -1.09803E-13 -3.10523E-13 -2.09788E-13 -3.86021E-13  3.09611E-15  0.00000E+00
  1.435E+02  9.01928E-01 -1.07370E-13 -3.06494E-13 -2.06512E-13 -3.80753E-13  6.92244E-15  0.00000E+00
  1.440E+02  9.04508E-01 -1.04985E-13 -3.02529E-13 -2.03256E-13 -3.75488E-13  1.27289E-14  0.00000E+00
  1.445E+02  9.07058E-01 -1.02648E-13 -2.98629E-13 -2.00018E-13 -3.70224E-13  1.95987E-14  0.00000E+00
  1.450E+02  9.09576E-01 -1.00356E-13 -2.94791E-13 -1.96798E-13 -3.64961E-13  2.75583E-14  0.00000E+00
  1.455E+02  9.12063E-01 -9.81078E-14 -2.91016E-13 -1.93596E-13 -3.59701E-13  3.55116E-14  0.00000E+00
  1.460E+02  9.14519E-01 -9.59041E-14 -2.87302E-13 -1.90411E-13 -3.54443E-13  4.34575E-14  0.00000E+00
  1.465E+02  9.16943E-01 -9.37443E-14 -2.83650E-13 -1.87244E-13 -3.49187E-13  4.99669E-14  0.00000E+00
  1.470E+02  9.19335E-01 -9.16283E-14 -2.80060E-13 -1.84094E-13 -3.43932E-13  5.50014E-14  0.00000E+00
  1.475E+02  9.21696E-01 -8.95554E-14 -2.76531E-13 -1.80961E-13 -3.38679E-13  5.75055E-14  0.00000E+00
  1.480E+02  9.24024E-01 -8.75248E-14 -2.73064E-13 -1.77844E-13 -3.33428E-13  5.71201E-14  0.00000E+00
  1.485E+02  9.26320E-01 -8.55359E-14 -2.69657E-13 -1.74743E-13 -3.28179E-13  5.39179E-14  0.00000E+00
  1.490E+02  9.28584E-01 -8.35880E-14 -2.66309E-13 -1.71657E-13 -3.22932E-13  4.78260E-14  0.00000E+00
  1.495E+02  9.30815E-01 -8.16803E-14 -2.63022E-13 -1.68588E-13 -3.17686E-13  3.90710E-14  0.00000E+00
  1.500E+02  9.33013E-01 -7.98128E-14 -2.59793E-13 -1.65533E-13 -3.12442E-13  2.80398E-14  0.00000E+00
  1.505E+02  9.35178E-01 -7.79850E-14 -2.56624E-13 -1.62493E-13 -3.07200E-13  1.55930E-14  0.00000E+00
  1.510E+02  9.37310E-01 -7.61967E-14 -2.53514E-13 -1.59468E-13 -3.01959E-13  2.00478E-15  0.00000E+00
  1.515E+02  9.39409E-01 -7.44474E-14 -2.50463E-13 -1.56458E-13 -2.96720E-13  1.10414E-14  0.00000E+00
  1.520E+02  9.41474E-01 -7.27363E-14 -2.47471E-13 -1.53461E-13 -2.91483E-13  2.27419E-14  0.00000E+00
  1.525E+02  9.43505E-01 -7.10630E-14 -2.44536E-13 -1.50478E-13 -2.86247E-13  3.29017E-14  0.00000E+00
  1.530E+02  9.45503E-01 -6.94267E-14 -2.41658E-13 -1.47509E-13 -2.81013E-13  3.98825E-14  0.00000E+00
  1.535E+02  9.47467E-01 -6.78273E-14 -2.38838E-13 -1.44552E-13 -2.75781E-13  4.47261E-14  0.00000E+00
  1.540E+02  9.49397E-01 -6.62644E-14 -2.36075E-13 -1.41609E-13 -2.70550E-13  4.55917E-14  0.00000E+00
  1.545E+02  9.51293E-01 -6.47380E-14 -2.33370E-13 -1.38678E-13 -2.65320E-13  4.36849E-14  0.00000E+00
  1.550E+02  9.53154E-01 -6.32476E-14 -2.30721E-13 -1.35760E-13 -2.60092E-13  3.89365E-14  0.00000E+00
  1.555E+02  9.54981E-01 -6.17927E-14 -2.28129E-13 -1.32854E-13 -2.54866E-13  3.26065E-14  0.00000E+00
  1.560E+02  9.56773E-01 -6.03727E-14 -2.25592E-13 -1.29959E-13 -2.49641E-13  2.46573E-14  0.00000E+00
  1.565E+02  9.58530E-01 -5.89871E-14 -2.23112E-13 -1.27076E-13 -2.44417E-13  1.64045E-14  0.00000E+00
  1.570E+02  9.60252E-01 -5.76355E-14 -2.20687E-13 -1.24205E-13 -2.39195E-13  8.86594E-15  0.00000E+00
  1.575E+02  9.61940E-01 -5.63179E-14 -2.18317E-13 -1.21344E-13 -2.33974E-13  3.26595E-15  0.00000E+00
  1.580E+02  9.63592E-01 -5.50341E-14 -2.16003E-13 -1.18495E-13 -2.28755E-13  5.19767E-16  0.00000E+00
  1.585E+02  9.65209E-01 -5.37839E-14 -2.13744E-13 -1.15655E-13 -2.23537E-13  1.22320E-15  0.00000E+00
  1.590E+02  9.66790E-01 -5.25669E-14 -2.11540E-13 -1.12826E-13 -2.18320E-13  1.05602E-15  0.00000E+00
  1.595E+02  9.68336E-01 -5.13824E-14 -2.09391E-13 -1.10007E-13 -2.13104E-13  6.03128E-15  0.00000E+00
  1.600E+02  9.69846E-01 -5.02301E-14 -2.07296E-13 -1.07198E-13 -2.07890E-13  1.39418E-14  0.00000E+00
  1.605E+02  9.71321E-01 -4.91096E-14 -2.05255E-13 -1.04398E-13 -2.02677E-13  2.32314E-14  0.00000E+00
  1.610E+02  9.72759E-01 -4.80208E-14 -2.03267E-13 -1.01608E-13 -1.97465E-13  3.33839E-14  0.00000E+00
  1.615E+02  9.74162E-01 -4.69637E-14 -2.01334E-13 -9.88261E-14 -1.92254E-13  4.31339E-14  0.00000E+00
  1.620E+02  9.75528E-01 -4.59381E-14 -1.99455E-13 -9.60532E-14 -1.87044E-13  5.13627E-14  0.00000E+00
  1.625E+02  9.76858E-01 -4.49438E-14 -1.97629E-13 -9.32888E-14 -1.81836E-13  5.67347E-14  0.00000E+00
  1.630E+02  9.78152E-01 -4.39803E-14 -1.95857E-13 -9.05326E-14 -1.76628E-13  5.86256E-14  0.00000E+00
  1.635E+02  9.79410E-01 -4.30470E-14 -1.94138E-13 -8.77844E-14 -1.71422E-13  5.63965E-14  0.00000E+00
  1.640E+02  9.80631E-01 -4.21437E-14 -1.92471E-13 -8.50439E-14 -1.66217E-13  4.95849E-14  0.00000E+00
  1.645E+02  9.81815E-01 -4.12702E-14 -1.90857E-13 -8.23109E-14 -1.61012E-13  3.79100E-14  0.00000E+00
  1.650E+02  9.82963E-01 -4.04268E-14 -1.89296E-13 -7.95851E-14 -1.55809E-13  2.28160E-14  0.00000E+00
  1.655E+02  9.84074E-01 -3.96133E-14 -1.87787E-13 -7.68664E-14 -1.50606E-13  4.82367E-15  0.00000E+00
  1.660E+02  9.85148E-01 -3.88295E-14 -1.86332E-13 -7.41544E-14 -1.45405E-13  1.53355E-14  0.00000E+00
  1.665E+02  9.86185E-01 -3.80750E-14 -1.84929E-13 -7.14489E-14 -1.40204E-13  3.55408E-14  0.00000E+00
  1.670E+02  9.87185E-01 -3.73493E-14 -1.83577E-13 -6.87496E-14 -1.35004E-13  5.44062E-14  0.00000E+00
  1.675E+02  9.88148E-01 -3.66521E-14 -1.82278E-13 -6.60564E-14 -1.29805E-13  7.05140E-14  0.00000E+00
  1.680E+02  9.89074E-01 -3.59834E-14 -1.81029E-13 -6.33690E-14 -1.24606E-13  8.20201E-14  0.00000E+00
  1.685E+02  9.89962E-01 -3.53433E-14 -1.79833E-13 -6.06872E-14 -1.19409E-13  8.82423E-14  0.00000E+00
  1.690E+02  9.90814E-01 -3.47319E-14 -1.78689E-13 -5.80107E-14 -1.14212E-13  8.80889E-14  0.00000E+00
  1.695E+02  9.91627E-01 -3.41491E-14 -1.77597E-13 -5.53392E-14 -1.09016E-13  8.16639E-14  0.00000E+00
  1.700E+02  9.92404E-01 -3.35945E-14 -1.76556E-13 -5.26726E-14 -1.03820E-13  6.98920E-14  0.00000E+00
  1.705E+02  9.93143E-01 -3.30676E-14 -1.75567E-13 -5.00106E-14 -9.86253E-14  5.20949E-14  0.00000E+00
  1.710E+02  9.93844E-01 -3.25681E-14 -1.74629E-13 -4.73530E-14 -9.34310E-14  3.10641E-14  0.00000E+00
  1.715E+02  9.94508E-01 -3.20959E-14 -1.73741E-13 -4.46995E-14 -8.82373E-14  8.00296E-15  0.00000E+00
  1.720E+02  9.95134E-01 -3.16514E-14 -1.72904E-13 -4.20500E-14 -8.30440E-14  1.54500E-14  0.00000E+00
  1.725E+02  9.95722E-01 -3.12346E-14 -1.72119E-13 -3.94041E-14 -7.78513E-14  3.68018E-14  0.00000E+00
  1.730E+02  9.96273E-01 -3.08457E-14 -1.71386E-13 -3.67616E-14 -7.26591E-14  5.37326E-14  0.00000E+00
  1.735E+02  9.96786E-01 -3.04842E-14 -1.70703E-13 -3.41224E-14 -6.74673E-14  6.47277E-14  0.00000E+00
  1.740E+02  9.97261E-01 -3.01498E-14 -1.70071E-13 -3.14862E-14 -6.22760E-14  6.90958E-14  0.00000E+00
  1.745E+02  9.97698E-01 -2.98419E-14 -1.69490E-13 -2.88527E-14 -5.70850E-14  6.48907E-14  0.00000E+00
  1.750E+02  9.98097E-01 -2.95606E-14 -1.68958E-13 -2.62217E-14 -5.18943E-14  5.28834E-14  0.00000E+00
  1.755E+02  9.98459E-01 -2.93062E-14 -1.68478E-13 -2.35930E-14 -4.67040E-14  3.30230E-14  0.00000E+00
  1.760E+02  9.98782E-01 -2.90790E-14 -1.68048E-13 -2.09664E-14 -4.15139E-14  6.32334E-15  0.00000E+00
  1.765E+02  9.99067E-01 -2.88793E-14 -1.67670E-13 -1.83416E-14 -3.63241E-14  2.57608E-14  0.00000E+00
  1.770E+02  9.99315E-01 -2.87067E-14 -1.67342E-13 -1.57184E-14 -3.11345E-14  6.17542E-14  0.00000E+00
  1.775E+02  9.99524E-01 -2.85609E-14 -1.67065E-13 -1.30966E-14 -2.59452E-14  9.91082E-14  0.00000E+00
  1.780E+02  9.99695E-01 -2.84411E-14 -1.66838E-13 -1.04759E-14 -2.07560E-14  1.36105E-13  0.00000E+00
  1.785E+02  9.99829E-01 -2.83471E-14 -1.66661E-13 -7.85612E-15 -1.55669E-14  1.72718E-13  0.00000E+00
  1.790E+02  9.99924E-01 -2.82791E-14 -1.66533E-13 -5.23704E-15 -1.03779E-14  2.11043E-13  0.00000E+00
  1.795E+02  9.99981E-01 -2.82382E-14 -1.66456E-13 -2.61841E-15 -5.18892E-15  2.70805E-13  5.38411E-17
  1.800E+02  1.00000E+00 -2.82237E-14 -1.66430E-13 -3.67447E-29 -7.28183E-29  3.72400E-12  1.22217E-13
