 #  Scattering amplitudes (in cm)      MU=(1-cos(TH))/2
 #  Z =  79,   projectile: electron
 #  Kinetic energy = 5.90000E+06 eV
 #
 # TH (deg)      MU          Re(F)        Im(F)        Re(G)        Im(G)        ERRF         ERRG 
 #-----------------------------------------------------------------------------------------------------------------
  0.000E+00  0.00000E+00  1.25891E-06  1.99998E-07  0.00000E+00  0.00000E+00  2.21333E-09  0.00000E+00
  1.000E-04  7.61557E-13  1.25890E-06  1.99998E-07  1.01104E-12  1.60627E-13  2.21268E-09  1.82470E-07
  1.250E-04  1.18994E-12  1.25890E-06  1.99998E-07  1.26379E-12  2.00784E-13  2.21231E-09  1.82455E-07
  1.500E-04  1.71346E-12  1.25890E-06  1.99998E-07  1.51655E-12  2.40941E-13  2.21187E-09  1.82437E-07
  1.750E-04  2.33225E-12  1.25889E-06  1.99998E-07  1.76930E-12  2.81097E-13  2.21134E-09  1.82415E-07
  2.000E-04  3.04617E-12  1.25889E-06  1.99998E-07  2.02206E-12  3.21254E-13  2.21073E-09  1.82390E-07
  2.250E-04  3.85530E-12  1.25889E-06  1.99998E-07  2.27481E-12  3.61411E-13  2.21004E-09  1.82362E-07
  2.500E-04  4.75964E-12  1.25888E-06  1.99998E-07  2.52755E-12  4.01567E-13  2.20927E-09  1.82331E-07
  2.750E-04  5.75917E-12  1.25888E-06  1.99997E-07  2.78029E-12  4.41724E-13  2.20842E-09  1.82296E-07
  3.000E-04  6.85391E-12  1.25887E-06  1.99997E-07  3.03303E-12  4.81880E-13  2.20748E-09  1.82258E-07
  3.250E-04  8.04379E-12  1.25886E-06  1.99997E-07  3.28577E-12  5.22037E-13  2.20647E-09  1.82217E-07
  3.500E-04  9.32893E-12  1.25886E-06  1.99997E-07  3.53850E-12  5.62193E-13  2.20537E-09  1.82172E-07
  3.750E-04  1.07092E-11  1.25885E-06  1.99997E-07  3.79123E-12  6.02350E-13  2.20420E-09  1.82124E-07
  4.000E-04  1.21847E-11  1.25884E-06  1.99997E-07  4.04396E-12  6.42506E-13  2.20294E-09  1.82073E-07
  4.250E-04  1.37554E-11  1.25883E-06  1.99997E-07  4.29667E-12  6.82662E-13  2.20161E-09  1.82018E-07
  4.500E-04  1.54213E-11  1.25882E-06  1.99997E-07  4.54939E-12  7.22818E-13  2.20019E-09  1.81960E-07
  4.750E-04  1.71823E-11  1.25882E-06  1.99997E-07  4.80210E-12  7.62974E-13  2.19869E-09  1.81899E-07
  5.000E-04  1.90386E-11  1.25881E-06  1.99996E-07  5.05480E-12  8.03130E-13  2.19711E-09  1.81835E-07
  5.250E-04  2.09900E-11  1.25880E-06  1.99996E-07  5.30749E-12  8.43286E-13  2.19545E-09  1.81767E-07
  5.500E-04  2.30367E-11  1.25878E-06  1.99996E-07  5.56018E-12  8.83441E-13  2.19372E-09  1.81696E-07
  5.750E-04  2.51785E-11  1.25877E-06  1.99996E-07  5.81287E-12  9.23597E-13  2.19190E-09  1.81622E-07
  6.000E-04  2.74156E-11  1.25876E-06  1.99996E-07  6.06554E-12  9.63753E-13  2.19000E-09  1.81544E-07
  6.250E-04  2.97478E-11  1.25875E-06  1.99995E-07  6.31821E-12  1.00391E-12  2.18802E-09  1.81463E-07
  6.500E-04  3.21752E-11  1.25874E-06  1.99995E-07  6.57087E-12  1.04406E-12  2.18596E-09  1.81379E-07
  6.750E-04  3.46979E-11  1.25872E-06  1.99995E-07  6.82352E-12  1.08422E-12  2.18382E-09  1.81292E-07
  7.000E-04  3.73157E-11  1.25871E-06  1.99995E-07  7.07617E-12  1.12437E-12  2.18160E-09  1.81201E-07
  7.250E-04  4.00286E-11  1.25869E-06  1.99995E-07  7.32881E-12  1.16453E-12  2.17930E-09  1.81107E-07
  7.500E-04  4.28368E-11  1.25868E-06  1.99994E-07  7.58143E-12  1.20468E-12  2.17693E-09  1.81010E-07
  7.750E-04  4.57402E-11  1.25866E-06  1.99994E-07  7.83405E-12  1.24484E-12  2.17447E-09  1.80909E-07
  8.000E-04  4.87388E-11  1.25865E-06  1.99994E-07  8.08666E-12  1.28499E-12  2.17194E-09  1.80806E-07
  8.250E-04  5.18325E-11  1.25863E-06  1.99994E-07  8.33926E-12  1.32515E-12  2.16932E-09  1.80699E-07
  8.500E-04  5.50215E-11  1.25861E-06  1.99993E-07  8.59185E-12  1.36530E-12  2.16663E-09  1.80588E-07
  8.750E-04  5.83057E-11  1.25860E-06  1.99993E-07  8.84443E-12  1.40545E-12  2.16386E-09  1.80475E-07
  9.000E-04  6.16850E-11  1.25858E-06  1.99993E-07  9.09699E-12  1.44561E-12  2.16100E-09  1.80358E-07
  9.250E-04  6.51595E-11  1.25856E-06  1.99993E-07  9.34955E-12  1.48576E-12  2.15808E-09  1.80238E-07
  9.500E-04  6.87293E-11  1.25854E-06  1.99992E-07  9.60210E-12  1.52592E-12  2.15507E-09  1.80115E-07
  9.750E-04  7.23943E-11  1.25852E-06  1.99992E-07  9.85463E-12  1.56607E-12  2.15198E-09  1.79989E-07
  1.000E-03  7.61544E-11  1.25850E-06  1.99992E-07  1.01072E-11  1.60622E-12  2.14882E-09  1.79859E-07
  1.250E-03  1.18991E-10  1.25827E-06  1.99988E-07  1.26317E-11  2.00774E-12  2.11294E-09  1.78386E-07
  1.500E-03  1.71347E-10  1.25799E-06  1.99984E-07  1.51546E-11  2.40924E-12  2.06948E-09  1.76597E-07
  1.750E-03  2.33223E-10  1.25767E-06  1.99979E-07  1.76758E-11  2.81071E-12  2.01868E-09  1.74498E-07
  2.000E-03  3.04617E-10  1.25729E-06  1.99973E-07  2.01948E-11  3.21214E-12  1.96081E-09  1.72096E-07
  2.250E-03  3.85531E-10  1.25686E-06  1.99966E-07  2.27114E-11  3.61354E-12  1.89617E-09  1.69399E-07
  2.500E-03  4.75965E-10  1.25638E-06  1.99959E-07  2.52252E-11  4.01490E-12  1.82512E-09  1.66417E-07
  2.750E-03  5.75917E-10  1.25585E-06  1.99951E-07  2.77361E-11  4.41621E-12  1.74803E-09  1.63161E-07
  3.000E-03  6.85389E-10  1.25527E-06  1.99942E-07  3.02436E-11  4.81747E-12  1.66531E-09  1.59642E-07
  3.250E-03  8.04380E-10  1.25464E-06  1.99932E-07  3.27475E-11  5.21867E-12  1.57741E-09  1.55872E-07
  3.500E-03  9.32891E-10  1.25396E-06  1.99922E-07  3.52474E-11  5.61981E-12  1.48479E-09  1.51864E-07
  3.750E-03  1.07092E-09  1.25324E-06  1.99910E-07  3.77432E-11  6.02088E-12  1.38794E-09  1.47632E-07
  4.000E-03  1.21847E-09  1.25246E-06  1.99898E-07  4.02345E-11  6.42189E-12  1.28737E-09  1.43191E-07
  4.250E-03  1.37554E-09  1.25163E-06  1.99885E-07  4.27210E-11  6.82282E-12  1.18362E-09  1.38555E-07
  4.500E-03  1.54213E-09  1.25076E-06  1.99872E-07  4.52024E-11  7.22367E-12  1.07723E-09  1.33742E-07
  4.750E-03  1.71823E-09  1.24984E-06  1.99857E-07  4.76785E-11  7.62443E-12  9.68756E-10  1.28766E-07
  5.000E-03  1.90386E-09  1.24887E-06  1.99842E-07  5.01490E-11  8.02511E-12  8.58762E-10  1.23645E-07
  5.250E-03  2.09900E-09  1.24785E-06  1.99826E-07  5.26136E-11  8.42569E-12  7.47818E-10  1.18396E-07
  5.500E-03  2.30367E-09  1.24679E-06  1.99810E-07  5.50720E-11  8.82618E-12  6.36501E-10  1.13037E-07
  5.750E-03  2.51785E-09  1.24568E-06  1.99792E-07  5.75240E-11  9.22656E-12  5.25379E-10  1.07585E-07
  6.000E-03  2.74156E-09  1.24452E-06  1.99774E-07  5.99693E-11  9.62684E-12  4.15021E-10  1.02058E-07
  6.250E-03  2.97478E-09  1.24332E-06  1.99755E-07  6.24076E-11  1.00270E-11  3.05985E-10  9.64737E-08
  6.500E-03  3.21752E-09  1.24207E-06  1.99735E-07  6.48387E-11  1.04270E-11  1.98821E-10  9.08506E-08
  6.750E-03  3.46978E-09  1.24077E-06  1.99714E-07  6.72623E-11  1.08270E-11  9.40617E-11  8.52065E-08
  7.000E-03  3.73156E-09  1.23943E-06  1.99693E-07  6.96781E-11  1.12268E-11  7.77537E-12  7.95591E-08
  7.250E-03  4.00286E-09  1.23805E-06  1.99671E-07  7.20860E-11  1.16264E-11  1.06194E-10  7.39260E-08
  7.500E-03  4.28368E-09  1.23662E-06  1.99648E-07  7.44857E-11  1.20260E-11  2.00720E-10  6.83245E-08
  7.750E-03  4.57402E-09  1.23515E-06  1.99625E-07  7.68769E-11  1.24254E-11  2.90905E-10  6.27715E-08
  8.000E-03  4.87388E-09  1.23363E-06  1.99600E-07  7.92594E-11  1.28246E-11  3.76329E-10  5.72837E-08
  8.250E-03  5.18326E-09  1.23207E-06  1.99575E-07  8.16330E-11  1.32237E-11  4.56602E-10  5.18771E-08
  8.500E-03  5.50215E-09  1.23047E-06  1.99549E-07  8.39974E-11  1.36227E-11  5.31367E-10  4.65671E-08
  8.750E-03  5.83057E-09  1.22883E-06  1.99522E-07  8.63524E-11  1.40215E-11  6.00303E-10  4.13689E-08
  9.000E-03  6.16850E-09  1.22714E-06  1.99495E-07  8.86978E-11  1.44201E-11  6.63122E-10  3.62965E-08
  9.250E-03  6.51596E-09  1.22542E-06  1.99467E-07  9.10335E-11  1.48186E-11  7.19577E-10  3.13636E-08
  9.500E-03  6.87293E-09  1.22365E-06  1.99438E-07  9.33591E-11  1.52168E-11  7.69458E-10  2.65830E-08
  9.750E-03  7.23942E-09  1.22184E-06  1.99408E-07  9.56744E-11  1.56150E-11  8.12597E-10  2.19667E-08
  1.000E-02  7.61544E-09  1.22000E-06  1.99378E-07  9.79793E-11  1.60129E-11  8.48866E-10  1.75258E-08
  1.250E-02  1.18991E-08  1.19948E-06  1.99031E-07  1.20414E-10  1.99814E-11  8.35179E-10  1.54526E-08
  1.500E-02  1.71347E-08  1.17561E-06  1.98611E-07  1.41621E-10  2.39270E-11  2.87322E-10  2.57964E-08
  1.750E-02  2.33223E-08  1.14896E-06  1.98119E-07  1.61480E-10  2.78456E-11  3.83583E-10  1.79327E-08
  2.000E-02  3.04617E-08  1.12012E-06  1.97555E-07  1.79916E-10  3.17331E-11  7.38529E-10  2.25178E-09
  2.250E-02  3.85531E-08  1.08964E-06  1.96924E-07  1.96898E-10  3.55856E-11  5.73271E-10  1.03999E-08
  2.500E-02  4.75965E-08  1.05802E-06  1.96225E-07  2.12427E-10  3.93994E-11  2.94057E-11  1.36810E-08
  2.750E-02  5.75917E-08  1.02572E-06  1.95463E-07  2.26536E-10  4.31710E-11  5.12349E-10  7.84243E-09
  3.000E-02  6.85389E-08  9.93116E-07  1.94640E-07  2.39275E-10  4.68973E-11  6.87116E-10  1.77273E-09
  3.250E-02  8.04380E-08  9.60533E-07  1.93758E-07  2.50710E-10  5.05753E-11  3.85113E-10  8.62664E-09
  3.500E-02  9.32891E-08  9.28230E-07  1.92821E-07  2.60915E-10  5.42021E-11  1.79805E-10  8.92464E-09
  3.750E-02  1.07092E-07  8.96415E-07  1.91830E-07  2.69970E-10  5.77754E-11  6.17114E-10  3.43229E-09
  4.000E-02  1.21847E-07  8.65244E-07  1.90790E-07  2.77955E-10  6.12928E-11  6.24947E-10  3.60592E-09
  4.250E-02  1.37554E-07  8.34837E-07  1.89702E-07  2.84948E-10  6.47524E-11  1.96332E-10  7.49447E-09
  4.500E-02  1.54213E-07  8.05276E-07  1.88570E-07  2.91027E-10  6.81522E-11  3.74031E-10  6.05648E-09
  4.750E-02  1.71823E-07  7.76618E-07  1.87397E-07  2.96263E-10  7.14909E-11  6.89831E-10  7.48026E-10
  5.000E-02  1.90386E-07  7.48899E-07  1.86185E-07  3.00725E-10  7.47670E-11  5.26251E-10  4.60627E-09
  5.250E-02  2.09900E-07  7.22134E-07  1.84938E-07  3.04476E-10  7.79794E-11  1.07820E-11  6.47190E-09
  5.500E-02  2.30367E-07  6.96330E-07  1.83657E-07  3.07577E-10  8.11271E-11  5.51885E-10  3.87153E-09
  5.750E-02  2.51785E-07  6.71479E-07  1.82347E-07  3.10082E-10  8.42095E-11  7.16605E-10  1.15974E-09
  6.000E-02  2.74156E-07  6.47569E-07  1.81009E-07  3.12042E-10  8.72260E-11  3.79665E-10  5.10742E-09
  6.250E-02  2.97478E-07  6.24580E-07  1.79645E-07  3.13505E-10  9.01761E-11  2.34558E-10  5.38617E-09
  6.500E-02  3.21752E-07  6.02488E-07  1.78259E-07  3.14513E-10  9.30597E-11  7.00271E-10  2.00271E-09
  6.750E-02  3.46978E-07  5.81269E-07  1.76853E-07  3.15107E-10  9.58766E-11  6.84271E-10  2.58124E-09
  7.000E-02  3.73156E-07  5.60894E-07  1.75429E-07  3.15323E-10  9.86269E-11  1.83510E-10  5.21061E-09
  7.250E-02  4.00286E-07  5.41335E-07  1.73989E-07  3.15196E-10  1.01311E-10  4.62721E-10  4.18381E-09
  7.500E-02  4.28368E-07  5.22561E-07  1.72535E-07  3.14757E-10  1.03929E-10  8.01701E-10  3.39207E-10
  7.750E-02  4.57402E-07  5.04544E-07  1.71069E-07  3.14035E-10  1.06481E-10  5.83605E-10  3.60534E-09
  8.000E-02  4.87388E-07  4.87254E-07  1.69594E-07  3.13056E-10  1.08967E-10  5.52426E-11  4.95615E-09
  8.250E-02  5.18325E-07  4.70661E-07  1.68110E-07  3.11845E-10  1.11389E-10  6.76118E-10  2.86960E-09
  8.500E-02  5.50215E-07  4.54739E-07  1.66619E-07  3.10426E-10  1.13747E-10  8.38426E-10  1.12949E-09
  8.750E-02  5.83057E-07  4.39458E-07  1.65124E-07  3.08818E-10  1.16042E-10  4.11694E-10  4.25112E-09
  9.000E-02  6.16850E-07  4.24793E-07  1.63625E-07  3.07041E-10  1.18274E-10  3.21467E-10  4.37535E-09
  9.250E-02  6.51596E-07  4.10716E-07  1.62124E-07  3.05113E-10  1.20444E-10  8.51600E-10  1.48465E-09
  9.500E-02  6.87293E-07  3.97205E-07  1.60622E-07  3.03051E-10  1.22554E-10  7.95831E-10  2.37033E-09
  9.750E-02  7.23942E-07  3.84233E-07  1.59121E-07  3.00868E-10  1.24603E-10  1.73703E-10  4.51795E-09
  1.000E-01  7.61543E-07  3.71778E-07  1.57621E-07  2.98580E-10  1.26594E-10  5.92870E-10  3.50997E-09
  1.250E-01  1.18991E-06  2.71169E-07  1.42920E-07  2.72226E-10  1.43484E-10  1.53160E-10  4.25167E-09
  1.500E-01  1.71347E-06  2.02760E-07  1.29179E-07  2.44260E-10  1.55627E-10  1.05862E-09  2.45360E-09
  1.750E-01  2.33223E-06  1.55010E-07  1.16689E-07  2.17859E-10  1.64010E-10  1.46693E-09  7.38818E-10
  2.000E-01  3.04617E-06  1.20640E-07  1.05485E-07  1.93777E-10  1.69445E-10  9.10817E-10  3.39584E-09
  2.250E-01  3.85531E-06  9.51020E-08  9.54887E-08  1.71851E-10  1.72562E-10  4.57326E-10  3.92195E-09
  2.500E-01  4.75964E-06  7.55639E-08  8.65764E-08  1.51716E-10  1.73841E-10  1.83598E-09  2.01123E-09
  2.750E-01  5.75916E-06  6.02559E-08  7.86212E-08  1.33079E-10  1.73655E-10  2.23122E-09  1.16723E-09
  3.000E-01  6.85388E-06  4.80507E-08  7.15073E-08  1.15770E-10  1.72302E-10  1.14392E-09  3.65970E-09
  3.250E-01  8.04378E-06  3.82059E-08  6.51345E-08  9.97204E-11  1.70026E-10  9.66776E-10  3.90037E-09
  3.500E-01  9.32888E-06  3.02097E-08  5.94176E-08  8.49142E-11  1.67035E-10  2.82033E-09  1.68446E-09
  3.750E-01  1.07092E-05  2.36912E-08  5.42837E-08  7.13472E-11  1.63503E-10  3.07101E-09  1.66020E-09
  4.000E-01  1.21846E-05  1.83685E-08  4.96694E-08  5.90041E-11  1.59580E-10  1.25497E-09  4.05264E-09
  4.250E-01  1.37553E-05  1.40200E-08  4.55191E-08  4.78489E-11  1.55387E-10  1.72404E-09  3.94755E-09
  4.500E-01  1.54212E-05  1.04672E-08  4.17832E-08  3.78231E-11  1.51025E-10  4.00255E-09  1.33568E-09
  4.750E-01  1.71822E-05  7.56435E-09  3.84173E-08  2.88500E-11  1.46574E-10  3.91207E-09  2.19910E-09
  5.000E-01  1.90385E-05  5.19202E-09  3.53811E-08  2.08416E-11  1.42096E-10  1.17054E-09  4.43934E-09
  5.250E-01  2.09899E-05  3.25219E-09  3.26388E-08  1.37042E-11  1.37637E-10  2.72727E-09  3.92820E-09
  5.500E-01  2.30365E-05  1.66464E-09  3.01579E-08  7.34387E-12  1.33232E-10  5.30089E-09  9.17535E-10
  5.750E-01  2.51783E-05  3.63958E-10  2.79094E-08  1.67077E-12  1.28904E-10  4.65517E-09  2.74812E-09
  6.000E-01  2.74153E-05 -7.03014E-10  2.58677E-08 -3.39844E-12  1.24670E-10  8.39699E-10  4.76388E-09
  6.250E-01  2.97475E-05 -1.57930E-09  2.40098E-08 -7.93896E-12  1.20538E-10  3.96013E-09  3.81577E-09
  6.500E-01  3.21749E-05 -2.29964E-09  2.23157E-08 -1.20173E-11  1.16515E-10  6.65858E-09  4.36009E-10
  6.750E-01  3.46974E-05 -2.89203E-09  2.07674E-08 -1.56912E-11  1.12602E-10  5.24444E-09  3.29305E-09
  7.000E-01  3.73152E-05 -3.37901E-09  1.93495E-08 -1.90104E-11  1.08800E-10  2.36563E-10  5.02305E-09
  7.250E-01  4.00281E-05 -3.77875E-09  1.80481E-08 -2.20171E-11  1.05108E-10  5.41052E-09  3.61917E-09
  7.500E-01  4.28362E-05 -4.10589E-09  1.68512E-08 -2.47471E-11  1.01522E-10  8.03674E-09  9.71510E-11
  7.750E-01  4.57395E-05 -4.37230E-09  1.57484E-08 -2.72305E-11  9.80410E-11  5.63809E-09  3.82715E-09
  8.000E-01  4.87380E-05 -4.58762E-09  1.47303E-08 -2.94925E-11  9.46616E-11  6.57667E-10  5.21722E-09
  8.250E-01  5.18317E-05 -4.75972E-09  1.37888E-08 -3.15547E-11  9.13809E-11  7.06086E-09  3.34439E-09
  8.500E-01  5.50205E-05 -4.89507E-09  1.29168E-08 -3.34350E-11  8.81962E-11  9.39049E-09  6.72867E-10
  8.750E-01  5.83045E-05 -4.99902E-09  1.21079E-08 -3.51490E-11  8.51049E-11  5.79227E-09  4.34152E-09
  9.000E-01  6.16838E-05 -5.07604E-09  1.13565E-08 -3.67101E-11  8.21046E-11  1.85590E-09  5.34166E-09
  9.250E-01  6.51582E-05 -5.12988E-09  1.06577E-08 -3.81300E-11  7.91930E-11  8.88224E-09  2.99386E-09
  9.500E-01  6.87277E-05 -5.16373E-09  1.00070E-08 -3.94188E-11  7.63681E-11  1.06662E-08  1.28213E-09
  9.750E-01  7.23925E-05 -5.18029E-09  9.40046E-09 -4.05859E-11  7.36278E-11  5.66343E-09  4.82539E-09
  1.000E+00  7.61524E-05 -5.18190E-09  8.83459E-09 -4.16396E-11  7.09702E-11  1.45735E-11  1.72935E-11
  1.100E+00  9.21439E-05 -5.07555E-09  6.91788E-09 -4.48641E-11  6.11312E-11  1.31278E-11  1.13398E-11
  1.200E+00  1.09658E-04 -4.85288E-09  5.44312E-09 -4.67965E-11  5.24725E-11  1.16319E-11  7.48126E-12
  1.300E+00  1.28695E-04 -4.57154E-09  4.29715E-09 -4.77584E-11  4.48775E-11  1.01786E-11  4.90948E-12
  1.400E+00  1.49255E-04 -4.26678E-09  3.39881E-09 -4.80049E-11  3.82262E-11  8.81154E-12  3.15852E-12
  1.500E+00  1.71338E-04 -3.95975E-09  2.68879E-09 -4.77343E-11  3.24004E-11  7.54922E-12  1.94887E-12
  1.600E+00  1.94942E-04 -3.66258E-09  2.12316E-09 -4.70970E-11  2.72896E-11  6.39685E-12  1.10476E-12
  1.700E+00  2.20070E-04 -3.38168E-09  1.66918E-09 -4.62044E-11  2.27944E-11  5.35407E-12  5.13242E-13
  1.800E+00  2.46720E-04 -3.11995E-09  1.30226E-09 -4.51375E-11  1.88288E-11  4.41756E-12  9.95744E-14
  1.900E+00  2.74892E-04 -2.87819E-09  1.00385E-09 -4.39548E-11  1.53192E-11  3.58129E-12  1.85505E-13
  2.000E+00  3.04586E-04 -2.65603E-09  7.59816E-10 -4.26985E-11  1.22037E-11  2.84033E-12  3.78954E-13
  2.100E+00  3.35803E-04 -2.45246E-09  5.59313E-10 -4.13987E-11  9.43042E-12  2.18763E-12  5.04661E-13
  2.200E+00  3.68542E-04 -2.26618E-09  3.93943E-10 -4.00773E-11  6.95587E-12  1.61777E-12  5.80792E-13
  2.300E+00  4.02802E-04 -2.09579E-09  2.57142E-10 -3.87502E-11  4.74345E-12  1.12457E-12  6.19341E-13
  2.400E+00  4.38585E-04 -1.93992E-09  1.43731E-10 -3.74290E-11  2.76218E-12  7.02270E-13  6.31507E-13
  2.500E+00  4.75889E-04 -1.79724E-09  4.95880E-11 -3.61224E-11  9.85635E-13  3.44695E-13  6.23401E-13
  2.600E+00  5.14715E-04 -1.66654E-09 -2.85963E-11 -3.48366E-11 -6.08846E-13  4.71046E-14  6.00252E-13
  2.700E+00  5.55063E-04 -1.54671E-09 -9.34999E-11 -3.35764E-11 -2.04089E-12  1.96581E-13  5.67590E-13
  2.800E+00  5.96931E-04 -1.43672E-09 -1.47306E-10 -3.23450E-11 -3.32758E-12  3.90855E-13  5.27675E-13
  2.900E+00  6.40321E-04 -1.33566E-09 -1.91804E-10 -3.11450E-11 -4.48389E-12  5.41296E-13  4.82690E-13
  3.000E+00  6.85233E-04 -1.24271E-09 -2.28474E-10 -2.99779E-11 -5.52300E-12  6.51622E-13  4.35101E-13
  3.100E+00  7.31665E-04 -1.15713E-09 -2.58541E-10 -2.88449E-11 -6.45658E-12  7.27589E-13  3.86436E-13
  3.200E+00  7.79618E-04 -1.07824E-09 -2.83027E-10 -2.77465E-11 -7.29500E-12  7.72548E-13  3.38319E-13
  3.300E+00  8.29092E-04 -1.00546E-09 -3.02789E-10 -2.66829E-11 -8.04749E-12  7.90789E-13  2.89987E-13
  3.400E+00  8.80086E-04 -9.38224E-10 -3.18544E-10 -2.56541E-11 -8.72228E-12  7.87197E-13  2.45405E-13
  3.500E+00  9.32601E-04 -8.76061E-10 -3.30899E-10 -2.46598E-11 -9.32676E-12  7.64430E-13  2.01562E-13
  3.600E+00  9.86636E-04 -8.18525E-10 -3.40367E-10 -2.36993E-11 -9.86756E-12  7.25572E-13  1.61369E-13
  3.700E+00  1.04219E-03 -7.65219E-10 -3.47380E-10 -2.27721E-11 -1.03506E-11  6.74898E-13  1.23597E-13
  3.800E+00  1.09927E-03 -7.15784E-10 -3.52309E-10 -2.18774E-11 -1.07813E-11  6.14462E-13  8.94540E-14
  3.900E+00  1.15786E-03 -6.69896E-10 -3.55467E-10 -2.10144E-11 -1.11643E-11  5.47506E-13  5.82340E-14
  4.000E+00  1.21797E-03 -6.27259E-10 -3.57122E-10 -2.01821E-11 -1.15042E-11  4.76300E-13  3.09047E-14
  4.100E+00  1.27961E-03 -5.87608E-10 -3.57503E-10 -1.93795E-11 -1.18047E-11  4.03092E-13  6.60367E-15
  4.200E+00  1.34276E-03 -5.50699E-10 -3.56806E-10 -1.86058E-11 -1.20694E-11  3.29252E-13  1.43670E-14
  4.300E+00  1.40743E-03 -5.16313E-10 -3.55198E-10 -1.78599E-11 -1.23015E-11  2.56923E-13  3.17825E-14
  4.400E+00  1.47362E-03 -4.84250E-10 -3.52825E-10 -1.71409E-11 -1.25039E-11  1.87753E-13  4.58312E-14
  4.500E+00  1.54133E-03 -4.54329E-10 -3.49808E-10 -1.64477E-11 -1.26793E-11  1.22467E-13  5.73580E-14
  4.600E+00  1.61056E-03 -4.26382E-10 -3.46255E-10 -1.57794E-11 -1.28299E-11  6.20359E-14  6.60144E-14
  4.700E+00  1.68131E-03 -4.00260E-10 -3.42256E-10 -1.51351E-11 -1.29581E-11  7.15088E-15  7.19342E-14
  4.800E+00  1.75357E-03 -3.75824E-10 -3.37891E-10 -1.45138E-11 -1.30656E-11  4.12808E-14  7.55370E-14
  4.900E+00  1.82735E-03 -3.52948E-10 -3.33227E-10 -1.39146E-11 -1.31543E-11  8.29620E-14  7.68134E-14
  5.000E+00  1.90265E-03 -3.31517E-10 -3.28322E-10 -1.33367E-11 -1.32258E-11  1.18173E-13  7.63959E-14
  5.100E+00  1.97947E-03 -3.11426E-10 -3.23226E-10 -1.27793E-11 -1.32817E-11  1.46388E-13  7.44830E-14
  5.200E+00  2.05780E-03 -2.92577E-10 -3.17983E-10 -1.22414E-11 -1.33231E-11  1.68108E-13  7.09189E-14
  5.300E+00  2.13765E-03 -2.74882E-10 -3.12630E-10 -1.17224E-11 -1.33514E-11  1.83644E-13  6.61362E-14
  5.400E+00  2.21902E-03 -2.58260E-10 -3.07199E-10 -1.12215E-11 -1.33677E-11  1.92794E-13  6.06634E-14
  5.500E+00  2.30190E-03 -2.42635E-10 -3.01716E-10 -1.07379E-11 -1.33730E-11  1.96909E-13  5.42913E-14
  5.600E+00  2.38630E-03 -2.27939E-10 -2.96207E-10 -1.02710E-11 -1.33683E-11  1.95333E-13  4.75560E-14
  5.700E+00  2.47222E-03 -2.14109E-10 -2.90690E-10 -9.82016E-12 -1.33543E-11  1.90058E-13  4.05774E-14
  5.800E+00  2.55965E-03 -2.01086E-10 -2.85182E-10 -9.38466E-12 -1.33319E-11  1.80372E-13  3.34602E-14
  5.900E+00  2.64859E-03 -1.88816E-10 -2.79700E-10 -8.96393E-12 -1.33019E-11  1.67329E-13  2.61036E-14
  6.000E+00  2.73905E-03 -1.77249E-10 -2.74254E-10 -8.55738E-12 -1.32647E-11  1.52085E-13  1.92864E-14
  6.100E+00  2.83103E-03 -1.66340E-10 -2.68856E-10 -8.16446E-12 -1.32212E-11  1.34661E-13  1.26090E-14
  6.200E+00  2.92452E-03 -1.56046E-10 -2.63515E-10 -7.78465E-12 -1.31717E-11  1.15830E-13  6.24254E-15
  6.300E+00  3.01952E-03 -1.46327E-10 -2.58237E-10 -7.41742E-12 -1.31169E-11  9.59625E-14  5.59378E-16
  6.400E+00  3.11604E-03 -1.37148E-10 -2.53029E-10 -7.06229E-12 -1.30572E-11  7.62882E-14  4.49546E-15
  6.500E+00  3.21407E-03 -1.28474E-10 -2.47897E-10 -6.71881E-12 -1.29931E-11  5.62364E-14  9.23450E-15
  6.600E+00  3.31362E-03 -1.20274E-10 -2.42843E-10 -6.38651E-12 -1.29248E-11  3.74712E-14  1.29166E-14
  6.700E+00  3.41468E-03 -1.12519E-10 -2.37872E-10 -6.06499E-12 -1.28529E-11  1.92652E-14  1.61735E-14
  6.800E+00  3.51725E-03 -1.05183E-10 -2.32986E-10 -5.75383E-12 -1.27776E-11  2.39183E-15  1.86076E-14
  6.900E+00  3.62133E-03 -9.82381E-11 -2.28187E-10 -5.45265E-12 -1.26993E-11  1.27260E-14  2.03337E-14
  7.000E+00  3.72692E-03 -9.16630E-11 -2.23477E-10 -5.16107E-12 -1.26182E-11  2.63023E-14  2.16356E-14
  7.100E+00  3.83403E-03 -8.54355E-11 -2.18855E-10 -4.87874E-12 -1.25346E-11  3.78817E-14  2.21973E-14
  7.200E+00  3.94265E-03 -7.95347E-11 -2.14324E-10 -4.60532E-12 -1.24488E-11  4.75768E-14  2.22927E-14
  7.300E+00  4.05278E-03 -7.39423E-11 -2.09883E-10 -4.34049E-12 -1.23610E-11  5.50706E-14  2.17533E-14
  7.400E+00  4.16442E-03 -6.86402E-11 -2.05531E-10 -4.08393E-12 -1.22713E-11  6.06818E-14  2.06717E-14
  7.500E+00  4.27757E-03 -6.36117E-11 -2.01269E-10 -3.83534E-12 -1.21801E-11  6.43730E-14  1.93273E-14
  7.600E+00  4.39223E-03 -5.88417E-11 -1.97096E-10 -3.59444E-12 -1.20874E-11  6.62564E-14  1.77427E-14
  7.700E+00  4.50840E-03 -5.43155E-11 -1.93012E-10 -3.36097E-12 -1.19935E-11  6.62645E-14  1.57901E-14
  7.800E+00  4.62608E-03 -5.00195E-11 -1.89014E-10 -3.13465E-12 -1.18985E-11  6.48763E-14  1.36083E-14
  7.900E+00  4.74527E-03 -4.59412E-11 -1.85103E-10 -2.91523E-12 -1.18025E-11  6.19385E-14  1.13930E-14
  8.000E+00  4.86597E-03 -4.20685E-11 -1.81277E-10 -2.70248E-12 -1.17057E-11  5.80472E-14  9.18336E-15
  8.100E+00  4.98817E-03 -3.83903E-11 -1.77535E-10 -2.49617E-12 -1.16081E-11  5.29978E-14  6.88087E-15
  8.200E+00  5.11188E-03 -3.48962E-11 -1.73875E-10 -2.29607E-12 -1.15100E-11  4.73034E-14  4.65752E-15
  8.300E+00  5.23711E-03 -3.15763E-11 -1.70296E-10 -2.10197E-12 -1.14114E-11  4.09864E-14  2.66852E-15
  8.400E+00  5.36383E-03 -2.84214E-11 -1.66797E-10 -1.91367E-12 -1.13124E-11  3.42985E-14  4.95918E-16
  8.500E+00  5.49207E-03 -2.54228E-11 -1.63375E-10 -1.73098E-12 -1.12131E-11  2.74405E-14  1.36121E-15
  8.600E+00  5.62181E-03 -2.25724E-11 -1.60031E-10 -1.55370E-12 -1.11135E-11  2.05948E-14  2.92343E-15
  8.700E+00  5.75306E-03 -1.98624E-11 -1.56761E-10 -1.38166E-12 -1.10139E-11  1.38735E-14  4.36850E-15
  8.800E+00  5.88581E-03 -1.72856E-11 -1.53565E-10 -1.21469E-12 -1.09142E-11  7.50921E-15  5.53426E-15
  8.900E+00  6.02007E-03 -1.48352E-11 -1.50441E-10 -1.05261E-12 -1.08144E-11  1.59794E-15  6.48005E-15
  9.000E+00  6.15583E-03 -1.25048E-11 -1.47387E-10 -8.95275E-13 -1.07148E-11  3.87340E-15  7.20647E-15
  9.100E+00  6.29310E-03 -1.02884E-11 -1.44402E-10 -7.42523E-13 -1.06152E-11  8.69759E-15  7.67500E-15
  9.200E+00  6.43187E-03 -8.18015E-12 -1.41485E-10 -5.94208E-13 -1.05158E-11  1.29133E-14  7.92159E-15
  9.300E+00  6.57214E-03 -6.17474E-12 -1.38633E-10 -4.50190E-13 -1.04167E-11  1.63525E-14  7.94797E-15
  9.400E+00  6.71392E-03 -4.26709E-12 -1.35846E-10 -3.10332E-13 -1.03178E-11  1.90909E-14  7.80524E-15
  9.500E+00  6.85720E-03 -2.45235E-12 -1.33121E-10 -1.74502E-13 -1.02192E-11  2.11543E-14  7.45324E-15
  9.600E+00  7.00198E-03 -7.25999E-13 -1.30457E-10 -4.25737E-14 -1.01209E-11  2.25250E-14  6.97095E-15
  9.700E+00  7.14827E-03  9.16249E-13 -1.27854E-10  8.55744E-14 -1.00230E-11  2.32356E-14  6.35897E-15
  9.800E+00  7.29605E-03  2.47848E-12 -1.25309E-10  2.10060E-13 -9.92557E-12  2.33277E-14  5.65047E-15
  9.900E+00  7.44534E-03  3.96454E-12 -1.22821E-10  3.30995E-13 -9.82855E-12  2.28762E-14  4.86500E-15
  1.000E+01  7.59612E-03  5.37805E-12 -1.20389E-10  4.48489E-13 -9.73199E-12  2.19521E-14  4.04564E-15
  1.025E+01  7.97965E-03  8.61667E-12 -1.14543E-10  7.27850E-13 -9.49280E-12  7.02841E-15  4.81044E-15
  1.050E+01  8.37255E-03  1.14721E-11 -1.09016E-10  9.87888E-13 -9.25702E-12  1.24866E-14  3.91146E-17
  1.075E+01  8.77480E-03  1.39874E-11 -1.03790E-10  1.23001E-12 -9.02491E-12  1.30627E-14  3.70677E-15
  1.100E+01  9.18641E-03  1.62003E-11 -9.88450E-11  1.45551E-12 -8.79669E-12  1.42511E-15  2.48641E-15
  1.125E+01  9.60736E-03  1.81441E-11 -9.41655E-11  1.66556E-12 -8.57251E-12  1.06658E-14  1.22047E-15
  1.150E+01  1.00376E-02  1.98480E-11 -8.97349E-11  1.86124E-12 -8.35250E-12  5.38523E-15  2.78549E-15
  1.175E+01  1.04773E-02  2.13378E-11 -8.55382E-11  2.04355E-12 -8.13672E-12  4.66061E-15  9.60179E-16
  1.200E+01  1.09262E-02  2.26365E-11 -8.15613E-11  2.21341E-12 -7.92524E-12  6.59815E-15  1.54161E-15
  1.225E+01  1.13844E-02  2.37643E-11 -7.77911E-11  2.37165E-12 -7.71808E-12  4.78328E-16  1.81763E-15
  1.250E+01  1.18520E-02  2.47392E-11 -7.42151E-11  2.51906E-12 -7.51526E-12  4.38485E-15  5.44590E-17
  1.275E+01  1.23288E-02  2.55772E-11 -7.08219E-11  2.65635E-12 -7.31675E-12  2.39869E-15  1.14962E-15
  1.300E+01  1.28150E-02  2.62926E-11 -6.76006E-11  2.78419E-12 -7.12254E-12  1.64628E-15  8.53043E-16
  1.325E+01  1.33104E-02  2.68980E-11 -6.45412E-11  2.90318E-12 -6.93260E-12  2.30668E-15  2.41103E-16
  1.350E+01  1.38150E-02  2.74048E-11 -6.16343E-11  3.01390E-12 -6.74686E-12  1.74089E-16  7.88316E-16
  1.375E+01  1.43290E-02  2.78232E-11 -5.88709E-11  3.11687E-12 -6.56528E-12  1.67634E-15  2.67742E-16
  1.400E+01  1.48521E-02  2.81622E-11 -5.62430E-11  3.21258E-12 -6.38781E-12  0.00000E+00  2.57819E-16
  1.425E+01  1.53845E-02  2.84300E-11 -5.37427E-11  3.30149E-12 -6.21436E-12  1.24593E-15  3.31227E-16
  1.450E+01  1.59262E-02  2.86338E-11 -5.13629E-11  3.38401E-12 -6.04488E-12  4.50769E-16  3.19347E-16
  1.475E+01  1.64770E-02  2.87803E-11 -4.90968E-11  3.46054E-12 -5.87928E-12  1.37799E-15  2.31056E-16
  1.500E+01  1.70371E-02  2.88753E-11 -4.69380E-11  3.53144E-12 -5.71750E-12  7.70591E-16  2.97369E-16
  1.525E+01  1.76063E-02  2.89241E-11 -4.48807E-11  3.59706E-12 -5.55944E-12  1.21867E-15  1.43597E-16
  1.550E+01  1.81848E-02  2.89316E-11 -4.29193E-11  3.65771E-12 -5.40505E-12  1.63671E-15  0.00000E+00
  1.575E+01  1.87724E-02  2.89020E-11 -4.10486E-11  3.71368E-12 -5.25422E-12  6.33397E-16  2.68297E-16
  1.600E+01  1.93692E-02  2.88392E-11 -3.92637E-11  3.76526E-12 -5.10689E-12  2.20721E-15  3.89275E-16
  1.625E+01  1.99751E-02  2.87467E-11 -3.75600E-11  3.81270E-12 -4.96297E-12  9.50034E-16  1.25572E-16
  1.650E+01  2.05901E-02  2.86277E-11 -3.59333E-11  3.85624E-12 -4.82239E-12  1.38075E-15  3.64733E-16
  1.675E+01  2.12143E-02  2.84851E-11 -3.43795E-11  3.89612E-12 -4.68506E-12  2.23075E-15  4.71055E-16
  1.700E+01  2.18476E-02  2.83215E-11 -3.28948E-11  3.93253E-12 -4.55091E-12  1.08169E-16  2.28239E-16
  1.725E+01  2.24900E-02  2.81392E-11 -3.14756E-11  3.96568E-12 -4.41986E-12  2.30885E-15  5.53178E-16
  1.750E+01  2.31415E-02  2.79402E-11 -3.01186E-11  3.99576E-12 -4.29183E-12  1.62985E-15  1.07302E-16
  1.775E+01  2.38021E-02  2.77267E-11 -2.88207E-11  4.02294E-12 -4.16675E-12  1.18698E-15  3.12334E-16
  1.800E+01  2.44717E-02  2.75002E-11 -2.75788E-11  4.04739E-12 -4.04455E-12  2.21003E-15  6.06328E-16
  1.825E+01  2.51504E-02  2.72625E-11 -2.63902E-11  4.06925E-12 -3.92515E-12  3.73514E-16  0.00000E+00
  1.850E+01  2.58382E-02  2.70148E-11 -2.52522E-11  4.08868E-12 -3.80848E-12  2.17871E-15  0.00000E+00
  1.875E+01  2.65349E-02  2.67586E-11 -2.41623E-11  4.10580E-12 -3.69447E-12  1.94229E-15  3.70482E-16
  1.900E+01  2.72407E-02  2.64949E-11 -2.31182E-11  4.12076E-12 -3.58306E-12  6.01239E-16  0.00000E+00
  1.925E+01  2.79555E-02  2.62249E-11 -2.21177E-11  4.13366E-12 -3.47418E-12  1.83900E-15  4.37736E-16
  1.950E+01  2.86793E-02  2.59495E-11 -2.11587E-11  4.14462E-12 -3.36777E-12  1.30208E-15  3.40634E-16
  1.975E+01  2.94120E-02  2.56697E-11 -2.02393E-11  4.15375E-12 -3.26376E-12  1.58509E-15  1.65724E-16
  2.000E+01  3.01537E-02  2.53861E-11 -1.93574E-11  4.16115E-12 -3.16209E-12  2.16185E-15  6.45223E-16
  2.025E+01  3.09043E-02  2.50995E-11 -1.85115E-11  4.16692E-12 -3.06270E-12  1.50481E-16  1.57054E-16
  2.050E+01  3.16639E-02  2.48106E-11 -1.76998E-11  4.17114E-12 -2.96554E-12  2.05365E-15  1.52960E-16
  2.075E+01  3.24324E-02  2.45200E-11 -1.69207E-11  4.17390E-12 -2.87054E-12  1.14430E-15  1.49016E-16
  2.100E+01  3.32098E-02  2.42282E-11 -1.61728E-11  4.17527E-12 -2.77766E-12  9.76617E-16  4.35648E-16
  2.125E+01  3.39961E-02  2.39357E-11 -1.54547E-11  4.17534E-12 -2.68683E-12  1.90571E-15  5.66209E-16
  2.150E+01  3.47912E-02  2.36428E-11 -1.47649E-11  4.17418E-12 -2.59801E-12  5.31393E-16  4.14057E-16
  2.175E+01  3.55952E-02  2.33501E-11 -1.41022E-11  4.17185E-12 -2.51115E-12  1.68595E-15  1.34610E-16
  2.200E+01  3.64081E-02  2.30579E-11 -1.34655E-11  4.16841E-12 -2.42619E-12  1.39302E-15  2.62638E-16
  2.225E+01  3.72297E-02  2.27665E-11 -1.28535E-11  4.16394E-12 -2.34309E-12  3.71078E-16  0.00000E+00
  2.250E+01  3.80602E-02  2.24761E-11 -1.22652E-11  4.15847E-12 -2.26181E-12  1.45016E-15  2.50144E-16
  2.275E+01  3.88995E-02  2.21871E-11 -1.16996E-11  4.15208E-12 -2.18229E-12  7.08578E-16  1.22106E-16
  2.300E+01  3.97476E-02  2.18997E-11 -1.11557E-11  4.14481E-12 -2.10449E-12  8.08059E-16  0.00000E+00
  2.325E+01  4.06044E-02  2.16140E-11 -1.06325E-11  4.13670E-12 -2.02838E-12  1.35438E-15  3.49399E-16
  2.350E+01  4.14700E-02  2.13304E-11 -1.01292E-11  4.12781E-12 -1.95390E-12  0.00000E+00  0.00000E+00
  2.375E+01  4.23443E-02  2.10489E-11 -9.64492E-12  4.11818E-12 -1.88102E-12  9.71719E-16  1.11189E-16
  2.400E+01  4.32273E-02  2.07696E-11 -9.17887E-12  4.10785E-12 -1.80970E-12  6.33824E-16  2.17354E-16
  2.425E+01  4.41190E-02  2.04928E-11 -8.73029E-12  4.09685E-12 -1.73990E-12  2.06759E-16  2.12489E-16
  2.450E+01  4.50194E-02  2.02185E-11 -8.29845E-12  4.08523E-12 -1.67158E-12  8.09537E-16  1.03889E-16
  2.475E+01  4.59284E-02  1.99468E-11 -7.88266E-12  4.07303E-12 -1.60471E-12  1.98145E-16  2.03212E-16
  2.500E+01  4.68461E-02  1.96779E-11 -7.48226E-12  4.06027E-12 -1.53925E-12  5.82108E-16  7.95150E-16
  2.550E+01  4.87074E-02  1.91485E-11 -6.72518E-12  4.03320E-12 -1.41243E-12  3.72375E-16  5.71015E-16
  2.600E+01  5.06030E-02  1.86307E-11 -6.02254E-12  4.00428E-12 -1.29087E-12  3.57600E-16  1.82388E-16
  2.650E+01  5.25328E-02  1.81250E-11 -5.37009E-12  3.97371E-12 -1.17431E-12  3.43678E-16  0.00000E+00
  2.700E+01  5.44967E-02  1.76314E-11 -4.76397E-12  3.94169E-12 -1.06252E-12  4.95819E-16  3.35678E-16
  2.750E+01  5.64946E-02  1.71502E-11 -4.20065E-12  3.90840E-12 -9.55280E-13  1.59073E-16  0.00000E+00
  2.800E+01  5.85262E-02  1.66814E-11 -3.67689E-12  3.87398E-12 -8.52384E-13  3.06427E-16  0.00000E+00
  2.850E+01  6.05914E-02  1.62249E-11 -3.18975E-12  3.83858E-12 -7.53634E-13  0.00000E+00  4.46765E-16
  2.900E+01  6.26901E-02  1.57807E-11 -2.73652E-12  3.80234E-12 -6.58841E-13  0.00000E+00  5.73139E-16
  2.950E+01  6.48222E-02  1.53486E-11 -2.31473E-12  3.76536E-12 -5.67830E-13  1.37446E-16  1.37944E-16
  3.000E+01  6.69873E-02  1.49285E-11 -1.92212E-12  3.72776E-12 -4.80433E-13  7.96364E-16  0.00000E+00
  3.050E+01  6.91854E-02  1.45201E-11 -1.55659E-12  3.68963E-12 -3.96492E-13  2.56496E-16  1.28075E-16
  3.100E+01  7.14163E-02  1.41233E-11 -1.21624E-12  3.65106E-12 -3.15856E-13  3.71977E-16  1.23512E-16
  3.150E+01  7.36799E-02  1.37379E-11 -8.99293E-13  3.61212E-12 -2.38382E-13  2.39892E-16  1.19174E-16
  3.200E+01  7.59760E-02  1.33634E-11 -6.04122E-13  3.57290E-12 -1.63937E-13  1.16096E-16  1.15048E-16
  3.250E+01  7.83043E-02  1.29998E-11 -3.29219E-13  3.53346E-12 -9.23904E-14  4.49723E-16  0.00000E+00
  3.300E+01  8.06647E-02  1.26467E-11 -7.32072E-14  3.49385E-12 -2.36214E-14  4.35752E-16  2.14763E-16
  3.350E+01  8.30571E-02  1.23039E-11  1.65187E-13  3.45413E-12  4.24858E-14  2.11216E-16  2.07633E-16
  3.400E+01  8.54812E-02  1.19710E-11  3.87150E-13  3.41435E-12  1.06041E-13  2.04862E-16  0.00000E+00
  3.450E+01  8.79369E-02  1.16479E-11  5.93761E-13  3.37455E-12  1.67149E-13  0.00000E+00  1.94343E-16
  3.500E+01  9.04240E-02  1.13342E-11  7.86059E-13  3.33477E-12  2.25909E-13  3.86005E-16  0.00000E+00
  3.550E+01  9.29422E-02  1.10296E-11  9.64960E-13  3.29506E-12  2.82415E-13  3.74929E-16  1.82225E-16
  3.600E+01  9.54915E-02  1.07340E-11  1.13137E-12  3.25543E-12  3.36757E-13  0.00000E+00  1.76563E-16
  3.650E+01  9.80716E-02  1.04470E-11  1.28606E-12  3.21594E-12  3.89022E-13  1.77100E-16  0.00000E+00
  3.700E+01  1.00682E-01  1.01683E-11  1.42981E-12  3.17659E-12  4.39290E-13  1.72248E-16  0.00000E+00
  3.750E+01  1.03323E-01  9.89783E-12  1.56329E-12  3.13741E-12  4.87640E-13  1.67600E-16  1.61000E-16
  3.800E+01  1.05995E-01  9.63519E-12  1.68716E-12  3.09844E-12  5.34146E-13  0.00000E+00  1.56244E-16
  3.850E+01  1.08696E-01  9.38017E-12  1.80203E-12  3.05967E-12  5.78878E-13  1.58875E-16  0.00000E+00
  3.900E+01  1.11427E-01  9.13254E-12  1.90847E-12  3.02115E-12  6.21903E-13  1.54777E-16  1.47312E-16
  3.950E+01  1.14188E-01  8.89207E-12  2.00700E-12  2.98287E-12  6.63287E-13  1.50845E-16  0.00000E+00
  4.000E+01  1.16978E-01  8.65853E-12  2.09811E-12  2.94486E-12  7.03091E-13  2.94137E-16  1.39088E-16
  4.050E+01  1.19797E-01  8.43172E-12  2.18226E-12  2.90713E-12  7.41373E-13  2.86883E-16  1.35219E-16
  4.100E+01  1.22645E-01  8.21141E-12  2.25986E-12  2.86969E-12  7.78190E-13  0.00000E+00  1.31501E-16
  4.150E+01  1.25522E-01  7.99739E-12  2.33132E-12  2.83255E-12  8.13596E-13  1.36603E-16  0.00000E+00
  4.200E+01  1.28428E-01  7.78948E-12  2.39702E-12  2.79572E-12  8.47641E-13  1.33380E-16  1.24490E-16
  4.250E+01  1.31361E-01  7.58748E-12  2.45730E-12  2.75920E-12  8.80374E-13  3.90833E-16  1.21184E-16
  4.300E+01  1.34323E-01  7.39120E-12  2.51249E-12  2.72301E-12  9.11843E-13  1.27292E-16  0.00000E+00
  4.350E+01  1.37313E-01  7.20046E-12  2.56290E-12  2.68715E-12  9.42094E-13  2.48832E-16  0.00000E+00
  4.400E+01  1.40330E-01  7.01509E-12  2.60882E-12  2.65162E-12  9.71168E-13  1.21646E-16  0.00000E+00
  4.450E+01  1.43375E-01  6.83491E-12  2.65049E-12  2.61644E-12  9.99107E-13  2.37954E-16  1.09139E-16
  4.500E+01  1.46447E-01  6.65977E-12  2.68819E-12  2.58159E-12  1.02595E-12  1.16404E-16  0.00000E+00
  4.550E+01  1.49545E-01  6.48951E-12  2.72214E-12  2.54710E-12  1.05174E-12  2.27845E-16  1.03752E-16
  4.600E+01  1.52671E-01  6.32396E-12  2.75258E-12  2.51295E-12  1.07650E-12  1.11529E-16  0.00000E+00
  4.650E+01  1.55823E-01  6.16300E-12  2.77971E-12  2.47915E-12  1.10028E-12  1.09219E-16  0.00000E+00
  4.700E+01  1.59001E-01  6.00646E-12  2.80372E-12  2.44571E-12  1.12311E-12  3.20968E-16  0.00000E+00
  4.750E+01  1.62205E-01  5.85422E-12  2.82480E-12  2.41262E-12  1.14501E-12  0.00000E+00  0.00000E+00
  4.800E+01  1.65435E-01  5.70614E-12  2.84312E-12  2.37988E-12  1.16603E-12  0.00000E+00  0.00000E+00
  4.850E+01  1.68690E-01  5.56209E-12  2.85884E-12  2.34750E-12  1.18618E-12  1.00749E-16  0.00000E+00
  4.900E+01  1.71970E-01  5.42196E-12  2.87211E-12  2.31547E-12  1.20551E-12  2.96423E-16  0.00000E+00
  4.950E+01  1.75276E-01  5.28561E-12  2.88309E-12  2.28380E-12  1.22403E-12  0.00000E+00  0.00000E+00
  5.000E+01  1.78606E-01  5.15294E-12  2.89190E-12  2.25248E-12  1.24177E-12  0.00000E+00  0.00000E+00
  5.050E+01  1.81961E-01  5.02382E-12  2.89868E-12  2.22151E-12  1.25876E-12  0.00000E+00  0.00000E+00
  5.100E+01  1.85340E-01  4.89816E-12  2.90354E-12  2.19090E-12  1.27502E-12  0.00000E+00  0.00000E+00
  5.150E+01  1.88743E-01  4.77585E-12  2.90659E-12  2.16063E-12  1.29057E-12  0.00000E+00  0.00000E+00
  5.200E+01  1.92169E-01  4.65678E-12  2.90794E-12  2.13071E-12  1.30545E-12  0.00000E+00  0.00000E+00
  5.250E+01  1.95619E-01  4.54087E-12  2.90770E-12  2.10114E-12  1.31966E-12  0.00000E+00  0.00000E+00
  5.300E+01  1.99092E-01  4.42801E-12  2.90596E-12  2.07192E-12  1.33323E-12  0.00000E+00  0.00000E+00
  5.350E+01  2.02589E-01  4.31811E-12  2.90281E-12  2.04303E-12  1.34618E-12  0.00000E+00  0.00000E+00
  5.400E+01  2.06107E-01  4.21110E-12  2.89834E-12  2.01449E-12  1.35853E-12  0.00000E+00  0.00000E+00
  5.450E+01  2.09649E-01  4.10687E-12  2.89262E-12  1.98629E-12  1.37030E-12  0.00000E+00  0.00000E+00
  5.500E+01  2.13212E-01  4.00535E-12  2.88573E-12  1.95842E-12  1.38151E-12  0.00000E+00  0.00000E+00
  5.550E+01  2.16797E-01  3.90647E-12  2.87774E-12  1.93088E-12  1.39217E-12  0.00000E+00  0.00000E+00
  5.600E+01  2.20404E-01  3.81013E-12  2.86871E-12  1.90367E-12  1.40230E-12  0.00000E+00  0.00000E+00
  5.650E+01  2.24032E-01  3.71628E-12  2.85872E-12  1.87680E-12  1.41191E-12  0.00000E+00  0.00000E+00
  5.700E+01  2.27680E-01  3.62483E-12  2.84782E-12  1.85024E-12  1.42103E-12  0.00000E+00  0.00000E+00
  5.750E+01  2.31350E-01  3.53572E-12  2.83607E-12  1.82401E-12  1.42967E-12  0.00000E+00  0.00000E+00
  5.800E+01  2.35040E-01  3.44888E-12  2.82353E-12  1.79810E-12  1.43783E-12  0.00000E+00  0.00000E+00
  5.850E+01  2.38751E-01  3.36425E-12  2.81024E-12  1.77250E-12  1.44555E-12  0.00000E+00  0.00000E+00
  5.900E+01  2.42481E-01  3.28176E-12  2.79625E-12  1.74722E-12  1.45282E-12  0.00000E+00  0.00000E+00
  5.950E+01  2.46231E-01  3.20136E-12  2.78161E-12  1.72225E-12  1.45966E-12  0.00000E+00  0.00000E+00
  6.000E+01  2.50000E-01  3.12298E-12  2.76636E-12  1.69759E-12  1.46609E-12  0.00000E+00  0.00000E+00
  6.050E+01  2.53788E-01  3.04656E-12  2.75054E-12  1.67323E-12  1.47211E-12  0.00000E+00  0.00000E+00
  6.100E+01  2.57595E-01  2.97206E-12  2.73420E-12  1.64917E-12  1.47774E-12  0.00000E+00  0.00000E+00
  6.150E+01  2.61421E-01  2.89941E-12  2.71736E-12  1.62541E-12  1.48300E-12  0.00000E+00  0.00000E+00
  6.200E+01  2.65264E-01  2.82857E-12  2.70007E-12  1.60195E-12  1.48788E-12  0.00000E+00  0.00000E+00
  6.250E+01  2.69126E-01  2.75949E-12  2.68235E-12  1.57877E-12  1.49240E-12  0.00000E+00  0.00000E+00
  6.300E+01  2.73005E-01  2.69212E-12  2.66423E-12  1.55589E-12  1.49658E-12  0.00000E+00  0.00000E+00
  6.350E+01  2.76901E-01  2.62642E-12  2.64575E-12  1.53329E-12  1.50042E-12  0.00000E+00  0.00000E+00
  6.400E+01  2.80814E-01  2.56232E-12  2.62694E-12  1.51098E-12  1.50393E-12  0.00000E+00  0.00000E+00
  6.450E+01  2.84744E-01  2.49980E-12  2.60782E-12  1.48895E-12  1.50712E-12  0.00000E+00  0.00000E+00
  6.500E+01  2.88691E-01  2.43881E-12  2.58841E-12  1.46719E-12  1.51000E-12  0.00000E+00  0.00000E+00
  6.550E+01  2.92653E-01  2.37931E-12  2.56875E-12  1.44571E-12  1.51258E-12  0.00000E+00  0.00000E+00
  6.600E+01  2.96632E-01  2.32126E-12  2.54884E-12  1.42450E-12  1.51487E-12  0.00000E+00  0.00000E+00
  6.650E+01  3.00625E-01  2.26462E-12  2.52871E-12  1.40355E-12  1.51687E-12  0.00000E+00  0.00000E+00
  6.700E+01  3.04634E-01  2.20935E-12  2.50839E-12  1.38287E-12  1.51860E-12  0.00000E+00  0.00000E+00
  6.750E+01  3.08658E-01  2.15542E-12  2.48789E-12  1.36246E-12  1.52005E-12  0.00000E+00  0.00000E+00
  6.800E+01  3.12697E-01  2.10279E-12  2.46723E-12  1.34230E-12  1.52125E-12  0.00000E+00  0.00000E+00
  6.850E+01  3.16749E-01  2.05143E-12  2.44644E-12  1.32240E-12  1.52219E-12  0.00000E+00  0.00000E+00
  6.900E+01  3.20816E-01  2.00130E-12  2.42552E-12  1.30275E-12  1.52288E-12  0.00000E+00  0.00000E+00
  6.950E+01  3.24896E-01  1.95237E-12  2.40448E-12  1.28335E-12  1.52333E-12  0.00000E+00  0.00000E+00
  7.000E+01  3.28990E-01  1.90461E-12  2.38334E-12  1.26420E-12  1.52355E-12  0.00000E+00  0.00000E+00
  7.050E+01  3.33097E-01  1.85800E-12  2.36212E-12  1.24529E-12  1.52354E-12  0.00000E+00  0.00000E+00
  7.100E+01  3.37216E-01  1.81249E-12  2.34084E-12  1.22663E-12  1.52331E-12  0.00000E+00  0.00000E+00
  7.150E+01  3.41348E-01  1.76806E-12  2.31951E-12  1.20820E-12  1.52286E-12  0.00000E+00  0.00000E+00
  7.200E+01  3.45492E-01  1.72469E-12  2.29814E-12  1.19002E-12  1.52221E-12  0.00000E+00  0.00000E+00
  7.250E+01  3.49647E-01  1.68235E-12  2.27671E-12  1.17206E-12  1.52135E-12  0.00000E+00  0.00000E+00
  7.300E+01  3.53814E-01  1.64101E-12  2.25527E-12  1.15433E-12  1.52029E-12  0.00000E+00  0.00000E+00
  7.350E+01  3.57992E-01  1.60064E-12  2.23381E-12  1.13684E-12  1.51904E-12  0.00000E+00  0.00000E+00
  7.400E+01  3.62181E-01  1.56123E-12  2.21236E-12  1.11957E-12  1.51760E-12  0.00000E+00  0.00000E+00
  7.450E+01  3.66381E-01  1.52274E-12  2.19092E-12  1.10252E-12  1.51598E-12  0.00000E+00  0.00000E+00
  7.500E+01  3.70590E-01  1.48516E-12  2.16948E-12  1.08569E-12  1.51418E-12  0.00000E+00  0.00000E+00
  7.550E+01  3.74810E-01  1.44846E-12  2.14807E-12  1.06908E-12  1.51220E-12  0.00000E+00  0.00000E+00
  7.600E+01  3.79039E-01  1.41262E-12  2.12668E-12  1.05269E-12  1.51006E-12  0.00000E+00  0.00000E+00
  7.650E+01  3.83277E-01  1.37762E-12  2.10533E-12  1.03650E-12  1.50775E-12  0.00000E+00  0.00000E+00
  7.700E+01  3.87524E-01  1.34343E-12  2.08403E-12  1.02053E-12  1.50529E-12  0.00000E+00  0.00000E+00
  7.750E+01  3.91780E-01  1.31004E-12  2.06278E-12  1.00477E-12  1.50266E-12  0.00000E+00  0.00000E+00
  7.800E+01  3.96044E-01  1.27744E-12  2.04158E-12  9.89206E-13  1.49989E-12  0.00000E+00  0.00000E+00
  7.850E+01  4.00316E-01  1.24558E-12  2.02045E-12  9.73850E-13  1.49697E-12  0.00000E+00  0.00000E+00
  7.900E+01  4.04596E-01  1.21447E-12  1.99939E-12  9.58693E-13  1.49390E-12  0.00000E+00  0.00000E+00
  7.950E+01  4.08882E-01  1.18409E-12  1.97839E-12  9.43735E-13  1.49070E-12  0.00000E+00  0.00000E+00
  8.000E+01  4.13176E-01  1.15441E-12  1.95747E-12  9.28973E-13  1.48736E-12  0.00000E+00  0.00000E+00
  8.050E+01  4.17476E-01  1.12541E-12  1.93664E-12  9.14404E-13  1.48388E-12  0.00000E+00  0.00000E+00
  8.100E+01  4.21783E-01  1.09709E-12  1.91589E-12  9.00027E-13  1.48028E-12  0.00000E+00  0.00000E+00
  8.150E+01  4.26095E-01  1.06942E-12  1.89523E-12  8.85838E-13  1.47655E-12  0.00000E+00  0.00000E+00
  8.200E+01  4.30413E-01  1.04239E-12  1.87466E-12  8.71836E-13  1.47270E-12  0.00000E+00  0.00000E+00
  8.250E+01  4.34737E-01  1.01599E-12  1.85420E-12  8.58019E-13  1.46873E-12  0.00000E+00  0.00000E+00
  8.300E+01  4.39065E-01  9.90194E-13  1.83383E-12  8.44384E-13  1.46464E-12  0.00000E+00  0.00000E+00
  8.350E+01  4.43398E-01  9.64995E-13  1.81357E-12  8.30930E-13  1.46044E-12  0.00000E+00  0.00000E+00
  8.400E+01  4.47736E-01  9.40377E-13  1.79341E-12  8.17653E-13  1.45613E-12  0.00000E+00  0.00000E+00
  8.450E+01  4.52077E-01  9.16326E-13  1.77336E-12  8.04553E-13  1.45171E-12  0.00000E+00  0.00000E+00
  8.500E+01  4.56422E-01  8.92828E-13  1.75343E-12  7.91627E-13  1.44719E-12  0.00000E+00  0.00000E+00
  8.550E+01  4.60770E-01  8.69872E-13  1.73361E-12  7.78873E-13  1.44256E-12  0.00000E+00  0.00000E+00
  8.600E+01  4.65122E-01  8.47443E-13  1.71390E-12  7.66288E-13  1.43784E-12  0.00000E+00  0.00000E+00
  8.650E+01  4.69476E-01  8.25531E-13  1.69432E-12  7.53872E-13  1.43302E-12  0.00000E+00  0.00000E+00
  8.700E+01  4.73832E-01  8.04122E-13  1.67485E-12  7.41622E-13  1.42810E-12  0.00000E+00  0.00000E+00
  8.750E+01  4.78190E-01  7.83206E-13  1.65551E-12  7.29536E-13  1.42309E-12  0.00000E+00  0.00000E+00
  8.800E+01  4.82550E-01  7.62770E-13  1.63629E-12  7.17612E-13  1.41799E-12  0.00000E+00  0.00000E+00
  8.850E+01  4.86912E-01  7.42804E-13  1.61720E-12  7.05849E-13  1.41281E-12  0.00000E+00  0.00000E+00
  8.900E+01  4.91274E-01  7.23297E-13  1.59824E-12  6.94244E-13  1.40754E-12  0.00000E+00  0.00000E+00
  8.950E+01  4.95637E-01  7.04238E-13  1.57940E-12  6.82795E-13  1.40219E-12  0.00000E+00  0.00000E+00
  9.000E+01  5.00000E-01  6.85617E-13  1.56070E-12  6.71502E-13  1.39675E-12  0.00000E+00  0.00000E+00
  9.050E+01  5.04363E-01  6.67424E-13  1.54212E-12  6.60361E-13  1.39124E-12  0.00000E+00  0.00000E+00
  9.100E+01  5.08726E-01  6.49649E-13  1.52368E-12  6.49372E-13  1.38565E-12  0.00000E+00  0.00000E+00
  9.150E+01  5.13088E-01  6.32282E-13  1.50537E-12  6.38532E-13  1.37999E-12  0.00000E+00  0.00000E+00
  9.200E+01  5.17450E-01  6.15315E-13  1.48719E-12  6.27839E-13  1.37426E-12  0.00000E+00  0.00000E+00
  9.250E+01  5.21810E-01  5.98738E-13  1.46915E-12  6.17293E-13  1.36845E-12  0.00000E+00  0.00000E+00
  9.300E+01  5.26168E-01  5.82543E-13  1.45124E-12  6.06891E-13  1.36257E-12  0.00000E+00  0.00000E+00
  9.350E+01  5.30524E-01  5.66720E-13  1.43347E-12  5.96632E-13  1.35663E-12  4.13264E-17  0.00000E+00
  9.400E+01  5.34878E-01  5.51262E-13  1.41583E-12  5.86514E-13  1.35062E-12  4.12468E-17  0.00000E+00
  9.450E+01  5.39230E-01  5.36159E-13  1.39833E-12  5.76535E-13  1.34455E-12  4.11737E-17  0.00000E+00
  9.500E+01  5.43578E-01  5.21405E-13  1.38097E-12  5.66694E-13  1.33842E-12  0.00000E+00  0.00000E+00
  9.550E+01  5.47923E-01  5.06991E-13  1.36374E-12  5.56989E-13  1.33222E-12  4.10469E-17  0.00000E+00
  9.600E+01  5.52264E-01  4.92910E-13  1.34665E-12  5.47418E-13  1.32597E-12  0.00000E+00  0.00000E+00
  9.650E+01  5.56602E-01  4.79154E-13  1.32970E-12  5.37981E-13  1.31966E-12  4.09457E-17  0.00000E+00
  9.700E+01  5.60935E-01  4.65716E-13  1.31289E-12  5.28675E-13  1.31329E-12  4.09046E-17  0.00000E+00
  9.750E+01  5.65263E-01  4.52588E-13  1.29621E-12  5.19499E-13  1.30687E-12  0.00000E+00  0.00000E+00
  9.800E+01  5.69587E-01  4.39765E-13  1.27968E-12  5.10452E-13  1.30040E-12  4.08416E-17  0.00000E+00
  9.850E+01  5.73905E-01  4.27239E-13  1.26328E-12  5.01531E-13  1.29387E-12  0.00000E+00  0.00000E+00
  9.900E+01  5.78217E-01  4.15003E-13  1.24701E-12  4.92737E-13  1.28730E-12  4.08036E-17  0.00000E+00
  9.950E+01  5.82524E-01  4.03052E-13  1.23089E-12  4.84066E-13  1.28067E-12  0.00000E+00  0.00000E+00
  1.000E+02  5.86824E-01  3.91378E-13  1.21491E-12  4.75518E-13  1.27400E-12  4.07907E-17  0.00000E+00
  1.005E+02  5.91118E-01  3.79975E-13  1.19906E-12  4.67091E-13  1.26728E-12  0.00000E+00  0.00000E+00
  1.010E+02  5.95404E-01  3.68839E-13  1.18335E-12  4.58784E-13  1.26051E-12  0.00000E+00  0.00000E+00
  1.015E+02  5.99684E-01  3.57962E-13  1.16778E-12  4.50595E-13  1.25371E-12  0.00000E+00  0.00000E+00
  1.020E+02  6.03956E-01  3.47339E-13  1.15234E-12  4.42524E-13  1.24685E-12  4.08401E-17  0.00000E+00
  1.025E+02  6.08220E-01  3.36965E-13  1.13704E-12  4.34568E-13  1.23996E-12  0.00000E+00  0.00000E+00
  1.030E+02  6.12476E-01  3.26833E-13  1.12188E-12  4.26727E-13  1.23303E-12  0.00000E+00  0.00000E+00
  1.035E+02  6.16723E-01  3.16939E-13  1.10685E-12  4.18999E-13  1.22605E-12  1.22829E-16  0.00000E+00
  1.040E+02  6.20961E-01  3.07277E-13  1.09196E-12  4.11382E-13  1.21904E-12  0.00000E+00  0.00000E+00
  1.045E+02  6.25190E-01  2.97843E-13  1.07720E-12  4.03876E-13  1.21199E-12  0.00000E+00  0.00000E+00
  1.050E+02  6.29410E-01  2.88631E-13  1.06258E-12  3.96480E-13  1.20490E-12  0.00000E+00  0.00000E+00
  1.055E+02  6.33619E-01  2.79636E-13  1.04810E-12  3.89191E-13  1.19778E-12  8.23382E-17  0.00000E+00
  1.060E+02  6.37819E-01  2.70854E-13  1.03374E-12  3.82009E-13  1.19062E-12  4.12416E-17  0.00000E+00
  1.065E+02  6.42008E-01  2.62280E-13  1.01953E-12  3.74933E-13  1.18343E-12  0.00000E+00  0.00000E+00
  1.070E+02  6.46186E-01  2.53909E-13  1.00544E-12  3.67961E-13  1.17621E-12  4.14062E-17  0.00000E+00
  1.075E+02  6.50353E-01  2.45737E-13  9.91490E-13  3.61091E-13  1.16895E-12  0.00000E+00  0.00000E+00
  1.080E+02  6.54508E-01  2.37760E-13  9.77670E-13  3.54324E-13  1.16167E-12  4.15970E-17  0.00000E+00
  1.085E+02  6.58652E-01  2.29973E-13  9.63981E-13  3.47658E-13  1.15435E-12  4.17024E-17  0.00000E+00
  1.090E+02  6.62784E-01  2.22372E-13  9.50424E-13  3.41091E-13  1.14700E-12  4.18145E-17  0.00000E+00
  1.095E+02  6.66903E-01  2.14953E-13  9.36997E-13  3.34622E-13  1.13963E-12  4.19334E-17  0.00000E+00
  1.100E+02  6.71010E-01  2.07713E-13  9.23700E-13  3.28251E-13  1.13223E-12  0.00000E+00  0.00000E+00
  1.105E+02  6.75104E-01  2.00646E-13  9.10534E-13  3.21976E-13  1.12480E-12  4.21918E-17  0.00000E+00
  1.110E+02  6.79184E-01  1.93750E-13  8.97496E-13  3.15795E-13  1.11734E-12  4.23314E-17  0.00000E+00
  1.115E+02  6.83251E-01  1.87020E-13  8.84587E-13  3.09709E-13  1.10986E-12  0.00000E+00  0.00000E+00
  1.120E+02  6.87303E-01  1.80454E-13  8.71805E-13  3.03715E-13  1.10235E-12  4.26320E-17  0.00000E+00
  1.125E+02  6.91342E-01  1.74046E-13  8.59150E-13  2.97814E-13  1.09482E-12  4.27931E-17  0.00000E+00
  1.130E+02  6.95366E-01  1.67795E-13  8.46622E-13  2.92002E-13  1.08727E-12  0.00000E+00  0.00000E+00
  1.135E+02  6.99375E-01  1.61696E-13  8.34221E-13  2.86281E-13  1.07969E-12  4.31372E-17  0.00000E+00
  1.140E+02  7.03368E-01  1.55747E-13  8.21945E-13  2.80648E-13  1.07209E-12  0.00000E+00  0.00000E+00
  1.145E+02  7.07347E-01  1.49943E-13  8.09794E-13  2.75102E-13  1.06447E-12  2.17557E-17  0.00000E+00
  1.150E+02  7.11309E-01  1.44282E-13  7.97767E-13  2.69643E-13  1.05683E-12  2.18549E-17  0.00000E+00
  1.155E+02  7.15256E-01  1.38760E-13  7.85863E-13  2.64269E-13  1.04917E-12  4.39163E-17  0.00000E+00
  1.160E+02  7.19186E-01  1.33375E-13  7.74082E-13  2.58980E-13  1.04148E-12  4.41306E-17  0.00000E+00
  1.165E+02  7.23099E-01  1.28123E-13  7.62423E-13  2.53774E-13  1.03378E-12  2.21765E-17  0.00000E+00
  1.170E+02  7.26995E-01  1.23002E-13  7.50886E-13  2.48651E-13  1.02606E-12  2.22917E-17  0.00000E+00
  1.175E+02  7.30874E-01  1.18009E-13  7.39471E-13  2.43609E-13  1.01832E-12  4.48223E-17  0.00000E+00
  1.180E+02  7.34736E-01  1.13140E-13  7.28176E-13  2.38647E-13  1.01057E-12  9.01390E-17  0.00000E+00
  1.185E+02  7.38579E-01  1.08393E-13  7.17001E-13  2.33766E-13  1.00280E-12  4.53253E-17  0.00000E+00
  1.190E+02  7.42405E-01  1.03766E-13  7.05945E-13  2.28962E-13  9.95006E-13  0.00000E+00  0.00000E+00
  1.195E+02  7.46212E-01  9.92555E-14  6.95007E-13  2.24237E-13  9.87200E-13  6.87947E-17  0.00000E+00
  1.200E+02  7.50000E-01  9.48592E-14  6.84187E-13  2.19588E-13  9.79379E-13  6.92183E-17  0.00000E+00
  1.205E+02  7.53769E-01  9.05745E-14  6.73485E-13  2.15015E-13  9.71543E-13  6.96556E-17  0.00000E+00
  1.210E+02  7.57519E-01  8.63987E-14  6.62899E-13  2.10517E-13  9.63692E-13  2.33690E-17  0.00000E+00
  1.215E+02  7.61249E-01  8.23297E-14  6.52430E-13  2.06093E-13  9.55826E-13  4.70482E-17  0.00000E+00
  1.220E+02  7.64960E-01  7.83649E-14  6.42075E-13  2.01742E-13  9.47947E-13  7.10524E-17  0.00000E+00
  1.225E+02  7.68650E-01  7.45022E-14  6.31836E-13  1.97463E-13  9.40054E-13  7.15473E-17  0.00000E+00
  1.230E+02  7.72320E-01  7.07392E-14  6.21710E-13  1.93256E-13  9.32148E-13  0.00000E+00  0.00000E+00
  1.235E+02  7.75968E-01  6.70738E-14  6.11698E-13  1.89119E-13  9.24230E-13  0.00000E+00  0.00000E+00
  1.240E+02  7.79596E-01  6.35035E-14  6.01798E-13  1.85051E-13  9.16300E-13  7.31236E-17  0.00000E+00
  1.245E+02  7.83203E-01  6.00264E-14  5.92011E-13  1.81052E-13  9.08357E-13  9.82407E-17  0.00000E+00
  1.250E+02  7.86788E-01  5.66402E-14  5.82336E-13  1.77122E-13  9.00403E-13  1.23756E-17  0.00000E+00
  1.255E+02  7.90351E-01  5.33429E-14  5.72772E-13  1.73258E-13  8.92438E-13  1.24739E-17  0.00000E+00
  1.260E+02  7.93893E-01  5.01327E-14  5.63319E-13  1.69460E-13  8.84462E-13  3.77252E-17  0.00000E+00
  1.265E+02  7.97411E-01  4.70076E-14  5.53974E-13  1.65728E-13  8.76476E-13  3.80374E-17  0.00000E+00
  1.270E+02  8.00908E-01  4.39655E-14  5.44739E-13  1.62060E-13  8.68480E-13  0.00000E+00  0.00000E+00
  1.275E+02  8.04381E-01  4.10046E-14  5.35612E-13  1.58456E-13  8.60474E-13  6.44806E-17  0.00000E+00
  1.280E+02  8.07831E-01  3.81229E-14  5.26594E-13  1.54915E-13  8.52458E-13  3.90275E-17  0.00000E+00
  1.285E+02  8.11257E-01  3.53186E-14  5.17683E-13  1.51437E-13  8.44434E-13  2.62508E-17  0.00000E+00
  1.290E+02  8.14660E-01  3.25900E-14  5.08879E-13  1.48019E-13  8.36400E-13  1.32448E-17  0.00000E+00
  1.295E+02  8.18039E-01  2.99354E-14  5.00181E-13  1.44662E-13  8.28358E-13  4.67862E-17  0.00000E+00
  1.300E+02  8.21394E-01  2.73532E-14  4.91589E-13  1.41365E-13  8.20308E-13  4.72273E-17  0.00000E+00
  1.305E+02  8.24724E-01  2.48416E-14  4.83101E-13  1.38127E-13  8.12250E-13  3.40575E-17  0.00000E+00
  1.310E+02  8.28030E-01  2.23989E-14  4.74717E-13  1.34947E-13  8.04184E-13  2.06340E-17  0.00000E+00
  1.315E+02  8.31310E-01  2.00235E-14  4.66438E-13  1.31825E-13  7.96111E-13  6.25164E-17  0.00000E+00
  1.320E+02  8.34565E-01  1.77138E-14  4.58263E-13  1.28759E-13  7.88030E-13  4.91145E-17  0.00000E+00
  1.325E+02  8.37795E-01  1.54683E-14  4.50190E-13  1.25749E-13  7.79943E-13  7.08832E-18  0.00000E+00
  1.330E+02  8.40999E-01  1.32855E-14  4.42220E-13  1.22795E-13  7.71849E-13  3.22299E-17  0.00000E+00
  1.335E+02  8.44177E-01  1.11641E-14  4.34350E-13  1.19895E-13  7.63748E-13  6.51423E-17  0.00000E+00
  1.340E+02  8.47329E-01  9.10246E-15  4.26582E-13  1.17048E-13  7.55641E-13  5.48690E-17  0.00000E+00
  1.345E+02  8.50455E-01  7.09922E-15  4.18914E-13  1.14255E-13  7.47528E-13  2.95830E-17  0.00000E+00
  1.350E+02  8.53553E-01  5.15290E-15  4.11346E-13  1.11514E-13  7.39410E-13  2.99108E-17  0.00000E+00
  1.355E+02  8.56625E-01  3.26212E-15  4.03879E-13  1.08825E-13  7.31285E-13  5.67134E-17  0.00000E+00
  1.360E+02  8.59670E-01  1.42557E-15  3.96510E-13  1.06187E-13  7.23156E-13  5.40144E-17  0.00000E+00
  1.365E+02  8.62687E-01 -3.57990E-16  3.89240E-13  1.03598E-13  7.15021E-13  2.27261E-17  0.00000E+00
  1.370E+02  8.65677E-01 -2.08978E-15  3.82067E-13  1.01060E-13  7.06881E-13  1.66331E-17  0.00000E+00
  1.375E+02  8.68639E-01 -3.77105E-15  3.74992E-13  9.85696E-14  6.98737E-13  4.35624E-17  0.00000E+00
  1.380E+02  8.71572E-01 -5.40308E-15  3.68013E-13  9.61277E-14  6.90588E-13  5.21036E-17  0.00000E+00
  1.385E+02  8.74478E-01 -6.98717E-15  3.61131E-13  9.37332E-14  6.82434E-13  1.21708E-17  0.00000E+00
  1.390E+02  8.77355E-01 -8.52452E-15  3.54345E-13  9.13855E-14  6.74277E-13  4.10714E-18  0.00000E+00
  1.395E+02  8.80203E-01 -1.00163E-14  3.47655E-13  8.90838E-14  6.66115E-13  3.32688E-17  0.00000E+00
  1.400E+02  8.83022E-01 -1.14635E-14  3.41060E-13  8.68274E-14  6.57949E-13  3.79022E-17  0.00000E+00
  1.405E+02  8.85812E-01 -1.28672E-14  3.34559E-13  8.46158E-14  6.49780E-13  3.41236E-17  0.00000E+00
  1.410E+02  8.88573E-01 -1.42283E-14  3.28152E-13  8.24482E-14  6.41606E-13  3.45671E-17  0.00000E+00
  1.415E+02  8.91304E-01 -1.55482E-14  3.21837E-13  8.03240E-14  6.33430E-13  0.00000E+00  0.00000E+00
  1.420E+02  8.94005E-01 -1.68279E-14  3.15616E-13  7.82426E-14  6.25250E-13  2.66156E-17  0.00000E+00
  1.425E+02  8.96677E-01 -1.80686E-14  3.09488E-13  7.62032E-14  6.17067E-13  2.69735E-17  0.00000E+00
  1.430E+02  8.99318E-01 -1.92710E-14  3.03454E-13  7.42052E-14  6.08881E-13  6.37936E-17  0.00000E+00
  1.435E+02  9.01928E-01 -2.04361E-14  2.97511E-13  7.22481E-14  6.00692E-13  4.61926E-17  0.00000E+00
  1.440E+02  9.04508E-01 -2.15647E-14  2.91658E-13  7.03311E-14  5.92500E-13  6.55671E-17  0.00000E+00
  1.445E+02  9.07058E-01 -2.26582E-14  2.85895E-13  6.84536E-14  5.84306E-13  0.00000E+00  0.00000E+00
  1.450E+02  9.09576E-01 -2.37170E-14  2.80223E-13  6.66150E-14  5.76109E-13  4.81626E-17  0.00000E+00
  1.455E+02  9.12063E-01 -2.47422E-14  2.74642E-13  6.48147E-14  5.67909E-13  1.17241E-16  0.00000E+00
  1.460E+02  9.14519E-01 -2.57349E-14  2.69151E-13  6.30520E-14  5.59708E-13  9.91093E-17  0.00000E+00
  1.465E+02  9.16943E-01 -2.66959E-14  2.63749E-13  6.13263E-14  5.51504E-13  2.01100E-17  0.00000E+00
  1.470E+02  9.19335E-01 -2.76259E-14  2.58436E-13  5.96370E-14  5.43298E-13  4.08097E-17  0.00000E+00
  1.475E+02  9.21696E-01 -2.85256E-14  2.53210E-13  5.79835E-14  5.35090E-13  1.24239E-16  0.00000E+00
  1.480E+02  9.24024E-01 -2.93958E-14  2.48072E-13  5.63652E-14  5.26880E-13  1.26090E-16  0.00000E+00
  1.485E+02  9.26320E-01 -3.02374E-14  2.43022E-13  5.47814E-14  5.18668E-13  4.26606E-17  0.00000E+00
  1.490E+02  9.28584E-01 -3.10512E-14  2.38060E-13  5.32316E-14  5.10455E-13  2.16526E-17  0.00000E+00
  1.495E+02  9.30815E-01 -3.18382E-14  2.33185E-13  5.17152E-14  5.02240E-13  8.79273E-17  0.00000E+00
  1.500E+02  9.33013E-01 -3.25988E-14  2.28397E-13  5.02316E-14  4.94023E-13  2.00863E-16  0.00000E+00
  1.505E+02  9.35178E-01 -3.33338E-14  2.23694E-13  4.87801E-14  4.85805E-13  9.06461E-17  0.00000E+00
  1.510E+02  9.37310E-01 -3.40438E-14  2.19077E-13  4.73602E-14  4.77586E-13  0.00000E+00  0.00000E+00
  1.515E+02  9.39409E-01 -3.47295E-14  2.14545E-13  4.59713E-14  4.69365E-13  4.67397E-17  0.00000E+00
  1.520E+02  9.41474E-01 -3.53917E-14  2.10099E-13  4.46128E-14  4.61143E-13  1.42409E-16  0.00000E+00
  1.525E+02  9.43505E-01 -3.60309E-14  2.05737E-13  4.32842E-14  4.52920E-13  1.68748E-16  0.00000E+00
  1.530E+02  9.45503E-01 -3.66480E-14  2.01460E-13  4.19847E-14  4.44696E-13  9.79437E-17  4.07682E-17
  1.535E+02  9.47467E-01 -3.72435E-14  1.97268E-13  4.07140E-14  4.36471E-13  2.48720E-17  0.00000E+00
  1.540E+02  9.49397E-01 -3.78180E-14  1.93159E-13  3.94714E-14  4.28245E-13  2.02121E-16  0.00000E+00
  1.545E+02  9.51293E-01 -3.83719E-14  1.89134E-13  3.82562E-14  4.20017E-13  1.79657E-16  8.08940E-17
  1.550E+02  9.53154E-01 -3.89059E-14  1.85191E-13  3.70681E-14  4.11790E-13  1.56433E-16  7.06031E-17
  1.555E+02  9.54981E-01 -3.94206E-14  1.81331E-13  3.59063E-14  4.03561E-13  5.29715E-17  3.01835E-17
  1.560E+02  9.56773E-01 -3.99165E-14  1.77554E-13  3.47703E-14  3.95331E-13  1.07623E-16  4.01470E-17
  1.565E+02  9.58530E-01 -4.03943E-14  1.73860E-13  3.36596E-14  3.87101E-13  2.18657E-16  9.01161E-17
  1.570E+02  9.60252E-01 -4.08545E-14  1.70248E-13  3.25736E-14  3.78870E-13  2.49881E-16  9.98962E-17
  1.575E+02  9.61940E-01 -4.12975E-14  1.66718E-13  3.15118E-14  3.70639E-13  5.64056E-17  3.98677E-17
  1.580E+02  9.63592E-01 -4.17238E-14  1.63269E-13  3.04735E-14  3.62406E-13  2.86466E-17  1.98895E-17
  1.585E+02  9.65209E-01 -4.21338E-14  1.59901E-13  2.94583E-14  3.54174E-13  1.74575E-16  9.92318E-17
  1.590E+02  9.66790E-01 -4.25279E-14  1.56614E-13  2.84655E-14  3.45941E-13  3.25050E-16  1.28728E-16
  1.595E+02  9.68336E-01 -4.29069E-14  1.53407E-13  2.74947E-14  3.37707E-13  2.40070E-16  4.94083E-17
  1.600E+02  9.69846E-01 -4.32710E-14  1.50282E-13  2.65452E-14  3.29473E-13  1.21886E-16  3.94468E-17
  1.605E+02  9.71321E-01 -4.36209E-14  1.47237E-13  2.56166E-14  3.21239E-13  1.85627E-16  1.27950E-16
  1.610E+02  9.72759E-01 -4.39568E-14  1.44272E-13  2.47083E-14  3.13004E-13  2.51259E-16  1.27705E-16
  1.615E+02  9.74162E-01 -4.42791E-14  1.41387E-13  2.38198E-14  3.04769E-13  2.55037E-16  5.88306E-17
  1.620E+02  9.75528E-01 -4.45881E-14  1.38581E-13  2.29504E-14  2.96534E-13  2.58832E-16  3.91492E-17
  1.625E+02  9.76858E-01 -4.48842E-14  1.35854E-13  2.20997E-14  2.88298E-13  6.56598E-17  1.27010E-16
  1.630E+02  9.78152E-01 -4.51679E-14  1.33206E-13  2.12672E-14  2.80063E-13  1.99840E-16  1.36546E-16
  1.635E+02  9.79410E-01 -4.54396E-14  1.30638E-13  2.04523E-14  2.71827E-13  1.35134E-16  4.86852E-17
  1.640E+02  9.80631E-01 -4.56996E-14  1.28148E-13  1.96544E-14  2.63590E-13  4.79634E-16  7.77705E-17
  1.645E+02  9.81815E-01 -4.59484E-14  1.25738E-13  1.88730E-14  2.55354E-13  1.38937E-16  1.26179E-16
  1.650E+02  9.82963E-01 -4.61860E-14  1.23406E-13  1.81077E-14  2.47117E-13  7.04135E-17  1.25988E-16
  1.655E+02  9.84074E-01 -4.64128E-14  1.21151E-13  1.73578E-14  2.38881E-13  2.85412E-16  2.90317E-17
  1.660E+02  9.85148E-01 -4.66290E-14  1.18974E-13  1.66229E-14  2.30644E-13  5.05994E-16  8.69719E-17
  1.665E+02  9.86185E-01 -4.68351E-14  1.16875E-13  1.59024E-14  2.22407E-13  4.39244E-16  1.54406E-16
  1.670E+02  9.87185E-01 -4.70313E-14  1.14854E-13  1.51958E-14  2.14170E-13  1.48237E-16  1.06015E-16
  1.675E+02  9.88148E-01 -4.72181E-14  1.12911E-13  1.45025E-14  2.05933E-13  1.50032E-16  9.62552E-18
  1.680E+02  9.89074E-01 -4.73955E-14  1.11046E-13  1.38221E-14  1.97696E-13  2.27695E-16  1.24980E-16
  1.685E+02  9.89962E-01 -4.75639E-14  1.09258E-13  1.31540E-14  1.89459E-13  5.37347E-16  1.34437E-16
  1.690E+02  9.90814E-01 -4.77232E-14  1.07546E-13  1.24977E-14  1.81221E-13  7.76107E-17  3.83678E-17
  1.695E+02  9.91627E-01 -4.78738E-14  1.05911E-13  1.18527E-14  1.72984E-13  2.35311E-16  7.66539E-17
  1.700E+02  9.92404E-01 -4.80160E-14  1.04353E-13  1.12185E-14  1.64747E-13  3.16963E-16  1.72296E-16
  1.705E+02  9.93143E-01 -4.81500E-14  1.02872E-13  1.05945E-14  1.56509E-13  3.20079E-16  1.33879E-16
  1.710E+02  9.93844E-01 -4.82760E-14  1.01467E-13  9.98017E-15  1.48272E-13  2.42315E-16  1.91081E-17
  1.715E+02  9.94508E-01 -4.83943E-14  1.00140E-13  9.37509E-15  1.40035E-13  8.14945E-17  2.00461E-16
  1.720E+02  9.95134E-01 -4.85050E-14  9.88897E-14  8.77871E-15  1.31797E-13  2.46561E-16  2.86139E-16
  1.725E+02  9.95722E-01 -4.86080E-14  9.77148E-14  8.19049E-15  1.23560E-13  8.28480E-17  1.62021E-16
  1.730E+02  9.96273E-01 -4.87035E-14  9.66155E-14  7.60994E-15  1.15323E-13  5.00853E-16  1.14286E-16
  1.735E+02  9.96786E-01 -4.87918E-14  9.55920E-14  7.03654E-15  1.07085E-13  8.40679E-17  3.90216E-16
  1.740E+02  9.97261E-01 -4.88730E-14  9.46449E-14  6.46978E-15  9.88478E-14  8.46229E-17  4.66068E-16
  1.745E+02  9.97698E-01 -4.89474E-14  9.37744E-14  5.90914E-15  9.06104E-14  1.70278E-16  1.90124E-16
  1.750E+02  9.98097E-01 -4.90151E-14  9.29806E-14  5.35411E-15  8.23731E-14  8.56143E-17  3.70549E-16
  1.755E+02  9.98459E-01 -4.90761E-14  9.22627E-14  4.80418E-15  7.41357E-14  0.00000E+00  8.54711E-16
  1.760E+02  9.98782E-01 -4.91303E-14  9.16201E-14  4.25883E-15  6.58984E-14  1.72881E-16  8.82831E-16
  1.765E+02  9.99067E-01 -4.91778E-14  9.10524E-14  3.71755E-15  5.76611E-14  3.47158E-16  2.27743E-16
  1.770E+02  9.99315E-01 -4.92186E-14  9.05597E-14  3.17985E-15  4.94238E-14  0.00000E+00  1.00554E-15
  1.775E+02  9.99524E-01 -4.92531E-14  9.01429E-14  2.64521E-15  4.11865E-14  8.73546E-17  2.24763E-15
  1.780E+02  9.99695E-01 -4.92813E-14  8.98026E-14  2.11312E-15  3.29492E-14  3.50270E-16  2.46520E-15
  1.785E+02  9.99829E-01 -4.93035E-14  8.95392E-14  1.58307E-15  2.47118E-14  4.38664E-16  3.60237E-16
  1.790E+02  9.99924E-01 -4.93195E-14  8.93522E-14  1.05454E-15  1.64745E-14  5.27101E-16  6.21807E-15
  1.795E+02  9.99981E-01 -4.93295E-14  8.92405E-14  5.27017E-16  8.23727E-15  8.79201E-17  2.62163E-14
  1.800E+02  1.00000E+00 -4.93322E-14  8.92039E-14  7.39463E-30  1.15597E-28  1.61816E-14  3.71309E-11
