 #  Scattering amplitudes (in cm)      MU=(1-cos(TH))/2
 #  Z =  47,   projectile: electron
 #  Kinetic energy = 7.90000E+06 eV
 #
 # TH (deg)      MU          Re(F)        Im(F)        Re(G)        Im(G)        ERRF         ERRG 
 #-----------------------------------------------------------------------------------------------------------------
  0.000E+00  0.00000E+00  1.39640E-06  1.46020E-07  0.00000E+00  0.00000E+00  8.87446E-08  0.00000E+00
  1.000E-04  7.61557E-13  1.39639E-06  1.46020E-07  1.14449E-12  1.19687E-13  8.87032E-08  6.30426E-07
  1.250E-04  1.18994E-12  1.39638E-06  1.46019E-07  1.43061E-12  1.49609E-13  8.86799E-08  6.30345E-07
  1.500E-04  1.71346E-12  1.39637E-06  1.46019E-07  1.71672E-12  1.79530E-13  8.86514E-08  6.30245E-07
  1.750E-04  2.33225E-12  1.39636E-06  1.46019E-07  2.00283E-12  2.09452E-13  8.86177E-08  6.30127E-07
  2.000E-04  3.04617E-12  1.39635E-06  1.46019E-07  2.28894E-12  2.39374E-13  8.85789E-08  6.29992E-07
  2.250E-04  3.85530E-12  1.39634E-06  1.46019E-07  2.57503E-12  2.69295E-13  8.85349E-08  6.29838E-07
  2.500E-04  4.75964E-12  1.39633E-06  1.46019E-07  2.86112E-12  2.99217E-13  8.84857E-08  6.29666E-07
  2.750E-04  5.75917E-12  1.39632E-06  1.46019E-07  3.14720E-12  3.29138E-13  8.84314E-08  6.29476E-07
  3.000E-04  6.85391E-12  1.39630E-06  1.46019E-07  3.43327E-12  3.59059E-13  8.83720E-08  6.29268E-07
  3.250E-04  8.04379E-12  1.39628E-06  1.46019E-07  3.71934E-12  3.88981E-13  8.83073E-08  6.29042E-07
  3.500E-04  9.32893E-12  1.39627E-06  1.46018E-07  4.00539E-12  4.18902E-13  8.82376E-08  6.28798E-07
  3.750E-04  1.07092E-11  1.39625E-06  1.46018E-07  4.29143E-12  4.48823E-13  8.81627E-08  6.28536E-07
  4.000E-04  1.21847E-11  1.39623E-06  1.46018E-07  4.57746E-12  4.78744E-13  8.80826E-08  6.28256E-07
  4.250E-04  1.37554E-11  1.39620E-06  1.46018E-07  4.86347E-12  5.08664E-13  8.79975E-08  6.27958E-07
  4.500E-04  1.54213E-11  1.39618E-06  1.46018E-07  5.14947E-12  5.38585E-13  8.79072E-08  6.27641E-07
  4.750E-04  1.71823E-11  1.39616E-06  1.46018E-07  5.43546E-12  5.68506E-13  8.78118E-08  6.27307E-07
  5.000E-04  1.90386E-11  1.39613E-06  1.46017E-07  5.72143E-12  5.98426E-13  8.77113E-08  6.26956E-07
  5.250E-04  2.09900E-11  1.39610E-06  1.46017E-07  6.00738E-12  6.28346E-13  8.76057E-08  6.26586E-07
  5.500E-04  2.30367E-11  1.39608E-06  1.46017E-07  6.29332E-12  6.58266E-13  8.74951E-08  6.26198E-07
  5.750E-04  2.51785E-11  1.39605E-06  1.46017E-07  6.57924E-12  6.88186E-13  8.73793E-08  6.25792E-07
  6.000E-04  2.74156E-11  1.39601E-06  1.46016E-07  6.86514E-12  7.18106E-13  8.72585E-08  6.25369E-07
  6.250E-04  2.97478E-11  1.39598E-06  1.46016E-07  7.15102E-12  7.48026E-13  8.71327E-08  6.24928E-07
  6.500E-04  3.21752E-11  1.39595E-06  1.46016E-07  7.43688E-12  7.77945E-13  8.70018E-08  6.24469E-07
  6.750E-04  3.46979E-11  1.39591E-06  1.46015E-07  7.72272E-12  8.07864E-13  8.68658E-08  6.23992E-07
  7.000E-04  3.73157E-11  1.39588E-06  1.46015E-07  8.00854E-12  8.37783E-13  8.67249E-08  6.23497E-07
  7.250E-04  4.00286E-11  1.39584E-06  1.46015E-07  8.29434E-12  8.67702E-13  8.65789E-08  6.22985E-07
  7.500E-04  4.28368E-11  1.39580E-06  1.46014E-07  8.58011E-12  8.97621E-13  8.64279E-08  6.22455E-07
  7.750E-04  4.57402E-11  1.39576E-06  1.46014E-07  8.86585E-12  9.27539E-13  8.62720E-08  6.21907E-07
  8.000E-04  4.87388E-11  1.39572E-06  1.46014E-07  9.15158E-12  9.57457E-13  8.61110E-08  6.21342E-07
  8.250E-04  5.18325E-11  1.39567E-06  1.46013E-07  9.43727E-12  9.87375E-13  8.59452E-08  6.20759E-07
  8.500E-04  5.50215E-11  1.39563E-06  1.46013E-07  9.72294E-12  1.01729E-12  8.57743E-08  6.20159E-07
  8.750E-04  5.83057E-11  1.39558E-06  1.46012E-07  1.00086E-11  1.04721E-12  8.55986E-08  6.19541E-07
  9.000E-04  6.16850E-11  1.39554E-06  1.46012E-07  1.02942E-11  1.07713E-12  8.54179E-08  6.18905E-07
  9.250E-04  6.51595E-11  1.39549E-06  1.46012E-07  1.05798E-11  1.10704E-12  8.52323E-08  6.18252E-07
  9.500E-04  6.87293E-11  1.39544E-06  1.46011E-07  1.08653E-11  1.13696E-12  8.50419E-08  6.17582E-07
  9.750E-04  7.23943E-11  1.39539E-06  1.46011E-07  1.11509E-11  1.16688E-12  8.48465E-08  6.16894E-07
  1.000E-03  7.61544E-11  1.39534E-06  1.46010E-07  1.14363E-11  1.19679E-12  8.46464E-08  6.16189E-07
  1.250E-03  1.18991E-10  1.39474E-06  1.46005E-07  1.42893E-11  1.49594E-12  8.23817E-08  6.08192E-07
  1.500E-03  1.71347E-10  1.39401E-06  1.45998E-07  1.71383E-11  1.79505E-12  7.96531E-08  5.98509E-07
  1.750E-03  2.33223E-10  1.39316E-06  1.45991E-07  1.99824E-11  2.09411E-12  7.64835E-08  5.87192E-07
  2.000E-03  3.04617E-10  1.39217E-06  1.45982E-07  2.28208E-11  2.39313E-12  7.28996E-08  5.74304E-07
  2.250E-03  3.85531E-10  1.39105E-06  1.45972E-07  2.56529E-11  2.69208E-12  6.89316E-08  5.59915E-07
  2.500E-03  4.75965E-10  1.38981E-06  1.45961E-07  2.84777E-11  2.99097E-12  6.46127E-08  5.44104E-07
  2.750E-03  5.75917E-10  1.38843E-06  1.45948E-07  3.12946E-11  3.28979E-12  5.99793E-08  5.26956E-07
  3.000E-03  6.85389E-10  1.38694E-06  1.45935E-07  3.41028E-11  3.58853E-12  5.50700E-08  5.08566E-07
  3.250E-03  8.04380E-10  1.38531E-06  1.45920E-07  3.69015E-11  3.88719E-12  4.99257E-08  4.89032E-07
  3.500E-03  9.32891E-10  1.38357E-06  1.45904E-07  3.96900E-11  4.18574E-12  4.45893E-08  4.68458E-07
  3.750E-03  1.07092E-09  1.38170E-06  1.45887E-07  4.24676E-11  4.48420E-12  3.91050E-08  4.46956E-07
  4.000E-03  1.21847E-09  1.37971E-06  1.45869E-07  4.52337E-11  4.78255E-12  3.35179E-08  4.24638E-07
  4.250E-03  1.37554E-09  1.37760E-06  1.45850E-07  4.79874E-11  5.08079E-12  2.78741E-08  4.01622E-07
  4.500E-03  1.54213E-09  1.37537E-06  1.45829E-07  5.07282E-11  5.37890E-12  2.22195E-08  3.78030E-07
  4.750E-03  1.71823E-09  1.37303E-06  1.45808E-07  5.34553E-11  5.67689E-12  1.66002E-08  3.53982E-07
  5.000E-03  1.90386E-09  1.37058E-06  1.45785E-07  5.61683E-11  5.97474E-12  1.10615E-08  3.29603E-07
  5.250E-03  2.09900E-09  1.36801E-06  1.45761E-07  5.88663E-11  6.27244E-12  5.64757E-09  3.05016E-07
  5.500E-03  2.30367E-09  1.36533E-06  1.45736E-07  6.15489E-11  6.57000E-12  4.01340E-10  2.80345E-07
  5.750E-03  2.51785E-09  1.36255E-06  1.45710E-07  6.42154E-11  6.86739E-12  4.63613E-09  2.55712E-07
  6.000E-03  2.74156E-09  1.35966E-06  1.45682E-07  6.68653E-11  7.16463E-12  9.42595E-09  2.31238E-07
  6.250E-03  2.97478E-09  1.35666E-06  1.45654E-07  6.94981E-11  7.46169E-12  1.39318E-08  2.07039E-07
  6.500E-03  3.21752E-09  1.35357E-06  1.45624E-07  7.21132E-11  7.75857E-12  1.81201E-08  1.83230E-07
  6.750E-03  3.46978E-09  1.35037E-06  1.45593E-07  7.47101E-11  8.05527E-12  2.19605E-08  1.59921E-07
  7.000E-03  3.73156E-09  1.34708E-06  1.45561E-07  7.72884E-11  8.35178E-12  2.54261E-08  1.37216E-07
  7.250E-03  4.00286E-09  1.34369E-06  1.45528E-07  7.98476E-11  8.64809E-12  2.84936E-08  1.15215E-07
  7.500E-03  4.28368E-09  1.34021E-06  1.45494E-07  8.23872E-11  8.94419E-12  3.11436E-08  9.40118E-08
  7.750E-03  4.57402E-09  1.33664E-06  1.45458E-07  8.49069E-11  9.24008E-12  3.33607E-08  7.36927E-08
  8.000E-03  4.87388E-09  1.33299E-06  1.45422E-07  8.74062E-11  9.53575E-12  3.51336E-08  5.43373E-08
  8.250E-03  5.18326E-09  1.32925E-06  1.45384E-07  8.98848E-11  9.83120E-12  3.64555E-08  3.60176E-08
  8.500E-03  5.50215E-09  1.32542E-06  1.45345E-07  9.23424E-11  1.01264E-11  3.73234E-08  1.87976E-08
  8.750E-03  5.83057E-09  1.32152E-06  1.45305E-07  9.47785E-11  1.04214E-11  3.77392E-08  2.73299E-09
  9.000E-03  6.16850E-09  1.31754E-06  1.45264E-07  9.71929E-11  1.07161E-11  3.77085E-08  1.21292E-08
  9.250E-03  6.51596E-09  1.31349E-06  1.45222E-07  9.95854E-11  1.10106E-11  3.72416E-08  2.57505E-08
  9.500E-03  6.87293E-09  1.30936E-06  1.45179E-07  1.01956E-10  1.13048E-11  3.63524E-08  3.81017E-08
  9.750E-03  7.23942E-09  1.30516E-06  1.45135E-07  1.04303E-10  1.15988E-11  3.50592E-08  4.91623E-08
  1.000E-02  7.61544E-09  1.30090E-06  1.45089E-07  1.06628E-10  1.18924E-11  3.33835E-08  5.89209E-08
  1.250E-02  1.18991E-08  1.25510E-06  1.44575E-07  1.28593E-10  1.48129E-11  2.49416E-09  8.85048E-08
  1.500E-02  1.71347E-08  1.20523E-06  1.43956E-07  1.48180E-10  1.76993E-11  2.72401E-08  3.20794E-08
  1.750E-02  2.33223E-08  1.15337E-06  1.43236E-07  1.65438E-10  2.05460E-11  2.65448E-08  3.29363E-08
  2.000E-02  3.04617E-08  1.10115E-06  1.42422E-07  1.80511E-10  2.33476E-11  1.82535E-09  4.92434E-08
  2.250E-02  3.85531E-08  1.04974E-06  1.41517E-07  1.93594E-10  2.60993E-11  2.73566E-08  1.57011E-08
  2.500E-02  4.75965E-08  9.99904E-07  1.40530E-07  2.04893E-10  2.87969E-11  2.33567E-08  2.56000E-08
  2.750E-02  5.75917E-08  9.52082E-07  1.39465E-07  2.14603E-10  3.14366E-11  5.64149E-09  3.44968E-08
  3.000E-02  6.85389E-08  9.06490E-07  1.38329E-07  2.22901E-10  3.40151E-11  2.87207E-08  8.14742E-09
  3.250E-02  8.04380E-08  8.63187E-07  1.37128E-07  2.29941E-10  3.65298E-11  2.10637E-08  2.25024E-08
  3.500E-02  9.32891E-08  8.22137E-07  1.35868E-07  2.35852E-10  3.89783E-11  9.56640E-09  2.67522E-08
  3.750E-02  1.07092E-07  7.83254E-07  1.34555E-07  2.40748E-10  4.13587E-11  3.05327E-08  3.54220E-09
  4.000E-02  1.21847E-07  7.46429E-07  1.33193E-07  2.44725E-10  4.36696E-11  1.88412E-08  2.09312E-08
  4.250E-02  1.37554E-07  7.11544E-07  1.31789E-07  2.47868E-10  4.59098E-11  1.37725E-08  2.18207E-08
  4.500E-02  1.54213E-07  6.78486E-07  1.30348E-07  2.50255E-10  4.80788E-11  3.24713E-08  2.25827E-10
  4.750E-02  1.71823E-07  6.47144E-07  1.28874E-07  2.51955E-10  5.01759E-11  1.63462E-08  2.00498E-08
  5.000E-02  1.90386E-07  6.17415E-07  1.27372E-07  2.53032E-10  5.22011E-11  1.83222E-08  1.82440E-08
  5.250E-02  2.09900E-07  5.89206E-07  1.25846E-07  2.53545E-10  5.41546E-11  3.43501E-08  2.43487E-09
  5.500E-02  2.30367E-07  5.62430E-07  1.24300E-07  2.53549E-10  5.60367E-11  1.33814E-08  1.95103E-08
  5.750E-02  2.51785E-07  5.37012E-07  1.22739E-07  2.53094E-10  5.78479E-11  2.32288E-08  1.53793E-08
  6.000E-02  2.74156E-07  5.12877E-07  1.21165E-07  2.52228E-10  5.95892E-11  3.60123E-08  4.72731E-09
  6.250E-02  2.97478E-07  4.89959E-07  1.19583E-07  2.50997E-10  6.12613E-11  9.80484E-09  1.91314E-08
  6.500E-02  3.21752E-07  4.68193E-07  1.17994E-07  2.49441E-10  6.28655E-11  2.84646E-08  1.28960E-08
  6.750E-02  3.46978E-07  4.47522E-07  1.16403E-07  2.47598E-10  6.44030E-11  3.72985E-08  6.79241E-09
  7.000E-02  3.73156E-07  4.27890E-07  1.14811E-07  2.45505E-10  6.58751E-11  5.50822E-09  1.88001E-08
  7.250E-02  4.00286E-07  4.09247E-07  1.13222E-07  2.43194E-10  6.72833E-11  3.39631E-08  1.06075E-08
  7.500E-02  4.28368E-07  3.91542E-07  1.11637E-07  2.40696E-10  6.86291E-11  3.80415E-08  8.69817E-09
  7.750E-02  4.57402E-07  3.74728E-07  1.10059E-07  2.38038E-10  6.99143E-11  4.15140E-10  1.84369E-08
  8.000E-02  4.87388E-07  3.58760E-07  1.08489E-07  2.35247E-10  7.11404E-11  3.96173E-08  8.40334E-09
  8.250E-02  5.18325E-07  3.43596E-07  1.06930E-07  2.32345E-10  7.23091E-11  3.80685E-08  1.04716E-08
  8.500E-02  5.50215E-07  3.29197E-07  1.05383E-07  2.29353E-10  7.34223E-11  5.51489E-09  1.79819E-08
  8.750E-02  5.83057E-07  3.15523E-07  1.03849E-07  2.26292E-10  7.44817E-11  4.52830E-08  6.21922E-09
  9.000E-02  6.16850E-07  3.02538E-07  1.02330E-07  2.23178E-10  7.54890E-11  3.72092E-08  1.21152E-08
  9.250E-02  6.51596E-07  2.90206E-07  1.00826E-07  2.20028E-10  7.64462E-11  1.22812E-08  1.73889E-08
  9.500E-02  6.87293E-07  2.78494E-07  9.93400E-08  2.16856E-10  7.73549E-11  5.07806E-08  4.02129E-09
  9.750E-02  7.23942E-07  2.67371E-07  9.78715E-08  2.13673E-10  7.82170E-11  3.53048E-08  1.36159E-08
  1.000E-01  7.61543E-07  2.56805E-07  9.64216E-08  2.10492E-10  7.90342E-11  1.98377E-08  1.66225E-08
  1.250E-01  1.18991E-06  1.76092E-07  8.30605E-08  1.80419E-10  8.51033E-11  6.67274E-08  4.92381E-09
  1.500E-01  1.71347E-06  1.26714E-07  7.18554E-08  1.55793E-10  8.83475E-11  1.38013E-08  1.80826E-08
  1.750E-01  2.33223E-06  9.52323E-08  6.26212E-08  1.36602E-10  8.98267E-11  9.96783E-08  1.26254E-09
  2.000E-01  3.04617E-06  7.40323E-08  5.50139E-08  1.21363E-10  9.01884E-11  4.80966E-09  1.88114E-08
  2.250E-01  3.85531E-06  5.89290E-08  4.86909E-08  1.08680E-10  8.98009E-11  1.29926E-07  2.64863E-09
  2.500E-01  4.75964E-06  4.76427E-08  4.33697E-08  9.76278E-11  8.88749E-11  3.62465E-08  1.87116E-08
  2.750E-01  5.75916E-06  3.89107E-08  3.88362E-08  8.77082E-11  8.75436E-11  1.55045E-07  6.65405E-09
  3.000E-01  6.85388E-06  3.20004E-08  3.49335E-08  7.86894E-11  8.59053E-11  8.04446E-08  1.79533E-08
  3.250E-01  8.04378E-06  2.64556E-08  3.15467E-08  7.04759E-11  8.40421E-11  1.72086E-07  1.06972E-08
  3.500E-01  9.32888E-06  2.19687E-08  2.85900E-08  6.30249E-11  8.20245E-11  1.36818E-07  1.64586E-08
  3.750E-01  1.07092E-05  1.83176E-08  2.59970E-08  5.63042E-11  7.99131E-11  1.76488E-07  1.46423E-08
  4.000E-01  1.21846E-05  1.53337E-08  2.37147E-08  5.02745E-11  7.77576E-11  2.02977E-07  1.41059E-08
  4.250E-01  1.37553E-05  1.28850E-08  2.16994E-08  4.48863E-11  7.55971E-11  1.63470E-07  1.82612E-08
  4.500E-01  1.54212E-05  1.08669E-08  1.99146E-08  4.00827E-11  7.34606E-11  2.74528E-07  1.08649E-08
  4.750E-01  1.71822E-05  9.19573E-09  1.83291E-08  3.58032E-11  7.13688E-11  1.29349E-07  2.12987E-08
  5.000E-01  1.90385E-05  7.80498E-09  1.69164E-08  3.19876E-11  6.93353E-11  3.45606E-07  6.81607E-09
  5.250E-01  2.09899E-05  6.64133E-09  1.56537E-08  2.85792E-11  6.73683E-11  7.22155E-08  2.35268E-08
  5.500E-01  2.30365E-05  5.66216E-09  1.45215E-08  2.55259E-11  6.54718E-11  4.09564E-07  2.12409E-09
  5.750E-01  2.51783E-05  4.83362E-09  1.35030E-08  2.27812E-11  6.36473E-11  7.87571E-09  2.47702E-08
  6.000E-01  2.74153E-05  4.12868E-09  1.25838E-08  2.03046E-11  6.18940E-11  4.59557E-07  2.99428E-09
  6.250E-01  2.97475E-05  3.52564E-09  1.17517E-08  1.80610E-11  6.02100E-11  1.08929E-07  2.49120E-08
  6.500E-01  3.21749E-05  3.00709E-09  1.09961E-08  1.60207E-11  5.85925E-11  4.89017E-07  8.29365E-09
  6.750E-01  3.46974E-05  2.55910E-09  1.03079E-08  1.41583E-11  5.70384E-11  2.27105E-07  2.38935E-08
  7.000E-01  3.73152E-05  2.17039E-09  9.67937E-09  1.24522E-11  5.55445E-11  4.92073E-07  1.35158E-08
  7.250E-01  4.00281E-05  1.83175E-09  9.10378E-09  1.08842E-11  5.41076E-11  3.56866E-07  2.17132E-08
  7.500E-01  4.28362E-05  1.53563E-09  8.57531E-09  9.43920E-12  5.27245E-11  4.63967E-07  1.84017E-08
  7.750E-01  4.57395E-05  1.27591E-09  8.08896E-09  8.10399E-12  5.13923E-11  4.91184E-07  1.84249E-08
  8.000E-01  4.87380E-05  1.04752E-09  7.64034E-09  6.86750E-12  5.01082E-11  4.01441E-07  2.27016E-08
  8.250E-01  5.18317E-05  8.46141E-10  7.22565E-09  5.72021E-12  4.88697E-11  6.21840E-07  1.41362E-08
  8.500E-01  5.50205E-05  6.68213E-10  6.84157E-09  4.65393E-12  4.76745E-11  3.03097E-07  2.61862E-08
  8.750E-01  5.83045E-05  5.10773E-10  6.48516E-09  3.66156E-12  4.65203E-11  7.39822E-07  9.00498E-09
  9.000E-01  6.16838E-05  3.71274E-10  6.15387E-09  2.73686E-12  4.54054E-11  1.69679E-07  2.86566E-08
  9.250E-01  6.51582E-05  2.47499E-10  5.84541E-09  1.87436E-12  4.43277E-11  8.35810E-07  3.23446E-09
  9.500E-01  6.87277E-05  1.37587E-10  5.55776E-09  1.06919E-12  4.32858E-11  4.25708E-09  2.99546E-08
  9.750E-01  7.23925E-05  3.99634E-11  5.28913E-09  3.17030E-13  4.22779E-11  9.00731E-07  2.93476E-09
  1.000E+00  7.61524E-05 -4.67883E-11  5.03793E-09 -3.86042E-13  4.13028E-11  2.71413E-13  1.93736E-11
  1.100E+00  9.21439E-05 -3.07244E-10  4.18070E-09 -2.77330E-12  3.77033E-11  5.77724E-13  1.10665E-11
  1.200E+00  1.09658E-04 -4.68118E-10  3.50991E-09 -4.60804E-12  3.45324E-11  6.75424E-13  4.74106E-12
  1.300E+00  1.28695E-04 -5.64720E-10  2.97684E-09 -6.02162E-12  3.17292E-11  6.30553E-13  4.35070E-13
  1.400E+00  1.49255E-04 -6.19316E-10  2.54750E-09 -7.11151E-12  2.92424E-11  4.99679E-13  2.10674E-12
  1.500E+00  1.71338E-04 -6.46277E-10  2.19758E-09 -7.95111E-12  2.70283E-11  3.29610E-13  3.25550E-12
  1.600E+00  1.94942E-04 -6.55027E-10  1.90934E-09 -8.59607E-12  2.50494E-11  1.56609E-13  3.40617E-12
  1.700E+00  2.20070E-04 -6.51827E-10  1.66960E-09 -9.08882E-12  2.32738E-11  7.53793E-15  2.92429E-12
  1.800E+00  2.46720E-04 -6.40866E-10  1.46844E-09 -9.46181E-12  2.16743E-11  1.05305E-13  2.11860E-12
  1.900E+00  2.74892E-04 -6.24975E-10  1.29828E-09 -9.74004E-12  2.02279E-11  1.72650E-13  1.22784E-12
  2.000E+00  3.04586E-04 -6.06071E-10  1.15328E-09 -9.94281E-12  1.89150E-11  1.96290E-13  4.19268E-13
  2.100E+00  3.35803E-04 -5.85460E-10  1.02889E-09 -1.00852E-11  1.77192E-11  1.83629E-13  2.08953E-13
  2.200E+00  3.68542E-04 -5.64027E-10  9.21523E-10 -1.01789E-11  1.66263E-11  1.44441E-13  6.15061E-13
  2.300E+00  4.02802E-04 -5.42375E-10  8.28312E-10 -1.02334E-11  1.56243E-11  9.09563E-14  8.02401E-13
  2.400E+00  4.38585E-04 -5.20907E-10  7.46969E-10 -1.02560E-11  1.47029E-11  3.35119E-14  8.04475E-13
  2.500E+00  4.75889E-04 -4.99891E-10  6.75639E-10 -1.02526E-11  1.38534E-11  1.84513E-14  6.73499E-13
  2.600E+00  5.14715E-04 -4.79499E-10  6.12810E-10 -1.02281E-11  1.30682E-11  5.67748E-14  4.65281E-13
  2.700E+00  5.55063E-04 -4.59837E-10  5.57240E-10 -1.01863E-11  1.23405E-11  7.94083E-14  2.33133E-13
  2.800E+00  5.96931E-04 -4.40965E-10  5.07900E-10 -1.01304E-11  1.16648E-11  8.51873E-14  2.03529E-14
  2.900E+00  6.40321E-04 -4.22911E-10  4.63937E-10 -1.00630E-11  1.10360E-11  7.68723E-14  1.44371E-13
  3.000E+00  6.85233E-04 -4.05679E-10  4.24633E-10 -9.98620E-12  1.04496E-11  5.70758E-14  2.46951E-13
  3.100E+00  7.31665E-04 -3.89261E-10  3.89386E-10 -9.90181E-12  9.90196E-12  3.18750E-14  2.84699E-13
  3.200E+00  7.79618E-04 -3.73636E-10  3.57685E-10 -9.81131E-12  9.38950E-12  7.01380E-15  2.66897E-13
  3.300E+00  8.29092E-04 -3.58778E-10  3.29095E-10 -9.71593E-12  8.90922E-12  1.88060E-14  2.08776E-13
  3.400E+00  8.80086E-04 -3.44656E-10  3.03244E-10 -9.61670E-12  8.45843E-12  3.51719E-14  1.28545E-13
  3.500E+00  9.32601E-04 -3.31237E-10  2.79815E-10 -9.51449E-12  8.03471E-12  4.39866E-14  4.38175E-14
  3.600E+00  9.86636E-04 -3.18488E-10  2.58531E-10 -9.41002E-12  7.63590E-12  4.41986E-14  3.05682E-14
  3.700E+00  1.04219E-03 -3.06374E-10  2.39156E-10 -9.30393E-12  7.26006E-12  3.75343E-14  8.45340E-14
  3.800E+00  1.09927E-03 -2.94862E-10  2.21481E-10 -9.19672E-12  6.90544E-12  2.58605E-14  1.13724E-13
  3.900E+00  1.15786E-03 -2.83919E-10  2.05327E-10 -9.08883E-12  6.57046E-12  1.24902E-14  1.18808E-13
  4.000E+00  1.21797E-03 -2.73514E-10  1.90536E-10 -8.98063E-12  6.25367E-12  5.95401E-15  1.01566E-13
  4.100E+00  1.27961E-03 -2.63617E-10  1.76969E-10 -8.87244E-12  5.95379E-12  1.57409E-14  7.15527E-14
  4.200E+00  1.34276E-03 -2.54200E-10  1.64505E-10 -8.76452E-12  5.66963E-12  2.31161E-14  3.47484E-14
  4.300E+00  1.40743E-03 -2.45234E-10  1.53036E-10 -8.65709E-12  5.40010E-12  2.62306E-14  9.09355E-16
  4.400E+00  1.47362E-03 -2.36695E-10  1.42467E-10 -8.55034E-12  5.14423E-12  2.52216E-14  2.93834E-14
  4.500E+00  1.54133E-03 -2.28559E-10  1.32714E-10 -8.44443E-12  4.90112E-12  1.97181E-14  4.78531E-14
  4.600E+00  1.61056E-03 -2.20801E-10  1.23701E-10 -8.33948E-12  4.66992E-12  1.26992E-14  5.51656E-14
  4.700E+00  1.68131E-03 -2.13402E-10  1.15361E-10 -8.23561E-12  4.44989E-12  6.49881E-15  5.15064E-14
  4.800E+00  1.75357E-03 -2.06341E-10  1.07634E-10 -8.13289E-12  4.24032E-12  7.56861E-15  3.95840E-14
  4.900E+00  1.82735E-03 -1.99598E-10  1.00468E-10 -8.03141E-12  4.04057E-12  1.27940E-14  2.30153E-14
  5.000E+00  1.90265E-03 -1.93157E-10  9.38128E-11 -7.93123E-12  3.85005E-12  1.61673E-14  5.54639E-15
  5.100E+00  1.97947E-03 -1.87001E-10  8.76264E-11 -7.83238E-12  3.66820E-12  1.64724E-14  1.01043E-14
  5.200E+00  2.05780E-03 -1.81114E-10  8.18695E-11 -7.73491E-12  3.49451E-12  1.45651E-14  2.06632E-14
  5.300E+00  2.13765E-03 -1.75481E-10  7.65069E-11 -7.63885E-12  3.32852E-12  1.15468E-14  2.63352E-14
  5.400E+00  2.21902E-03 -1.70090E-10  7.15069E-11 -7.54420E-12  3.16978E-12  7.85230E-15  2.60081E-14
  5.500E+00  2.30190E-03 -1.64926E-10  6.68407E-11 -7.45099E-12  3.01789E-12  6.24609E-15  2.14319E-14
  5.600E+00  2.38630E-03 -1.59978E-10  6.24820E-11 -7.35922E-12  2.87247E-12  7.90977E-15  1.38249E-14
  5.700E+00  2.47222E-03 -1.55234E-10  5.84072E-11 -7.26889E-12  2.73317E-12  1.01361E-14  5.12943E-15
  5.800E+00  2.55965E-03 -1.50684E-10  5.45948E-11 -7.18000E-12  2.59966E-12  1.10983E-14  3.39518E-15
  5.900E+00  2.64859E-03 -1.46319E-10  5.10249E-11 -7.09255E-12  2.47163E-12  1.08240E-14  9.83774E-15
  6.000E+00  2.73905E-03 -1.42128E-10  4.76797E-11 -7.00652E-12  2.34880E-12  9.22112E-15  1.28085E-14
  6.100E+00  2.83103E-03 -1.38102E-10  4.45428E-11 -6.92190E-12  2.23090E-12  7.43323E-15  1.32791E-14
  6.200E+00  2.92452E-03 -1.34234E-10  4.15991E-11 -6.83869E-12  2.11768E-12  6.50761E-15  1.16120E-14
  6.300E+00  3.01952E-03 -1.30516E-10  3.88349E-11 -6.75686E-12  2.00890E-12  6.76102E-15  7.53338E-15
  6.400E+00  3.11604E-03 -1.26940E-10  3.62376E-11 -6.67640E-12  1.90434E-12  7.71032E-15  3.01103E-15
  6.500E+00  3.21407E-03 -1.23500E-10  3.37956E-11 -6.59729E-12  1.80380E-12  7.93680E-15  1.79543E-15
  6.600E+00  3.31362E-03 -1.20188E-10  3.14983E-11 -6.51951E-12  1.70709E-12  7.76277E-15  4.89525E-15
  6.700E+00  3.41468E-03 -1.16999E-10  2.93359E-11 -6.44304E-12  1.61401E-12  6.67220E-15  7.17442E-15
  6.800E+00  3.51725E-03 -1.13927E-10  2.72992E-11 -6.36785E-12  1.52440E-12  6.28215E-15  7.37091E-15
  6.900E+00  3.62133E-03 -1.10967E-10  2.53800E-11 -6.29394E-12  1.43810E-12  6.59382E-15  5.96265E-15
  7.000E+00  3.72692E-03 -1.08113E-10  2.35707E-11 -6.22128E-12  1.35495E-12  6.85705E-15  3.86040E-15
  7.100E+00  3.83403E-03 -1.05360E-10  2.18640E-11 -6.14983E-12  1.27481E-12  7.19690E-15  9.37637E-16
  7.200E+00  3.94265E-03 -1.02704E-10  2.02535E-11 -6.07960E-12  1.19754E-12  6.73879E-15  2.00490E-15
  7.300E+00  4.05278E-03 -1.00141E-10  1.87330E-11 -6.01054E-12  1.12303E-12  6.33985E-15  3.36712E-15
  7.400E+00  4.16442E-03 -9.76661E-11  1.72969E-11 -5.94264E-12  1.05114E-12  5.24728E-15  4.13700E-15
  7.500E+00  4.27757E-03 -9.52757E-11  1.59399E-11 -5.87588E-12  9.81756E-13  4.86678E-15  4.02545E-15
  7.600E+00  4.39223E-03 -9.29662E-11  1.46572E-11 -5.81023E-12  9.14779E-13  5.69254E-15  2.93873E-15
  7.700E+00  4.50840E-03 -9.07340E-11  1.34443E-11 -5.74567E-12  8.50103E-13  6.78525E-15  1.43076E-15
  7.800E+00  4.62608E-03 -8.85758E-11  1.22969E-11 -5.68219E-12  7.87629E-13  7.33238E-15  6.19393E-16
  7.900E+00  4.74527E-03 -8.64885E-11  1.12112E-11 -5.61976E-12  7.27267E-13  7.08888E-15  2.26321E-15
  8.000E+00  4.86597E-03 -8.44691E-11  1.01835E-11 -5.55835E-12  6.68928E-13  6.07477E-15  2.94124E-15
  8.100E+00  4.98817E-03 -8.25147E-11  9.21040E-12 -5.49795E-12  6.12531E-13  4.40983E-15  3.01109E-15
  8.200E+00  5.11188E-03 -8.06228E-11  8.28874E-12 -5.43854E-12  5.57996E-13  3.61287E-15  2.51717E-15
  8.300E+00  5.23711E-03 -7.87906E-11  7.41556E-12 -5.38010E-12  5.05248E-13  4.46583E-15  1.77358E-15
  8.400E+00  5.36383E-03 -7.70159E-11  6.58810E-12 -5.32261E-12  4.54216E-13  6.15808E-15  2.66275E-16
  8.500E+00  5.49207E-03 -7.52962E-11  5.80377E-12 -5.26604E-12  4.04833E-13  7.39544E-15  1.16966E-15
  8.600E+00  5.62181E-03 -7.36295E-11  5.06016E-12 -5.21039E-12  3.57034E-13  7.62798E-15  2.53797E-15
  8.700E+00  5.75306E-03 -7.20136E-11  4.35500E-12 -5.15562E-12  3.10759E-13  6.70819E-15  3.22244E-15
  8.800E+00  5.88581E-03 -7.04465E-11  3.68617E-12 -5.10173E-12  2.65948E-13  4.93946E-15  3.02708E-15
  8.900E+00  6.02007E-03 -6.89264E-11  3.05169E-12 -5.04869E-12  2.22546E-13  3.02213E-15  2.60310E-15
  9.000E+00  6.15583E-03 -6.74514E-11  2.44969E-12 -4.99649E-12  1.80500E-13  2.85297E-15  1.50351E-15
  9.100E+00  6.29310E-03 -6.60198E-11  1.87842E-12 -4.94511E-12  1.39760E-13  5.21312E-15  2.26149E-16
  9.200E+00  6.43187E-03 -6.46301E-11  1.33623E-12 -4.89453E-12  1.00277E-13  7.06134E-15  8.84632E-16
  9.300E+00  6.57214E-03 -6.32805E-11  8.21599E-13 -4.84473E-12  6.20044E-14  7.91323E-15  1.94696E-15
  9.400E+00  6.71392E-03 -6.19696E-11  3.33058E-13 -4.79571E-12  2.48991E-14  7.63586E-15  2.11654E-15
  9.500E+00  6.85720E-03 -6.06961E-11 -1.30750E-13 -4.74744E-12 -1.10813E-14  6.06946E-15  3.10690E-15
  9.600E+00  7.00198E-03 -5.94584E-11 -5.71109E-13 -4.69991E-12 -4.59770E-14  3.61827E-15  2.43290E-15
  9.700E+00  7.14827E-03 -5.82554E-11 -9.89230E-13 -4.65311E-12 -7.98264E-14  1.88682E-15  1.38945E-15
  9.800E+00  7.29605E-03 -5.70858E-11 -1.38625E-12 -4.60701E-12 -1.12666E-13  3.33108E-15  3.88750E-16
  9.900E+00  7.44534E-03 -5.59484E-11 -1.76325E-12 -4.56161E-12 -1.44532E-13  6.01755E-15  9.51911E-16
  1.000E+01  7.59612E-03 -5.48421E-11 -2.12123E-12 -4.51688E-12 -1.75458E-13  7.75623E-15  1.67859E-15
  1.025E+01  7.97965E-03 -5.22051E-11 -2.93913E-12 -4.40797E-12 -2.48865E-13  6.48243E-15  2.30521E-15
  1.050E+01  8.37255E-03 -4.97398E-11 -3.65754E-12 -4.30301E-12 -3.17062E-13  1.76424E-15  5.06375E-16
  1.075E+01  8.77480E-03 -4.74320E-11 -4.28820E-12 -4.20183E-12 -3.80471E-13  7.86301E-15  2.41280E-15
  1.100E+01  9.18641E-03 -4.52689E-11 -4.84131E-12 -4.10423E-12 -4.39473E-13  6.94585E-15  2.60874E-15
  1.125E+01  9.60736E-03 -4.32390E-11 -5.32580E-12 -4.01004E-12 -4.94414E-13  1.28460E-15  5.86198E-16
  1.150E+01  1.00376E-02 -4.13319E-11 -5.74944E-12 -3.91911E-12 -5.45606E-13  7.95568E-15  1.82121E-15
  1.175E+01  1.04773E-02 -3.95382E-11 -6.11908E-12 -3.83127E-12 -5.93333E-13  7.35318E-15  2.14478E-15
  1.200E+01  1.09262E-02 -3.78493E-11 -6.44071E-12 -3.74638E-12 -6.37853E-13  9.70739E-16  5.13529E-16
  1.225E+01  1.13844E-02 -3.62574E-11 -6.71961E-12 -3.66431E-12 -6.79401E-13  7.97544E-15  1.59981E-15
  1.250E+01  1.18520E-02 -3.47554E-11 -6.96045E-12 -3.58493E-12 -7.18192E-13  7.79999E-15  2.12511E-15
  1.275E+01  1.23288E-02 -3.33369E-11 -7.16734E-12 -3.50811E-12 -7.54423E-13  5.40504E-17  1.13356E-16
  1.300E+01  1.28150E-02 -3.19961E-11 -7.34393E-12 -3.43375E-12 -7.88272E-13  7.97644E-15  1.41598E-15
  1.325E+01  1.33104E-02 -3.07275E-11 -7.49345E-12 -3.36173E-12 -8.19906E-13  8.15170E-15  1.88529E-15
  1.350E+01  1.38150E-02 -2.95261E-11 -7.61876E-12 -3.29196E-12 -8.49474E-13  3.85091E-16  2.01577E-16
  1.375E+01  1.43290E-02 -2.83875E-11 -7.72243E-12 -3.22433E-12 -8.77117E-13  7.97934E-15  1.35876E-15
  1.400E+01  1.48521E-02 -2.73075E-11 -7.80672E-12 -3.15875E-12 -9.02961E-13  8.63758E-15  1.68337E-15
  1.425E+01  1.53845E-02 -2.62823E-11 -7.87367E-12 -3.09514E-12 -9.27125E-13  8.37638E-16  0.00000E+00
  1.450E+01  1.59262E-02 -2.53083E-11 -7.92509E-12 -3.03342E-12 -9.49719E-13  7.87302E-15  8.70001E-16
  1.475E+01  1.64770E-02 -2.43823E-11 -7.96260E-12 -2.97350E-12 -9.70842E-13  9.01281E-15  1.34382E-15
  1.500E+01  1.70371E-02 -2.35014E-11 -7.98765E-12 -2.91532E-12 -9.90587E-13  1.32030E-15  3.24515E-16
  1.525E+01  1.76063E-02 -2.26626E-11 -8.00155E-12 -2.85881E-12 -1.00904E-12  7.78382E-15  1.09774E-15
  1.550E+01  1.81848E-02 -2.18635E-11 -8.00546E-12 -2.80389E-12 -1.02628E-12  9.46128E-15  9.09878E-16
  1.575E+01  1.87724E-02 -2.11017E-11 -8.00044E-12 -2.75051E-12 -1.04239E-12  1.85329E-15  0.00000E+00
  1.600E+01  1.93692E-02 -2.03750E-11 -7.98743E-12 -2.69861E-12 -1.05743E-12  7.71130E-15  9.94192E-16
  1.625E+01  1.99751E-02 -1.96814E-11 -7.96728E-12 -2.64812E-12 -1.07146E-12  9.78787E-15  8.25312E-16
  1.650E+01  2.05901E-02 -1.90188E-11 -7.94075E-12 -2.59900E-12 -1.08455E-12  2.25892E-15  0.00000E+00
  1.675E+01  2.12143E-02 -1.83857E-11 -7.90854E-12 -2.55120E-12 -1.09675E-12  7.52654E-15  6.46016E-16
  1.700E+01  2.18476E-02 -1.77802E-11 -7.87126E-12 -2.50466E-12 -1.10811E-12  1.01425E-14  6.26531E-16
  1.725E+01  2.24900E-02 -1.72010E-11 -7.82948E-12 -2.45934E-12 -1.11868E-12  2.81585E-15  1.21580E-16
  1.750E+01  2.31415E-02 -1.66465E-11 -7.78371E-12 -2.41519E-12 -1.12851E-12  7.34529E-15  5.90073E-16
  1.775E+01  2.38021E-02 -1.61154E-11 -7.73440E-12 -2.37217E-12 -1.13764E-12  1.04571E-14  3.43804E-16
  1.800E+01  2.44717E-02 -1.56065E-11 -7.68197E-12 -2.33025E-12 -1.14611E-12  3.33643E-15  2.22663E-16
  1.825E+01  2.51504E-02 -1.51186E-11 -7.62680E-12 -2.28938E-12 -1.15394E-12  7.11479E-15  3.24591E-16
  1.850E+01  2.58382E-02 -1.46506E-11 -7.56921E-12 -2.24953E-12 -1.16119E-12  1.06880E-14  1.05191E-16
  1.875E+01  2.65349E-02 -1.42015E-11 -7.50953E-12 -2.21065E-12 -1.16788E-12  3.86491E-15  1.02306E-16
  1.900E+01  2.72407E-02 -1.37703E-11 -7.44803E-12 -2.17273E-12 -1.17405E-12  6.76308E-15  3.98146E-16
  1.925E+01  2.79555E-02 -1.33561E-11 -7.38495E-12 -2.13572E-12 -1.17971E-12  1.09939E-14  0.00000E+00
  1.950E+01  2.86793E-02 -1.29581E-11 -7.32054E-12 -2.09959E-12 -1.18490E-12  4.39779E-15  1.88637E-16
  1.975E+01  2.94120E-02 -1.25754E-11 -7.25500E-12 -2.06433E-12 -1.18965E-12  6.52311E-15  3.67438E-16
  2.000E+01  3.01537E-02 -1.22074E-11 -7.18850E-12 -2.02988E-12 -1.19397E-12  1.12236E-14  1.78988E-16
  2.025E+01  3.09043E-02 -1.18534E-11 -7.12124E-12 -1.99624E-12 -1.19788E-12  4.92412E-15  0.00000E+00
  2.050E+01  3.16639E-02 -1.15125E-11 -7.05335E-12 -1.96338E-12 -1.20142E-12  6.30010E-15  3.40095E-16
  2.075E+01  3.24324E-02 -1.11844E-11 -6.98497E-12 -1.93126E-12 -1.20460E-12  1.14768E-14  1.65823E-16
  2.100E+01  3.32098E-02 -1.08682E-11 -6.91624E-12 -1.89987E-12 -1.20744E-12  5.60206E-15  0.00000E+00
  2.125E+01  3.39961E-02 -1.05636E-11 -6.84726E-12 -1.86919E-12 -1.20995E-12  5.86164E-15  4.73471E-16
  2.150E+01  3.47912E-02 -1.02699E-11 -6.77814E-12 -1.83918E-12 -1.21215E-12  1.16624E-14  1.54036E-16
  2.175E+01  3.55952E-02 -9.98669E-12 -6.70896E-12 -1.80984E-12 -1.21407E-12  6.10326E-15  1.50380E-16
  2.200E+01  3.64081E-02 -9.71348E-12 -6.63982E-12 -1.78113E-12 -1.21570E-12  5.46803E-15  4.40554E-16
  2.225E+01  3.72297E-02 -9.44983E-12 -6.57080E-12 -1.75305E-12 -1.21708E-12  1.18014E-14  0.00000E+00
  2.250E+01  3.80602E-02 -9.19532E-12 -6.50195E-12 -1.72557E-12 -1.21820E-12  6.52692E-15  1.40150E-16
  2.275E+01  3.88995E-02 -8.94955E-12 -6.43334E-12 -1.69868E-12 -1.21909E-12  5.10811E-15  1.36967E-16
  2.300E+01  3.97476E-02 -8.71215E-12 -6.36503E-12 -1.67235E-12 -1.21975E-12  1.19650E-14  0.00000E+00
  2.325E+01  4.06044E-02 -8.48275E-12 -6.29706E-12 -1.64658E-12 -1.22019E-12  7.20661E-15  2.61825E-16
  2.350E+01  4.14700E-02 -8.26103E-12 -6.22948E-12 -1.62134E-12 -1.22043E-12  4.66026E-15  2.56065E-16
  2.375E+01  4.23443E-02 -8.04665E-12 -6.16233E-12 -1.59662E-12 -1.22048E-12  1.18398E-14  2.50490E-16
  2.400E+01  4.32273E-02 -7.83932E-12 -6.09565E-12 -1.57240E-12 -1.22035E-12  7.73080E-15  1.22546E-16
  2.425E+01  4.41190E-02 -7.63874E-12 -6.02946E-12 -1.54868E-12 -1.22004E-12  4.25929E-15  2.39863E-16
  2.450E+01  4.50194E-02 -7.44464E-12 -5.96379E-12 -1.52543E-12 -1.21956E-12  1.21727E-14  4.69595E-16
  2.475E+01  4.59284E-02 -7.25677E-12 -5.89867E-12 -1.50265E-12 -1.21893E-12  8.29430E-15  2.29888E-16
  2.500E+01  4.68461E-02 -7.07486E-12 -5.83412E-12 -1.48032E-12 -1.21815E-12  3.78643E-15  1.12564E-16
  2.550E+01  4.87074E-02 -6.72801E-12 -5.70679E-12 -1.43696E-12 -1.21616E-12  8.78102E-15  0.00000E+00
  2.600E+01  5.06030E-02 -6.40235E-12 -5.58193E-12 -1.39527E-12 -1.21365E-12  1.22622E-14  1.03737E-16
  2.650E+01  5.25328E-02 -6.09626E-12 -5.45963E-12 -1.35515E-12 -1.21068E-12  2.67934E-15  9.97028E-17
  2.700E+01  5.44967E-02 -5.80831E-12 -5.33994E-12 -1.31653E-12 -1.20728E-12  9.75611E-15  0.00000E+00
  2.750E+01  5.64946E-02 -5.53716E-12 -5.22291E-12 -1.27933E-12 -1.20350E-12  1.20849E-14  0.00000E+00
  2.800E+01  5.85262E-02 -5.28160E-12 -5.10856E-12 -1.24348E-12 -1.19937E-12  1.60279E-15  8.88991E-17
  2.850E+01  6.05914E-02 -5.04053E-12 -4.99688E-12 -1.20891E-12 -1.19494E-12  1.07510E-14  1.71362E-16
  2.900E+01  6.26901E-02 -4.81293E-12 -4.88785E-12 -1.17556E-12 -1.19021E-12  1.18879E-14  2.47896E-16
  2.950E+01  6.48222E-02 -4.59789E-12 -4.78147E-12 -1.14337E-12 -1.18524E-12  3.21620E-16  7.97409E-17
  3.000E+01  6.69873E-02 -4.39455E-12 -4.67771E-12 -1.11230E-12 -1.18003E-12  1.18285E-14  7.69972E-17
  3.050E+01  6.91854E-02 -4.20212E-12 -4.57652E-12 -1.08227E-12 -1.17462E-12  1.16053E-14  0.00000E+00
  3.100E+01  7.14163E-02 -4.01990E-12 -4.47787E-12 -1.05326E-12 -1.16902E-12  8.76269E-16  1.43828E-16
  3.150E+01  7.36799E-02 -3.84722E-12 -4.38171E-12 -1.02521E-12 -1.16326E-12  1.27439E-14  2.78228E-16
  3.200E+01  7.59760E-02 -3.68346E-12 -4.28799E-12 -9.98081E-13 -1.15735E-12  1.11267E-14  0.00000E+00
  3.250E+01  7.83043E-02 -3.52806E-12 -4.19665E-12 -9.71830E-13 -1.15130E-12  2.26669E-15  0.00000E+00
  3.300E+01  8.06647E-02 -3.38051E-12 -4.10764E-12 -9.46421E-13 -1.14514E-12  1.33375E-14  1.26272E-16
  3.350E+01  8.30571E-02 -3.24032E-12 -4.02091E-12 -9.21817E-13 -1.13887E-12  1.05691E-14  0.00000E+00
  3.400E+01  8.54812E-02 -3.10703E-12 -3.93640E-12 -8.97984E-13 -1.13250E-12  3.54731E-15  0.00000E+00
  3.450E+01  8.79369E-02 -2.98025E-12 -3.85406E-12 -8.74890E-13 -1.12606E-12  1.39202E-14  0.00000E+00
  3.500E+01  9.04240E-02 -2.85958E-12 -3.77382E-12 -8.52505E-13 -1.11954E-12  9.72538E-15  0.00000E+00
  3.550E+01  9.29422E-02 -2.74466E-12 -3.69563E-12 -8.30801E-13 -1.11297E-12  4.95968E-15  0.00000E+00
  3.600E+01  9.54915E-02 -2.63516E-12 -3.61943E-12 -8.09748E-13 -1.10634E-12  1.46025E-14  0.00000E+00
  3.650E+01  9.80716E-02 -2.53078E-12 -3.54518E-12 -7.89322E-13 -1.09966E-12  9.09419E-15  0.00000E+00
  3.700E+01  1.00682E-01 -2.43122E-12 -3.47281E-12 -7.69499E-13 -1.09294E-12  6.15402E-15  0.00000E+00
  3.750E+01  1.03323E-01 -2.33622E-12 -3.40227E-12 -7.50254E-13 -1.08620E-12  1.51580E-14  9.68076E-17
  3.800E+01  1.05995E-01 -2.24552E-12 -3.33351E-12 -7.31565E-13 -1.07943E-12  8.04026E-15  9.41838E-17
  3.850E+01  1.08696E-01 -2.15888E-12 -3.26648E-12 -7.13412E-13 -1.07264E-12  7.65457E-15  9.16653E-17
  3.900E+01  1.11427E-01 -2.07610E-12 -3.20113E-12 -6.95774E-13 -1.06583E-12  1.54229E-14  8.92465E-17
  3.950E+01  1.14188E-01 -1.99696E-12 -3.13741E-12 -6.78632E-13 -1.05902E-12  6.84014E-15  0.00000E+00
  4.000E+01  1.16978E-01 -1.92127E-12 -3.07526E-12 -6.61968E-13 -1.05220E-12  9.03351E-15  8.46881E-17
  4.050E+01  1.19797E-01 -1.84885E-12 -3.01465E-12 -6.45765E-13 -1.04538E-12  1.55438E-14  0.00000E+00
  4.100E+01  1.22645E-01 -1.77953E-12 -2.95553E-12 -6.30005E-13 -1.03856E-12  5.70080E-15  0.00000E+00
  4.150E+01  1.25522E-01 -1.71316E-12 -2.89786E-12 -6.14674E-13 -1.03175E-12  1.04790E-14  0.00000E+00
  4.200E+01  1.28428E-01 -1.64958E-12 -2.84160E-12 -5.99757E-13 -1.02494E-12  1.57149E-14  0.00000E+00
  4.250E+01  1.31361E-01 -1.58865E-12 -2.78669E-12 -5.85238E-13 -1.01815E-12  4.37284E-15  0.00000E+00
  4.300E+01  1.34323E-01 -1.53024E-12 -2.73311E-12 -5.71104E-13 -1.01137E-12  1.14207E-14  0.00000E+00
  4.350E+01  1.37313E-01 -1.47424E-12 -2.68080E-12 -5.57342E-13 -1.00461E-12  1.53852E-14  7.12189E-17
  4.400E+01  1.40330E-01 -1.42051E-12 -2.62975E-12 -5.43940E-13 -9.97869E-13  3.04615E-15  6.95625E-17
  4.450E+01  1.43375E-01 -1.36896E-12 -2.57990E-12 -5.30885E-13 -9.91147E-13  1.25427E-14  0.00000E+00
  4.500E+01  1.46447E-01 -1.31947E-12 -2.53124E-12 -5.18166E-13 -9.84447E-13  1.52292E-14  6.64205E-17
  4.550E+01  1.49545E-01 -1.27196E-12 -2.48371E-12 -5.05772E-13 -9.77772E-13  1.72382E-15  6.49298E-17
  4.600E+01  1.52671E-01 -1.22632E-12 -2.43728E-12 -4.93692E-13 -9.71123E-13  1.38145E-14  6.34896E-17
  4.650E+01  1.55823E-01 -1.18247E-12 -2.39193E-12 -4.81916E-13 -9.64501E-13  1.49440E-14  6.20976E-17
  4.700E+01  1.59001E-01 -1.14033E-12 -2.34763E-12 -4.70436E-13 -9.57907E-13  1.35864E-16  0.00000E+00
  4.750E+01  1.62205E-01 -1.09981E-12 -2.30434E-12 -4.59240E-13 -9.51342E-13  1.49456E-14  5.94499E-17
  4.800E+01  1.65435E-01 -1.06086E-12 -2.26203E-12 -4.48321E-13 -9.44808E-13  1.44212E-14  5.81905E-17
  4.850E+01  1.68690E-01 -1.02339E-12 -2.22068E-12 -4.37669E-13 -9.38305E-13  1.28839E-15  0.00000E+00
  4.900E+01  1.71970E-01 -9.87343E-13 -2.18027E-12 -4.27278E-13 -9.31834E-13  1.59580E-14  5.57913E-17
  4.950E+01  1.75276E-01 -9.52651E-13 -2.14075E-12 -4.17137E-13 -9.25397E-13  1.36987E-14  5.46484E-17
  5.000E+01  1.78606E-01 -9.19258E-13 -2.10211E-12 -4.07241E-13 -9.18992E-13  3.06213E-15  0.00000E+00
  5.050E+01  1.81961E-01 -8.87105E-13 -2.06433E-12 -3.97582E-13 -9.12622E-13  1.67499E-14  0.00000E+00
  5.100E+01  1.85340E-01 -8.56142E-13 -2.02737E-12 -3.88153E-13 -9.06287E-13  1.28071E-14  0.00000E+00
  5.150E+01  1.88743E-01 -8.26316E-13 -1.99123E-12 -3.78946E-13 -8.99986E-13  4.78577E-15  0.00000E+00
  5.200E+01  1.92169E-01 -7.97580E-13 -1.95587E-12 -3.69956E-13 -8.93721E-13  1.75838E-14  0.00000E+00
  5.250E+01  1.95619E-01 -7.69887E-13 -1.92127E-12 -3.61177E-13 -8.87492E-13  1.19974E-14  0.00000E+00
  5.300E+01  1.99092E-01 -7.43194E-13 -1.88742E-12 -3.52601E-13 -8.81299E-13  6.35519E-15  0.00000E+00
  5.350E+01  2.02589E-01 -7.17460E-13 -1.85428E-12 -3.44224E-13 -8.75142E-13  1.81266E-14  0.00000E+00
  5.400E+01  2.06107E-01 -6.92644E-13 -1.82185E-12 -3.36040E-13 -8.69021E-13  1.09355E-14  0.00000E+00
  5.450E+01  2.09649E-01 -6.68711E-13 -1.79010E-12 -3.28044E-13 -8.62937E-13  8.11182E-15  0.00000E+00
  5.500E+01  2.13212E-01 -6.45624E-13 -1.75901E-12 -3.20230E-13 -8.56890E-13  1.86281E-14  0.00000E+00
  5.550E+01  2.16797E-01 -6.23349E-13 -1.72858E-12 -3.12593E-13 -8.50880E-13  9.54940E-15  0.00000E+00
  5.600E+01  2.20404E-01 -6.01854E-13 -1.69878E-12 -3.05128E-13 -8.44907E-13  9.62518E-15  0.00000E+00
  5.650E+01  2.24032E-01 -5.81107E-13 -1.66959E-12 -2.97831E-13 -8.38970E-13  1.87926E-14  0.00000E+00
  5.700E+01  2.27680E-01 -5.61080E-13 -1.64100E-12 -2.90698E-13 -8.33070E-13  8.17670E-15  0.00000E+00
  5.750E+01  2.31350E-01 -5.41743E-13 -1.61298E-12 -2.83723E-13 -8.27208E-13  1.12217E-14  0.00000E+00
  5.800E+01  2.35040E-01 -5.23071E-13 -1.58554E-12 -2.76903E-13 -8.21382E-13  1.90499E-14  0.00000E+00
  5.850E+01  2.38751E-01 -5.05038E-13 -1.55865E-12 -2.70234E-13 -8.15592E-13  6.71912E-15  0.00000E+00
  5.900E+01  2.42481E-01 -4.87619E-13 -1.53230E-12 -2.63712E-13 -8.09840E-13  1.30847E-14  0.00000E+00
  5.950E+01  2.46231E-01 -4.70791E-13 -1.50647E-12 -2.57332E-13 -8.04123E-13  1.91109E-14  0.00000E+00
  6.000E+01  2.50000E-01 -4.54532E-13 -1.48116E-12 -2.51092E-13 -7.98444E-13  4.99920E-15  0.00000E+00
  6.050E+01  2.53788E-01 -4.38820E-13 -1.45634E-12 -2.44987E-13 -7.92800E-13  1.42751E-14  0.00000E+00
  6.100E+01  2.57595E-01 -4.23634E-13 -1.43201E-12 -2.39015E-13 -7.87192E-13  1.89982E-14  0.00000E+00
  6.150E+01  2.61421E-01 -4.08956E-13 -1.40815E-12 -2.33171E-13 -7.81621E-13  3.39940E-15  0.00000E+00
  6.200E+01  2.65264E-01 -3.94766E-13 -1.38476E-12 -2.27454E-13 -7.76085E-13  1.59260E-14  0.00000E+00
  6.250E+01  2.69126E-01 -3.81047E-13 -1.36181E-12 -2.21859E-13 -7.70584E-13  1.83804E-14  0.00000E+00
  6.300E+01  2.73005E-01 -3.67782E-13 -1.33931E-12 -2.16383E-13 -7.65119E-13  1.73202E-15  0.00000E+00
  6.350E+01  2.76901E-01 -3.54954E-13 -1.31724E-12 -2.11025E-13 -7.59689E-13  1.74834E-14  0.00000E+00
  6.400E+01  2.80814E-01 -3.42547E-13 -1.29558E-12 -2.05780E-13 -7.54294E-13  1.79842E-14  0.00000E+00
  6.450E+01  2.84744E-01 -3.30546E-13 -1.27433E-12 -2.00646E-13 -7.48933E-13  0.00000E+00  0.00000E+00
  6.500E+01  2.88691E-01 -3.18937E-13 -1.25348E-12 -1.95621E-13 -7.43607E-13  1.84620E-14  0.00000E+00
  6.550E+01  2.92653E-01 -3.07705E-13 -1.23302E-12 -1.90702E-13 -7.38315E-13  1.72963E-14  0.00000E+00
  6.600E+01  2.96632E-01 -2.96839E-13 -1.21295E-12 -1.85886E-13 -7.33056E-13  2.12128E-15  0.00000E+00
  6.650E+01  3.00625E-01 -2.86325E-13 -1.19324E-12 -1.81171E-13 -7.27832E-13  1.98852E-14  0.00000E+00
  6.700E+01  3.04634E-01 -2.76151E-13 -1.17390E-12 -1.76555E-13 -7.22641E-13  1.65011E-14  0.00000E+00
  6.750E+01  3.08658E-01 -2.66304E-13 -1.15491E-12 -1.72035E-13 -7.17483E-13  4.12841E-15  0.00000E+00
  6.800E+01  3.12697E-01 -2.56773E-13 -1.13626E-12 -1.67609E-13 -7.12358E-13  2.09350E-14  0.00000E+00
  6.850E+01  3.16749E-01 -2.47548E-13 -1.11795E-12 -1.63275E-13 -7.07265E-13  1.56067E-14  0.00000E+00
  6.900E+01  3.20816E-01 -2.38618E-13 -1.09997E-12 -1.59031E-13 -7.02205E-13  6.19072E-15  0.00000E+00
  6.950E+01  3.24896E-01 -2.29974E-13 -1.08232E-12 -1.54875E-13 -6.97176E-13  2.16444E-14  0.00000E+00
  7.000E+01  3.28990E-01 -2.21606E-13 -1.06499E-12 -1.50804E-13 -6.92180E-13  1.41622E-14  0.00000E+00
  7.050E+01  3.33097E-01 -2.13505E-13 -1.04796E-12 -1.46818E-13 -6.87215E-13  8.46123E-15  0.00000E+00
  7.100E+01  3.37216E-01 -2.05661E-13 -1.03123E-12 -1.42914E-13 -6.82281E-13  2.23412E-14  0.00000E+00
  7.150E+01  3.41348E-01 -1.98064E-13 -1.01479E-12 -1.39090E-13 -6.77379E-13  1.27989E-14  0.00000E+00
  7.200E+01  3.45492E-01 -1.90707E-13 -9.98641E-13 -1.35345E-13 -6.72507E-13  1.03418E-14  0.00000E+00
  7.250E+01  3.49647E-01 -1.83586E-13 -9.82779E-13 -1.31676E-13 -6.67665E-13  2.28835E-14  0.00000E+00
  7.300E+01  3.53814E-01 -1.76691E-13 -9.67194E-13 -1.28083E-13 -6.62853E-13  1.13622E-14  0.00000E+00
  7.350E+01  3.57992E-01 -1.70012E-13 -9.51877E-13 -1.24563E-13 -6.58071E-13  1.24426E-14  0.00000E+00
  7.400E+01  3.62181E-01 -1.63542E-13 -9.36820E-13 -1.21116E-13 -6.53319E-13  2.34273E-14  0.00000E+00
  7.450E+01  3.66381E-01 -1.57277E-13 -9.22020E-13 -1.17739E-13 -6.48596E-13  9.71038E-15  0.00000E+00
  7.500E+01  3.70590E-01 -1.51209E-13 -9.07474E-13 -1.14430E-13 -6.43903E-13  1.44741E-14  0.00000E+00
  7.550E+01  3.74810E-01 -1.45333E-13 -8.93177E-13 -1.11190E-13 -6.39237E-13  2.35529E-14  0.00000E+00
  7.600E+01  3.79039E-01 -1.39642E-13 -8.79122E-13 -1.08015E-13 -6.34601E-13  7.85094E-15  0.00000E+00
  7.650E+01  3.83277E-01 -1.34129E-13 -8.65305E-13 -1.04905E-13 -6.29992E-13  1.64472E-14  0.00000E+00
  7.700E+01  3.87524E-01 -1.28790E-13 -8.51718E-13 -1.01859E-13 -6.25411E-13  2.34231E-14  0.00000E+00
  7.750E+01  3.91780E-01 -1.23618E-13 -8.38357E-13 -9.88744E-14 -6.20859E-13  5.78930E-15  0.00000E+00
  7.800E+01  3.96044E-01 -1.18609E-13 -8.25218E-13 -9.59509E-14 -6.16333E-13  1.82355E-14  0.00000E+00
  7.850E+01  4.00316E-01 -1.13757E-13 -8.12298E-13 -9.30871E-14 -6.11834E-13  2.34613E-14  0.00000E+00
  7.900E+01  4.04596E-01 -1.09058E-13 -7.99591E-13 -9.02816E-14 -6.07363E-13  3.80021E-15  0.00000E+00
  7.950E+01  4.08882E-01 -1.04506E-13 -7.87093E-13 -8.75334E-14 -6.02917E-13  2.01247E-14  0.00000E+00
  8.000E+01  4.13176E-01 -1.00098E-13 -7.74801E-13 -8.48412E-14 -5.98499E-13  2.29881E-14  0.00000E+00
  8.050E+01  4.17476E-01 -9.58286E-14 -7.62708E-13 -8.22040E-14 -5.94106E-13  1.20443E-15  0.00000E+00
  8.100E+01  4.21783E-01 -9.16934E-14 -7.50812E-13 -7.96207E-14 -5.89739E-13  2.18515E-14  0.00000E+00
  8.150E+01  4.26095E-01 -8.76885E-14 -7.39107E-13 -7.70903E-14 -5.85397E-13  2.22902E-14  0.00000E+00
  8.200E+01  4.30413E-01 -8.38100E-14 -7.27591E-13 -7.46116E-14 -5.81081E-13  9.24992E-16  0.00000E+00
  8.250E+01  4.34737E-01 -8.00541E-14 -7.16261E-13 -7.21837E-14 -5.76789E-13  2.34294E-14  0.00000E+00
  8.300E+01  4.39065E-01 -7.64170E-14 -7.05113E-13 -6.98055E-14 -5.72523E-13  2.13745E-14  0.00000E+00
  8.350E+01  4.43398E-01 -7.28951E-14 -6.94142E-13 -6.74762E-14 -5.68281E-13  3.39716E-15  0.00000E+00
  8.400E+01  4.47736E-01 -6.94849E-14 -6.83346E-13 -6.51948E-14 -5.64063E-13  2.48701E-14  0.00000E+00
  8.450E+01  4.52077E-01 -6.61828E-14 -6.72720E-13 -6.29604E-14 -5.59869E-13  2.03756E-14  0.00000E+00
  8.500E+01  4.56422E-01 -6.29858E-14 -6.62261E-13 -6.07721E-14 -5.55699E-13  5.95115E-15  0.00000E+00
  8.550E+01  4.60770E-01 -5.98906E-14 -6.51967E-13 -5.86290E-14 -5.51553E-13  2.63131E-14  0.00000E+00
  8.600E+01  4.65122E-01 -5.68944E-14 -6.41834E-13 -5.65302E-14 -5.47429E-13  1.90356E-14  0.00000E+00
  8.650E+01  4.69476E-01 -5.39941E-14 -6.31860E-13 -5.44750E-14 -5.43329E-13  8.46600E-15  0.00000E+00
  8.700E+01  4.73832E-01 -5.11870E-14 -6.22042E-13 -5.24625E-14 -5.39251E-13  2.75084E-14  0.00000E+00
  8.750E+01  4.78190E-01 -4.84701E-14 -6.12376E-13 -5.04919E-14 -5.35196E-13  1.74866E-14  0.00000E+00
  8.800E+01  4.82550E-01 -4.58407E-14 -6.02858E-13 -4.85625E-14 -5.31164E-13  1.09524E-14  0.00000E+00
  8.850E+01  4.86912E-01 -4.32963E-14 -5.93488E-13 -4.66735E-14 -5.27153E-13  2.82130E-14  0.00000E+00
  8.900E+01  4.91274E-01 -4.08345E-14 -5.84261E-13 -4.48241E-14 -5.23164E-13  1.58547E-14  0.00000E+00
  8.950E+01  4.95637E-01 -3.84527E-14 -5.75176E-13 -4.30136E-14 -5.19197E-13  1.35472E-14  0.00000E+00
  9.000E+01  5.00000E-01 -3.61487E-14 -5.66229E-13 -4.12414E-14 -5.15252E-13  2.90719E-14  0.00000E+00
  9.050E+01  5.04363E-01 -3.39202E-14 -5.57419E-13 -3.95067E-14 -5.11327E-13  1.37568E-14  8.58908E-18
  9.100E+01  5.08726E-01 -3.17650E-14 -5.48743E-13 -3.78088E-14 -5.07424E-13  1.62588E-14  8.50813E-18
  9.150E+01  5.13088E-01 -2.96809E-14 -5.40198E-13 -3.61471E-14 -5.03541E-13  2.94568E-14  0.00000E+00
  9.200E+01  5.17450E-01 -2.76657E-14 -5.31782E-13 -3.45210E-14 -4.99679E-13  1.15689E-14  1.67011E-17
  9.250E+01  5.21810E-01 -2.57175E-14 -5.23493E-13 -3.29298E-14 -4.95837E-13  1.89706E-14  8.27388E-18
  9.300E+01  5.26168E-01 -2.38344E-14 -5.15328E-13 -3.13729E-14 -4.92015E-13  2.97518E-14  0.00000E+00
  9.350E+01  5.30524E-01 -2.20146E-14 -5.07285E-13 -2.98496E-14 -4.88213E-13  9.28373E-15  0.00000E+00
  9.400E+01  5.34878E-01 -2.02561E-14 -4.99362E-13 -2.83595E-14 -4.84430E-13  2.13171E-14  8.05189E-18
  9.450E+01  5.39230E-01 -1.85572E-14 -4.91558E-13 -2.69018E-14 -4.80668E-13  2.98337E-14  0.00000E+00
  9.500E+01  5.43578E-01 -1.69162E-14 -4.83870E-13 -2.54762E-14 -4.76924E-13  6.76765E-15  0.00000E+00
  9.550E+01  5.47923E-01 -1.53313E-14 -4.76295E-13 -2.40819E-14 -4.73200E-13  2.36856E-14  7.84138E-18
  9.600E+01  5.52264E-01 -1.38009E-14 -4.68832E-13 -2.27184E-14 -4.69494E-13  2.94530E-14  7.77363E-18
  9.650E+01  5.56602E-01 -1.23235E-14 -4.61479E-13 -2.13853E-14 -4.65807E-13  4.01158E-15  0.00000E+00
  9.700E+01  5.60935E-01 -1.08976E-14 -4.54235E-13 -2.00819E-14 -4.62138E-13  2.62107E-14  7.64163E-18
  9.750E+01  5.65263E-01 -9.52169E-15 -4.47097E-13 -1.88079E-14 -4.58488E-13  2.91104E-14  7.57732E-18
  9.800E+01  5.69587E-01 -8.19436E-15 -4.40063E-13 -1.75626E-14 -4.54856E-13  1.13007E-15  0.00000E+00
  9.850E+01  5.73905E-01 -6.91415E-15 -4.33133E-13 -1.63456E-14 -4.51242E-13  2.83997E-14  7.45197E-18
  9.900E+01  5.78217E-01 -5.67969E-15 -4.26303E-13 -1.51564E-14 -4.47645E-13  2.84270E-14  1.47818E-17
  9.950E+01  5.82524E-01 -4.48964E-15 -4.19573E-13 -1.39946E-14 -4.44066E-13  1.88884E-15  0.00000E+00
  1.000E+02  5.86824E-01 -3.34276E-15 -4.12940E-13 -1.28596E-14 -4.40504E-13  3.06373E-14  7.27180E-18
  1.005E+02  5.91118E-01 -2.23786E-15 -4.06403E-13 -1.17511E-14 -4.36960E-13  2.71449E-14  3.60687E-18
  1.010E+02  5.95404E-01 -1.17372E-15 -3.99962E-13 -1.06686E-14 -4.33432E-13  5.05798E-15  0.00000E+00
  1.015E+02  5.99684E-01 -1.49196E-16 -3.93613E-13 -9.61159E-15 -4.29921E-13  3.24255E-14  7.10054E-18
  1.020E+02  6.03956E-01  8.36922E-16 -3.87356E-13 -8.57974E-15 -4.26427E-13  2.57594E-14  7.04535E-18
  1.025E+02  6.08220E-01  1.78575E-15 -3.81189E-13 -7.57259E-15 -4.22949E-13  8.39149E-15  3.49554E-18
  1.030E+02  6.12476E-01  2.69838E-15 -3.75110E-13 -6.58975E-15 -4.19488E-13  3.42741E-14  6.93769E-18
  1.035E+02  6.16723E-01  3.57584E-15 -3.69119E-13 -5.63081E-15 -4.16042E-13  2.42632E-14  3.44259E-18
  1.040E+02  6.20961E-01  4.41909E-15 -3.63213E-13 -4.69538E-15 -4.12613E-13  1.15208E-14  0.00000E+00
  1.045E+02  6.25190E-01  5.22914E-15 -3.57392E-13 -3.78307E-15 -4.09199E-13  3.58055E-14  3.39138E-18
  1.050E+02  6.29410E-01  6.00689E-15 -3.51654E-13 -2.89350E-15 -4.05801E-13  2.23905E-14  3.36639E-18
  1.055E+02  6.33619E-01  6.75335E-15 -3.45999E-13 -2.02631E-15 -4.02418E-13  1.52275E-14  1.67091E-18
  1.060E+02  6.37819E-01  7.46945E-15 -3.40423E-13 -1.18113E-15 -3.99050E-13  3.68883E-14  3.31764E-18
  1.065E+02  6.42008E-01  8.15605E-15 -3.34927E-13 -3.57602E-16 -3.95698E-13  1.99951E-14  7.20531E-19
  1.070E+02  6.46186E-01  8.81409E-15 -3.29509E-13  4.44626E-16 -3.92360E-13  1.84975E-14  1.43082E-18
  1.075E+02  6.50353E-01  9.44422E-15 -3.24167E-13  1.22590E-15 -3.89037E-13  3.81674E-14  1.21779E-18
  1.080E+02  6.54508E-01  1.00474E-14 -3.18902E-13  1.98655E-15 -3.85729E-13  1.73154E-14  2.41858E-18
  1.085E+02  6.58652E-01  1.06243E-14 -3.13711E-13  2.72691E-15 -3.82435E-13  2.21197E-14  8.00621E-19
  1.090E+02  6.62784E-01  1.11758E-14 -3.08594E-13  3.44731E-15 -3.79155E-13  3.87269E-14  3.18055E-18
  1.095E+02  6.66903E-01  1.17025E-14 -3.03549E-13  4.14807E-15 -3.75890E-13  1.45974E-14  4.73845E-18
  1.100E+02  6.71010E-01  1.22053E-14 -2.98575E-13  4.82950E-15 -3.72638E-13  2.54519E-14  1.56886E-18
  1.105E+02  6.75104E-01  1.26849E-14 -2.93672E-13  5.49191E-15 -3.69400E-13  3.92122E-14  6.23366E-18
  1.110E+02  6.79184E-01  1.31420E-14 -2.88837E-13  6.13560E-15 -3.66176E-13  1.15607E-14  1.54813E-17
  1.115E+02  6.83251E-01  1.35771E-14 -2.84071E-13  6.76087E-15 -3.62966E-13  2.88997E-14  3.07601E-18
  1.120E+02  6.87303E-01  1.39909E-14 -2.79372E-13  7.36801E-15 -3.59769E-13  3.94848E-14  6.11218E-18
  1.125E+02  6.91342E-01  1.43841E-14 -2.74740E-13  7.95730E-15 -3.56585E-13  8.18111E-15  1.51824E-17
  1.130E+02  6.95366E-01  1.47573E-14 -2.70173E-13  8.52904E-15 -3.53414E-13  3.24785E-14  0.00000E+00
  1.135E+02  6.99375E-01  1.51112E-14 -2.65669E-13  9.08350E-15 -3.50256E-13  3.92594E-14  5.99637E-18
  1.140E+02  7.03368E-01  1.54463E-14 -2.61230E-13  9.62095E-15 -3.47111E-13  4.57017E-15  5.95897E-18
  1.145E+02  7.07347E-01  1.57632E-14 -2.56852E-13  1.01417E-14 -3.43978E-13  3.55089E-14  5.92216E-18
  1.150E+02  7.11309E-01  1.60624E-14 -2.52537E-13  1.06459E-14 -3.40858E-13  3.85103E-14  1.17719E-17
  1.155E+02  7.15256E-01  1.63444E-14 -2.48282E-13  1.11339E-14 -3.37751E-13  5.63673E-16  5.85026E-18
  1.160E+02  7.19186E-01  1.66098E-14 -2.44087E-13  1.16059E-14 -3.34655E-13  3.88224E-14  5.81515E-18
  1.165E+02  7.23099E-01  1.68591E-14 -2.39951E-13  1.20622E-14 -3.31572E-13  3.76337E-14  5.78059E-18
  1.170E+02  7.26995E-01  1.70929E-14 -2.35874E-13  1.25031E-14 -3.28501E-13  3.44264E-15  5.74657E-18
  1.175E+02  7.30874E-01  1.73116E-14 -2.31854E-13  1.29287E-14 -3.25441E-13  4.17208E-14  5.71308E-18
  1.180E+02  7.34736E-01  1.75156E-14 -2.27890E-13  1.33393E-14 -3.22393E-13  3.63274E-14  5.68011E-18
  1.185E+02  7.38579E-01  1.77056E-14 -2.23983E-13  1.37352E-14 -3.19357E-13  8.04568E-15  1.12953E-17
  1.190E+02  7.42405E-01  1.78817E-14 -2.20130E-13  1.41166E-14 -3.16332E-13  4.46287E-14  0.00000E+00
  1.195E+02  7.46212E-01  1.80446E-14 -2.16333E-13  1.44836E-14 -3.13319E-13  3.44110E-14  1.67527E-17
  1.200E+02  7.50000E-01  1.81946E-14 -2.12589E-13  1.48366E-14 -3.10316E-13  1.23992E-14  1.66598E-17
  1.205E+02  7.53769E-01  1.83323E-14 -2.08898E-13  1.51757E-14 -3.07325E-13  4.69505E-14  0.00000E+00
  1.210E+02  7.57519E-01  1.84580E-14 -2.05259E-13  1.55012E-14 -3.04345E-13  3.22927E-14  0.00000E+00
  1.215E+02  7.61249E-01  1.85720E-14 -2.01671E-13  1.58132E-14 -3.01375E-13  1.72627E-14  0.00000E+00
  1.220E+02  7.64960E-01  1.86749E-14 -1.98135E-13  1.61120E-14 -2.98416E-13  4.92667E-14  0.00000E+00
  1.225E+02  7.68650E-01  1.87668E-14 -1.94648E-13  1.63978E-14 -2.95468E-13  2.96400E-14  0.00000E+00
  1.230E+02  7.72320E-01  1.88483E-14 -1.91212E-13  1.66708E-14 -2.92530E-13  2.20583E-14  0.00000E+00
  1.235E+02  7.75968E-01  1.89196E-14 -1.87825E-13  1.69312E-14 -2.89602E-13  5.12639E-14  0.00000E+00
  1.240E+02  7.79596E-01  1.89811E-14 -1.84486E-13  1.71792E-14 -2.86685E-13  2.65637E-14  0.00000E+00
  1.245E+02  7.83203E-01  1.90333E-14 -1.81195E-13  1.74149E-14 -2.83777E-13  2.69522E-14  0.00000E+00
  1.250E+02  7.86788E-01  1.90763E-14 -1.77950E-13  1.76386E-14 -2.80880E-13  5.29192E-14  0.00000E+00
  1.255E+02  7.90351E-01  1.91106E-14 -1.74753E-13  1.78505E-14 -2.77992E-13  2.30216E-14  0.00000E+00
  1.260E+02  7.93893E-01  1.91365E-14 -1.71601E-13  1.80507E-14 -2.75114E-13  3.17974E-14  0.00000E+00
  1.265E+02  7.97411E-01  1.91541E-14 -1.68495E-13  1.82394E-14 -2.72246E-13  5.40386E-14  0.00000E+00
  1.270E+02  8.00908E-01  1.91638E-14 -1.65434E-13  1.84168E-14 -2.69387E-13  1.93008E-14  0.00000E+00
  1.275E+02  8.04381E-01  1.91661E-14 -1.62417E-13  1.85831E-14 -2.66538E-13  3.65979E-14  0.00000E+00
  1.280E+02  8.07831E-01  1.91610E-14 -1.59444E-13  1.87385E-14 -2.63697E-13  5.49165E-14  0.00000E+00
  1.285E+02  8.11257E-01  1.91491E-14 -1.56515E-13  1.88831E-14 -2.60866E-13  1.52036E-14  0.00000E+00
  1.290E+02  8.14660E-01  1.91304E-14 -1.53627E-13  1.90170E-14 -2.58044E-13  4.17058E-14  0.00000E+00
  1.295E+02  8.18039E-01  1.91052E-14 -1.50783E-13  1.91406E-14 -2.55231E-13  5.53519E-14  0.00000E+00
  1.300E+02  8.21394E-01  1.90738E-14 -1.47980E-13  1.92539E-14 -2.52426E-13  9.97392E-15  0.00000E+00
  1.305E+02  8.24724E-01  1.90365E-14 -1.45219E-13  1.93570E-14 -2.49631E-13  4.66146E-14  1.00069E-17
  1.310E+02  8.28030E-01  1.89934E-14 -1.42498E-13  1.94502E-14 -2.46844E-13  5.51163E-14  9.96308E-18
  1.315E+02  8.31310E-01  1.89449E-14 -1.39818E-13  1.95336E-14 -2.44065E-13  4.96463E-15  0.00000E+00
  1.320E+02  8.34565E-01  1.88913E-14 -1.37177E-13  1.96074E-14 -2.41295E-13  5.13085E-14  9.87751E-18
  1.325E+02  8.37795E-01  1.88326E-14 -1.34576E-13  1.96717E-14 -2.38533E-13  5.45137E-14  9.83574E-18
  1.330E+02  8.40999E-01  1.87692E-14 -1.32013E-13  1.97267E-14 -2.35779E-13  3.80221E-16  0.00000E+00
  1.335E+02  8.44177E-01  1.87012E-14 -1.29490E-13  1.97724E-14 -2.33033E-13  5.61510E-14  9.75419E-18
  1.340E+02  8.47329E-01  1.86288E-14 -1.27005E-13  1.98092E-14 -2.30295E-13  5.31101E-14  9.71439E-18
  1.345E+02  8.50455E-01  1.85523E-14 -1.24558E-13  1.98370E-14 -2.27565E-13  6.49588E-15  9.67524E-18
  1.350E+02  8.53553E-01  1.84719E-14 -1.22147E-13  1.98562E-14 -2.24843E-13  6.05591E-14  0.00000E+00
  1.355E+02  8.56625E-01  1.83879E-14 -1.19774E-13  1.98667E-14 -2.22128E-13  5.14161E-14  0.00000E+00
  1.360E+02  8.59670E-01  1.83003E-14 -1.17437E-13  1.98687E-14 -2.19421E-13  1.26554E-14  0.00000E+00
  1.365E+02  8.62687E-01  1.82093E-14 -1.15136E-13  1.98624E-14 -2.16722E-13  6.48945E-14  0.00000E+00
  1.370E+02  8.65677E-01  1.81152E-14 -1.12871E-13  1.98480E-14 -2.14029E-13  4.89734E-14  0.00000E+00
  1.375E+02  8.68639E-01  1.80180E-14 -1.10642E-13  1.98255E-14 -2.11344E-13  1.95015E-14  0.00000E+00
  1.380E+02  8.71572E-01  1.79180E-14 -1.08448E-13  1.97950E-14 -2.08666E-13  6.87125E-14  0.00000E+00
  1.385E+02  8.74478E-01  1.78154E-14 -1.06288E-13  1.97568E-14 -2.05995E-13  4.61210E-14  0.00000E+00
  1.390E+02  8.77355E-01  1.77103E-14 -1.04163E-13  1.97109E-14 -2.03331E-13  2.63438E-14  0.00000E+00
  1.395E+02  8.80203E-01  1.76030E-14 -1.02071E-13  1.96575E-14 -2.00674E-13  7.21659E-14  0.00000E+00
  1.400E+02  8.83022E-01  1.74936E-14 -1.00013E-13  1.95967E-14 -1.98024E-13  4.21242E-14  0.00000E+00
  1.405E+02  8.85812E-01  1.73821E-14 -9.79883E-14  1.95286E-14 -1.95380E-13  3.34071E-14  0.00000E+00
  1.410E+02  8.88573E-01  1.72687E-14 -9.59970E-14  1.94534E-14 -1.92743E-13  7.53141E-14  0.00000E+00
  1.415E+02  8.91304E-01  1.71536E-14 -9.40385E-14  1.93711E-14 -1.90112E-13  3.77760E-14  0.00000E+00
  1.420E+02  8.94005E-01  1.70369E-14 -9.21124E-14  1.92819E-14 -1.87487E-13  4.08304E-14  0.00000E+00
  1.425E+02  8.96677E-01  1.69188E-14 -9.02180E-14  1.91860E-14 -1.84869E-13  7.77394E-14  0.00000E+00
  1.430E+02  8.99318E-01  1.67997E-14 -8.83550E-14  1.90833E-14 -1.82257E-13  3.27826E-14  0.00000E+00
  1.435E+02  9.01928E-01  1.66794E-14 -8.65233E-14  1.89741E-14 -1.79651E-13  4.82746E-14  0.00000E+00
  1.440E+02  9.04508E-01  1.65580E-14 -8.47233E-14  1.88585E-14 -1.77051E-13  7.98389E-14  0.00000E+00
  1.445E+02  9.07058E-01  1.64354E-14 -8.29548E-14  1.87365E-14 -1.74457E-13  2.69281E-14  0.00000E+00
  1.450E+02  9.09576E-01  1.63122E-14 -8.12168E-14  1.86084E-14 -1.71869E-13  5.57224E-14  0.00000E+00
  1.455E+02  9.12063E-01  1.61885E-14 -7.95088E-14  1.84741E-14 -1.69287E-13  8.08842E-14  0.00000E+00
  1.460E+02  9.14519E-01  1.60644E-14 -7.78304E-14  1.83339E-14 -1.66710E-13  2.05013E-14  0.00000E+00
  1.465E+02  9.16943E-01  1.59398E-14 -7.61819E-14  1.81878E-14 -1.64138E-13  6.34267E-14  0.00000E+00
  1.470E+02  9.19335E-01  1.58148E-14 -7.45631E-14  1.80359E-14 -1.61572E-13  8.18242E-14  0.00000E+00
  1.475E+02  9.21696E-01  1.56896E-14 -7.29740E-14  1.78784E-14 -1.59012E-13  1.32894E-14  0.00000E+00
  1.480E+02  9.24024E-01  1.55643E-14 -7.14141E-14  1.77153E-14 -1.56457E-13  7.09628E-14  0.00000E+00
  1.485E+02  9.26320E-01  1.54391E-14 -6.98830E-14  1.75467E-14 -1.53906E-13  8.14561E-14  0.00000E+00
  1.490E+02  9.28584E-01  1.53140E-14 -6.83804E-14  1.73728E-14 -1.51361E-13  5.48963E-15  0.00000E+00
  1.495E+02  9.30815E-01  1.51892E-14 -6.69058E-14  1.71937E-14 -1.48821E-13  7.81192E-14  0.00000E+00
  1.500E+02  9.33013E-01  1.50647E-14 -6.54594E-14  1.70095E-14 -1.46286E-13  8.03358E-14  1.74815E-17
  1.505E+02  9.35178E-01  1.49406E-14 -6.40410E-14  1.68202E-14 -1.43756E-13  2.80575E-15  0.00000E+00
  1.510E+02  9.37310E-01  1.48170E-14 -6.26505E-14  1.66259E-14 -1.41230E-13  8.47962E-14  0.00000E+00
  1.515E+02  9.39409E-01  1.46939E-14 -6.12877E-14  1.64269E-14 -1.38709E-13  7.84950E-14  3.47022E-17
  1.520E+02  9.41474E-01  1.45715E-14 -5.99523E-14  1.62231E-14 -1.36192E-13  1.18026E-14  0.00000E+00
  1.525E+02  9.43505E-01  1.44499E-14 -5.86438E-14  1.60146E-14 -1.33681E-13  9.15364E-14  0.00000E+00
  1.530E+02  9.45503E-01  1.43292E-14 -5.73620E-14  1.58017E-14 -1.31173E-13  7.54739E-14  3.44572E-17
  1.535E+02  9.47467E-01  1.42094E-14 -5.61068E-14  1.55843E-14 -1.28670E-13  2.12223E-14  3.43789E-17
  1.540E+02  9.49397E-01  1.40906E-14 -5.48782E-14  1.53625E-14 -1.26171E-13  9.74238E-14  0.00000E+00
  1.545E+02  9.51293E-01  1.39729E-14 -5.36762E-14  1.51365E-14 -1.23676E-13  7.14404E-14  3.42275E-17
  1.550E+02  9.53154E-01  1.38563E-14 -5.25004E-14  1.49063E-14 -1.21185E-13  3.10754E-14  3.41543E-17
  1.555E+02  9.54981E-01  1.37409E-14 -5.13508E-14  1.46720E-14 -1.18698E-13  1.02629E-13  0.00000E+00
  1.560E+02  9.56773E-01  1.36269E-14 -5.02269E-14  1.44338E-14 -1.16215E-13  6.64247E-14  1.70064E-17
  1.565E+02  9.58530E-01  1.35142E-14 -4.91285E-14  1.41917E-14 -1.13735E-13  4.11705E-14  5.09168E-17
  1.570E+02  9.60252E-01  1.34030E-14 -4.80554E-14  1.39458E-14 -1.11260E-13  1.06790E-13  0.00000E+00
  1.575E+02  9.61940E-01  1.32933E-14 -4.70077E-14  1.36962E-14 -1.08788E-13  6.02885E-14  1.69064E-17
  1.580E+02  9.63592E-01  1.31851E-14 -4.59853E-14  1.34430E-14 -1.06319E-13  5.12630E-14  5.06239E-17
  1.585E+02  9.65209E-01  1.30785E-14 -4.49881E-14  1.31863E-14 -1.03854E-13  1.10088E-13  3.36873E-17
  1.590E+02  9.66790E-01  1.29736E-14 -4.40160E-14  1.29261E-14 -1.01393E-13  5.28795E-14  1.68135E-17
  1.595E+02  9.68336E-01  1.28704E-14 -4.30685E-14  1.26626E-14 -9.89346E-14  6.12544E-14  6.71364E-17
  1.600E+02  9.69846E-01  1.27690E-14 -4.21455E-14  1.23959E-14 -9.64796E-14  1.12107E-13  6.70219E-17
  1.605E+02  9.71321E-01  1.26695E-14 -4.12468E-14  1.21259E-14 -9.40277E-14  4.47028E-14  0.00000E+00
  1.610E+02  9.72759E-01  1.25719E-14 -4.03724E-14  1.18529E-14 -9.15788E-14  7.10229E-14  8.35026E-17
  1.615E+02  9.74162E-01  1.24762E-14 -3.95223E-14  1.15769E-14 -8.91329E-14  1.12939E-13  6.66968E-17
  1.620E+02  9.75528E-01  1.23825E-14 -3.86965E-14  1.12980E-14 -8.66899E-14  3.54736E-14  0.00000E+00
  1.625E+02  9.76858E-01  1.22908E-14 -3.78949E-14  1.10162E-14 -8.42497E-14  8.00585E-14  8.31190E-17
  1.630E+02  9.78152E-01  1.22012E-14 -3.71172E-14  1.07317E-14 -8.18123E-14  1.12230E-13  8.29986E-17
  1.635E+02  9.79410E-01  1.21137E-14 -3.63630E-14  1.04445E-14 -7.93775E-14  2.58465E-14  3.31528E-17
  1.640E+02  9.80631E-01  1.20285E-14 -3.56322E-14  1.01548E-14 -7.69452E-14  8.84936E-14  1.32430E-16
  1.645E+02  9.81815E-01  1.19455E-14 -3.49249E-14  9.86254E-15 -7.45155E-14  1.09724E-13  8.26596E-17
  1.650E+02  9.82963E-01  1.18647E-14 -3.42411E-14  9.56788E-15 -7.20882E-14  1.53622E-14  0.00000E+00
  1.655E+02  9.84074E-01  1.17862E-14 -3.35809E-14  9.27088E-15 -6.96631E-14  9.54606E-14  1.48413E-16
  1.660E+02  9.85148E-01  1.17100E-14 -3.29441E-14  8.97164E-15 -6.72404E-14  1.05412E-13  1.31766E-16
  1.665E+02  9.86185E-01  1.16361E-14 -3.23306E-14  8.67022E-15 -6.48198E-14  4.56234E-15  1.64517E-17
  1.670E+02  9.87185E-01  1.15646E-14 -3.17399E-14  8.36672E-15 -6.24013E-14  1.00754E-13  1.80768E-16
  1.675E+02  9.88148E-01  1.14957E-14 -3.11720E-14  8.06121E-15 -5.99849E-14  9.96189E-14  9.84956E-17
  1.680E+02  9.89074E-01  1.14292E-14 -3.06268E-14  7.75377E-15 -5.75703E-14  6.16873E-15  8.19956E-17
  1.685E+02  9.89962E-01  1.13652E-14 -3.01045E-14  7.44448E-15 -5.51577E-14  1.04327E-13  1.47447E-16
  1.690E+02  9.90814E-01  1.13037E-14 -2.96052E-14  7.13342E-15 -5.27468E-14  9.20667E-14  4.91028E-17
  1.695E+02  9.91627E-01  1.12447E-14 -2.91288E-14  6.82068E-15 -5.03376E-14  1.63508E-14  3.27058E-17
  1.700E+02  9.92404E-01  1.11882E-14 -2.86752E-14  6.50632E-15 -4.79300E-14  1.05424E-13  1.14372E-16
  1.705E+02  9.93143E-01  1.11343E-14 -2.82439E-14  6.19042E-15 -4.55240E-14  8.27780E-14  1.63256E-17
  1.710E+02  9.93844E-01  1.10832E-14 -2.78348E-14  5.87307E-15 -4.31194E-14  2.55985E-14  4.89389E-17
  1.715E+02  9.94508E-01  1.10347E-14 -2.74480E-14  5.55435E-15 -4.07163E-14  1.03866E-13  0.00000E+00
  1.720E+02  9.95134E-01  1.09889E-14 -2.70835E-14  5.23432E-15 -3.83144E-14  7.18562E-14  1.62898E-17
  1.725E+02  9.95722E-01  1.09457E-14 -2.67416E-14  4.91308E-15 -3.59138E-14  3.30133E-14  0.00000E+00
  1.730E+02  9.96273E-01  1.09052E-14 -2.64223E-14  4.59069E-15 -3.35143E-14  9.95314E-14  6.50777E-17
  1.735E+02  9.96786E-01  1.08673E-14 -2.61254E-14  4.26723E-15 -3.11159E-14  6.01074E-14  9.75616E-17
  1.740E+02  9.97261E-01  1.08322E-14 -2.58506E-14  3.94278E-15 -2.87186E-14  3.85924E-14  4.87553E-17
  1.745E+02  9.97698E-01  1.07999E-14 -2.55975E-14  3.61742E-15 -2.63221E-14  9.15760E-14  2.43660E-16
  1.750E+02  9.98097E-01  1.07705E-14 -2.53663E-14  3.29122E-15 -2.39265E-14  4.73507E-14  2.11079E-16
  1.755E+02  9.98459E-01  1.07439E-14 -2.51571E-14  2.96426E-15 -2.15317E-14  4.10905E-14  1.46074E-16
  1.760E+02  9.98782E-01  1.07199E-14 -2.49702E-14  2.63662E-15 -1.91375E-14  8.00305E-14  6.16538E-16
  1.765E+02  9.99067E-01  1.06987E-14 -2.48057E-14  2.30837E-15 -1.67440E-14  3.44125E-14  4.21710E-16
  1.770E+02  9.99315E-01  1.06802E-14 -2.46636E-14  1.97959E-15 -1.43510E-14  3.95794E-14  5.99963E-16
  1.775E+02  9.99524E-01  1.06645E-14 -2.45434E-14  1.65035E-15 -1.19584E-14  6.37103E-14  1.57252E-15
  1.780E+02  9.99695E-01  1.06518E-14 -2.44448E-14  1.32074E-15 -9.56629E-15  2.17038E-14  8.75256E-16
  1.785E+02  9.99829E-01  1.06420E-14 -2.43674E-14  9.90818E-16 -7.17446E-15  3.20406E-14  2.26885E-15
  1.790E+02  9.99924E-01  1.06352E-14 -2.43116E-14  6.60672E-16 -4.78285E-15  4.00401E-14  6.70860E-15
  1.795E+02  9.99981E-01  1.06311E-14 -2.42778E-14  3.30374E-16 -2.39139E-15  8.35987E-15  5.75218E-15
  1.800E+02  1.00000E+00  1.06301E-14 -2.42663E-14  4.63642E-30 -3.35592E-29  2.22487E-14  3.96013E-11
