 #  Spin polarization functions (in cm)      MU=(1-cos(TH))/2
 #  Z =  47,   projectile: electron
 #  Kinetic energy = 7.90000E+06 eV
 #
 # TH (deg)      MU            U            S            T      1-U^2-T^2-S^2
 #------------------------------------------------------------------------------
  0.000E+00  0.00000E+00  0.00000E+00  0.00000E+00  1.00000E+00  0.00000E+00
  1.000E-04  7.61557E-13  1.63922E-06  1.09218E-11  1.00000E+00  3.33067E-16
  1.250E-04  1.18994E-12  2.04903E-06  1.36511E-11  1.00000E+00  3.33067E-16
  1.500E-04  1.71346E-12  2.45884E-06  1.63796E-11  1.00000E+00  4.44089E-16
  1.750E-04  2.33225E-12  2.86864E-06  1.91071E-11  1.00000E+00 -2.22045E-16
  2.000E-04  3.04617E-12  3.27845E-06  2.18336E-11  1.00000E+00  3.33067E-16
  2.250E-04  3.85530E-12  3.68826E-06  2.45588E-11  1.00000E+00  3.33067E-16
  2.500E-04  4.75964E-12  4.09806E-06  2.72825E-11  1.00000E+00 -2.22045E-16
  2.750E-04  5.75917E-12  4.50787E-06  3.00047E-11  1.00000E+00  4.44089E-16
  3.000E-04  6.85391E-12  4.91767E-06  3.27252E-11  1.00000E+00 -2.22045E-16
  3.250E-04  8.04379E-12  5.32748E-06  3.54438E-11  1.00000E+00  3.33067E-16
  3.500E-04  9.32893E-12  5.73729E-06  3.81603E-11  1.00000E+00 -4.44089E-16
  3.750E-04  1.07092E-11  6.14709E-06  4.08746E-11  1.00000E+00 -2.22045E-16
  4.000E-04  1.21847E-11  6.55690E-06  4.35866E-11  1.00000E+00  2.22045E-16
  4.250E-04  1.37554E-11  6.96671E-06  4.62960E-11  1.00000E+00 -2.22045E-16
  4.500E-04  1.54213E-11  7.37651E-06  4.90028E-11  1.00000E+00 -2.22045E-16
  4.750E-04  1.71823E-11  7.78632E-06  5.17068E-11  1.00000E+00 -2.22045E-16
  5.000E-04  1.90386E-11  8.19613E-06  5.44078E-11  1.00000E+00  0.00000E+00
  5.250E-04  2.09900E-11  8.60593E-06  5.71056E-11  1.00000E+00  2.22045E-16
  5.500E-04  2.30367E-11  9.01574E-06  5.98002E-11  1.00000E+00 -2.22045E-16
  5.750E-04  2.51785E-11  9.42555E-06  6.24913E-11  1.00000E+00  4.44089E-16
  6.000E-04  2.74156E-11  9.83535E-06  6.51789E-11  1.00000E+00 -4.44089E-16
  6.250E-04  2.97478E-11  1.02452E-05  6.78626E-11  1.00000E+00  3.33067E-16
  6.500E-04  3.21752E-11  1.06550E-05  7.05425E-11  1.00000E+00 -4.44089E-16
  6.750E-04  3.46979E-11  1.10648E-05  7.32183E-11  1.00000E+00 -4.44089E-16
  7.000E-04  3.73157E-11  1.14746E-05  7.58899E-11  1.00000E+00  3.33067E-16
  7.250E-04  4.00286E-11  1.18844E-05  7.85571E-11  1.00000E+00  2.22045E-16
  7.500E-04  4.28368E-11  1.22942E-05  8.12199E-11  1.00000E+00  1.11022E-16
  7.750E-04  4.57402E-11  1.27040E-05  8.38779E-11  1.00000E+00  4.44089E-16
  8.000E-04  4.87388E-11  1.31138E-05  8.65312E-11  1.00000E+00  1.11022E-16
  8.250E-04  5.18325E-11  1.35236E-05  8.91794E-11  1.00000E+00  0.00000E+00
  8.500E-04  5.50215E-11  1.39334E-05  9.18226E-11  1.00000E+00  1.11022E-16
  8.750E-04  5.83057E-11  1.43432E-05  9.44604E-11  1.00000E+00 -2.22045E-16
  9.000E-04  6.16850E-11  1.47530E-05  9.70929E-11  1.00000E+00  3.33067E-16
  9.250E-04  6.51595E-11  1.51628E-05  9.97198E-11  1.00000E+00  1.11022E-16
  9.500E-04  6.87293E-11  1.55726E-05  1.02341E-10  1.00000E+00  2.22045E-16
  9.750E-04  7.23943E-11  1.59825E-05  1.04956E-10  1.00000E+00 -2.22045E-16
  1.000E-03  7.61544E-11  1.63923E-05  1.07566E-10  1.00000E+00  3.33067E-16
  1.250E-03  1.18991E-10  2.04903E-05  1.33296E-10  1.00000E+00  1.11022E-16
  1.500E-03  1.71347E-10  2.45884E-05  1.58267E-10  1.00000E+00 -4.44089E-16
  1.750E-03  2.33223E-10  2.86865E-05  1.82341E-10  1.00000E+00  2.22045E-16
  2.000E-03  3.04617E-10  3.27846E-05  2.05390E-10  1.00000E+00 -2.22045E-16
  2.250E-03  3.85531E-10  3.68827E-05  2.27292E-10  1.00000E+00  2.22045E-16
  2.500E-03  4.75965E-10  4.09809E-05  2.47938E-10  1.00000E+00 -2.22045E-16
  2.750E-03  5.75917E-10  4.50790E-05  2.67228E-10  1.00000E+00  0.00000E+00
  3.000E-03  6.85389E-10  4.91772E-05  2.85075E-10  1.00000E+00 -2.22045E-16
  3.250E-03  8.04380E-10  5.32753E-05  3.01404E-10  1.00000E+00 -4.44089E-16
  3.500E-03  9.32891E-10  5.73735E-05  3.16153E-10  1.00000E+00  0.00000E+00
  3.750E-03  1.07092E-09  6.14717E-05  3.29275E-10  1.00000E+00  2.22045E-16
  4.000E-03  1.21847E-09  6.55699E-05  3.40738E-10  1.00000E+00  4.44089E-16
  4.250E-03  1.37554E-09  6.96682E-05  3.50523E-10  1.00000E+00  0.00000E+00
  4.500E-03  1.54213E-09  7.37664E-05  3.58626E-10  1.00000E+00 -2.22045E-16
  4.750E-03  1.71823E-09  7.78647E-05  3.65061E-10  1.00000E+00 -4.44089E-16
  5.000E-03  1.90386E-09  8.19630E-05  3.69853E-10  1.00000E+00  2.22045E-16
  5.250E-03  2.09900E-09  8.60613E-05  3.73045E-10  1.00000E+00 -2.22045E-16
  5.500E-03  2.30367E-09  9.01596E-05  3.74693E-10  1.00000E+00  1.11022E-16
  5.750E-03  2.51785E-09  9.42579E-05  3.74867E-10  1.00000E+00 -2.22045E-16
  6.000E-03  2.74156E-09  9.83563E-05  3.73651E-10  1.00000E+00  2.22045E-16
  6.250E-03  2.97478E-09  1.02455E-04  3.71142E-10  1.00000E+00  2.22045E-16
  6.500E-03  3.21752E-09  1.06553E-04  3.67449E-10  1.00000E+00 -2.22045E-16
  6.750E-03  3.46978E-09  1.10651E-04  3.62693E-10  1.00000E+00  2.22045E-16
  7.000E-03  3.73156E-09  1.14750E-04  3.57002E-10  1.00000E+00 -2.22045E-16
  7.250E-03  4.00286E-09  1.18848E-04  3.50516E-10  1.00000E+00  4.44089E-16
  7.500E-03  4.28368E-09  1.22947E-04  3.43382E-10  1.00000E+00 -2.22045E-16
  7.750E-03  4.57402E-09  1.27045E-04  3.35753E-10  1.00000E+00 -2.22045E-16
  8.000E-03  4.87388E-09  1.31143E-04  3.27787E-10  1.00000E+00 -2.22045E-16
  8.250E-03  5.18326E-09  1.35242E-04  3.19647E-10  1.00000E+00  1.11022E-16
  8.500E-03  5.50215E-09  1.39340E-04  3.11495E-10  1.00000E+00  1.11022E-16
  8.750E-03  5.83057E-09  1.43439E-04  3.03498E-10  1.00000E+00  0.00000E+00
  9.000E-03  6.16850E-09  1.47537E-04  2.95818E-10  1.00000E+00 -2.22045E-16
  9.250E-03  6.51596E-09  1.51635E-04  2.88618E-10  1.00000E+00  3.33067E-16
  9.500E-03  6.87293E-09  1.55734E-04  2.82054E-10  1.00000E+00  1.11022E-16
  9.750E-03  7.23942E-09  1.59832E-04  2.76278E-10  1.00000E+00  1.11022E-16
  1.000E-02  7.61544E-09  1.63931E-04  2.71436E-10  1.00000E+00  1.11022E-16
  1.250E-02  1.18991E-08  2.04914E-04  2.98734E-10  1.00000E+00  1.11022E-16
  1.500E-02  1.71347E-08  2.45895E-04  4.85631E-10  1.00000E+00  0.00000E+00
  1.750E-02  2.33223E-08  2.86877E-04  7.49785E-10  1.00000E+00  2.22045E-16
  2.000E-02  3.04617E-08  3.27859E-04  9.40175E-10  1.00000E+00 -2.22045E-16
  2.250E-02  3.85531E-08  3.68842E-04  9.86218E-10  1.00000E+00  2.22045E-16
  2.500E-02  4.75965E-08  4.09826E-04  9.77276E-10  1.00000E+00 -4.44089E-16
  2.750E-02  5.75917E-08  4.50809E-04  1.08000E-09  1.00000E+00  0.00000E+00
  3.000E-02  6.85389E-08  4.91790E-04  1.36388E-09  1.00000E+00 -2.22045E-16
  3.250E-02  8.04380E-08  5.32772E-04  1.71558E-09  1.00000E+00  4.44089E-16
  3.500E-02  9.32891E-08  5.73754E-04  1.94708E-09  1.00000E+00  2.22045E-16
  3.750E-02  1.07092E-07  6.14738E-04  1.99877E-09  1.00000E+00  0.00000E+00
  4.000E-02  1.21847E-07  6.55722E-04  2.02055E-09  1.00000E+00 -2.22045E-16
  4.250E-02  1.37554E-07  6.96704E-04  2.22601E-09  1.00000E+00  2.22045E-16
  4.500E-02  1.54213E-07  7.37686E-04  2.65835E-09  1.00000E+00  1.11022E-16
  4.750E-02  1.71823E-07  7.78668E-04  3.12277E-09  1.00000E+00 -2.22045E-16
  5.000E-02  1.90386E-07  8.19650E-04  3.38093E-09  1.00000E+00  1.11022E-16
  5.250E-02  2.09900E-07  8.60634E-04  3.41709E-09  1.00000E+00  1.11022E-16
  5.500E-02  2.30367E-07  9.01618E-04  3.48206E-09  1.00000E+00 -2.22045E-16
  5.750E-02  2.51785E-07  9.42601E-04  3.83920E-09  1.00000E+00 -2.22045E-16
  6.000E-02  2.74156E-07  9.83582E-04  4.46655E-09  1.00000E+00  1.11022E-16
  6.250E-02  2.97478E-07  1.02456E-03  5.04923E-09  9.99999E-01  4.44089E-16
  6.500E-02  3.21752E-07  1.06555E-03  5.30435E-09  9.99999E-01 -2.22045E-16
  6.750E-02  3.46978E-07  1.10653E-03  5.30692E-09  9.99999E-01  0.00000E+00
  7.000E-02  3.73156E-07  1.14752E-03  5.44544E-09  9.99999E-01  2.22045E-16
  7.250E-02  4.00286E-07  1.18850E-03  6.01530E-09  9.99999E-01  3.33067E-16
  7.500E-02  4.28368E-07  1.22948E-03  6.87219E-09  9.99999E-01  1.11022E-16
  7.750E-02  4.57402E-07  1.27046E-03  7.54748E-09  9.99999E-01  1.11022E-16
  8.000E-02  4.87388E-07  1.31145E-03  7.74616E-09  9.99999E-01  0.00000E+00
  8.250E-02  5.18325E-07  1.35243E-03  7.70177E-09  9.99999E-01 -2.22045E-16
  8.500E-02  5.50215E-07  1.39341E-03  7.96813E-09  9.99999E-01 -4.44089E-16
  8.750E-02  5.83057E-07  1.43440E-03  8.82344E-09  9.99999E-01  1.11022E-16
  9.000E-02  6.16850E-07  1.47538E-03  9.92440E-09  9.99999E-01  0.00000E+00
  9.250E-02  6.51596E-07  1.51636E-03  1.06311E-08  9.99999E-01 -2.22045E-16
  9.500E-02  6.87293E-07  1.55735E-03  1.07034E-08  9.99999E-01 -2.22045E-16
  9.750E-02  7.23942E-07  1.59833E-03  1.06142E-08  9.99999E-01  1.11022E-16
  1.000E-01  7.61543E-07  1.63931E-03  1.10843E-08  9.99999E-01  0.00000E+00
  1.250E-01  1.18991E-06  2.04915E-03  1.79478E-08  9.99998E-01 -2.22045E-16
  1.500E-01  1.71347E-06  2.45899E-03  2.77037E-08  9.99997E-01  2.22045E-16
  1.750E-01  2.33223E-06  2.86883E-03  3.57104E-08  9.99996E-01  0.00000E+00
  2.000E-01  3.04617E-06  3.27868E-03  4.32405E-08  9.99995E-01  1.11022E-16
  2.250E-01  3.85531E-06  3.68853E-03  5.75068E-08  9.99993E-01  0.00000E+00
  2.500E-01  4.75964E-06  4.09838E-03  7.41424E-08  9.99992E-01  4.44089E-16
  2.750E-01  5.75916E-06  4.50824E-03  8.41537E-08  9.99990E-01 -4.44089E-16
  3.000E-01  6.85388E-06  4.91810E-03  9.55153E-08  9.99988E-01  2.22045E-16
  3.250E-01  8.04378E-06  5.32796E-03  1.18773E-07  9.99986E-01  2.22045E-16
  3.500E-01  9.32888E-06  5.73783E-03  1.40487E-07  9.99984E-01 -2.22045E-16
  3.750E-01  1.07092E-05  6.14771E-03  1.49350E-07  9.99981E-01  0.00000E+00
  4.000E-01  1.21846E-05  6.55759E-03  1.65613E-07  9.99978E-01  2.22045E-16
  4.250E-01  1.37553E-05  6.96746E-03  1.98981E-07  9.99976E-01 -2.22045E-16
  4.500E-01  1.54212E-05  7.37735E-03  2.21283E-07  9.99973E-01 -4.44089E-16
  4.750E-01  1.71822E-05  7.78725E-03  2.28060E-07  9.99970E-01  1.11022E-16
  5.000E-01  1.90385E-05  8.19714E-03  2.53164E-07  9.99966E-01 -2.22045E-16
  5.250E-01  2.09899E-05  8.60703E-03  2.95821E-07  9.99963E-01 -2.22045E-16
  5.500E-01  2.30365E-05  9.01693E-03  3.16707E-07  9.99959E-01  4.44089E-16
  5.750E-01  2.51783E-05  9.42684E-03  3.22892E-07  9.99956E-01 -2.22045E-16
  6.000E-01  2.74153E-05  9.83674E-03  3.61912E-07  9.99952E-01  1.11022E-16
  6.250E-01  2.97475E-05  1.02466E-02  4.13135E-07  9.99948E-01  2.22045E-16
  6.500E-01  3.21749E-05  1.06566E-02  4.28059E-07  9.99943E-01 -2.22045E-16
  6.750E-01  3.46974E-05  1.10665E-02  4.39997E-07  9.99939E-01  2.22045E-16
  7.000E-01  3.73152E-05  1.14764E-02  4.94415E-07  9.99934E-01 -4.44089E-16
  7.250E-01  4.00281E-05  1.18863E-02  5.48351E-07  9.99929E-01 -2.22045E-16
  7.500E-01  4.28362E-05  1.22962E-02  5.56850E-07  9.99924E-01  0.00000E+00
  7.750E-01  4.57395E-05  1.27062E-02  5.76587E-07  9.99919E-01  2.22045E-16
  8.000E-01  4.87380E-05  1.31161E-02  6.47325E-07  9.99914E-01  3.33067E-16
  8.250E-01  5.18317E-05  1.35260E-02  6.97881E-07  9.99909E-01  2.22045E-16
  8.500E-01  5.50205E-05  1.39360E-02  6.98821E-07  9.99903E-01  1.11022E-16
  8.750E-01  5.83045E-05  1.43459E-02  7.33540E-07  9.99897E-01 -2.22045E-16
  9.000E-01  6.16838E-05  1.47558E-02  8.18213E-07  9.99891E-01  1.11022E-16
  9.250E-01  6.51582E-05  1.51658E-02  8.59674E-07  9.99885E-01 -4.44089E-16
  9.500E-01  6.87277E-05  1.55757E-02  8.57145E-07  9.99879E-01  2.22045E-16
  9.750E-01  7.23925E-05  1.59857E-02  9.11791E-07  9.99872E-01  0.00000E+00
  1.000E+00  7.61524E-05  1.63956E-02  9.74094E-07  9.99866E-01 -2.22045E-16
  1.100E+00  9.21439E-05  1.80355E-02  1.16364E-06  9.99837E-01  0.00000E+00
  1.200E+00  1.09658E-04  1.96753E-02  1.36821E-06  9.99806E-01 -2.22045E-16
  1.300E+00  1.28695E-04  2.13152E-02  1.59011E-06  9.99773E-01  2.22045E-16
  1.400E+00  1.49255E-04  2.29552E-02  1.82343E-06  9.99736E-01  0.00000E+00
  1.500E+00  1.71338E-04  2.45951E-02  2.07127E-06  9.99697E-01  3.33067E-16
  1.600E+00  1.94942E-04  2.62351E-02  2.33876E-06  9.99656E-01  4.44089E-16
  1.700E+00  2.20070E-04  2.78751E-02  2.61525E-06  9.99611E-01 -2.22045E-16
  1.800E+00  2.46720E-04  2.95151E-02  2.90658E-06  9.99564E-01  2.22045E-16
  1.900E+00  2.74892E-04  3.11551E-02  3.21775E-06  9.99515E-01  1.11022E-16
  2.000E+00  3.04586E-04  3.27951E-02  3.53595E-06  9.99462E-01  2.22045E-16
  2.100E+00  3.35803E-04  3.44351E-02  3.86619E-06  9.99407E-01  1.11022E-16
  2.200E+00  3.68542E-04  3.60751E-02  4.21662E-06  9.99349E-01  3.33067E-16
  2.300E+00  4.02802E-04  3.77151E-02  4.57141E-06  9.99289E-01  4.44089E-16
  2.400E+00  4.38585E-04  3.93551E-02  4.93876E-06  9.99225E-01 -2.22045E-16
  2.500E+00  4.75889E-04  4.09951E-02  5.32435E-06  9.99159E-01 -2.22045E-16
  2.600E+00  5.14715E-04  4.26350E-02  5.71001E-06  9.99091E-01 -2.22045E-16
  2.700E+00  5.55063E-04  4.42749E-02  6.10757E-06  9.99019E-01 -2.22045E-16
  2.800E+00  5.96931E-04  4.59148E-02  6.52225E-06  9.98945E-01 -2.22045E-16
  2.900E+00  6.40321E-04  4.75547E-02  6.93320E-06  9.98869E-01  2.22045E-16
  3.000E+00  6.85233E-04  4.91945E-02  7.35675E-06  9.98789E-01  0.00000E+00
  3.100E+00  7.31665E-04  5.08342E-02  7.79825E-06  9.98707E-01 -4.44089E-16
  3.200E+00  7.79618E-04  5.24740E-02  8.22966E-06  9.98622E-01  0.00000E+00
  3.300E+00  8.29092E-04  5.41136E-02  8.67139E-06  9.98535E-01  1.11022E-16
  3.400E+00  8.80086E-04  5.57532E-02  9.13390E-06  9.98445E-01  0.00000E+00
  3.500E+00  9.32601E-04  5.73928E-02  9.57875E-06  9.98352E-01  1.11022E-16
  3.600E+00  9.86636E-04  5.90323E-02  1.00389E-05  9.98256E-01 -2.22045E-16
  3.700E+00  1.04219E-03  6.06717E-02  1.05199E-05  9.98158E-01 -2.22045E-16
  3.800E+00  1.09927E-03  6.23110E-02  1.09758E-05  9.98057E-01 -2.22045E-16
  3.900E+00  1.15786E-03  6.39503E-02  1.14472E-05  9.97953E-01  0.00000E+00
  4.000E+00  1.21797E-03  6.55895E-02  1.19382E-05  9.97847E-01 -2.22045E-16
  4.100E+00  1.27961E-03  6.72285E-02  1.24000E-05  9.97738E-01  0.00000E+00
  4.200E+00  1.34276E-03  6.88675E-02  1.28784E-05  9.97626E-01  0.00000E+00
  4.300E+00  1.40743E-03  7.05064E-02  1.33742E-05  9.97511E-01  1.11022E-16
  4.400E+00  1.47362E-03  7.21452E-02  1.38379E-05  9.97394E-01  0.00000E+00
  4.500E+00  1.54133E-03  7.37839E-02  1.43188E-05  9.97274E-01  3.33067E-16
  4.600E+00  1.61056E-03  7.54225E-02  1.48147E-05  9.97152E-01  1.11022E-16
  4.700E+00  1.68131E-03  7.70610E-02  1.52760E-05  9.97026E-01 -4.44089E-16
  4.800E+00  1.75357E-03  7.86993E-02  1.57558E-05  9.96898E-01  0.00000E+00
  4.900E+00  1.82735E-03  8.03376E-02  1.62480E-05  9.96768E-01  0.00000E+00
  5.000E+00  1.90265E-03  8.19756E-02  1.67032E-05  9.96634E-01  0.00000E+00
  5.100E+00  1.97947E-03  8.36136E-02  1.71776E-05  9.96498E-01  3.33067E-16
  5.200E+00  2.05780E-03  8.52515E-02  1.76607E-05  9.96359E-01  0.00000E+00
  5.300E+00  2.13765E-03  8.68891E-02  1.81030E-05  9.96218E-01  0.00000E+00
  5.400E+00  2.21902E-03  8.85266E-02  1.85648E-05  9.96074E-01  4.44089E-16
  5.500E+00  2.30190E-03  9.01641E-02  1.90340E-05  9.95927E-01  2.22045E-16
  5.600E+00  2.38630E-03  9.18013E-02  1.94588E-05  9.95777E-01  1.11022E-16
  5.700E+00  2.47222E-03  9.34383E-02  1.99046E-05  9.95625E-01 -4.44089E-16
  5.800E+00  2.55965E-03  9.50753E-02  2.03572E-05  9.95470E-01  0.00000E+00
  5.900E+00  2.64859E-03  9.67120E-02  2.07602E-05  9.95312E-01  1.11022E-16
  6.000E+00  2.73905E-03  9.83485E-02  2.11872E-05  9.95152E-01  2.22045E-16
  6.100E+00  2.83103E-03  9.99850E-02  2.16221E-05  9.94989E-01 -4.44089E-16
  6.200E+00  2.92452E-03  1.01621E-01  2.19993E-05  9.94823E-01  2.22045E-16
  6.300E+00  3.01952E-03  1.03257E-01  2.24043E-05  9.94655E-01  0.00000E+00
  6.400E+00  3.11604E-03  1.04893E-01  2.28164E-05  9.94484E-01 -4.44089E-16
  6.500E+00  3.21407E-03  1.06529E-01  2.31567E-05  9.94310E-01 -4.44089E-16
  6.600E+00  3.31362E-03  1.08164E-01  2.35375E-05  9.94133E-01  0.00000E+00
  6.700E+00  3.41468E-03  1.09799E-01  2.39242E-05  9.93954E-01  3.33067E-16
  6.800E+00  3.51725E-03  1.11434E-01  2.42158E-05  9.93772E-01  1.11022E-16
  6.900E+00  3.62133E-03  1.13069E-01  2.45866E-05  9.93587E-01  0.00000E+00
  7.000E+00  3.72692E-03  1.14704E-01  2.49279E-05  9.93400E-01 -2.22045E-16
  7.100E+00  3.83403E-03  1.16338E-01  2.51742E-05  9.93210E-01  0.00000E+00
  7.200E+00  3.94265E-03  1.17972E-01  2.55456E-05  9.93017E-01  1.11022E-16
  7.300E+00  4.05278E-03  1.19606E-01  2.58044E-05  9.92821E-01  2.22045E-16
  7.400E+00  4.16442E-03  1.21239E-01  2.60556E-05  9.92623E-01  0.00000E+00
  7.500E+00  4.27757E-03  1.22873E-01  2.63710E-05  9.92422E-01  1.11022E-16
  7.600E+00  4.39223E-03  1.24506E-01  2.65739E-05  9.92219E-01  3.33067E-16
  7.700E+00  4.50840E-03  1.26139E-01  2.68140E-05  9.92013E-01  1.11022E-16
  7.800E+00  4.62608E-03  1.27772E-01  2.70525E-05  9.91804E-01  1.11022E-16
  7.900E+00  4.74527E-03  1.29404E-01  2.72286E-05  9.91592E-01 -2.22045E-16
  8.000E+00  4.86597E-03  1.31036E-01  2.74206E-05  9.91378E-01  0.00000E+00
  8.100E+00  4.98817E-03  1.32668E-01  2.76003E-05  9.91161E-01  3.33067E-16
  8.200E+00  5.11188E-03  1.34299E-01  2.77361E-05  9.90941E-01 -2.22045E-16
  8.300E+00  5.23711E-03  1.35931E-01  2.78752E-05  9.90718E-01  1.11022E-16
  8.400E+00  5.36383E-03  1.37562E-01  2.80012E-05  9.90493E-01 -2.22045E-16
  8.500E+00  5.49207E-03  1.39192E-01  2.80917E-05  9.90265E-01  0.00000E+00
  8.600E+00  5.62181E-03  1.40823E-01  2.81757E-05  9.90035E-01  3.33067E-16
  8.700E+00  5.75306E-03  1.42453E-01  2.82432E-05  9.89802E-01  2.22045E-16
  8.800E+00  5.88581E-03  1.44083E-01  2.82783E-05  9.89566E-01 -2.22045E-16
  8.900E+00  6.02007E-03  1.45712E-01  2.83010E-05  9.89327E-01  0.00000E+00
  9.000E+00  6.15583E-03  1.47341E-01  2.83067E-05  9.89086E-01 -2.22045E-16
  9.100E+00  6.29310E-03  1.48970E-01  2.82825E-05  9.88842E-01 -2.22045E-16
  9.200E+00  6.43187E-03  1.50599E-01  2.82409E-05  9.88595E-01  4.44089E-16
  9.300E+00  6.57214E-03  1.52227E-01  2.81802E-05  9.88346E-01  0.00000E+00
  9.400E+00  6.71392E-03  1.53855E-01  2.80916E-05  9.88093E-01 -2.22045E-16
  9.500E+00  6.85720E-03  1.55482E-01  2.79847E-05  9.87839E-01  3.33067E-16
  9.600E+00  7.00198E-03  1.57109E-01  2.78596E-05  9.87581E-01 -2.22045E-16
  9.700E+00  7.14827E-03  1.58736E-01  2.77084E-05  9.87321E-01  0.00000E+00
  9.800E+00  7.29605E-03  1.60363E-01  2.75353E-05  9.87058E-01 -2.22045E-16
  9.900E+00  7.44534E-03  1.61989E-01  2.73406E-05  9.86793E-01  2.22045E-16
  1.000E+01  7.59612E-03  1.63614E-01  2.71192E-05  9.86524E-01  3.33067E-16
  1.025E+01  7.97965E-03  1.67677E-01  2.64642E-05  9.85842E-01  0.00000E+00
  1.050E+01  8.37255E-03  1.71737E-01  2.56519E-05  9.85143E-01  2.22045E-16
  1.075E+01  8.77480E-03  1.75795E-01  2.46848E-05  9.84427E-01 -2.22045E-16
  1.100E+01  9.18641E-03  1.79851E-01  2.35640E-05  9.83694E-01 -2.22045E-16
  1.125E+01  9.60736E-03  1.83903E-01  2.22755E-05  9.82944E-01  0.00000E+00
  1.150E+01  1.00376E-02  1.87954E-01  2.08124E-05  9.82178E-01 -4.44089E-16
  1.175E+01  1.04773E-02  1.92001E-01  1.91660E-05  9.81395E-01  0.00000E+00
  1.200E+01  1.09262E-02  1.96045E-01  1.73397E-05  9.80595E-01 -2.22045E-16
  1.225E+01  1.13844E-02  2.00087E-01  1.53273E-05  9.79778E-01 -2.22045E-16
  1.250E+01  1.18520E-02  2.04126E-01  1.31151E-05  9.78945E-01  1.11022E-16
  1.275E+01  1.23288E-02  2.08161E-01  1.06956E-05  9.78095E-01 -2.22045E-16
  1.300E+01  1.28150E-02  2.12194E-01  8.06700E-06  9.77228E-01  2.22045E-16
  1.325E+01  1.33104E-02  2.16223E-01  5.23741E-06  9.76344E-01  0.00000E+00
  1.350E+01  1.38150E-02  2.20249E-01  2.20154E-06  9.75444E-01 -4.44089E-16
  1.375E+01  1.43290E-02  2.24271E-01 -1.04986E-06  9.74527E-01  0.00000E+00
  1.400E+01  1.48521E-02  2.28291E-01 -4.52120E-06  9.73593E-01  2.22045E-16
  1.425E+01  1.53845E-02  2.32306E-01 -8.20731E-06  9.72643E-01 -2.22045E-16
  1.450E+01  1.59262E-02  2.36318E-01 -1.21057E-05  9.71676E-01 -2.22045E-16
  1.475E+01  1.64770E-02  2.40327E-01 -1.62209E-05  9.70692E-01  2.22045E-16
  1.500E+01  1.70371E-02  2.44332E-01 -2.05680E-05  9.69692E-01  4.44089E-16
  1.525E+01  1.76063E-02  2.48332E-01 -2.51506E-05  9.68675E-01 -2.22045E-16
  1.550E+01  1.81848E-02  2.52329E-01 -2.99654E-05  9.67641E-01 -4.44089E-16
  1.575E+01  1.87724E-02  2.56323E-01 -3.50161E-05  9.66591E-01  1.11022E-16
  1.600E+01  1.93692E-02  2.60312E-01 -4.03178E-05  9.65525E-01 -2.22045E-16
  1.625E+01  1.99751E-02  2.64297E-01 -4.58842E-05  9.64441E-01 -2.22045E-16
  1.650E+01  2.05901E-02  2.68277E-01 -5.17125E-05  9.63342E-01  1.11022E-16
  1.675E+01  2.12143E-02  2.72254E-01 -5.77936E-05  9.62225E-01  1.11022E-16
  1.700E+01  2.18476E-02  2.76226E-01 -6.41223E-05  9.61093E-01 -2.22045E-16
  1.725E+01  2.24900E-02  2.80194E-01 -7.07125E-05  9.59943E-01  0.00000E+00
  1.750E+01  2.31415E-02  2.84157E-01 -7.75540E-05  9.58778E-01  0.00000E+00
  1.775E+01  2.38021E-02  2.88116E-01 -8.46784E-05  9.57596E-01  2.22045E-16
  1.800E+01  2.44717E-02  2.92070E-01 -9.20494E-05  9.56397E-01 -2.22045E-16
  1.825E+01  2.51504E-02  2.96019E-01 -9.96213E-05  9.55182E-01  4.44089E-16
  1.850E+01  2.58382E-02  2.99964E-01 -1.07510E-04  9.53951E-01 -2.22045E-16
  1.875E+01  2.65349E-02  3.03904E-01 -1.15663E-04  9.52703E-01 -2.22045E-16
  1.900E+01  2.72407E-02  3.07839E-01 -1.24077E-04  9.51439E-01  2.22045E-16
  1.925E+01  2.79555E-02  3.11769E-01 -1.32767E-04  9.50158E-01  2.22045E-16
  1.950E+01  2.86793E-02  3.15693E-01 -1.41737E-04  9.48861E-01  0.00000E+00
  1.975E+01  2.94120E-02  3.19613E-01 -1.51010E-04  9.47548E-01  0.00000E+00
  2.000E+01  3.01537E-02  3.23527E-01 -1.60581E-04  9.46219E-01  0.00000E+00
  2.025E+01  3.09043E-02  3.27437E-01 -1.70444E-04  9.44873E-01  1.11022E-16
  2.050E+01  3.16639E-02  3.31340E-01 -1.80592E-04  9.43511E-01  2.22045E-16
  2.075E+01  3.24324E-02  3.35239E-01 -1.91025E-04  9.42133E-01  2.22045E-16
  2.100E+01  3.32098E-02  3.39132E-01 -2.01747E-04  9.40739E-01  2.22045E-16
  2.125E+01  3.39961E-02  3.43019E-01 -2.12747E-04  9.39329E-01  0.00000E+00
  2.150E+01  3.47912E-02  3.46900E-01 -2.24023E-04  9.37902E-01 -2.22045E-16
  2.175E+01  3.55952E-02  3.50776E-01 -2.35576E-04  9.36459E-01  1.11022E-16
  2.200E+01  3.64081E-02  3.54646E-01 -2.47417E-04  9.35000E-01  0.00000E+00
  2.225E+01  3.72297E-02  3.58511E-01 -2.59550E-04  9.33526E-01  1.11022E-16
  2.250E+01  3.80602E-02  3.62369E-01 -2.71975E-04  9.32035E-01  4.44089E-16
  2.275E+01  3.88995E-02  3.66221E-01 -2.84698E-04  9.30528E-01  2.22045E-16
  2.300E+01  3.97476E-02  3.70067E-01 -2.97728E-04  9.29005E-01  0.00000E+00
  2.325E+01  4.06044E-02  3.73907E-01 -3.11079E-04  9.27466E-01  0.00000E+00
  2.350E+01  4.14700E-02  3.77741E-01 -3.24752E-04  9.25911E-01  0.00000E+00
  2.375E+01  4.23443E-02  3.81569E-01 -3.38744E-04  9.24340E-01  2.22045E-16
  2.400E+01  4.32273E-02  3.85390E-01 -3.53048E-04  9.22754E-01  2.22045E-16
  2.425E+01  4.41190E-02  3.89204E-01 -3.67660E-04  9.21151E-01  0.00000E+00
  2.450E+01  4.50194E-02  3.93012E-01 -3.82574E-04  9.19533E-01  0.00000E+00
  2.475E+01  4.59284E-02  3.96814E-01 -3.97782E-04  9.17899E-01  0.00000E+00
  2.500E+01  4.68461E-02  4.00609E-01 -4.13282E-04  9.16249E-01 -2.22045E-16
  2.550E+01  4.87074E-02  4.08178E-01 -4.45152E-04  9.12902E-01  0.00000E+00
  2.600E+01  5.06030E-02  4.15720E-01 -4.78217E-04  9.09492E-01  2.22045E-16
  2.650E+01  5.25328E-02  4.23234E-01 -5.12560E-04  9.06020E-01 -2.22045E-16
  2.700E+01  5.44967E-02  4.30720E-01 -5.48235E-04  9.02486E-01  0.00000E+00
  2.750E+01  5.64946E-02  4.38176E-01 -5.85244E-04  8.98889E-01  4.44089E-16
  2.800E+01  5.85262E-02  4.45602E-01 -6.23553E-04  8.95231E-01  0.00000E+00
  2.850E+01  6.05914E-02  4.52998E-01 -6.63051E-04  8.91511E-01  2.22045E-16
  2.900E+01  6.26901E-02  4.60364E-01 -7.03744E-04  8.87730E-01  0.00000E+00
  2.950E+01  6.48222E-02  4.67698E-01 -7.45652E-04  8.83888E-01  1.11022E-16
  3.000E+01  6.69873E-02  4.75000E-01 -7.88881E-04  8.79985E-01 -2.22045E-16
  3.050E+01  6.91854E-02  4.82270E-01 -8.33497E-04  8.76022E-01 -2.22045E-16
  3.100E+01  7.14163E-02  4.89506E-01 -8.79468E-04  8.71999E-01  1.11022E-16
  3.150E+01  7.36799E-02  4.96709E-01 -9.26799E-04  8.67916E-01  0.00000E+00
  3.200E+01  7.59760E-02  5.03878E-01 -9.75294E-04  8.63774E-01  0.00000E+00
  3.250E+01  7.83043E-02  5.11013E-01 -1.02502E-03  8.59572E-01  0.00000E+00
  3.300E+01  8.06647E-02  5.18113E-01 -1.07597E-03  8.55312E-01 -2.22045E-16
  3.350E+01  8.30571E-02  5.25177E-01 -1.12823E-03  8.50992E-01  0.00000E+00
  3.400E+01  8.54812E-02  5.32205E-01 -1.18199E-03  8.46615E-01 -2.22045E-16
  3.450E+01  8.79369E-02  5.39195E-01 -1.23700E-03  8.42180E-01  0.00000E+00
  3.500E+01  9.04240E-02  5.46150E-01 -1.29357E-03  8.37687E-01  2.22045E-16
  3.550E+01  9.29422E-02  5.53065E-01 -1.35101E-03  8.33137E-01  0.00000E+00
  3.600E+01  9.54915E-02  5.59944E-01 -1.41017E-03  8.28529E-01  0.00000E+00
  3.650E+01  9.80716E-02  5.66784E-01 -1.46991E-03  8.23865E-01 -4.44089E-16
  3.700E+01  1.00682E-01  5.73585E-01 -1.53161E-03  8.19145E-01  1.11022E-16
  3.750E+01  1.03323E-01  5.80345E-01 -1.59434E-03  8.14369E-01 -2.22045E-16
  3.800E+01  1.05995E-01  5.87066E-01 -1.65870E-03  8.09538E-01  2.22045E-16
  3.850E+01  1.08696E-01  5.93745E-01 -1.72430E-03  8.04651E-01  0.00000E+00
  3.900E+01  1.11427E-01  6.00384E-01 -1.79111E-03  7.99710E-01  0.00000E+00
  3.950E+01  1.14188E-01  6.06982E-01 -1.85919E-03  7.94714E-01  0.00000E+00
  4.000E+01  1.16978E-01  6.13537E-01 -1.92843E-03  7.89663E-01  0.00000E+00
  4.050E+01  1.19797E-01  6.20051E-01 -1.99913E-03  7.84559E-01 -4.44089E-16
  4.100E+01  1.22645E-01  6.26520E-01 -2.07120E-03  7.79402E-01  1.11022E-16
  4.150E+01  1.25522E-01  6.32946E-01 -2.14471E-03  7.74193E-01 -2.22045E-16
  4.200E+01  1.28428E-01  6.39328E-01 -2.21955E-03  7.68931E-01  0.00000E+00
  4.250E+01  1.31361E-01  6.45666E-01 -2.29558E-03  7.63616E-01  1.11022E-16
  4.300E+01  1.34323E-01  6.51960E-01 -2.37288E-03  7.58250E-01  0.00000E+00
  4.350E+01  1.37313E-01  6.58208E-01 -2.45139E-03  7.52832E-01 -4.44089E-16
  4.400E+01  1.40330E-01  6.64411E-01 -2.53130E-03  7.47363E-01  2.22045E-16
  4.450E+01  1.43375E-01  6.70567E-01 -2.61263E-03  7.41844E-01  2.22045E-16
  4.500E+01  1.46447E-01  6.76677E-01 -2.69537E-03  7.36275E-01 -2.22045E-16
  4.550E+01  1.49545E-01  6.82739E-01 -2.77945E-03  7.30657E-01  2.22045E-16
  4.600E+01  1.52671E-01  6.88754E-01 -2.86475E-03  7.24989E-01 -2.22045E-16
  4.650E+01  1.55823E-01  6.94722E-01 -2.95130E-03  7.19272E-01  0.00000E+00
  4.700E+01  1.59001E-01  7.00641E-01 -3.03911E-03  7.13507E-01  0.00000E+00
  4.750E+01  1.62205E-01  7.06512E-01 -3.12830E-03  7.07694E-01  2.22045E-16
  4.800E+01  1.65435E-01  7.12334E-01 -3.21892E-03  7.01834E-01  2.22045E-16
  4.850E+01  1.68690E-01  7.18105E-01 -3.31092E-03  6.95927E-01  0.00000E+00
  4.900E+01  1.71970E-01  7.23827E-01 -3.40429E-03  6.89973E-01  0.00000E+00
  4.950E+01  1.75276E-01  7.29499E-01 -3.49890E-03  6.83973E-01  0.00000E+00
  5.000E+01  1.78606E-01  7.35120E-01 -3.59476E-03  6.77927E-01  0.00000E+00
  5.050E+01  1.81961E-01  7.40691E-01 -3.69192E-03  6.71836E-01  1.11022E-16
  5.100E+01  1.85340E-01  7.46210E-01 -3.79045E-03  6.65700E-01 -4.44089E-16
  5.150E+01  1.88743E-01  7.51677E-01 -3.89040E-03  6.59520E-01  0.00000E+00
  5.200E+01  1.92169E-01  7.57091E-01 -3.99175E-03  6.53297E-01  0.00000E+00
  5.250E+01  1.95619E-01  7.62453E-01 -4.09446E-03  6.47031E-01 -2.22045E-16
  5.300E+01  1.99092E-01  7.67762E-01 -4.19846E-03  6.40721E-01  0.00000E+00
  5.350E+01  2.02589E-01  7.73018E-01 -4.30373E-03  6.34369E-01  0.00000E+00
  5.400E+01  2.06107E-01  7.78221E-01 -4.41034E-03  6.27975E-01  3.33067E-16
  5.450E+01  2.09649E-01  7.83370E-01 -4.51828E-03  6.21539E-01  1.11022E-16
  5.500E+01  2.13212E-01  7.88464E-01 -4.62767E-03  6.15063E-01 -4.44089E-16
  5.550E+01  2.16797E-01  7.93503E-01 -4.73846E-03  6.08548E-01  4.44089E-16
  5.600E+01  2.20404E-01  7.98487E-01 -4.85063E-03  6.01992E-01  0.00000E+00
  5.650E+01  2.24032E-01  8.03416E-01 -4.96413E-03  5.95397E-01  1.11022E-16
  5.700E+01  2.27680E-01  8.08290E-01 -5.07894E-03  5.88762E-01 -2.22045E-16
  5.750E+01  2.31350E-01  8.13108E-01 -5.19508E-03  5.82089E-01 -2.22045E-16
  5.800E+01  2.35040E-01  8.17870E-01 -5.31262E-03  5.75378E-01  2.22045E-16
  5.850E+01  2.38751E-01  8.22575E-01 -5.43159E-03  5.68630E-01  2.22045E-16
  5.900E+01  2.42481E-01  8.27223E-01 -5.55198E-03  5.61846E-01  0.00000E+00
  5.950E+01  2.46231E-01  8.31813E-01 -5.67377E-03  5.55026E-01 -2.22045E-16
  6.000E+01  2.50000E-01  8.36347E-01 -5.79693E-03  5.48170E-01  2.22045E-16
  6.050E+01  2.53788E-01  8.40822E-01 -5.92144E-03  5.41279E-01 -4.44089E-16
  6.100E+01  2.57595E-01  8.45241E-01 -6.04733E-03  5.34352E-01  0.00000E+00
  6.150E+01  2.61421E-01  8.49600E-01 -6.17464E-03  5.27391E-01  1.11022E-16
  6.200E+01  2.65264E-01  8.53901E-01 -6.30340E-03  5.20397E-01  1.11022E-16
  6.250E+01  2.69126E-01  8.58143E-01 -6.43360E-03  5.13370E-01  1.11022E-16
  6.300E+01  2.73005E-01  8.62325E-01 -6.56523E-03  5.06312E-01 -4.44089E-16
  6.350E+01  2.76901E-01  8.66449E-01 -6.69826E-03  4.99221E-01  1.11022E-16
  6.400E+01  2.80814E-01  8.70513E-01 -6.83269E-03  4.92098E-01  2.22045E-16
  6.450E+01  2.84744E-01  8.74517E-01 -6.96857E-03  4.84944E-01  0.00000E+00
  6.500E+01  2.88691E-01  8.78462E-01 -7.10592E-03  4.77759E-01  1.11022E-16
  6.550E+01  2.92653E-01  8.82346E-01 -7.24476E-03  4.70546E-01  2.22045E-16
  6.600E+01  2.96632E-01  8.86169E-01 -7.38508E-03  4.63303E-01  4.44089E-16
  6.650E+01  3.00625E-01  8.89931E-01 -7.52682E-03  4.56033E-01  1.11022E-16
  6.700E+01  3.04634E-01  8.93632E-01 -7.66998E-03  4.48735E-01  0.00000E+00
  6.750E+01  3.08658E-01  8.97272E-01 -7.81460E-03  4.41409E-01  2.22045E-16
  6.800E+01  3.12697E-01  9.00852E-01 -7.96077E-03  4.34054E-01 -2.22045E-16
  6.850E+01  3.16749E-01  9.04370E-01 -8.10857E-03  4.26672E-01 -4.44089E-16
  6.900E+01  3.20816E-01  9.07826E-01 -8.25794E-03  4.19266E-01  0.00000E+00
  6.950E+01  3.24896E-01  9.11219E-01 -8.40875E-03  4.11836E-01  0.00000E+00
  7.000E+01  3.28990E-01  9.14550E-01 -8.56082E-03  4.04383E-01  1.11022E-16
  7.050E+01  3.33097E-01  9.17818E-01 -8.71420E-03  3.96906E-01  1.11022E-16
  7.100E+01  3.37216E-01  9.21025E-01 -8.86931E-03  3.89403E-01  0.00000E+00
  7.150E+01  3.41348E-01  9.24170E-01 -9.02669E-03  3.81874E-01 -2.22045E-16
  7.200E+01  3.45492E-01  9.27253E-01 -9.18639E-03  3.74322E-01 -2.22045E-16
  7.250E+01  3.49647E-01  9.30270E-01 -9.34535E-03  3.66756E-01 -2.22045E-16
  7.300E+01  3.53814E-01  9.33224E-01 -9.50627E-03  3.59169E-01 -2.22045E-16
  7.350E+01  3.57992E-01  9.36116E-01 -9.66959E-03  3.51559E-01  3.33067E-16
  7.400E+01  3.62181E-01  9.38945E-01 -9.83486E-03  3.43927E-01  3.33067E-16
  7.450E+01  3.66381E-01  9.41711E-01 -1.00016E-02  3.36275E-01  2.22045E-16
  7.500E+01  3.70590E-01  9.44413E-01 -1.01697E-02  3.28605E-01  1.11022E-16
  7.550E+01  3.74810E-01  9.47050E-01 -1.03392E-02  3.20919E-01 -2.22045E-16
  7.600E+01  3.79039E-01  9.49624E-01 -1.05104E-02  3.13216E-01 -2.22045E-16
  7.650E+01  3.83277E-01  9.52133E-01 -1.06833E-02  3.05496E-01  0.00000E+00
  7.700E+01  3.87524E-01  9.54579E-01 -1.08581E-02  2.97760E-01  3.33067E-16
  7.750E+01  3.91780E-01  9.56961E-01 -1.10347E-02  2.90006E-01  4.44089E-16
  7.800E+01  3.96044E-01  9.59279E-01 -1.12129E-02  2.82237E-01  1.11022E-16
  7.850E+01  4.00316E-01  9.61533E-01 -1.13928E-02  2.74454E-01  0.00000E+00
  7.900E+01  4.04596E-01  9.63722E-01 -1.15744E-02  2.66658E-01  1.11022E-16
  7.950E+01  4.08882E-01  9.65846E-01 -1.17577E-02  2.58850E-01 -2.22045E-16
  8.000E+01  4.13176E-01  9.67906E-01 -1.19427E-02  2.51029E-01 -4.44089E-16
  8.050E+01  4.17476E-01  9.69901E-01 -1.21296E-02  2.43195E-01  0.00000E+00
  8.100E+01  4.21783E-01  9.71833E-01 -1.23184E-02  2.35350E-01  3.33067E-16
  8.150E+01  4.26095E-01  9.73699E-01 -1.25091E-02  2.27494E-01 -2.22045E-16
  8.200E+01  4.30413E-01  9.75501E-01 -1.27015E-02  2.19627E-01  3.33067E-16
  8.250E+01  4.34737E-01  9.77238E-01 -1.28958E-02  2.11752E-01  3.33067E-16
  8.300E+01  4.39065E-01  9.78911E-01 -1.30918E-02  2.03868E-01  0.00000E+00
  8.350E+01  4.43398E-01  9.80519E-01 -1.32897E-02  1.95976E-01 -4.44089E-16
  8.400E+01  4.47736E-01  9.82062E-01 -1.34896E-02  1.88077E-01  1.11022E-16
  8.450E+01  4.52077E-01  9.83540E-01 -1.36915E-02  1.80170E-01  2.22045E-16
  8.500E+01  4.56422E-01  9.84954E-01 -1.38954E-02  1.72256E-01 -2.22045E-16
  8.550E+01  4.60770E-01  9.86303E-01 -1.41013E-02  1.64337E-01  1.11022E-16
  8.600E+01  4.65122E-01  9.87588E-01 -1.43091E-02  1.56413E-01  2.22045E-16
  8.650E+01  4.69476E-01  9.88808E-01 -1.45188E-02  1.48484E-01 -4.44089E-16
  8.700E+01  4.73832E-01  9.89964E-01 -1.47306E-02  1.40553E-01  0.00000E+00
  8.750E+01  4.78190E-01  9.91055E-01 -1.49444E-02  1.32618E-01  1.11022E-16
  8.800E+01  4.82550E-01  9.92081E-01 -1.51604E-02  1.24680E-01  0.00000E+00
  8.850E+01  4.86912E-01  9.93043E-01 -1.53786E-02  1.16740E-01  1.11022E-16
  8.900E+01  4.91274E-01  9.93941E-01 -1.55989E-02  1.08799E-01  0.00000E+00
  8.950E+01  4.95637E-01  9.94775E-01 -1.58214E-02  1.00857E-01  3.33067E-16
  9.000E+01  5.00000E-01  9.95545E-01 -1.60460E-02  9.29154E-02 -2.22045E-16
  9.050E+01  5.04363E-01  9.96250E-01 -1.62727E-02  8.49750E-02  1.11022E-16
  9.100E+01  5.08726E-01  9.96892E-01 -1.65016E-02  7.70359E-02  0.00000E+00
  9.150E+01  5.13088E-01  9.97469E-01 -1.67329E-02  6.90986E-02  0.00000E+00
  9.200E+01  5.17450E-01  9.97984E-01 -1.69665E-02  6.11633E-02 -4.44089E-16
  9.250E+01  5.21810E-01  9.98434E-01 -1.72026E-02  5.32309E-02 -4.44089E-16
  9.300E+01  5.26168E-01  9.98821E-01 -1.74410E-02  4.53025E-02  4.44089E-16
  9.350E+01  5.30524E-01  9.99145E-01 -1.76817E-02  3.73790E-02  0.00000E+00
  9.400E+01  5.34878E-01  9.99405E-01 -1.79247E-02  2.94611E-02  2.22045E-16
  9.450E+01  5.39230E-01  9.99603E-01 -1.81702E-02  2.15492E-02 -4.44089E-16
  9.500E+01  5.43578E-01  9.99737E-01 -1.84181E-02  1.36436E-02 -6.66134E-16
  9.550E+01  5.47923E-01  9.99809E-01 -1.86687E-02  5.74460E-03  0.00000E+00
  9.600E+01  5.52264E-01  9.99819E-01 -1.89220E-02 -2.14705E-03  5.55112E-16
  9.650E+01  5.56602E-01  9.99766E-01 -1.91778E-02 -1.00304E-02  1.11022E-16
  9.700E+01  5.60935E-01  9.99651E-01 -1.94362E-02 -1.79043E-02 -6.66134E-16
  9.750E+01  5.65263E-01  9.99474E-01 -1.96972E-02 -2.57681E-02 -2.22045E-16
  9.800E+01  5.69587E-01  9.99235E-01 -1.99608E-02 -3.36212E-02  0.00000E+00
  9.850E+01  5.73905E-01  9.98935E-01 -2.02272E-02 -4.14635E-02  2.22045E-16
  9.900E+01  5.78217E-01  9.98574E-01 -2.04965E-02 -4.92946E-02  0.00000E+00
  9.950E+01  5.82524E-01  9.98152E-01 -2.07687E-02 -5.71138E-02  1.11022E-16
  1.000E+02  5.86824E-01  9.97669E-01 -2.10438E-02 -6.49203E-02  5.55112E-16
  1.005E+02  5.91118E-01  9.97125E-01 -2.13217E-02 -7.27129E-02  2.22045E-16
  1.010E+02  5.95404E-01  9.96521E-01 -2.16026E-02 -8.04908E-02  0.00000E+00
  1.015E+02  5.99684E-01  9.95858E-01 -2.18864E-02 -8.82534E-02  1.11022E-16
  1.020E+02  6.03956E-01  9.95134E-01 -2.21732E-02 -9.60005E-02 -2.22045E-16
  1.025E+02  6.08220E-01  9.94352E-01 -2.24632E-02 -1.03732E-01  5.55112E-16
  1.030E+02  6.12476E-01  9.93510E-01 -2.27565E-02 -1.11447E-01  3.33067E-16
  1.035E+02  6.16723E-01  9.92609E-01 -2.30531E-02 -1.19144E-01  0.00000E+00
  1.040E+02  6.20961E-01  9.91650E-01 -2.33529E-02 -1.26824E-01  0.00000E+00
  1.045E+02  6.25190E-01  9.90633E-01 -2.36560E-02 -1.34484E-01  0.00000E+00
  1.050E+02  6.29410E-01  9.89559E-01 -2.39623E-02 -1.42124E-01 -4.44089E-16
  1.055E+02  6.33619E-01  9.88427E-01 -2.42720E-02 -1.49744E-01  1.11022E-16
  1.060E+02  6.37819E-01  9.87238E-01 -2.45853E-02 -1.57343E-01  0.00000E+00
  1.065E+02  6.42008E-01  9.85992E-01 -2.49022E-02 -1.64922E-01 -2.22045E-16
  1.070E+02  6.46186E-01  9.84690E-01 -2.52230E-02 -1.72478E-01  0.00000E+00
  1.075E+02  6.50353E-01  9.83333E-01 -2.55472E-02 -1.80012E-01  0.00000E+00
  1.080E+02  6.54508E-01  9.81919E-01 -2.58755E-02 -1.87522E-01 -4.44089E-16
  1.085E+02  6.58652E-01  9.80452E-01 -2.62070E-02 -1.95008E-01  0.00000E+00
  1.090E+02  6.62784E-01  9.78929E-01 -2.65427E-02 -2.02468E-01  1.11022E-16
  1.095E+02  6.66903E-01  9.77352E-01 -2.68822E-02 -2.09903E-01  1.11022E-16
  1.100E+02  6.71010E-01  9.75722E-01 -2.72261E-02 -2.17313E-01 -4.44089E-16
  1.105E+02  6.75104E-01  9.74039E-01 -2.75740E-02 -2.24697E-01  0.00000E+00
  1.110E+02  6.79184E-01  9.72302E-01 -2.79263E-02 -2.32053E-01 -2.22045E-16
  1.115E+02  6.83251E-01  9.70514E-01 -2.82827E-02 -2.39380E-01 -2.22045E-16
  1.120E+02  6.87303E-01  9.68674E-01 -2.86433E-02 -2.46679E-01  1.11022E-16
  1.125E+02  6.91342E-01  9.66783E-01 -2.90084E-02 -2.53947E-01 -2.22045E-16
  1.130E+02  6.95366E-01  9.64841E-01 -2.93779E-02 -2.61186E-01 -2.22045E-16
  1.135E+02  6.99375E-01  9.62850E-01 -2.97523E-02 -2.68394E-01  0.00000E+00
  1.140E+02  7.03368E-01  9.60808E-01 -3.01315E-02 -2.75571E-01 -2.22045E-16
  1.145E+02  7.07347E-01  9.58718E-01 -3.05156E-02 -2.82717E-01  2.22045E-16
  1.150E+02  7.11309E-01  9.56579E-01 -3.09046E-02 -2.89829E-01 -2.22045E-16
  1.155E+02  7.15256E-01  9.54393E-01 -3.12985E-02 -2.96907E-01 -4.44089E-16
  1.160E+02  7.19186E-01  9.52160E-01 -3.16973E-02 -3.03951E-01  1.11022E-16
  1.165E+02  7.23099E-01  9.49881E-01 -3.21014E-02 -3.10960E-01  2.22045E-16
  1.170E+02  7.26995E-01  9.47556E-01 -3.25110E-02 -3.17933E-01 -6.66134E-16
  1.175E+02  7.30874E-01  9.45185E-01 -3.29262E-02 -3.24871E-01  0.00000E+00
  1.180E+02  7.34736E-01  9.42770E-01 -3.33472E-02 -3.31772E-01  3.33067E-16
  1.185E+02  7.38579E-01  9.40311E-01 -3.37739E-02 -3.38636E-01  1.11022E-16
  1.190E+02  7.42405E-01  9.37810E-01 -3.42062E-02 -3.45460E-01 -4.44089E-16
  1.195E+02  7.46212E-01  9.35266E-01 -3.46443E-02 -3.52245E-01  0.00000E+00
  1.200E+02  7.50000E-01  9.32682E-01 -3.50885E-02 -3.58990E-01  1.11022E-16
  1.205E+02  7.53769E-01  9.30056E-01 -3.55391E-02 -3.65695E-01  3.33067E-16
  1.210E+02  7.57519E-01  9.27390E-01 -3.59964E-02 -3.72359E-01  0.00000E+00
  1.215E+02  7.61249E-01  9.24686E-01 -3.64603E-02 -3.78982E-01 -2.22045E-16
  1.220E+02  7.64960E-01  9.21943E-01 -3.69310E-02 -3.85562E-01  0.00000E+00
  1.225E+02  7.68650E-01  9.19163E-01 -3.74084E-02 -3.92097E-01  0.00000E+00
  1.230E+02  7.72320E-01  9.16347E-01 -3.78926E-02 -3.98588E-01 -2.22045E-16
  1.235E+02  7.75968E-01  9.13495E-01 -3.83839E-02 -4.05034E-01 -2.22045E-16
  1.240E+02  7.79596E-01  9.10610E-01 -3.88827E-02 -4.11435E-01  0.00000E+00
  1.245E+02  7.83203E-01  9.07690E-01 -3.93894E-02 -4.17789E-01 -4.44089E-16
  1.250E+02  7.86788E-01  9.04737E-01 -3.99041E-02 -4.24097E-01 -4.44089E-16
  1.255E+02  7.90351E-01  9.01753E-01 -4.04268E-02 -4.30357E-01  0.00000E+00
  1.260E+02  7.93893E-01  8.98739E-01 -4.09575E-02 -4.36568E-01 -2.22045E-16
  1.265E+02  7.97411E-01  8.95695E-01 -4.14963E-02 -4.42728E-01  0.00000E+00
  1.270E+02  8.00908E-01  8.92624E-01 -4.20436E-02 -4.48837E-01  0.00000E+00
  1.275E+02  8.04381E-01  8.89526E-01 -4.25998E-02 -4.54895E-01  2.22045E-16
  1.280E+02  8.07831E-01  8.86401E-01 -4.31653E-02 -4.60902E-01  0.00000E+00
  1.285E+02  8.11257E-01  8.83251E-01 -4.37406E-02 -4.66856E-01  1.11022E-16
  1.290E+02  8.14660E-01  8.80078E-01 -4.43255E-02 -4.72757E-01  2.22045E-16
  1.295E+02  8.18039E-01  8.76882E-01 -4.49200E-02 -4.78602E-01  3.33067E-16
  1.300E+02  8.21394E-01  8.73666E-01 -4.55244E-02 -4.84391E-01  3.33067E-16
  1.305E+02  8.24724E-01  8.70432E-01 -4.61389E-02 -4.90122E-01  0.00000E+00
  1.310E+02  8.28030E-01  8.67179E-01 -4.67642E-02 -4.95797E-01 -2.22045E-16
  1.315E+02  8.31310E-01  8.63909E-01 -4.74008E-02 -5.01413E-01  0.00000E+00
  1.320E+02  8.34565E-01  8.60623E-01 -4.80491E-02 -5.06971E-01  3.33067E-16
  1.325E+02  8.37795E-01  8.57323E-01 -4.87093E-02 -5.12469E-01  0.00000E+00
  1.330E+02  8.40999E-01  8.54012E-01 -4.93813E-02 -5.17904E-01  1.11022E-16
  1.335E+02  8.44177E-01  8.50691E-01 -5.00654E-02 -5.23277E-01 -2.22045E-16
  1.340E+02  8.47329E-01  8.47362E-01 -5.07619E-02 -5.28584E-01 -2.22045E-16
  1.345E+02  8.50455E-01  8.44026E-01 -5.14715E-02 -5.33827E-01  1.11022E-16
  1.350E+02  8.53553E-01  8.40684E-01 -5.21949E-02 -5.39005E-01 -2.22045E-16
  1.355E+02  8.56625E-01  8.37338E-01 -5.29328E-02 -5.44116E-01 -2.22045E-16
  1.360E+02  8.59670E-01  8.33991E-01 -5.36854E-02 -5.49160E-01 -2.22045E-16
  1.365E+02  8.62687E-01  8.30644E-01 -5.44529E-02 -5.54134E-01  2.22045E-16
  1.370E+02  8.65677E-01  8.27301E-01 -5.52353E-02 -5.59036E-01  2.22045E-16
  1.375E+02  8.68639E-01  8.23964E-01 -5.60330E-02 -5.63865E-01  2.22045E-16
  1.380E+02  8.71572E-01  8.20634E-01 -5.68470E-02 -5.68619E-01  0.00000E+00
  1.385E+02  8.74478E-01  8.17313E-01 -5.76782E-02 -5.73299E-01  0.00000E+00
  1.390E+02  8.77355E-01  8.14003E-01 -5.85274E-02 -5.77904E-01  0.00000E+00
  1.395E+02  8.80203E-01  8.10707E-01 -5.93953E-02 -5.82431E-01  1.11022E-16
  1.400E+02  8.83022E-01  8.07427E-01 -6.02821E-02 -5.86879E-01  0.00000E+00
  1.405E+02  8.85812E-01  8.04168E-01 -6.11879E-02 -5.91244E-01  0.00000E+00
  1.410E+02  8.88573E-01  8.00933E-01 -6.21130E-02 -5.95524E-01  0.00000E+00
  1.415E+02  8.91304E-01  7.97723E-01 -6.30582E-02 -5.99718E-01  2.22045E-16
  1.420E+02  8.94005E-01  7.94542E-01 -6.40250E-02 -6.03824E-01  0.00000E+00
  1.425E+02  8.96677E-01  7.91391E-01 -6.50150E-02 -6.07844E-01  3.33067E-16
  1.430E+02  8.99318E-01  7.88272E-01 -6.60298E-02 -6.11774E-01  0.00000E+00
  1.435E+02  9.01928E-01  7.85191E-01 -6.70695E-02 -6.15611E-01  4.44089E-16
  1.440E+02  9.04508E-01  7.82154E-01 -6.81327E-02 -6.19349E-01  2.22045E-16
  1.445E+02  9.07058E-01  7.79166E-01 -6.92178E-02 -6.22984E-01  0.00000E+00
  1.450E+02  9.09576E-01  7.76227E-01 -7.03313E-02 -6.26519E-01  4.44089E-16
  1.455E+02  9.12063E-01  7.73338E-01 -7.14748E-02 -6.29952E-01 -2.22045E-16
  1.460E+02  9.14519E-01  7.70505E-01 -7.26486E-02 -6.33280E-01  1.11022E-16
  1.465E+02  9.16943E-01  7.67734E-01 -7.38525E-02 -6.36498E-01 -2.22045E-16
  1.470E+02  9.19335E-01  7.65031E-01 -7.50869E-02 -6.39601E-01  0.00000E+00
  1.475E+02  9.21696E-01  7.62402E-01 -7.63530E-02 -6.42584E-01  2.22045E-16
  1.480E+02  9.24024E-01  7.59850E-01 -7.76527E-02 -6.45444E-01 -2.22045E-16
  1.485E+02  9.26320E-01  7.57381E-01 -7.89882E-02 -6.48179E-01  0.00000E+00
  1.490E+02  9.28584E-01  7.54997E-01 -8.03616E-02 -6.50785E-01  0.00000E+00
  1.495E+02  9.30815E-01  7.52706E-01 -8.17745E-02 -6.53258E-01 -2.22045E-16
  1.500E+02  9.33013E-01  7.50514E-01 -8.32282E-02 -6.55592E-01  0.00000E+00
  1.505E+02  9.35178E-01  7.48430E-01 -8.47237E-02 -6.57780E-01  0.00000E+00
  1.510E+02  9.37310E-01  7.46460E-01 -8.62623E-02 -6.59816E-01  0.00000E+00
  1.515E+02  9.39409E-01  7.44612E-01 -8.78461E-02 -6.61692E-01  0.00000E+00
  1.520E+02  9.41474E-01  7.42893E-01 -8.94780E-02 -6.63403E-01  0.00000E+00
  1.525E+02  9.43505E-01  7.41309E-01 -9.11608E-02 -6.64944E-01  1.11022E-16
  1.530E+02  9.45503E-01  7.39868E-01 -9.28974E-02 -6.66307E-01  2.22045E-16
  1.535E+02  9.47467E-01  7.38580E-01 -9.46899E-02 -6.67482E-01  2.22045E-16
  1.540E+02  9.49397E-01  7.37456E-01 -9.65402E-02 -6.68460E-01  0.00000E+00
  1.545E+02  9.51293E-01  7.36507E-01 -9.84503E-02 -6.69227E-01 -4.44089E-16
  1.550E+02  9.53154E-01  7.35743E-01 -1.00423E-01 -6.69774E-01  3.33067E-16
  1.555E+02  9.54981E-01  7.35176E-01 -1.02462E-01 -6.70088E-01  0.00000E+00
  1.560E+02  9.56773E-01  7.34815E-01 -1.04572E-01 -6.70158E-01  0.00000E+00
  1.565E+02  9.58530E-01  7.34672E-01 -1.06757E-01 -6.69970E-01 -2.22045E-16
  1.570E+02  9.60252E-01  7.34761E-01 -1.09020E-01 -6.69508E-01  1.11022E-16
  1.575E+02  9.61940E-01  7.35096E-01 -1.11365E-01 -6.68754E-01  4.44089E-16
  1.580E+02  9.63592E-01  7.35695E-01 -1.13795E-01 -6.67685E-01  2.22045E-16
  1.585E+02  9.65209E-01  7.36574E-01 -1.16315E-01 -6.66280E-01  0.00000E+00
  1.590E+02  9.66790E-01  7.37750E-01 -1.18928E-01 -6.64516E-01  1.11022E-16
  1.595E+02  9.68336E-01  7.39237E-01 -1.21642E-01 -6.62369E-01  0.00000E+00
  1.600E+02  9.69846E-01  7.41052E-01 -1.24463E-01 -6.59811E-01  0.00000E+00
  1.605E+02  9.71321E-01  7.43216E-01 -1.27396E-01 -6.56810E-01  2.22045E-16
  1.610E+02  9.72759E-01  7.45751E-01 -1.30447E-01 -6.53329E-01 -4.44089E-16
  1.615E+02  9.74162E-01  7.48680E-01 -1.33621E-01 -6.49326E-01  0.00000E+00
  1.620E+02  9.75528E-01  7.52027E-01 -1.36923E-01 -6.44754E-01  0.00000E+00
  1.625E+02  9.76858E-01  7.55816E-01 -1.40360E-01 -6.39563E-01  0.00000E+00
  1.630E+02  9.78152E-01  7.60070E-01 -1.43942E-01 -6.33699E-01 -2.22045E-16
  1.635E+02  9.79410E-01  7.64810E-01 -1.47676E-01 -6.27102E-01  0.00000E+00
  1.640E+02  9.80631E-01  7.70063E-01 -1.51572E-01 -6.19700E-01  0.00000E+00
  1.645E+02  9.81815E-01  7.75857E-01 -1.55635E-01 -6.11412E-01 -2.22045E-16
  1.650E+02  9.82963E-01  7.82219E-01 -1.59871E-01 -6.02142E-01  3.33067E-16
  1.655E+02  9.84074E-01  7.89178E-01 -1.64286E-01 -5.91784E-01  0.00000E+00
  1.660E+02  9.85148E-01  7.96757E-01 -1.68888E-01 -5.80221E-01  0.00000E+00
  1.665E+02  9.86185E-01  8.04974E-01 -1.73684E-01 -5.67320E-01 -2.22045E-16
  1.670E+02  9.87185E-01  8.13843E-01 -1.78680E-01 -5.52931E-01  2.22045E-16
  1.675E+02  9.88148E-01  8.23374E-01 -1.83881E-01 -5.36883E-01  5.55112E-16
  1.680E+02  9.89074E-01  8.33570E-01 -1.89287E-01 -5.18971E-01  2.22045E-16
  1.685E+02  9.89962E-01  8.44424E-01 -1.94892E-01 -4.98965E-01  3.33067E-16
  1.690E+02  9.90814E-01  8.55910E-01 -2.00684E-01 -4.76596E-01  0.00000E+00
  1.695E+02  9.91627E-01  8.67978E-01 -2.06648E-01 -4.51566E-01  3.33067E-16
  1.700E+02  9.92404E-01  8.80541E-01 -2.12762E-01 -4.23533E-01 -2.22045E-16
  1.705E+02  9.93143E-01  8.93471E-01 -2.18990E-01 -3.92114E-01 -2.22045E-16
  1.710E+02  9.93844E-01  9.06583E-01 -2.25281E-01 -3.56870E-01  0.00000E+00
  1.715E+02  9.94508E-01  9.19619E-01 -2.31558E-01 -3.17304E-01  3.33067E-16
  1.720E+02  9.95134E-01  9.32225E-01 -2.37711E-01 -2.72856E-01  3.33067E-16
  1.725E+02  9.95722E-01  9.43913E-01 -2.43589E-01 -2.22916E-01 -4.44089E-16
  1.730E+02  9.96273E-01  9.54027E-01 -2.48996E-01 -1.66836E-01  1.11022E-16
  1.735E+02  9.96786E-01  9.61687E-01 -2.53674E-01 -1.03957E-01  2.22045E-16
  1.740E+02  9.97261E-01  9.65748E-01 -2.57290E-01 -3.36510E-02 -2.22045E-16
  1.745E+02  9.97698E-01  9.64736E-01 -2.59411E-01  4.46155E-02  2.22045E-16
  1.750E+02  9.98097E-01  9.56796E-01 -2.59487E-01  1.31180E-01  0.00000E+00
  1.755E+02  9.98459E-01  9.39653E-01 -2.56836E-01  2.26024E-01  3.33067E-16
  1.760E+02  9.98782E-01  9.10617E-01 -2.50654E-01  3.28556E-01  4.44089E-16
  1.765E+02  9.99067E-01  8.66673E-01 -2.40042E-01  4.37330E-01 -4.44089E-16
  1.770E+02  9.99315E-01  8.04714E-01 -2.24081E-01  5.49748E-01  4.44089E-16
  1.775E+02  9.99524E-01  7.21946E-01 -2.01954E-01  6.61822E-01  0.00000E+00
  1.780E+02  9.99695E-01  6.16498E-01 -1.73110E-01  7.68091E-01  0.00000E+00
  1.785E+02  9.99829E-01  4.88144E-01 -1.37481E-01  8.61867E-01  0.00000E+00
  1.790E+02  9.99924E-01  3.38996E-01 -9.56862E-02  9.35909E-01  1.11022E-16
  1.795E+02  9.99981E-01  1.73862E-01 -4.91409E-02  9.83543E-01  1.11022E-16
  1.800E+02  1.00000E+00  2.46104E-15 -6.95952E-16  1.00000E+00  0.00000E+00
