 #  Scattering amplitudes (in cm)      MU=(1-cos(TH))/2
 #  Z =  47,   projectile: electron
 #  Kinetic energy = 3.00000E+06 eV
 #
 # TH (deg)      MU          Re(F)        Im(F)        Re(G)        Im(G)        ERRF         ERRG 
 #-----------------------------------------------------------------------------------------------------------------
  0.000E+00  0.00000E+00  5.82746E-07  6.14955E-08  0.00000E+00  0.00000E+00  6.28257E-09  0.00000E+00
  1.000E-04  7.61557E-13  5.82745E-07  6.14955E-08  4.34532E-13  4.58607E-14  6.28180E-09  1.26810E-07
  1.250E-04  1.18994E-12  5.82745E-07  6.14955E-08  5.43164E-13  5.73258E-14  6.28137E-09  1.26806E-07
  1.500E-04  1.71346E-12  5.82744E-07  6.14955E-08  6.51796E-13  6.87910E-14  6.28084E-09  1.26800E-07
  1.750E-04  2.33225E-12  5.82743E-07  6.14955E-08  7.60428E-13  8.02562E-14  6.28022E-09  1.26794E-07
  2.000E-04  3.04617E-12  5.82743E-07  6.14955E-08  8.69060E-13  9.17213E-14  6.27950E-09  1.26787E-07
  2.250E-04  3.85530E-12  5.82742E-07  6.14955E-08  9.77691E-13  1.03186E-13  6.27868E-09  1.26779E-07
  2.500E-04  4.75964E-12  5.82741E-07  6.14955E-08  1.08632E-12  1.14652E-13  6.27777E-09  1.26770E-07
  2.750E-04  5.75917E-12  5.82740E-07  6.14955E-08  1.19495E-12  1.26117E-13  6.27676E-09  1.26760E-07
  3.000E-04  6.85391E-12  5.82739E-07  6.14955E-08  1.30358E-12  1.37582E-13  6.27566E-09  1.26749E-07
  3.250E-04  8.04379E-12  5.82738E-07  6.14955E-08  1.41221E-12  1.49047E-13  6.27446E-09  1.26737E-07
  3.500E-04  9.32893E-12  5.82736E-07  6.14955E-08  1.52084E-12  1.60512E-13  6.27316E-09  1.26724E-07
  3.750E-04  1.07092E-11  5.82735E-07  6.14954E-08  1.62947E-12  1.71977E-13  6.27177E-09  1.26710E-07
  4.000E-04  1.21847E-11  5.82734E-07  6.14954E-08  1.73809E-12  1.83442E-13  6.27028E-09  1.26695E-07
  4.250E-04  1.37554E-11  5.82732E-07  6.14954E-08  1.84672E-12  1.94908E-13  6.26870E-09  1.26679E-07
  4.500E-04  1.54213E-11  5.82730E-07  6.14954E-08  1.95534E-12  2.06373E-13  6.26702E-09  1.26662E-07
  4.750E-04  1.71823E-11  5.82729E-07  6.14954E-08  2.06397E-12  2.17838E-13  6.26525E-09  1.26645E-07
  5.000E-04  1.90386E-11  5.82727E-07  6.14954E-08  2.17259E-12  2.29303E-13  6.26338E-09  1.26626E-07
  5.250E-04  2.09900E-11  5.82725E-07  6.14953E-08  2.28121E-12  2.40768E-13  6.26141E-09  1.26606E-07
  5.500E-04  2.30367E-11  5.82723E-07  6.14953E-08  2.38983E-12  2.52233E-13  6.25935E-09  1.26586E-07
  5.750E-04  2.51785E-11  5.82721E-07  6.14953E-08  2.49845E-12  2.63698E-13  6.25719E-09  1.26564E-07
  6.000E-04  2.74156E-11  5.82718E-07  6.14953E-08  2.60707E-12  2.75163E-13  6.25494E-09  1.26542E-07
  6.250E-04  2.97478E-11  5.82716E-07  6.14953E-08  2.71569E-12  2.86628E-13  6.25260E-09  1.26518E-07
  6.500E-04  3.21752E-11  5.82714E-07  6.14952E-08  2.82430E-12  2.98093E-13  6.25015E-09  1.26494E-07
  6.750E-04  3.46979E-11  5.82711E-07  6.14952E-08  2.93292E-12  3.09558E-13  6.24761E-09  1.26469E-07
  7.000E-04  3.73157E-11  5.82709E-07  6.14952E-08  3.04153E-12  3.21023E-13  6.24498E-09  1.26442E-07
  7.250E-04  4.00286E-11  5.82706E-07  6.14952E-08  3.15014E-12  3.32488E-13  6.24225E-09  1.26415E-07
  7.500E-04  4.28368E-11  5.82703E-07  6.14952E-08  3.25875E-12  3.43953E-13  6.23943E-09  1.26387E-07
  7.750E-04  4.57402E-11  5.82700E-07  6.14951E-08  3.36736E-12  3.55418E-13  6.23651E-09  1.26357E-07
  8.000E-04  4.87388E-11  5.82697E-07  6.14951E-08  3.47597E-12  3.66883E-13  6.23350E-09  1.26327E-07
  8.250E-04  5.18325E-11  5.82694E-07  6.14951E-08  3.58457E-12  3.78348E-13  6.23039E-09  1.26296E-07
  8.500E-04  5.50215E-11  5.82691E-07  6.14950E-08  3.69318E-12  3.89813E-13  6.22718E-09  1.26264E-07
  8.750E-04  5.83057E-11  5.82688E-07  6.14950E-08  3.80178E-12  4.01278E-13  6.22389E-09  1.26231E-07
  9.000E-04  6.16850E-11  5.82684E-07  6.14950E-08  3.91038E-12  4.12742E-13  6.22049E-09  1.26197E-07
  9.250E-04  6.51595E-11  5.82681E-07  6.14950E-08  4.01898E-12  4.24207E-13  6.21700E-09  1.26162E-07
  9.500E-04  6.87293E-11  5.82677E-07  6.14949E-08  4.12757E-12  4.35672E-13  6.21342E-09  1.26127E-07
  9.750E-04  7.23943E-11  5.82674E-07  6.14949E-08  4.23617E-12  4.47137E-13  6.20975E-09  1.26090E-07
  1.000E-03  7.61544E-11  5.82670E-07  6.14949E-08  4.34476E-12  4.58602E-13  6.20597E-09  1.26052E-07
  1.250E-03  1.18991E-10  5.82627E-07  6.14945E-08  5.43055E-12  5.73249E-13  6.16309E-09  1.25623E-07
  1.500E-03  1.71347E-10  5.82575E-07  6.14940E-08  6.51607E-12  6.87893E-13  6.11087E-09  1.25099E-07
  1.750E-03  2.33223E-10  5.82513E-07  6.14935E-08  7.60128E-12  8.02535E-13  6.04944E-09  1.24482E-07
  2.000E-03  3.04617E-10  5.82442E-07  6.14928E-08  8.68612E-12  9.17173E-13  5.97892E-09  1.23773E-07
  2.250E-03  3.85531E-10  5.82362E-07  6.14921E-08  9.77054E-12  1.03181E-12  5.89949E-09  1.22972E-07
  2.500E-03  4.75965E-10  5.82272E-07  6.14913E-08  1.08545E-11  1.14644E-12  5.81131E-09  1.22081E-07
  2.750E-03  5.75917E-10  5.82172E-07  6.14904E-08  1.19379E-11  1.26106E-12  5.71459E-09  1.21101E-07
  3.000E-03  6.85389E-10  5.82064E-07  6.14894E-08  1.30207E-11  1.37568E-12  5.60954E-09  1.20034E-07
  3.250E-03  8.04380E-10  5.81946E-07  6.14884E-08  1.41029E-11  1.49030E-12  5.49639E-09  1.18881E-07
  3.500E-03  9.32891E-10  5.81818E-07  6.14872E-08  1.51844E-11  1.60491E-12  5.37539E-09  1.17644E-07
  3.750E-03  1.07092E-09  5.81681E-07  6.14860E-08  1.62652E-11  1.71951E-12  5.24683E-09  1.16324E-07
  4.000E-03  1.21847E-09  5.81535E-07  6.14847E-08  1.73452E-11  1.83410E-12  5.11098E-09  1.14923E-07
  4.250E-03  1.37554E-09  5.81379E-07  6.14833E-08  1.84243E-11  1.94869E-12  4.96814E-09  1.13445E-07
  4.500E-03  1.54213E-09  5.81215E-07  6.14818E-08  1.95026E-11  2.06327E-12  4.81864E-09  1.11890E-07
  4.750E-03  1.71823E-09  5.81040E-07  6.14802E-08  2.05799E-11  2.17784E-12  4.66280E-09  1.10261E-07
  5.000E-03  1.90386E-09  5.80857E-07  6.14786E-08  2.16562E-11  2.29240E-12  4.50097E-09  1.08560E-07
  5.250E-03  2.09900E-09  5.80665E-07  6.14768E-08  2.27315E-11  2.40695E-12  4.33351E-09  1.06790E-07
  5.500E-03  2.30367E-09  5.80463E-07  6.14750E-08  2.38057E-11  2.52150E-12  4.16079E-09  1.04953E-07
  5.750E-03  2.51785E-09  5.80252E-07  6.14731E-08  2.48787E-11  2.63603E-12  3.98318E-09  1.03053E-07
  6.000E-03  2.74156E-09  5.80032E-07  6.14711E-08  2.59505E-11  2.75055E-12  3.80109E-09  1.01091E-07
  6.250E-03  2.97478E-09  5.79803E-07  6.14690E-08  2.70211E-11  2.86506E-12  3.61491E-09  9.90706E-08
  6.500E-03  3.21752E-09  5.79565E-07  6.14669E-08  2.80904E-11  2.97956E-12  3.42506E-09  9.69946E-08
  6.750E-03  3.46978E-09  5.79317E-07  6.14646E-08  2.91584E-11  3.09404E-12  3.23193E-09  9.48661E-08
  7.000E-03  3.73156E-09  5.79061E-07  6.14623E-08  3.02250E-11  3.20851E-12  3.03597E-09  9.26880E-08
  7.250E-03  4.00286E-09  5.78796E-07  6.14599E-08  3.12901E-11  3.32297E-12  2.83759E-09  9.04633E-08
  7.500E-03  4.28368E-09  5.78522E-07  6.14574E-08  3.23537E-11  3.43742E-12  2.63722E-09  8.81952E-08
  7.750E-03  4.57402E-09  5.78239E-07  6.14548E-08  3.34158E-11  3.55185E-12  2.43530E-09  8.58868E-08
  8.000E-03  4.87388E-09  5.77947E-07  6.14521E-08  3.44763E-11  3.66627E-12  2.23228E-09  8.35415E-08
  8.250E-03  5.18326E-09  5.77646E-07  6.14494E-08  3.55352E-11  3.78067E-12  2.02857E-09  8.11625E-08
  8.500E-03  5.50215E-09  5.77337E-07  6.14466E-08  3.65925E-11  3.89505E-12  1.82463E-09  7.87529E-08
  8.750E-03  5.83057E-09  5.77019E-07  6.14436E-08  3.76479E-11  4.00942E-12  1.62088E-09  7.63163E-08
  9.000E-03  6.16850E-09  5.76692E-07  6.14406E-08  3.87017E-11  4.12378E-12  1.41777E-09  7.38558E-08
  9.250E-03  6.51596E-09  5.76356E-07  6.14375E-08  3.97536E-11  4.23811E-12  1.21571E-09  7.13749E-08
  9.500E-03  6.87293E-09  5.76012E-07  6.14344E-08  4.08036E-11  4.35243E-12  1.01515E-09  6.88769E-08
  9.750E-03  7.23942E-09  5.75660E-07  6.14311E-08  4.18518E-11  4.46673E-12  8.16496E-10  6.63652E-08
  1.000E-02  7.61544E-09  5.75299E-07  6.14278E-08  4.28980E-11  4.58102E-12  6.20167E-10  6.38432E-08
  1.250E-02  1.18991E-08  5.71232E-07  6.13898E-08  5.32435E-11  5.72273E-12  1.13033E-09  3.87779E-08
  1.500E-02  1.71347E-08  5.66376E-07  6.13435E-08  6.33491E-11  6.86209E-12  2.27308E-09  1.61359E-08
  1.750E-02  2.33223E-08  5.60793E-07  6.12889E-08  7.31788E-11  7.99866E-12  2.62381E-09  1.59672E-09
  2.000E-02  3.04617E-08  5.54552E-07  6.12262E-08  8.27021E-11  9.13196E-12  2.19403E-09  1.29571E-08
  2.250E-02  3.85531E-08  5.47724E-07  6.11553E-08  9.18944E-11  1.02616E-11  1.18115E-09  1.76738E-08
  2.500E-02  4.75965E-08  5.40384E-07  6.10765E-08  1.00737E-10  1.13871E-11  8.74384E-11  1.66039E-08
  2.750E-02  5.75917E-08  5.32606E-07  6.09899E-08  1.09215E-10  1.25080E-11  1.24195E-09  1.14619E-08
  3.000E-02  6.85389E-08  5.24464E-07  6.08955E-08  1.17322E-10  1.36240E-11  1.96663E-09  4.40388E-09
  3.250E-02  8.04380E-08  5.16026E-07  6.07935E-08  1.25055E-10  1.47346E-11  2.08011E-09  2.44134E-09
  3.500E-02  9.32891E-08  5.07358E-07  6.06840E-08  1.32412E-10  1.58394E-11  1.57863E-09  7.39376E-09
  3.750E-02  1.07092E-07  4.98522E-07  6.05672E-08  1.39399E-10  1.69382E-11  6.30891E-10  9.51108E-09
  4.000E-02  1.21847E-07  4.89573E-07  6.04433E-08  1.46023E-10  1.80304E-11  4.73763E-10  8.69147E-09
  4.250E-02  1.37554E-07  4.80560E-07  6.03123E-08  1.52293E-10  1.91158E-11  1.40936E-09  5.58106E-09
  4.500E-02  1.54213E-07  4.71526E-07  6.01745E-08  1.58221E-10  2.01940E-11  1.90625E-09  1.32144E-09
  4.750E-02  1.71823E-07  4.62511E-07  6.00300E-08  1.63818E-10  2.12647E-11  1.82699E-09  2.79229E-09
  5.000E-02  1.90386E-07  4.53546E-07  5.98790E-08  1.69097E-10  2.23276E-11  1.20401E-09  5.65555E-09
  5.250E-02  2.09900E-07  4.44658E-07  5.97217E-08  1.74073E-10  2.33824E-11  2.28290E-10  6.61754E-09
  5.500E-02  2.30367E-07  4.35870E-07  5.95582E-08  1.78758E-10  2.44288E-11  8.07482E-10  5.60541E-09
  5.750E-02  2.51785E-07  4.27201E-07  5.93888E-08  1.83166E-10  2.54666E-11  1.59501E-09  3.08920E-09
  6.000E-02  2.74156E-07  4.18664E-07  5.92136E-08  1.87311E-10  2.64955E-11  1.90090E-09  9.18256E-11
  6.250E-02  2.97478E-07  4.10271E-07  5.90327E-08  1.91204E-10  2.75152E-11  1.63517E-09  2.98632E-09
  6.500E-02  3.21752E-07  4.02029E-07  5.88465E-08  1.94858E-10  2.85255E-11  8.77770E-10  4.79851E-09
  6.750E-02  3.46978E-07  3.93945E-07  5.86550E-08  1.98283E-10  2.95263E-11  1.44892E-10  5.09474E-09
  7.000E-02  3.73156E-07  3.86023E-07  5.84585E-08  2.01492E-10  3.05172E-11  1.12681E-09  3.89760E-09
  7.250E-02  4.00286E-07  3.78263E-07  5.82571E-08  2.04493E-10  3.14983E-11  1.77310E-09  1.64908E-09
  7.500E-02  4.28368E-07  3.70668E-07  5.80510E-08  2.07297E-10  3.24691E-11  1.88794E-09  9.39492E-10
  7.750E-02  4.57402E-07  3.63236E-07  5.78403E-08  2.09912E-10  3.34297E-11  1.43361E-09  3.10326E-09
  8.000E-02  4.87388E-07  3.55966E-07  5.76254E-08  2.12347E-10  3.43799E-11  5.42928E-10  4.24250E-09
  8.250E-02  5.18325E-07  3.48856E-07  5.74063E-08  2.14609E-10  3.53194E-11  5.19238E-10  4.08330E-09
  8.500E-02  5.50215E-07  3.41904E-07  5.71831E-08  2.16706E-10  3.62483E-11  1.43416E-09  2.73846E-09
  8.750E-02  5.83057E-07  3.35106E-07  5.69562E-08  2.18644E-10  3.71664E-11  1.92441E-09  6.56192E-10
  9.000E-02  6.16850E-07  3.28460E-07  5.67256E-08  2.20431E-10  3.80735E-11  1.83758E-09  1.52374E-09
  9.250E-02  6.51596E-07  3.21961E-07  5.64915E-08  2.22072E-10  3.89697E-11  1.19352E-09  3.16205E-09
  9.500E-02  6.87293E-07  3.15607E-07  5.62541E-08  2.23573E-10  3.98547E-11  1.80317E-10  3.80358E-09
  9.750E-02  7.23942E-07  3.09394E-07  5.60135E-08  2.24939E-10  4.07286E-11  9.00279E-10  3.30094E-09
  1.000E-01  7.61543E-07  3.03319E-07  5.57699E-08  2.26177E-10  4.15913E-11  1.72230E-09  1.84506E-09
  1.250E-01  1.18991E-06  2.49408E-07  5.32002E-08  2.32473E-10  4.95939E-11  6.40256E-10  3.01761E-09
  1.500E-01  1.71347E-06  2.06004E-07  5.04772E-08  2.30420E-10  5.64670E-11  9.92516E-10  2.66043E-09
  1.750E-01  2.33223E-06  1.70959E-07  4.77061E-08  2.23093E-10  6.22622E-11  2.42244E-09  1.15366E-09
  2.000E-01  3.04617E-06  1.42656E-07  4.49654E-08  2.12754E-10  6.70694E-11  2.80808E-09  7.73932E-10
  2.250E-01  3.85531E-06  1.19801E-07  4.23105E-08  2.01003E-10  7.09987E-11  1.68276E-09  2.24659E-09
  2.500E-01  4.75964E-06  1.01338E-07  3.97781E-08  1.88919E-10  7.41666E-11  6.60896E-10  2.58747E-09
  2.750E-01  5.75916E-06  8.63977E-08  3.73903E-08  1.77175E-10  7.66868E-11  3.14494E-09  1.63643E-09
  3.000E-01  6.85388E-06  7.42711E-08  3.51578E-08  1.66154E-10  7.86643E-11  4.36530E-09  1.45300E-10
  3.250E-01  8.04378E-06  6.43822E-08  3.30832E-08  1.56035E-10  8.01919E-11  3.36591E-09  1.87481E-09
  3.500E-01  9.32888E-06  5.62683E-08  3.11631E-08  1.46862E-10  8.13491E-11  3.02224E-10  2.67737E-09
  3.750E-01  1.07092E-05  4.95603E-08  2.93903E-08  1.38594E-10  8.22024E-11  3.44756E-09  2.13280E-09
  4.000E-01  1.21846E-05  4.39664E-08  2.77553E-08  1.31148E-10  8.28060E-11  5.88704E-09  5.00372E-10
  4.250E-01  1.37553E-05  3.92572E-08  2.62477E-08  1.24421E-10  8.32033E-11  5.46255E-09  1.40333E-09
  4.500E-01  1.54212E-05  3.52534E-08  2.48564E-08  1.18304E-10  8.34289E-11  2.01124E-09  2.61534E-09
  4.750E-01  1.71822E-05  3.18153E-08  2.35708E-08  1.12699E-10  8.35100E-11  2.96826E-09  2.51546E-09
  5.000E-01  1.90385E-05  2.88345E-08  2.23807E-08  1.07517E-10  8.34678E-11  6.95148E-09  1.14320E-09
  5.250E-01  2.09899E-05  2.62267E-08  2.12767E-08  1.02683E-10  8.33192E-11  7.66558E-09  8.18480E-10
  5.500E-01  2.30365E-05  2.39265E-08  2.02504E-08  9.81386E-11  8.30775E-11  4.36234E-09  2.38402E-09
  5.750E-01  2.51783E-05  2.18828E-08  1.92942E-08  9.38362E-11  8.27537E-11  1.61441E-09  2.75969E-09
  6.000E-01  2.74153E-05  2.00554E-08  1.84014E-08  8.97397E-11  8.23569E-11  7.34321E-09  1.74435E-09
  6.250E-01  2.97475E-05  1.84127E-08  1.75660E-08  8.58228E-11  8.18949E-11  9.74314E-09  1.64272E-10
  6.500E-01  3.21749E-05  1.69295E-08  1.67829E-08  8.20660E-11  8.13747E-11  7.21295E-09  2.01282E-09
  6.750E-01  3.46974E-05  1.55852E-08  1.60474E-08  7.84558E-11  8.08025E-11  6.28976E-10  2.86674E-09
  7.000E-01  3.73152E-05  1.43633E-08  1.53557E-08  7.49830E-11  8.01841E-11  6.89257E-09  2.28103E-09
  7.250E-01  4.00281E-05  1.32499E-08  1.47041E-08  7.16410E-11  7.95251E-11  1.14530E-08  5.31219E-10
  7.500E-01  4.28362E-05  1.22333E-08  1.40896E-08  6.84256E-11  7.88304E-11  1.03772E-08  1.51482E-09
  7.750E-01  4.57395E-05  1.13037E-08  1.35095E-08  6.53337E-11  7.81050E-11  3.74368E-09  2.82576E-09
  8.000E-01  4.87380E-05  1.04525E-08  1.29612E-08  6.23629E-11  7.73534E-11  5.41923E-09  2.72538E-09
  8.250E-01  5.18317E-05  9.67223E-09  1.24426E-08  5.95112E-11  7.65799E-11  1.24908E-08  1.24078E-09
  8.500E-01  5.50205E-05  8.95635E-09  1.19517E-08  5.67765E-11  7.57885E-11  1.35750E-08  8.99001E-10
  8.750E-01  5.83045E-05  8.29898E-09  1.14866E-08  5.41568E-11  7.49829E-11  7.62310E-09  2.61990E-09
  9.000E-01  6.16838E-05  7.69490E-09  1.10458E-08  5.16496E-11  7.41666E-11  2.78541E-09  3.04135E-09
  9.250E-01  6.51582E-05  7.13940E-09  1.06277E-08  4.92521E-11  7.33428E-11  1.25236E-08  1.92658E-09
  9.500E-01  6.87277E-05  6.62822E-09  1.02310E-08  4.69615E-11  7.25141E-11  1.64305E-08  1.85528E-10
  9.750E-01  7.23925E-05  6.15749E-09  9.85431E-09  4.47745E-11  7.16832E-11  1.20314E-08  2.24016E-09
  1.000E+00  7.61524E-05  5.72372E-09  9.49645E-09  4.26875E-11  7.08524E-11  3.48811E-13  3.73776E-12
  1.100E+00  9.21439E-05  4.29859E-09  8.23220E-09  3.52645E-11  6.75658E-11  1.63320E-13  2.72534E-12
  1.200E+00  1.09658E-04  3.25525E-09  7.19205E-09  2.91324E-11  6.43989E-11  3.97009E-14  1.96020E-12
  1.300E+00  1.28695E-04  2.48052E-09  6.32901E-09  2.40481E-11  6.13972E-11  4.20667E-14  1.38208E-12
  1.400E+00  1.49255E-04  1.89650E-09  5.60662E-09  1.97992E-11  5.85767E-11  9.42836E-14  9.46130E-13
  1.500E+00  1.71338E-04  1.44953E-09  4.99665E-09  1.62124E-11  5.59362E-11  1.25300E-13  6.19269E-13
  1.600E+00  1.94942E-04  1.10256E-09  4.47722E-09  1.31519E-11  5.34659E-11  1.41438E-13  3.76401E-13
  1.700E+00  2.20070E-04  8.29748E-10  4.03131E-09  1.05141E-11  5.11529E-11  1.46514E-13  1.98340E-13
  1.800E+00  2.46720E-04  6.12868E-10  3.64567E-09  8.22022E-12  4.89837E-11  1.44042E-13  7.05572E-14
  1.900E+00  2.74892E-04  4.38868E-10  3.30987E-09  6.21041E-12  4.69454E-11  1.35949E-13  1.86158E-14
  2.000E+00  3.04586E-04  2.98246E-10  3.01567E-09  4.43892E-12  4.50267E-11  1.24122E-13  7.77921E-14
  2.100E+00  3.35803E-04  1.83962E-10  2.75649E-09  2.87015E-12  4.32174E-11  1.10034E-13  1.14279E-13
  2.200E+00  3.68542E-04  9.07044E-11  2.52702E-09  1.47592E-12  4.15089E-11  9.46445E-14  1.33454E-13
  2.300E+00  4.02802E-04  1.44053E-11  2.32294E-09  2.33477E-13  3.98936E-11  7.87614E-14  1.39803E-13
  2.400E+00  4.38585E-04 -4.81021E-11  2.14070E-09 -8.75904E-13  3.83648E-11  6.30499E-14  1.36855E-13
  2.500E+00  4.75889E-04 -9.93150E-11  1.97738E-09 -1.86793E-12  3.69167E-11  4.79916E-14  1.27424E-13
  2.600E+00  5.14715E-04 -1.41226E-10  1.83051E-09 -2.75595E-12  3.55440E-11  3.39183E-14  1.13757E-13
  2.700E+00  5.55063E-04 -1.75440E-10  1.69802E-09 -3.55150E-12  3.42419E-11  2.11565E-14  9.75933E-14
  2.800E+00  5.96931E-04 -2.03263E-10  1.57818E-09 -4.26459E-12  3.30060E-11  9.82000E-15  8.03835E-14
  2.900E+00  6.40321E-04 -2.25762E-10  1.46947E-09 -4.90401E-12  3.18322E-11  8.61708E-17  6.31561E-14
  3.000E+00  6.85233E-04 -2.43815E-10  1.37062E-09 -5.47751E-12  3.07168E-11  8.03571E-15  4.66294E-14
  3.100E+00  7.31665E-04 -2.58149E-10  1.28052E-09 -5.99195E-12  2.96562E-11  1.46222E-14  3.15100E-14
  3.200E+00  7.79618E-04 -2.69368E-10  1.19822E-09 -6.45340E-12  2.86472E-11  1.95624E-14  1.80436E-14
  3.300E+00  8.29092E-04 -2.77976E-10  1.12287E-09 -6.86727E-12  2.76866E-11  2.30766E-14  6.27096E-15
  3.400E+00  8.80086E-04 -2.84391E-10  1.05375E-09 -7.23839E-12  2.67715E-11  2.51848E-14  2.90048E-15
  3.500E+00  9.32601E-04 -2.88967E-10  9.90227E-10 -7.57105E-12  2.58993E-11  2.59952E-14  1.02023E-14
  3.600E+00  9.86636E-04 -2.91999E-10  9.31732E-10 -7.86907E-12  2.50674E-11  2.58999E-14  1.56898E-14
  3.700E+00  1.04219E-03 -2.93737E-10  8.77774E-10 -8.13588E-12  2.42734E-11  2.47300E-14  1.93826E-14
  3.800E+00  1.09927E-03 -2.94391E-10  8.27915E-10 -8.37453E-12  2.35151E-11  2.30198E-14  2.13509E-14
  3.900E+00  1.15786E-03 -2.94138E-10  7.81768E-10 -8.58775E-12  2.27903E-11  2.05768E-14  2.19569E-14
  4.000E+00  1.21797E-03 -2.93127E-10  7.38989E-10 -8.77798E-12  2.20972E-11  1.75779E-14  2.16073E-14
  4.100E+00  1.27961E-03 -2.91486E-10  6.99272E-10 -8.94742E-12  2.14338E-11  1.43970E-14  2.00133E-14
  4.200E+00  1.34276E-03 -2.89322E-10  6.62344E-10 -9.09802E-12  2.07986E-11  1.11247E-14  1.77950E-14
  4.300E+00  1.40743E-03 -2.86727E-10  6.27959E-10 -9.23153E-12  2.01898E-11  7.88741E-15  1.51056E-14
  4.400E+00  1.47362E-03 -2.83778E-10  5.95900E-10 -9.34955E-12  1.96060E-11  4.54437E-15  1.22455E-14
  4.500E+00  1.54133E-03 -2.80541E-10  5.65970E-10 -9.45348E-12  1.90459E-11  1.68008E-15  9.19188E-15
  4.600E+00  1.61056E-03 -2.77072E-10  5.37992E-10 -9.54460E-12  1.85080E-11  1.07082E-15  6.29105E-15
  4.700E+00  1.68131E-03 -2.73418E-10  5.11807E-10 -9.62406E-12  1.79913E-11  3.41581E-15  3.48237E-15
  4.800E+00  1.75357E-03 -2.69620E-10  4.87270E-10 -9.69291E-12  1.74945E-11  5.23498E-15  8.57614E-16
  4.900E+00  1.82735E-03 -2.65713E-10  4.64253E-10 -9.75206E-12  1.70167E-11  7.05772E-15  1.18746E-15
  5.000E+00  1.90265E-03 -2.61725E-10  4.42637E-10 -9.80238E-12  1.65567E-11  8.12650E-15  2.97957E-15
  5.100E+00  1.97947E-03 -2.57682E-10  4.22316E-10 -9.84461E-12  1.61138E-11  8.81561E-15  4.45967E-15
  5.200E+00  2.05780E-03 -2.53604E-10  4.03193E-10 -9.87946E-12  1.56869E-11  9.23632E-15  5.41745E-15
  5.300E+00  2.13765E-03 -2.49509E-10  3.85179E-10 -9.90756E-12  1.52754E-11  9.35102E-15  5.90956E-15
  5.400E+00  2.21902E-03 -2.45413E-10  3.68193E-10 -9.92947E-12  1.48784E-11  8.74319E-15  6.13610E-15
  5.500E+00  2.30190E-03 -2.41327E-10  3.52163E-10 -9.94571E-12  1.44953E-11  8.29737E-15  6.12546E-15
  5.600E+00  2.38630E-03 -2.37264E-10  3.37021E-10 -9.95677E-12  1.41254E-11  7.40041E-15  5.69467E-15
  5.700E+00  2.47222E-03 -2.33232E-10  3.22705E-10 -9.96305E-12  1.37679E-11  6.33153E-15  5.02265E-15
  5.800E+00  2.55965E-03 -2.29237E-10  3.09159E-10 -9.96497E-12  1.34225E-11  5.22155E-15  3.74792E-15
  5.900E+00  2.64859E-03 -2.25288E-10  2.96332E-10 -9.96287E-12  1.30885E-11  3.86210E-15  3.61863E-15
  6.000E+00  2.73905E-03 -2.21388E-10  2.84176E-10 -9.95710E-12  1.27653E-11  2.48775E-15  2.53148E-15
  6.100E+00  2.83103E-03 -2.17541E-10  2.72647E-10 -9.94794E-12  1.24525E-11  1.50317E-15  1.51479E-15
  6.200E+00  2.92452E-03 -2.13752E-10  2.61705E-10 -9.93567E-12  1.21497E-11  1.93869E-16  6.76168E-16
  6.300E+00  3.01952E-03 -2.10022E-10  2.51312E-10 -9.92054E-12  1.18563E-11  9.38148E-16  1.09051E-16
  6.400E+00  3.11604E-03 -2.06355E-10  2.41435E-10 -9.90280E-12  1.15721E-11  2.08937E-15  9.50207E-16
  6.500E+00  3.21407E-03 -2.02750E-10  2.32040E-10 -9.88264E-12  1.12965E-11  2.90426E-15  1.43175E-15
  6.600E+00  3.31362E-03 -1.99210E-10  2.23100E-10 -9.86027E-12  1.10293E-11  3.58274E-15  1.68486E-15
  6.700E+00  3.41468E-03 -1.95736E-10  2.14587E-10 -9.83587E-12  1.07700E-11  3.72243E-15  2.21014E-15
  6.800E+00  3.51725E-03 -1.92327E-10  2.06475E-10 -9.80961E-12  1.05184E-11  3.93240E-15  2.05065E-15
  6.900E+00  3.62133E-03 -1.88983E-10  1.98741E-10 -9.78163E-12  1.02742E-11  4.20624E-15  2.08048E-15
  7.000E+00  3.72692E-03 -1.85705E-10  1.91363E-10 -9.75208E-12  1.00370E-11  4.08433E-15  2.19548E-15
  7.100E+00  3.83403E-03 -1.82493E-10  1.84320E-10 -9.72110E-12  9.80654E-12  4.11456E-15  1.96179E-15
  7.200E+00  3.94265E-03 -1.79345E-10  1.77595E-10 -9.68879E-12  9.58262E-12  3.57017E-15  1.65755E-15
  7.300E+00  4.05278E-03 -1.76262E-10  1.71169E-10 -9.65528E-12  9.36496E-12  3.19325E-15  1.20840E-15
  7.400E+00  4.16442E-03 -1.73242E-10  1.65026E-10 -9.62068E-12  9.15332E-12  2.70059E-15  9.40045E-16
  7.500E+00  4.27757E-03 -1.70285E-10  1.59150E-10 -9.58506E-12  8.94747E-12  2.10201E-15  6.09633E-16
  7.600E+00  4.39223E-03 -1.67390E-10  1.53527E-10 -9.54853E-12  8.74720E-12  1.53441E-15  2.96624E-16
  7.700E+00  4.50840E-03 -1.64555E-10  1.48143E-10 -9.51117E-12  8.55231E-12  1.12047E-15  4.33132E-16
  7.800E+00  4.62608E-03 -1.61780E-10  1.42987E-10 -9.47306E-12  8.36258E-12  7.27542E-16  7.02977E-16
  7.900E+00  4.74527E-03 -1.59065E-10  1.38046E-10 -9.43426E-12  8.17785E-12  0.00000E+00  2.73917E-16
  8.000E+00  4.86597E-03 -1.56406E-10  1.33310E-10 -9.39484E-12  7.99793E-12  6.90863E-16  9.34215E-16
  8.100E+00  4.98817E-03 -1.53805E-10  1.28767E-10 -9.35487E-12  7.82266E-12  1.23484E-15  7.80546E-16
  8.200E+00  5.11188E-03 -1.51258E-10  1.24408E-10 -9.31439E-12  7.65186E-12  1.42323E-15  1.01478E-15
  8.300E+00  5.23711E-03 -1.48766E-10  1.20224E-10 -9.27348E-12  7.48539E-12  1.92242E-15  8.66053E-16
  8.400E+00  5.36383E-03 -1.46327E-10  1.16206E-10 -9.23217E-12  7.32310E-12  1.77174E-15  1.08638E-15
  8.500E+00  5.49207E-03 -1.43941E-10  1.12347E-10 -9.19051E-12  7.16485E-12  2.23807E-15  1.06024E-15
  8.600E+00  5.62181E-03 -1.41604E-10  1.08638E-10 -9.14854E-12  7.01050E-12  2.28457E-15  5.75008E-16
  8.700E+00  5.75306E-03 -1.39318E-10  1.05073E-10 -9.10631E-12  6.85992E-12  2.23125E-15  5.61483E-16
  8.800E+00  5.88581E-03 -1.37080E-10  1.01645E-10 -9.06385E-12  6.71300E-12  1.89546E-15  4.38739E-16
  8.900E+00  6.02007E-03 -1.34890E-10  9.83463E-11 -9.02120E-12  6.56961E-12  2.03744E-15  0.00000E+00
  9.000E+00  6.15583E-03 -1.32746E-10  9.51722E-11 -8.97839E-12  6.42963E-12  1.53886E-15  0.00000E+00
  9.100E+00  6.29310E-03 -1.30647E-10  9.21166E-11 -8.93544E-12  6.29297E-12  1.41603E-15  2.04735E-16
  9.200E+00  6.43187E-03 -1.28593E-10  8.91742E-11 -8.89240E-12  6.15951E-12  1.38478E-15  2.00178E-16
  9.300E+00  6.57214E-03 -1.26581E-10  8.63398E-11 -8.84927E-12  6.02915E-12  6.77271E-16  2.93653E-16
  9.400E+00  6.71392E-03 -1.24612E-10  8.36087E-11 -8.80610E-12  5.90180E-12  4.96981E-16  3.83003E-16
  9.500E+00  6.85720E-03 -1.22684E-10  8.09762E-11 -8.76289E-12  5.77737E-12  1.62119E-16  5.62113E-16
  9.600E+00  7.00198E-03 -1.20796E-10  7.84381E-11 -8.71968E-12  5.65577E-12  1.58690E-16  7.33485E-16
  9.700E+00  7.14827E-03 -1.18947E-10  7.59902E-11 -8.67648E-12  5.53691E-12  3.10737E-16  1.79496E-16
  9.800E+00  7.29605E-03 -1.17137E-10  7.36287E-11 -8.63331E-12  5.42071E-12  3.04299E-16  1.75741E-16
  9.900E+00  7.44534E-03 -1.15363E-10  7.13499E-11 -8.59019E-12  5.30709E-12  7.45143E-16  6.88406E-16
  1.000E+01  7.59612E-03 -1.13626E-10  6.91502E-11 -8.54713E-12  5.19598E-12  8.76015E-16  3.37144E-16
  1.025E+01  7.97965E-03 -1.09437E-10  6.39761E-11 -8.43985E-12  4.92868E-12  2.77653E-16  6.40814E-16
  1.050E+01  8.37255E-03 -1.05457E-10  5.92289E-11 -8.33326E-12  4.67553E-12  9.25153E-16  3.04870E-16
  1.075E+01  8.77480E-03 -1.01673E-10  5.48668E-11 -8.22753E-12  4.43555E-12  5.03876E-16  4.35633E-16
  1.100E+01  9.18641E-03 -9.80729E-11  5.08526E-11 -8.12280E-12  4.20784E-12  3.60591E-16  1.38482E-16
  1.125E+01  9.60736E-03 -9.46468E-11  4.71534E-11 -8.01919E-12  3.99159E-12  6.88867E-16  2.64407E-16
  1.150E+01  1.00376E-02 -9.13839E-11  4.37400E-11 -7.91679E-12  3.78605E-12  1.09778E-16  1.26337E-16
  1.175E+01  1.04773E-02 -8.82748E-11  4.05862E-11 -7.81568E-12  3.59055E-12  4.20269E-16  2.41693E-16
  1.200E+01  1.09262E-02 -8.53105E-11  3.76689E-11 -7.71591E-12  3.40444E-12  4.02608E-16  2.31403E-16
  1.225E+01  1.13844E-02 -8.24827E-11  3.49671E-11 -7.61754E-12  3.22715E-12  0.00000E+00  1.10874E-16
  1.250E+01  1.18520E-02 -7.97836E-11  3.24621E-11 -7.52060E-12  3.05813E-12  1.85229E-16  4.25348E-16
  1.275E+01  1.23288E-02 -7.72057E-11  3.01373E-11 -7.42511E-12  2.89690E-12  3.55804E-16  2.04138E-16
  1.300E+01  1.28150E-02 -7.47425E-11  2.79774E-11 -7.33111E-12  2.74299E-12  0.00000E+00  0.00000E+00
  1.325E+01  1.33104E-02 -7.23874E-11  2.59688E-11 -7.23858E-12  2.59598E-12  1.64490E-16  3.77033E-16
  1.350E+01  1.38150E-02 -7.01344E-11  2.40992E-11 -7.14755E-12  2.45548E-12  3.16688E-16  1.81360E-16
  1.375E+01  1.43290E-02 -6.79781E-11  2.23574E-11 -7.05801E-12  2.32111E-12  0.00000E+00  1.74596E-16
  1.400E+01  1.48521E-02 -6.59132E-11  2.07334E-11 -6.96995E-12  2.19254E-12  2.94079E-16  3.36395E-16
  1.425E+01  1.53845E-02 -6.39347E-11  1.92179E-11 -6.88337E-12  2.06946E-12  2.83669E-16  4.86415E-16
  1.450E+01  1.59262E-02 -6.20382E-11  1.78026E-11 -6.79826E-12  1.95156E-12  1.36901E-16  0.00000E+00
  1.475E+01  1.64770E-02 -6.02192E-11  1.64799E-11 -6.71460E-12  1.83857E-12  2.64439E-16  4.52842E-16
  1.500E+01  1.70371E-02 -5.84739E-11  1.52429E-11 -6.63238E-12  1.73023E-12  2.55548E-16  2.91548E-16
  1.525E+01  1.76063E-02 -5.67983E-11  1.40852E-11 -6.55157E-12  1.62631E-12  1.23549E-16  0.00000E+00
  1.550E+01  1.81848E-02 -5.51890E-11  1.30010E-11 -6.47217E-12  1.52657E-12  2.39059E-16  1.36182E-16
  1.575E+01  1.87724E-02 -5.36426E-11  1.19851E-11 -6.39414E-12  1.43081E-12  2.31406E-16  1.31730E-16
  1.600E+01  1.93692E-02 -5.21561E-11  1.10326E-11 -6.31747E-12  1.33882E-12  1.12057E-16  1.27490E-16
  1.625E+01  1.99751E-02 -5.07263E-11  1.01391E-11 -6.24213E-12  1.25043E-12  0.00000E+00  2.46894E-16
  1.650E+01  2.05901E-02 -4.93506E-11  9.30038E-12 -6.16811E-12  1.16545E-12  0.00000E+00  1.19590E-16
  1.675E+01  2.12143E-02 -4.80264E-11  8.51274E-12 -6.09537E-12  1.08373E-12  0.00000E+00  1.15908E-16
  1.700E+01  2.18476E-02 -4.67512E-11  7.77270E-12 -6.02390E-12  1.00511E-12  0.00000E+00  1.12390E-16
  1.725E+01  2.24900E-02 -4.55227E-11  7.07708E-12 -5.95367E-12  9.29449E-13  0.00000E+00  2.18054E-16
  1.750E+01  2.31415E-02 -4.43386E-11  6.42292E-12 -5.88466E-12  8.56603E-13  0.00000E+00  0.00000E+00
  1.775E+01  2.38021E-02 -4.31970E-11  5.80749E-12 -5.81684E-12  7.86447E-13  0.00000E+00  2.05460E-16
  1.800E+01  2.44717E-02 -4.20959E-11  5.22828E-12 -5.75019E-12  7.18858E-13  0.00000E+00  1.99560E-16
  1.825E+01  2.51504E-02 -4.10334E-11  4.68295E-12 -5.68469E-12  6.53723E-13  0.00000E+00  3.87813E-16
  1.850E+01  2.58382E-02 -4.00079E-11  4.16935E-12 -5.62031E-12  5.90932E-13  0.00000E+00  0.00000E+00
  1.875E+01  2.65349E-02 -3.90176E-11  3.68547E-12 -5.55703E-12  5.30384E-13  0.00000E+00  3.66566E-16
  1.900E+01  2.72407E-02 -3.80610E-11  3.22945E-12 -5.49483E-12  4.71982E-13  0.00000E+00  3.56579E-16
  1.925E+01  2.79555E-02 -3.71367E-11  2.79958E-12 -5.43368E-12  4.15633E-13  0.00000E+00  0.00000E+00
  1.950E+01  2.86793E-02 -3.62432E-11  2.39424E-12 -5.37356E-12  3.61251E-13  0.00000E+00  1.68884E-16
  1.975E+01  2.94120E-02 -3.53793E-11  2.01195E-12 -5.31446E-12  3.08753E-13  0.00000E+00  1.64453E-16
  2.000E+01  3.01537E-02 -3.45436E-11  1.65131E-12 -5.25634E-12  2.58061E-13  0.00000E+00  0.00000E+00
  2.025E+01  3.09043E-02 -3.37350E-11  1.31103E-12 -5.19919E-12  2.09101E-13  0.00000E+00  1.56088E-16
  2.050E+01  3.16639E-02 -3.29524E-11  9.89917E-13 -5.14299E-12  1.61802E-13  0.00000E+00  0.00000E+00
  2.075E+01  3.24324E-02 -3.21947E-11  6.86835E-13 -5.08772E-12  1.16098E-13  0.00000E+00  1.48333E-16
  2.100E+01  3.32098E-02 -3.14608E-11  4.00738E-13 -5.03335E-12  7.19247E-14  0.00000E+00  1.44666E-16
  2.125E+01  3.39961E-02 -3.07499E-11  1.30644E-13 -4.97987E-12  2.92220E-14  0.00000E+00  1.41131E-16
  2.150E+01  3.47912E-02 -3.00609E-11 -1.24362E-13 -4.92726E-12 -1.20677E-14  0.00000E+00  1.37721E-16
  2.175E+01  3.55952E-02 -2.93931E-11 -3.65138E-13 -4.87550E-12 -5.19991E-14  0.00000E+00  1.34431E-16
  2.200E+01  3.64081E-02 -2.87455E-11 -5.92488E-13 -4.82457E-12 -9.06245E-14  0.00000E+00  0.00000E+00
  2.225E+01  3.72297E-02 -2.81174E-11 -8.07163E-13 -4.77445E-12 -1.27993E-13  0.00000E+00  1.28188E-16
  2.250E+01  3.80602E-02 -2.75081E-11 -1.00987E-12 -4.72514E-12 -1.64154E-13  0.00000E+00  1.25225E-16
  2.275E+01  3.88995E-02 -2.69168E-11 -1.20127E-12 -4.67660E-12 -1.99150E-13  0.00000E+00  0.00000E+00
  2.300E+01  3.97476E-02 -2.63428E-11 -1.38198E-12 -4.62882E-12 -2.33025E-13  0.00000E+00  1.19594E-16
  2.325E+01  4.06044E-02 -2.57855E-11 -1.55258E-12 -4.58180E-12 -2.65821E-13  0.00000E+00  0.00000E+00
  2.350E+01  4.14700E-02 -2.52443E-11 -1.71363E-12 -4.53550E-12 -2.97577E-13  0.00000E+00  0.00000E+00
  2.375E+01  4.23443E-02 -2.47186E-11 -1.86563E-12 -4.48992E-12 -3.28330E-13  0.00000E+00  0.00000E+00
  2.400E+01  4.32273E-02 -2.42077E-11 -2.00907E-12 -4.44504E-12 -3.58117E-13  0.00000E+00  0.00000E+00
  2.425E+01  4.41190E-02 -2.37112E-11 -2.14440E-12 -4.40085E-12 -3.86971E-13  0.00000E+00  0.00000E+00
  2.450E+01  4.50194E-02 -2.32285E-11 -2.27205E-12 -4.35733E-12 -4.14925E-13  0.00000E+00  0.00000E+00
  2.475E+01  4.59284E-02 -2.27592E-11 -2.39243E-12 -4.31446E-12 -4.42012E-13  0.00000E+00  0.00000E+00
  2.500E+01  4.68461E-02 -2.23027E-11 -2.50590E-12 -4.27225E-12 -4.68260E-13  0.00000E+00  0.00000E+00
  2.550E+01  4.87074E-02 -2.14266E-11 -2.71357E-12 -4.18969E-12 -5.18357E-13  0.00000E+00  0.00000E+00
  2.600E+01  5.06030E-02 -2.05967E-11 -2.89768E-12 -4.10955E-12 -5.65432E-13  0.00000E+00  0.00000E+00
  2.650E+01  5.25328E-02 -1.98100E-11 -3.06058E-12 -4.03174E-12 -6.09684E-13  0.00000E+00  0.00000E+00
  2.700E+01  5.44967E-02 -1.90636E-11 -3.20435E-12 -3.95616E-12 -6.51297E-13  0.00000E+00  0.00000E+00
  2.750E+01  5.64946E-02 -1.83549E-11 -3.33087E-12 -3.88272E-12 -6.90438E-13  0.00000E+00  0.00000E+00
  2.800E+01  5.85262E-02 -1.76814E-11 -3.44180E-12 -3.81134E-12 -7.27265E-13  0.00000E+00  0.00000E+00
  2.850E+01  6.05914E-02 -1.70409E-11 -3.53863E-12 -3.74194E-12 -7.61920E-13  0.00000E+00  0.00000E+00
  2.900E+01  6.26901E-02 -1.64314E-11 -3.62271E-12 -3.67444E-12 -7.94537E-13  0.00000E+00  0.00000E+00
  2.950E+01  6.48222E-02 -1.58509E-11 -3.69525E-12 -3.60877E-12 -8.25240E-13  0.00000E+00  0.00000E+00
  3.000E+01  6.69873E-02 -1.52977E-11 -3.75733E-12 -3.54486E-12 -8.54142E-13  0.00000E+00  0.00000E+00
  3.050E+01  6.91854E-02 -1.47701E-11 -3.80995E-12 -3.48264E-12 -8.81351E-13  0.00000E+00  0.00000E+00
  3.100E+01  7.14163E-02 -1.42667E-11 -3.85399E-12 -3.42206E-12 -9.06964E-13  0.00000E+00  0.00000E+00
  3.150E+01  7.36799E-02 -1.37860E-11 -3.89024E-12 -3.36305E-12 -9.31073E-13  0.00000E+00  0.00000E+00
  3.200E+01  7.59760E-02 -1.33267E-11 -3.91943E-12 -3.30555E-12 -9.53765E-13  0.00000E+00  0.00000E+00
  3.250E+01  7.83043E-02 -1.28876E-11 -3.94220E-12 -3.24951E-12 -9.75118E-13  0.00000E+00  0.00000E+00
  3.300E+01  8.06647E-02 -1.24676E-11 -3.95916E-12 -3.19488E-12 -9.95208E-13  0.00000E+00  0.00000E+00
  3.350E+01  8.30571E-02 -1.20656E-11 -3.97084E-12 -3.14161E-12 -1.01410E-12  0.00000E+00  0.00000E+00
  3.400E+01  8.54812E-02 -1.16807E-11 -3.97774E-12 -3.08964E-12 -1.03187E-12  0.00000E+00  0.00000E+00
  3.450E+01  8.79369E-02 -1.13119E-11 -3.98030E-12 -3.03895E-12 -1.04857E-12  0.00000E+00  0.00000E+00
  3.500E+01  9.04240E-02 -1.09583E-11 -3.97892E-12 -2.98947E-12 -1.06425E-12  0.00000E+00  0.00000E+00
  3.550E+01  9.29422E-02 -1.06192E-11 -3.97397E-12 -2.94118E-12 -1.07898E-12  0.00000E+00  0.00000E+00
  3.600E+01  9.54915E-02 -1.02938E-11 -3.96577E-12 -2.89402E-12 -1.09279E-12  0.00000E+00  0.00000E+00
  3.650E+01  9.80716E-02 -9.98142E-12 -3.95464E-12 -2.84797E-12 -1.10575E-12  0.00000E+00  0.00000E+00
  3.700E+01  1.00682E-01 -9.68137E-12 -3.94086E-12 -2.80299E-12 -1.11789E-12  0.00000E+00  0.00000E+00
  3.750E+01  1.03323E-01 -9.39305E-12 -3.92469E-12 -2.75903E-12 -1.12925E-12  0.00000E+00  0.00000E+00
  3.800E+01  1.05995E-01 -9.11587E-12 -3.90635E-12 -2.71608E-12 -1.13987E-12  0.00000E+00  0.00000E+00
  3.850E+01  1.08696E-01 -8.84930E-12 -3.88606E-12 -2.67409E-12 -1.14980E-12  0.00000E+00  0.00000E+00
  3.900E+01  1.11427E-01 -8.59280E-12 -3.86400E-12 -2.63303E-12 -1.15906E-12  0.00000E+00  0.00000E+00
  3.950E+01  1.14188E-01 -8.34591E-12 -3.84036E-12 -2.59288E-12 -1.16768E-12  0.00000E+00  0.00000E+00
  4.000E+01  1.16978E-01 -8.10816E-12 -3.81530E-12 -2.55361E-12 -1.17570E-12  0.00000E+00  0.00000E+00
  4.050E+01  1.19797E-01 -7.87913E-12 -3.78897E-12 -2.51519E-12 -1.18315E-12  0.00000E+00  0.00000E+00
  4.100E+01  1.22645E-01 -7.65841E-12 -3.76150E-12 -2.47759E-12 -1.19005E-12  0.00000E+00  0.00000E+00
  4.150E+01  1.25522E-01 -7.44563E-12 -3.73302E-12 -2.44080E-12 -1.19643E-12  0.00000E+00  0.00000E+00
  4.200E+01  1.28428E-01 -7.24042E-12 -3.70365E-12 -2.40478E-12 -1.20231E-12  0.00000E+00  0.00000E+00
  4.250E+01  1.31361E-01 -7.04244E-12 -3.67348E-12 -2.36951E-12 -1.20772E-12  0.00000E+00  0.00000E+00
  4.300E+01  1.34323E-01 -6.85137E-12 -3.64261E-12 -2.33497E-12 -1.21267E-12  0.00000E+00  0.00000E+00
  4.350E+01  1.37313E-01 -6.66689E-12 -3.61113E-12 -2.30114E-12 -1.21720E-12  0.00000E+00  0.00000E+00
  4.400E+01  1.40330E-01 -6.48874E-12 -3.57913E-12 -2.26800E-12 -1.22131E-12  0.00000E+00  0.00000E+00
  4.450E+01  1.43375E-01 -6.31663E-12 -3.54667E-12 -2.23553E-12 -1.22504E-12  0.00000E+00  0.00000E+00
  4.500E+01  1.46447E-01 -6.15032E-12 -3.51383E-12 -2.20370E-12 -1.22838E-12  0.00000E+00  0.00000E+00
  4.550E+01  1.49545E-01 -5.98954E-12 -3.48067E-12 -2.17251E-12 -1.23137E-12  0.00000E+00  0.00000E+00
  4.600E+01  1.52671E-01 -5.83406E-12 -3.44723E-12 -2.14193E-12 -1.23402E-12  0.00000E+00  0.00000E+00
  4.650E+01  1.55823E-01 -5.68368E-12 -3.41358E-12 -2.11195E-12 -1.23633E-12  0.00000E+00  0.00000E+00
  4.700E+01  1.59001E-01 -5.53817E-12 -3.37976E-12 -2.08255E-12 -1.23834E-12  0.00000E+00  0.00000E+00
  4.750E+01  1.62205E-01 -5.39734E-12 -3.34581E-12 -2.05371E-12 -1.24004E-12  0.00000E+00  0.00000E+00
  4.800E+01  1.65435E-01 -5.26100E-12 -3.31179E-12 -2.02542E-12 -1.24146E-12  0.00000E+00  0.00000E+00
  4.850E+01  1.68690E-01 -5.12897E-12 -3.27772E-12 -1.99767E-12 -1.24260E-12  0.00000E+00  0.00000E+00
  4.900E+01  1.71970E-01 -5.00108E-12 -3.24364E-12 -1.97044E-12 -1.24348E-12  0.00000E+00  0.00000E+00
  4.950E+01  1.75276E-01 -4.87717E-12 -3.20957E-12 -1.94371E-12 -1.24411E-12  0.00000E+00  0.00000E+00
  5.000E+01  1.78606E-01 -4.75708E-12 -3.17555E-12 -1.91747E-12 -1.24449E-12  0.00000E+00  0.00000E+00
  5.050E+01  1.81961E-01 -4.64066E-12 -3.14160E-12 -1.89172E-12 -1.24465E-12  0.00000E+00  0.00000E+00
  5.100E+01  1.85340E-01 -4.52777E-12 -3.10774E-12 -1.86643E-12 -1.24458E-12  0.00000E+00  0.00000E+00
  5.150E+01  1.88743E-01 -4.41829E-12 -3.07400E-12 -1.84160E-12 -1.24431E-12  0.00000E+00  0.00000E+00
  5.200E+01  1.92169E-01 -4.31208E-12 -3.04040E-12 -1.81722E-12 -1.24382E-12  0.00000E+00  0.00000E+00
  5.250E+01  1.95619E-01 -4.20901E-12 -3.00695E-12 -1.79326E-12 -1.24315E-12  0.00000E+00  0.00000E+00
  5.300E+01  1.99092E-01 -4.10898E-12 -2.97368E-12 -1.76973E-12 -1.24228E-12  0.00000E+00  0.00000E+00
  5.350E+01  2.02589E-01 -4.01187E-12 -2.94058E-12 -1.74661E-12 -1.24124E-12  0.00000E+00  0.00000E+00
  5.400E+01  2.06107E-01 -3.91757E-12 -2.90768E-12 -1.72390E-12 -1.24002E-12  0.00000E+00  0.00000E+00
  5.450E+01  2.09649E-01 -3.82598E-12 -2.87499E-12 -1.70157E-12 -1.23864E-12  0.00000E+00  0.00000E+00
  5.500E+01  2.13212E-01 -3.73701E-12 -2.84252E-12 -1.67963E-12 -1.23710E-12  0.00000E+00  0.00000E+00
  5.550E+01  2.16797E-01 -3.65056E-12 -2.81028E-12 -1.65806E-12 -1.23541E-12  0.00000E+00  0.00000E+00
  5.600E+01  2.20404E-01 -3.56655E-12 -2.77828E-12 -1.63686E-12 -1.23357E-12  0.00000E+00  0.00000E+00
  5.650E+01  2.24032E-01 -3.48488E-12 -2.74653E-12 -1.61601E-12 -1.23159E-12  0.00000E+00  0.00000E+00
  5.700E+01  2.27680E-01 -3.40548E-12 -2.71502E-12 -1.59550E-12 -1.22947E-12  0.00000E+00  0.00000E+00
  5.750E+01  2.31350E-01 -3.32827E-12 -2.68378E-12 -1.57534E-12 -1.22723E-12  0.00000E+00  0.00000E+00
  5.800E+01  2.35040E-01 -3.25317E-12 -2.65279E-12 -1.55551E-12 -1.22486E-12  0.00000E+00  0.00000E+00
  5.850E+01  2.38751E-01 -3.18011E-12 -2.62208E-12 -1.53600E-12 -1.22237E-12  0.00000E+00  0.00000E+00
  5.900E+01  2.42481E-01 -3.10903E-12 -2.59164E-12 -1.51681E-12 -1.21977E-12  0.00000E+00  0.00000E+00
  5.950E+01  2.46231E-01 -3.03986E-12 -2.56148E-12 -1.49793E-12 -1.21706E-12  0.00000E+00  0.00000E+00
  6.000E+01  2.50000E-01 -2.97253E-12 -2.53160E-12 -1.47935E-12 -1.21424E-12  0.00000E+00  0.00000E+00
  6.050E+01  2.53788E-01 -2.90698E-12 -2.50200E-12 -1.46107E-12 -1.21131E-12  0.00000E+00  0.00000E+00
  6.100E+01  2.57595E-01 -2.84315E-12 -2.47267E-12 -1.44307E-12 -1.20829E-12  0.00000E+00  0.00000E+00
  6.150E+01  2.61421E-01 -2.78099E-12 -2.44364E-12 -1.42536E-12 -1.20518E-12  0.00000E+00  0.00000E+00
  6.200E+01  2.65264E-01 -2.72045E-12 -2.41489E-12 -1.40792E-12 -1.20197E-12  0.00000E+00  0.00000E+00
  6.250E+01  2.69126E-01 -2.66148E-12 -2.38643E-12 -1.39076E-12 -1.19868E-12  0.00000E+00  0.00000E+00
  6.300E+01  2.73005E-01 -2.60401E-12 -2.35825E-12 -1.37386E-12 -1.19530E-12  0.00000E+00  0.00000E+00
  6.350E+01  2.76901E-01 -2.54801E-12 -2.33037E-12 -1.35721E-12 -1.19184E-12  0.00000E+00  0.00000E+00
  6.400E+01  2.80814E-01 -2.49344E-12 -2.30277E-12 -1.34082E-12 -1.18831E-12  0.00000E+00  0.00000E+00
  6.450E+01  2.84744E-01 -2.44023E-12 -2.27546E-12 -1.32468E-12 -1.18470E-12  0.00000E+00  0.00000E+00
  6.500E+01  2.88691E-01 -2.38836E-12 -2.24843E-12 -1.30878E-12 -1.18102E-12  0.00000E+00  0.00000E+00
  6.550E+01  2.92653E-01 -2.33777E-12 -2.22169E-12 -1.29312E-12 -1.17727E-12  0.00000E+00  0.00000E+00
  6.600E+01  2.96632E-01 -2.28845E-12 -2.19524E-12 -1.27769E-12 -1.17345E-12  0.00000E+00  0.00000E+00
  6.650E+01  3.00625E-01 -2.24034E-12 -2.16907E-12 -1.26249E-12 -1.16957E-12  0.00000E+00  0.00000E+00
  6.700E+01  3.04634E-01 -2.19340E-12 -2.14318E-12 -1.24751E-12 -1.16562E-12  0.00000E+00  0.00000E+00
  6.750E+01  3.08658E-01 -2.14761E-12 -2.11758E-12 -1.23275E-12 -1.16162E-12  0.00000E+00  0.00000E+00
  6.800E+01  3.12697E-01 -2.10292E-12 -2.09225E-12 -1.21821E-12 -1.15756E-12  0.00000E+00  0.00000E+00
  6.850E+01  3.16749E-01 -2.05931E-12 -2.06720E-12 -1.20387E-12 -1.15345E-12  0.00000E+00  0.00000E+00
  6.900E+01  3.20816E-01 -2.01674E-12 -2.04242E-12 -1.18974E-12 -1.14928E-12  0.00000E+00  0.00000E+00
  6.950E+01  3.24896E-01 -1.97519E-12 -2.01793E-12 -1.17581E-12 -1.14506E-12  0.00000E+00  0.00000E+00
  7.000E+01  3.28990E-01 -1.93463E-12 -1.99371E-12 -1.16208E-12 -1.14079E-12  0.00000E+00  0.00000E+00
  7.050E+01  3.33097E-01 -1.89502E-12 -1.96975E-12 -1.14854E-12 -1.13648E-12  0.00000E+00  0.00000E+00
  7.100E+01  3.37216E-01 -1.85634E-12 -1.94607E-12 -1.13519E-12 -1.13212E-12  0.00000E+00  0.00000E+00
  7.150E+01  3.41348E-01 -1.81855E-12 -1.92264E-12 -1.12203E-12 -1.12772E-12  0.00000E+00  0.00000E+00
  7.200E+01  3.45492E-01 -1.78164E-12 -1.89948E-12 -1.10905E-12 -1.12328E-12  0.00000E+00  0.00000E+00
  7.250E+01  3.49647E-01 -1.74559E-12 -1.87659E-12 -1.09625E-12 -1.11879E-12  0.00000E+00  0.00000E+00
  7.300E+01  3.53814E-01 -1.71037E-12 -1.85395E-12 -1.08363E-12 -1.11427E-12  0.00000E+00  0.00000E+00
  7.350E+01  3.57992E-01 -1.67595E-12 -1.83158E-12 -1.07117E-12 -1.10971E-12  0.00000E+00  0.00000E+00
  7.400E+01  3.62181E-01 -1.64231E-12 -1.80945E-12 -1.05889E-12 -1.10511E-12  0.00000E+00  0.00000E+00
  7.450E+01  3.66381E-01 -1.60943E-12 -1.78757E-12 -1.04677E-12 -1.10048E-12  0.00000E+00  0.00000E+00
  7.500E+01  3.70590E-01 -1.57729E-12 -1.76595E-12 -1.03482E-12 -1.09582E-12  0.00000E+00  0.00000E+00
  7.550E+01  3.74810E-01 -1.54588E-12 -1.74457E-12 -1.02302E-12 -1.09112E-12  0.00000E+00  0.00000E+00
  7.600E+01  3.79039E-01 -1.51516E-12 -1.72344E-12 -1.01138E-12 -1.08640E-12  0.00000E+00  0.00000E+00
  7.650E+01  3.83277E-01 -1.48513E-12 -1.70255E-12 -9.99896E-13 -1.08164E-12  0.00000E+00  0.00000E+00
  7.700E+01  3.87524E-01 -1.45576E-12 -1.68190E-12 -9.88562E-13 -1.07686E-12  0.00000E+00  0.00000E+00
  7.750E+01  3.91780E-01 -1.42704E-12 -1.66149E-12 -9.77375E-13 -1.07204E-12  0.00000E+00  0.00000E+00
  7.800E+01  3.96044E-01 -1.39894E-12 -1.64131E-12 -9.66334E-13 -1.06721E-12  0.00000E+00  0.00000E+00
  7.850E+01  4.00316E-01 -1.37146E-12 -1.62136E-12 -9.55436E-13 -1.06234E-12  0.00000E+00  0.00000E+00
  7.900E+01  4.04596E-01 -1.34457E-12 -1.60164E-12 -9.44679E-13 -1.05746E-12  0.00000E+00  0.00000E+00
  7.950E+01  4.08882E-01 -1.31827E-12 -1.58215E-12 -9.34059E-13 -1.05255E-12  0.00000E+00  0.00000E+00
  8.000E+01  4.13176E-01 -1.29253E-12 -1.56289E-12 -9.23574E-13 -1.04762E-12  0.00000E+00  0.00000E+00
  8.050E+01  4.17476E-01 -1.26735E-12 -1.54384E-12 -9.13223E-13 -1.04266E-12  0.00000E+00  0.00000E+00
  8.100E+01  4.21783E-01 -1.24270E-12 -1.52502E-12 -9.03002E-13 -1.03769E-12  0.00000E+00  0.00000E+00
  8.150E+01  4.26095E-01 -1.21857E-12 -1.50641E-12 -8.92909E-13 -1.03270E-12  0.00000E+00  0.00000E+00
  8.200E+01  4.30413E-01 -1.19495E-12 -1.48801E-12 -8.82942E-13 -1.02768E-12  0.00000E+00  0.00000E+00
  8.250E+01  4.34737E-01 -1.17184E-12 -1.46983E-12 -8.73099E-13 -1.02265E-12  0.00000E+00  0.00000E+00
  8.300E+01  4.39065E-01 -1.14920E-12 -1.45186E-12 -8.63378E-13 -1.01761E-12  0.00000E+00  0.00000E+00
  8.350E+01  4.43398E-01 -1.12704E-12 -1.43410E-12 -8.53777E-13 -1.01254E-12  0.00000E+00  0.00000E+00
  8.400E+01  4.47736E-01 -1.10535E-12 -1.41654E-12 -8.44293E-13 -1.00746E-12  0.00000E+00  0.00000E+00
  8.450E+01  4.52077E-01 -1.08410E-12 -1.39919E-12 -8.34925E-13 -1.00236E-12  0.00000E+00  0.00000E+00
  8.500E+01  4.56422E-01 -1.06329E-12 -1.38203E-12 -8.25670E-13 -9.97254E-13  0.00000E+00  0.00000E+00
  8.550E+01  4.60770E-01 -1.04291E-12 -1.36507E-12 -8.16528E-13 -9.92130E-13  0.00000E+00  0.00000E+00
  8.600E+01  4.65122E-01 -1.02295E-12 -1.34831E-12 -8.07495E-13 -9.86992E-13  0.00000E+00  0.00000E+00
  8.650E+01  4.69476E-01 -1.00339E-12 -1.33174E-12 -7.98569E-13 -9.81842E-13  0.00000E+00  0.00000E+00
  8.700E+01  4.73832E-01 -9.84234E-13 -1.31536E-12 -7.89751E-13 -9.76679E-13  0.00000E+00  0.00000E+00
  8.750E+01  4.78190E-01 -9.65466E-13 -1.29918E-12 -7.81036E-13 -9.71504E-13  0.00000E+00  0.00000E+00
  8.800E+01  4.82550E-01 -9.47076E-13 -1.28317E-12 -7.72424E-13 -9.66318E-13  0.00000E+00  0.00000E+00
  8.850E+01  4.86912E-01 -9.29057E-13 -1.26736E-12 -7.63914E-13 -9.61122E-13  0.00000E+00  0.00000E+00
  8.900E+01  4.91274E-01 -9.11398E-13 -1.25172E-12 -7.55502E-13 -9.55915E-13  0.00000E+00  0.00000E+00
  8.950E+01  4.95637E-01 -8.94093E-13 -1.23627E-12 -7.47188E-13 -9.50699E-13  0.00000E+00  0.00000E+00
  9.000E+01  5.00000E-01 -8.77133E-13 -1.22099E-12 -7.38971E-13 -9.45473E-13  0.00000E+00  0.00000E+00
  9.050E+01  5.04363E-01 -8.60510E-13 -1.20589E-12 -7.30848E-13 -9.40239E-13  0.00000E+00  0.00000E+00
  9.100E+01  5.08726E-01 -8.44216E-13 -1.19096E-12 -7.22818E-13 -9.34996E-13  0.00000E+00  0.00000E+00
  9.150E+01  5.13088E-01 -8.28243E-13 -1.17621E-12 -7.14879E-13 -9.29745E-13  0.00000E+00  0.00000E+00
  9.200E+01  5.17450E-01 -8.12583E-13 -1.16163E-12 -7.07031E-13 -9.24486E-13  0.00000E+00  0.00000E+00
  9.250E+01  5.21810E-01 -7.97231E-13 -1.14721E-12 -6.99271E-13 -9.19221E-13  0.00000E+00  0.00000E+00
  9.300E+01  5.26168E-01 -7.82178E-13 -1.13296E-12 -6.91599E-13 -9.13948E-13  0.00000E+00  0.00000E+00
  9.350E+01  5.30524E-01 -7.67418E-13 -1.11887E-12 -6.84012E-13 -9.08669E-13  0.00000E+00  0.00000E+00
  9.400E+01  5.34878E-01 -7.52946E-13 -1.10495E-12 -6.76510E-13 -9.03384E-13  0.00000E+00  0.00000E+00
  9.450E+01  5.39230E-01 -7.38753E-13 -1.09119E-12 -6.69091E-13 -8.98093E-13  0.00000E+00  0.00000E+00
  9.500E+01  5.43578E-01 -7.24835E-13 -1.07758E-12 -6.61754E-13 -8.92796E-13  0.00000E+00  0.00000E+00
  9.550E+01  5.47923E-01 -7.11183E-13 -1.06413E-12 -6.54497E-13 -8.87495E-13  0.00000E+00  0.00000E+00
  9.600E+01  5.52264E-01 -6.97794E-13 -1.05084E-12 -6.47320E-13 -8.82188E-13  0.00000E+00  0.00000E+00
  9.650E+01  5.56602E-01 -6.84660E-13 -1.03770E-12 -6.40221E-13 -8.76877E-13  0.00000E+00  0.00000E+00
  9.700E+01  5.60935E-01 -6.71777E-13 -1.02471E-12 -6.33199E-13 -8.71562E-13  0.00000E+00  0.00000E+00
  9.750E+01  5.65263E-01 -6.59139E-13 -1.01187E-12 -6.26252E-13 -8.66242E-13  0.00000E+00  0.00000E+00
  9.800E+01  5.69587E-01 -6.46741E-13 -9.99175E-13 -6.19380E-13 -8.60919E-13  0.00000E+00  0.00000E+00
  9.850E+01  5.73905E-01 -6.34578E-13 -9.86629E-13 -6.12581E-13 -8.55592E-13  0.00000E+00  0.00000E+00
  9.900E+01  5.78217E-01 -6.22644E-13 -9.74228E-13 -6.05855E-13 -8.50262E-13  0.00000E+00  0.00000E+00
  9.950E+01  5.82524E-01 -6.10934E-13 -9.61969E-13 -5.99200E-13 -8.44929E-13  0.00000E+00  0.00000E+00
  1.000E+02  5.86824E-01 -5.99443E-13 -9.49851E-13 -5.92614E-13 -8.39593E-13  0.00000E+00  0.00000E+00
  1.005E+02  5.91118E-01 -5.88168E-13 -9.37872E-13 -5.86098E-13 -8.34255E-13  0.00000E+00  0.00000E+00
  1.010E+02  5.95404E-01 -5.77104E-13 -9.26032E-13 -5.79650E-13 -8.28914E-13  0.00000E+00  0.00000E+00
  1.015E+02  5.99684E-01 -5.66246E-13 -9.14329E-13 -5.73269E-13 -8.23571E-13  0.00000E+00  0.00000E+00
  1.020E+02  6.03956E-01 -5.55589E-13 -9.02761E-13 -5.66953E-13 -8.18226E-13  0.00000E+00  0.00000E+00
  1.025E+02  6.08220E-01 -5.45130E-13 -8.91326E-13 -5.60703E-13 -8.12880E-13  0.00000E+00  0.00000E+00
  1.030E+02  6.12476E-01 -5.34865E-13 -8.80022E-13 -5.54517E-13 -8.07531E-13  0.00000E+00  0.00000E+00
  1.035E+02  6.16723E-01 -5.24788E-13 -8.68849E-13 -5.48393E-13 -8.02181E-13  0.00000E+00  0.00000E+00
  1.040E+02  6.20961E-01 -5.14897E-13 -8.57805E-13 -5.42332E-13 -7.96830E-13  0.00000E+00  0.00000E+00
  1.045E+02  6.25190E-01 -5.05188E-13 -8.46889E-13 -5.36332E-13 -7.91478E-13  0.00000E+00  0.00000E+00
  1.050E+02  6.29410E-01 -4.95657E-13 -8.36099E-13 -5.30392E-13 -7.86125E-13  0.00000E+00  0.00000E+00
  1.055E+02  6.33619E-01 -4.86301E-13 -8.25434E-13 -5.24511E-13 -7.80771E-13  0.00000E+00  0.00000E+00
  1.060E+02  6.37819E-01 -4.77115E-13 -8.14892E-13 -5.18689E-13 -7.75417E-13  0.00000E+00  0.00000E+00
  1.065E+02  6.42008E-01 -4.68096E-13 -8.04473E-13 -5.12925E-13 -7.70062E-13  0.00000E+00  0.00000E+00
  1.070E+02  6.46186E-01 -4.59241E-13 -7.94174E-13 -5.07217E-13 -7.64707E-13  0.00000E+00  0.00000E+00
  1.075E+02  6.50353E-01 -4.50547E-13 -7.83994E-13 -5.01565E-13 -7.59351E-13  0.00000E+00  0.00000E+00
  1.080E+02  6.54508E-01 -4.42011E-13 -7.73933E-13 -4.95969E-13 -7.53996E-13  0.00000E+00  0.00000E+00
  1.085E+02  6.58652E-01 -4.33629E-13 -7.63989E-13 -4.90426E-13 -7.48640E-13  0.00000E+00  0.00000E+00
  1.090E+02  6.62784E-01 -4.25399E-13 -7.54161E-13 -4.84938E-13 -7.43285E-13  0.00000E+00  0.00000E+00
  1.095E+02  6.66903E-01 -4.17316E-13 -7.44448E-13 -4.79502E-13 -7.37930E-13  0.00000E+00  0.00000E+00
  1.100E+02  6.71010E-01 -4.09379E-13 -7.34847E-13 -4.74118E-13 -7.32575E-13  0.00000E+00  0.00000E+00
  1.105E+02  6.75104E-01 -4.01585E-13 -7.25358E-13 -4.68785E-13 -7.27220E-13  0.00000E+00  0.00000E+00
  1.110E+02  6.79184E-01 -3.93930E-13 -7.15981E-13 -4.63502E-13 -7.21867E-13  0.00000E+00  0.00000E+00
  1.115E+02  6.83251E-01 -3.86412E-13 -7.06713E-13 -4.58270E-13 -7.16513E-13  0.00000E+00  0.00000E+00
  1.120E+02  6.87303E-01 -3.79029E-13 -6.97554E-13 -4.53086E-13 -7.11161E-13  0.00000E+00  0.00000E+00
  1.125E+02  6.91342E-01 -3.71778E-13 -6.88503E-13 -4.47951E-13 -7.05810E-13  0.00000E+00  0.00000E+00
  1.130E+02  6.95366E-01 -3.64657E-13 -6.79558E-13 -4.42863E-13 -7.00459E-13  0.00000E+00  0.00000E+00
  1.135E+02  6.99375E-01 -3.57661E-13 -6.70718E-13 -4.37822E-13 -6.95109E-13  0.00000E+00  0.00000E+00
  1.140E+02  7.03368E-01 -3.50791E-13 -6.61982E-13 -4.32828E-13 -6.89761E-13  0.00000E+00  0.00000E+00
  1.145E+02  7.07347E-01 -3.44042E-13 -6.53349E-13 -4.27879E-13 -6.84414E-13  0.00000E+00  0.00000E+00
  1.150E+02  7.11309E-01 -3.37413E-13 -6.44819E-13 -4.22975E-13 -6.79068E-13  0.00000E+00  0.00000E+00
  1.155E+02  7.15256E-01 -3.30901E-13 -6.36390E-13 -4.18115E-13 -6.73723E-13  0.00000E+00  0.00000E+00
  1.160E+02  7.19186E-01 -3.24506E-13 -6.28062E-13 -4.13299E-13 -6.68379E-13  0.00000E+00  0.00000E+00
  1.165E+02  7.23099E-01 -3.18223E-13 -6.19832E-13 -4.08526E-13 -6.63037E-13  0.00000E+00  0.00000E+00
  1.170E+02  7.26995E-01 -3.12052E-13 -6.11701E-13 -4.03795E-13 -6.57697E-13  0.00000E+00  0.00000E+00
  1.175E+02  7.30874E-01 -3.05989E-13 -6.03667E-13 -3.99106E-13 -6.52358E-13  0.00000E+00  0.00000E+00
  1.180E+02  7.34736E-01 -3.00033E-13 -5.95728E-13 -3.94459E-13 -6.47021E-13  0.00000E+00  0.00000E+00
  1.185E+02  7.38579E-01 -2.94182E-13 -5.87886E-13 -3.89852E-13 -6.41685E-13  0.00000E+00  0.00000E+00
  1.190E+02  7.42405E-01 -2.88434E-13 -5.80138E-13 -3.85284E-13 -6.36351E-13  0.00000E+00  0.00000E+00
  1.195E+02  7.46212E-01 -2.82789E-13 -5.72483E-13 -3.80757E-13 -6.31019E-13  0.00000E+00  0.00000E+00
  1.200E+02  7.50000E-01 -2.77242E-13 -5.64922E-13 -3.76268E-13 -6.25688E-13  0.00000E+00  0.00000E+00
  1.205E+02  7.53769E-01 -2.71793E-13 -5.57452E-13 -3.71817E-13 -6.20360E-13  0.00000E+00  0.00000E+00
  1.210E+02  7.57519E-01 -2.66440E-13 -5.50072E-13 -3.67405E-13 -6.15033E-13  0.00000E+00  0.00000E+00
  1.215E+02  7.61249E-01 -2.61180E-13 -5.42783E-13 -3.63029E-13 -6.09708E-13  0.00000E+00  0.00000E+00
  1.220E+02  7.64960E-01 -2.56014E-13 -5.35583E-13 -3.58690E-13 -6.04385E-13  0.00000E+00  0.00000E+00
  1.225E+02  7.68650E-01 -2.50938E-13 -5.28471E-13 -3.54388E-13 -5.99064E-13  0.00000E+00  0.00000E+00
  1.230E+02  7.72320E-01 -2.45952E-13 -5.21448E-13 -3.50121E-13 -5.93745E-13  0.00000E+00  0.00000E+00
  1.235E+02  7.75968E-01 -2.41053E-13 -5.14511E-13 -3.45889E-13 -5.88429E-13  0.00000E+00  0.00000E+00
  1.240E+02  7.79596E-01 -2.36241E-13 -5.07660E-13 -3.41691E-13 -5.83114E-13  0.00000E+00  0.00000E+00
  1.245E+02  7.83203E-01 -2.31513E-13 -5.00894E-13 -3.37528E-13 -5.77801E-13  0.00000E+00  0.00000E+00
  1.250E+02  7.86788E-01 -2.26868E-13 -4.94213E-13 -3.33399E-13 -5.72490E-13  0.00000E+00  0.00000E+00
  1.255E+02  7.90351E-01 -2.22305E-13 -4.87615E-13 -3.29302E-13 -5.67182E-13  0.00000E+00  0.00000E+00
  1.260E+02  7.93893E-01 -2.17822E-13 -4.81101E-13 -3.25238E-13 -5.61876E-13  0.00000E+00  0.00000E+00
  1.265E+02  7.97411E-01 -2.13419E-13 -4.74669E-13 -3.21207E-13 -5.56572E-13  0.00000E+00  0.00000E+00
  1.270E+02  8.00908E-01 -2.09093E-13 -4.68319E-13 -3.17207E-13 -5.51270E-13  0.00000E+00  0.00000E+00
  1.275E+02  8.04381E-01 -2.04844E-13 -4.62049E-13 -3.13238E-13 -5.45970E-13  0.00000E+00  0.00000E+00
  1.280E+02  8.07831E-01 -2.00669E-13 -4.55860E-13 -3.09300E-13 -5.40673E-13  0.00000E+00  0.00000E+00
  1.285E+02  8.11257E-01 -1.96568E-13 -4.49750E-13 -3.05392E-13 -5.35377E-13  0.00000E+00  0.00000E+00
  1.290E+02  8.14660E-01 -1.92540E-13 -4.43718E-13 -3.01514E-13 -5.30084E-13  0.00000E+00  0.00000E+00
  1.295E+02  8.18039E-01 -1.88583E-13 -4.37765E-13 -2.97666E-13 -5.24794E-13  0.00000E+00  0.00000E+00
  1.300E+02  8.21394E-01 -1.84696E-13 -4.31890E-13 -2.93847E-13 -5.19505E-13  0.00000E+00  0.00000E+00
  1.305E+02  8.24724E-01 -1.80879E-13 -4.26092E-13 -2.90056E-13 -5.14219E-13  0.00000E+00  0.00000E+00
  1.310E+02  8.28030E-01 -1.77129E-13 -4.20371E-13 -2.86294E-13 -5.08935E-13  0.00000E+00  0.00000E+00
  1.315E+02  8.31310E-01 -1.73446E-13 -4.14724E-13 -2.82559E-13 -5.03654E-13  0.00000E+00  0.00000E+00
  1.320E+02  8.34565E-01 -1.69829E-13 -4.09153E-13 -2.78851E-13 -4.98374E-13  0.00000E+00  0.00000E+00
  1.325E+02  8.37795E-01 -1.66276E-13 -4.03656E-13 -2.75171E-13 -4.93097E-13  0.00000E+00  0.00000E+00
  1.330E+02  8.40999E-01 -1.62787E-13 -3.98233E-13 -2.71517E-13 -4.87823E-13  0.00000E+00  0.00000E+00
  1.335E+02  8.44177E-01 -1.59360E-13 -3.92883E-13 -2.67889E-13 -4.82550E-13  0.00000E+00  0.00000E+00
  1.340E+02  8.47329E-01 -1.55996E-13 -3.87607E-13 -2.64286E-13 -4.77280E-13  0.00000E+00  0.00000E+00
  1.345E+02  8.50455E-01 -1.52692E-13 -3.82402E-13 -2.60709E-13 -4.72012E-13  0.00000E+00  0.00000E+00
  1.350E+02  8.53553E-01 -1.49447E-13 -3.77270E-13 -2.57157E-13 -4.66747E-13  0.00000E+00  0.00000E+00
  1.355E+02  8.56625E-01 -1.46262E-13 -3.72208E-13 -2.53630E-13 -4.61483E-13  0.00000E+00  0.00000E+00
  1.360E+02  8.59670E-01 -1.43133E-13 -3.67216E-13 -2.50126E-13 -4.56222E-13  0.00000E+00  0.00000E+00
  1.365E+02  8.62687E-01 -1.40062E-13 -3.62295E-13 -2.46647E-13 -4.50964E-13  0.00000E+00  0.00000E+00
  1.370E+02  8.65677E-01 -1.37047E-13 -3.57443E-13 -2.43191E-13 -4.45707E-13  0.00000E+00  0.00000E+00
  1.375E+02  8.68639E-01 -1.34088E-13 -3.52661E-13 -2.39758E-13 -4.40453E-13  0.00000E+00  0.00000E+00
  1.380E+02  8.71572E-01 -1.31183E-13 -3.47947E-13 -2.36347E-13 -4.35201E-13  0.00000E+00  0.00000E+00
  1.385E+02  8.74478E-01 -1.28331E-13 -3.43301E-13 -2.32959E-13 -4.29951E-13  0.00000E+00  0.00000E+00
  1.390E+02  8.77355E-01 -1.25532E-13 -3.38723E-13 -2.29593E-13 -4.24704E-13  0.00000E+00  0.00000E+00
  1.395E+02  8.80203E-01 -1.22785E-13 -3.34211E-13 -2.26249E-13 -4.19458E-13  0.00000E+00  0.00000E+00
  1.400E+02  8.83022E-01 -1.20089E-13 -3.29766E-13 -2.22926E-13 -4.14215E-13  0.00000E+00  0.00000E+00
  1.405E+02  8.85812E-01 -1.17444E-13 -3.25388E-13 -2.19624E-13 -4.08975E-13  0.00000E+00  0.00000E+00
  1.410E+02  8.88573E-01 -1.14848E-13 -3.21075E-13 -2.16342E-13 -4.03736E-13  0.00000E+00  0.00000E+00
  1.415E+02  8.91304E-01 -1.12302E-13 -3.16828E-13 -2.13081E-13 -3.98499E-13  0.00000E+00  0.00000E+00
  1.420E+02  8.94005E-01 -1.09805E-13 -3.12646E-13 -2.09840E-13 -3.93265E-13  0.00000E+00  0.00000E+00
  1.425E+02  8.96677E-01 -1.07354E-13 -3.08528E-13 -2.06618E-13 -3.88033E-13  0.00000E+00  0.00000E+00
  1.430E+02  8.99318E-01 -1.04950E-13 -3.04474E-13 -2.03415E-13 -3.82803E-13  0.00000E+00  0.00000E+00
  1.435E+02  9.01928E-01 -1.02592E-13 -3.00483E-13 -2.00232E-13 -3.77575E-13  0.00000E+00  0.00000E+00
  1.440E+02  9.04508E-01 -1.00281E-13 -2.96556E-13 -1.97067E-13 -3.72349E-13  0.00000E+00  0.00000E+00
  1.445E+02  9.07058E-01 -9.80151E-14 -2.92692E-13 -1.93920E-13 -3.67125E-13  0.00000E+00  0.00000E+00
  1.450E+02  9.09576E-01 -9.57939E-14 -2.88891E-13 -1.90792E-13 -3.61903E-13  0.00000E+00  0.00000E+00
  1.455E+02  9.12063E-01 -9.36157E-14 -2.85152E-13 -1.87681E-13 -3.56684E-13  0.00000E+00  0.00000E+00
  1.460E+02  9.14519E-01 -9.14802E-14 -2.81473E-13 -1.84587E-13 -3.51466E-13  0.00000E+00  0.00000E+00
  1.465E+02  9.16943E-01 -8.93874E-14 -2.77856E-13 -1.81511E-13 -3.46250E-13  0.00000E+00  0.00000E+00
  1.470E+02  9.19335E-01 -8.73371E-14 -2.74300E-13 -1.78451E-13 -3.41037E-13  0.00000E+00  0.00000E+00
  1.475E+02  9.21696E-01 -8.53288E-14 -2.70806E-13 -1.75407E-13 -3.35825E-13  0.00000E+00  0.00000E+00
  1.480E+02  9.24024E-01 -8.33616E-14 -2.67371E-13 -1.72380E-13 -3.30615E-13  0.00000E+00  0.00000E+00
  1.485E+02  9.26320E-01 -8.14348E-14 -2.63997E-13 -1.69369E-13 -3.25407E-13  0.00000E+00  0.00000E+00
  1.490E+02  9.28584E-01 -7.95478E-14 -2.60682E-13 -1.66373E-13 -3.20201E-13  0.00000E+00  0.00000E+00
  1.495E+02  9.30815E-01 -7.77000E-14 -2.57426E-13 -1.63393E-13 -3.14997E-13  0.00000E+00  0.00000E+00
  1.500E+02  9.33013E-01 -7.58911E-14 -2.54229E-13 -1.60427E-13 -3.09795E-13  0.00000E+00  0.00000E+00
  1.505E+02  9.35178E-01 -7.41208E-14 -2.51091E-13 -1.57477E-13 -3.04595E-13  0.00000E+00  0.00000E+00
  1.510E+02  9.37310E-01 -7.23888E-14 -2.48011E-13 -1.54540E-13 -2.99396E-13  0.00000E+00  0.00000E+00
  1.515E+02  9.39409E-01 -7.06947E-14 -2.44990E-13 -1.51618E-13 -2.94199E-13  0.00000E+00  0.00000E+00
  1.520E+02  9.41474E-01 -6.90378E-14 -2.42026E-13 -1.48710E-13 -2.89004E-13  0.00000E+00  0.00000E+00
  1.525E+02  9.43505E-01 -6.74174E-14 -2.39120E-13 -1.45815E-13 -2.83811E-13  0.00000E+00  0.00000E+00
  1.530E+02  9.45503E-01 -6.58330E-14 -2.36271E-13 -1.42933E-13 -2.78619E-13  0.00000E+00  0.00000E+00
  1.535E+02  9.47467E-01 -6.42843E-14 -2.33478E-13 -1.40065E-13 -2.73429E-13  0.00000E+00  0.00000E+00
  1.540E+02  9.49397E-01 -6.27712E-14 -2.30742E-13 -1.37209E-13 -2.68241E-13  0.00000E+00  0.00000E+00
  1.545E+02  9.51293E-01 -6.12933E-14 -2.28063E-13 -1.34366E-13 -2.63054E-13  0.00000E+00  0.00000E+00
  1.550E+02  9.53154E-01 -5.98504E-14 -2.25440E-13 -1.31535E-13 -2.57869E-13  0.00000E+00  0.00000E+00
  1.555E+02  9.54981E-01 -5.84420E-14 -2.22874E-13 -1.28716E-13 -2.52685E-13  0.00000E+00  0.00000E+00
  1.560E+02  9.56773E-01 -5.70674E-14 -2.20362E-13 -1.25908E-13 -2.47503E-13  0.00000E+00  0.00000E+00
  1.565E+02  9.58530E-01 -5.57261E-14 -2.17906E-13 -1.23112E-13 -2.42323E-13  0.00000E+00  0.00000E+00
  1.570E+02  9.60252E-01 -5.44179E-14 -2.15505E-13 -1.20327E-13 -2.37144E-13  0.00000E+00  0.00000E+00
  1.575E+02  9.61940E-01 -5.31426E-14 -2.13159E-13 -1.17553E-13 -2.31966E-13  0.00000E+00  0.00000E+00
  1.580E+02  9.63592E-01 -5.19001E-14 -2.10868E-13 -1.14790E-13 -2.26790E-13  0.00000E+00  0.00000E+00
  1.585E+02  9.65209E-01 -5.06901E-14 -2.08631E-13 -1.12036E-13 -2.21616E-13  0.00000E+00  0.00000E+00
  1.590E+02  9.66790E-01 -4.95123E-14 -2.06449E-13 -1.09294E-13 -2.16442E-13  0.00000E+00  0.00000E+00
  1.595E+02  9.68336E-01 -4.83660E-14 -2.04321E-13 -1.06560E-13 -2.11270E-13  0.00000E+00  0.00000E+00
  1.600E+02  9.69846E-01 -4.72509E-14 -2.02247E-13 -1.03837E-13 -2.06100E-13  0.00000E+00  0.00000E+00
  1.605E+02  9.71321E-01 -4.61666E-14 -2.00226E-13 -1.01123E-13 -2.00931E-13  0.00000E+00  0.00000E+00
  1.610E+02  9.72759E-01 -4.51131E-14 -1.98258E-13 -9.84177E-14 -1.95762E-13  0.00000E+00  0.00000E+00
  1.615E+02  9.74162E-01 -4.40902E-14 -1.96344E-13 -9.57215E-14 -1.90596E-13  0.00000E+00  0.00000E+00
  1.620E+02  9.75528E-01 -4.30979E-14 -1.94484E-13 -9.30339E-14 -1.85430E-13  0.00000E+00  0.00000E+00
  1.625E+02  9.76858E-01 -4.21359E-14 -1.92677E-13 -9.03547E-14 -1.80266E-13  0.00000E+00  0.00000E+00
  1.630E+02  9.78152E-01 -4.12037E-14 -1.90922E-13 -8.76836E-14 -1.75102E-13  0.00000E+00  0.00000E+00
  1.635E+02  9.79410E-01 -4.03008E-14 -1.89220E-13 -8.50203E-14 -1.69940E-13  0.00000E+00  0.00000E+00
  1.640E+02  9.80631E-01 -3.94269E-14 -1.87570E-13 -8.23647E-14 -1.64779E-13  0.00000E+00  0.00000E+00
  1.645E+02  9.81815E-01 -3.85819E-14 -1.85972E-13 -7.97164E-14 -1.59619E-13  0.00000E+00  0.00000E+00
  1.650E+02  9.82963E-01 -3.77660E-14 -1.84427E-13 -7.70753E-14 -1.54460E-13  0.00000E+00  0.00000E+00
  1.655E+02  9.84074E-01 -3.69791E-14 -1.82933E-13 -7.44411E-14 -1.49302E-13  0.00000E+00  0.00000E+00
  1.660E+02  9.85148E-01 -3.62209E-14 -1.81492E-13 -7.18136E-14 -1.44144E-13  0.00000E+00  0.00000E+00
  1.665E+02  9.86185E-01 -3.54911E-14 -1.80103E-13 -6.91924E-14 -1.38988E-13  0.00000E+00  0.00000E+00
  1.670E+02  9.87185E-01 -3.47891E-14 -1.78766E-13 -6.65775E-14 -1.33833E-13  0.00000E+00  0.00000E+00
  1.675E+02  9.88148E-01 -3.41148E-14 -1.77479E-13 -6.39685E-14 -1.28678E-13  0.00000E+00  0.00000E+00
  1.680E+02  9.89074E-01 -3.34680E-14 -1.76244E-13 -6.13652E-14 -1.23525E-13  0.00000E+00  0.00000E+00
  1.685E+02  9.89962E-01 -3.28489E-14 -1.75059E-13 -5.87675E-14 -1.18372E-13  0.00000E+00  0.00000E+00
  1.690E+02  9.90814E-01 -3.22576E-14 -1.73927E-13 -5.61749E-14 -1.13220E-13  0.00000E+00  0.00000E+00
  1.695E+02  9.91627E-01 -3.16939E-14 -1.72846E-13 -5.35874E-14 -1.08068E-13  0.00000E+00  0.00000E+00
  1.700E+02  9.92404E-01 -3.11575E-14 -1.71816E-13 -5.10046E-14 -1.02918E-13  0.00000E+00  0.00000E+00
  1.705E+02  9.93143E-01 -3.06479E-14 -1.70836E-13 -4.84264E-14 -9.77677E-14  0.00000E+00  0.00000E+00
  1.710E+02  9.93844E-01 -3.01648E-14 -1.69907E-13 -4.58525E-14 -9.26183E-14  0.00000E+00  0.00000E+00
  1.715E+02  9.94508E-01 -2.97082E-14 -1.69028E-13 -4.32827E-14 -8.74696E-14  0.00000E+00  0.00000E+00
  1.720E+02  9.95134E-01 -2.92783E-14 -1.68200E-13 -4.07168E-14 -8.23214E-14  0.00000E+00  0.00000E+00
  1.725E+02  9.95722E-01 -2.88753E-14 -1.67423E-13 -3.81545E-14 -7.71737E-14  2.66100E-17  0.00000E+00
  1.730E+02  9.96273E-01 -2.84992E-14 -1.66697E-13 -3.55955E-14 -7.20265E-14  0.00000E+00  0.00000E+00
  1.735E+02  9.96786E-01 -2.81497E-14 -1.66021E-13 -3.30398E-14 -6.68798E-14  0.00000E+00  0.00000E+00
  1.740E+02  9.97261E-01 -2.78263E-14 -1.65396E-13 -3.04870E-14 -6.17335E-14  0.00000E+00  0.00000E+00
  1.745E+02  9.97698E-01 -2.75286E-14 -1.64820E-13 -2.79369E-14 -5.65877E-14  2.69475E-17  0.00000E+00
  1.750E+02  9.98097E-01 -2.72566E-14 -1.64294E-13 -2.53893E-14 -5.14422E-14  0.00000E+00  0.00000E+00
  1.755E+02  9.98459E-01 -2.70105E-14 -1.63819E-13 -2.28439E-14 -4.62970E-14  0.00000E+00  0.00000E+00
  1.760E+02  9.98782E-01 -2.67908E-14 -1.63393E-13 -2.03006E-14 -4.11521E-14  5.42744E-17  1.09289E-16
  1.765E+02  9.99067E-01 -2.65977E-14 -1.63019E-13 -1.77591E-14 -3.60075E-14  2.71875E-17  0.00000E+00
  1.770E+02  9.99315E-01 -2.64309E-14 -1.62695E-13 -1.52191E-14 -3.08631E-14  0.00000E+00  3.82279E-16
  1.775E+02  9.99524E-01 -2.62898E-14 -1.62421E-13 -1.26805E-14 -2.57190E-14  5.45366E-17  6.00582E-16
  1.780E+02  9.99695E-01 -2.61740E-14 -1.62196E-13 -1.01431E-14 -2.05750E-14  5.45977E-17  1.63763E-16
  1.785E+02  9.99829E-01 -2.60831E-14 -1.62020E-13 -7.60653E-15 -1.54311E-14  2.73228E-17  1.09159E-15
  1.790E+02  9.99924E-01 -2.60174E-14 -1.61894E-13 -5.07065E-15 -1.02874E-14  5.46802E-17  2.40123E-15
  1.795E+02  9.99981E-01 -2.59778E-14 -1.61818E-13 -2.53522E-15 -5.14368E-15  1.36753E-16  1.74623E-15
  1.800E+02  1.00000E+00 -2.59638E-14 -1.61792E-13 -3.55773E-29 -7.21834E-29  9.30041E-16  5.48169E-12
