 #  Spin polarization functions (in cm)      MU=(1-cos(TH))/2
 #  Z =  47,   projectile: electron
 #  Kinetic energy = 3.00000E+06 eV
 #
 # TH (deg)      MU            U            S            T      1-U^2-T^2-S^2
 #------------------------------------------------------------------------------
  0.000E+00  0.00000E+00  0.00000E+00  0.00000E+00  1.00000E+00  0.00000E+00
  1.000E-04  7.61557E-13  1.49133E-06  1.93448E-11  1.00000E+00  1.11022E-16
  1.250E-04  1.18994E-12  1.86416E-06  2.41810E-11  1.00000E+00  1.11022E-16
  1.500E-04  1.71346E-12  2.23699E-06  2.90172E-11  1.00000E+00  3.33067E-16
  1.750E-04  2.33225E-12  2.60983E-06  3.38534E-11  1.00000E+00  0.00000E+00
  2.000E-04  3.04617E-12  2.98266E-06  3.86896E-11  1.00000E+00  0.00000E+00
  2.250E-04  3.85530E-12  3.35549E-06  4.35258E-11  1.00000E+00  0.00000E+00
  2.500E-04  4.75964E-12  3.72832E-06  4.83621E-11  1.00000E+00  2.22045E-16
  2.750E-04  5.75917E-12  4.10116E-06  5.31983E-11  1.00000E+00  2.22045E-16
  3.000E-04  6.85391E-12  4.47399E-06  5.80345E-11  1.00000E+00  3.33067E-16
  3.250E-04  8.04379E-12  4.84682E-06  6.28707E-11  1.00000E+00  0.00000E+00
  3.500E-04  9.32893E-12  5.21965E-06  6.77069E-11  1.00000E+00  1.11022E-16
  3.750E-04  1.07092E-11  5.59248E-06  7.25431E-11  1.00000E+00  2.22045E-16
  4.000E-04  1.21847E-11  5.96532E-06  7.73793E-11  1.00000E+00  1.11022E-16
  4.250E-04  1.37554E-11  6.33815E-06  8.22155E-11  1.00000E+00  2.22045E-16
  4.500E-04  1.54213E-11  6.71098E-06  8.70518E-11  1.00000E+00 -2.22045E-16
  4.750E-04  1.71823E-11  7.08381E-06  9.18880E-11  1.00000E+00 -2.22045E-16
  5.000E-04  1.90386E-11  7.45665E-06  9.67242E-11  1.00000E+00  2.22045E-16
  5.250E-04  2.09900E-11  7.82948E-06  1.01560E-10  1.00000E+00  2.22045E-16
  5.500E-04  2.30367E-11  8.20231E-06  1.06397E-10  1.00000E+00 -2.22045E-16
  5.750E-04  2.51785E-11  8.57514E-06  1.11233E-10  1.00000E+00 -2.22045E-16
  6.000E-04  2.74156E-11  8.94798E-06  1.16069E-10  1.00000E+00  1.11022E-16
  6.250E-04  2.97478E-11  9.32081E-06  1.20905E-10  1.00000E+00 -2.22045E-16
  6.500E-04  3.21752E-11  9.69364E-06  1.25742E-10  1.00000E+00  2.22045E-16
  6.750E-04  3.46979E-11  1.00665E-05  1.30578E-10  1.00000E+00 -2.22045E-16
  7.000E-04  3.73157E-11  1.04393E-05  1.35414E-10  1.00000E+00 -2.22045E-16
  7.250E-04  4.00286E-11  1.08121E-05  1.40250E-10  1.00000E+00  2.22045E-16
  7.500E-04  4.28368E-11  1.11850E-05  1.45086E-10  1.00000E+00  1.11022E-16
  7.750E-04  4.57402E-11  1.15578E-05  1.49923E-10  1.00000E+00  3.33067E-16
  8.000E-04  4.87388E-11  1.19306E-05  1.54759E-10  1.00000E+00  1.11022E-16
  8.250E-04  5.18325E-11  1.23035E-05  1.59595E-10  1.00000E+00 -2.22045E-16
  8.500E-04  5.50215E-11  1.26763E-05  1.64431E-10  1.00000E+00  0.00000E+00
  8.750E-04  5.83057E-11  1.30491E-05  1.69268E-10  1.00000E+00  2.22045E-16
  9.000E-04  6.16850E-11  1.34220E-05  1.74104E-10  1.00000E+00  1.11022E-16
  9.250E-04  6.51595E-11  1.37948E-05  1.78940E-10  1.00000E+00  0.00000E+00
  9.500E-04  6.87293E-11  1.41676E-05  1.83776E-10  1.00000E+00  0.00000E+00
  9.750E-04  7.23943E-11  1.45405E-05  1.88613E-10  1.00000E+00 -2.22045E-16
  1.000E-03  7.61544E-11  1.49133E-05  1.93449E-10  1.00000E+00 -2.22045E-16
  1.250E-03  1.18991E-10  1.86416E-05  2.41812E-10  1.00000E+00 -2.22045E-16
  1.500E-03  1.71347E-10  2.23699E-05  2.90175E-10  1.00000E+00 -2.22045E-16
  1.750E-03  2.33223E-10  2.60983E-05  3.38539E-10  1.00000E+00  0.00000E+00
  2.000E-03  3.04617E-10  2.98266E-05  3.86904E-10  1.00000E+00 -2.22045E-16
  2.250E-03  3.85531E-10  3.35549E-05  4.35269E-10  1.00000E+00  0.00000E+00
  2.500E-03  4.75965E-10  3.72832E-05  4.83636E-10  1.00000E+00  2.22045E-16
  2.750E-03  5.75917E-10  4.10116E-05  5.32004E-10  1.00000E+00  0.00000E+00
  3.000E-03  6.85389E-10  4.47399E-05  5.80374E-10  1.00000E+00  2.22045E-16
  3.250E-03  8.04380E-10  4.84682E-05  6.28746E-10  1.00000E+00  2.22045E-16
  3.500E-03  9.32891E-10  5.21965E-05  6.77121E-10  1.00000E+00  2.22045E-16
  3.750E-03  1.07092E-09  5.59249E-05  7.25498E-10  1.00000E+00  1.11022E-16
  4.000E-03  1.21847E-09  5.96532E-05  7.73878E-10  1.00000E+00 -2.22045E-16
  4.250E-03  1.37554E-09  6.33815E-05  8.22263E-10  1.00000E+00 -2.22045E-16
  4.500E-03  1.54213E-09  6.71098E-05  8.70652E-10  1.00000E+00  0.00000E+00
  4.750E-03  1.71823E-09  7.08382E-05  9.19046E-10  1.00000E+00  0.00000E+00
  5.000E-03  1.90386E-09  7.45665E-05  9.67446E-10  1.00000E+00  1.11022E-16
  5.250E-03  2.09900E-09  7.82948E-05  1.01585E-09  1.00000E+00  1.11022E-16
  5.500E-03  2.30367E-09  8.20231E-05  1.06427E-09  1.00000E+00 -2.22045E-16
  5.750E-03  2.51785E-09  8.57515E-05  1.11269E-09  1.00000E+00  3.33067E-16
  6.000E-03  2.74156E-09  8.94798E-05  1.16112E-09  1.00000E+00  2.22045E-16
  6.250E-03  2.97478E-09  9.32081E-05  1.20956E-09  1.00000E+00  0.00000E+00
  6.500E-03  3.21752E-09  9.69365E-05  1.25802E-09  1.00000E+00  1.11022E-16
  6.750E-03  3.46978E-09  1.00665E-04  1.30649E-09  1.00000E+00 -2.22045E-16
  7.000E-03  3.73156E-09  1.04393E-04  1.35497E-09  1.00000E+00  2.22045E-16
  7.250E-03  4.00286E-09  1.08121E-04  1.40347E-09  1.00000E+00  2.22045E-16
  7.500E-03  4.28368E-09  1.11850E-04  1.45198E-09  1.00000E+00  3.33067E-16
  7.750E-03  4.57402E-09  1.15578E-04  1.50051E-09  1.00000E+00 -2.22045E-16
  8.000E-03  4.87388E-09  1.19306E-04  1.54907E-09  1.00000E+00 -2.22045E-16
  8.250E-03  5.18326E-09  1.23035E-04  1.59764E-09  1.00000E+00  0.00000E+00
  8.500E-03  5.50215E-09  1.26763E-04  1.64624E-09  1.00000E+00 -2.22045E-16
  8.750E-03  5.83057E-09  1.30491E-04  1.69487E-09  1.00000E+00 -2.22045E-16
  9.000E-03  6.16850E-09  1.34220E-04  1.74352E-09  1.00000E+00  0.00000E+00
  9.250E-03  6.51596E-09  1.37948E-04  1.79221E-09  1.00000E+00 -2.22045E-16
  9.500E-03  6.87293E-09  1.41676E-04  1.84092E-09  1.00000E+00 -2.22045E-16
  9.750E-03  7.23942E-09  1.45405E-04  1.88967E-09  1.00000E+00  1.11022E-16
  1.000E-02  7.61544E-09  1.49133E-04  1.93846E-09  1.00000E+00 -2.22045E-16
  1.250E-02  1.18991E-08  1.86417E-04  2.42891E-09  1.00000E+00  3.33067E-16
  1.500E-02  1.71347E-08  2.23700E-04  2.92613E-09  1.00000E+00 -4.44089E-16
  1.750E-02  2.33223E-08  2.60983E-04  3.43343E-09  1.00000E+00  3.33067E-16
  2.000E-02  3.04617E-08  2.98267E-04  3.95427E-09  1.00000E+00  0.00000E+00
  2.250E-02  3.85531E-08  3.35550E-04  4.49186E-09  1.00000E+00 -2.22045E-16
  2.500E-02  4.75965E-08  3.72834E-04  5.04873E-09  1.00000E+00  0.00000E+00
  2.750E-02  5.75917E-08  4.10117E-04  5.62648E-09  1.00000E+00  0.00000E+00
  3.000E-02  6.85389E-08  4.47401E-04  6.22572E-09  1.00000E+00  0.00000E+00
  3.250E-02  8.04380E-08  4.84684E-04  6.84620E-09  1.00000E+00 -2.22045E-16
  3.500E-02  9.32891E-08  5.21968E-04  7.48714E-09  1.00000E+00  0.00000E+00
  3.750E-02  1.07092E-07  5.59251E-04  8.14770E-09  1.00000E+00  2.22045E-16
  4.000E-02  1.21847E-07  5.96535E-04  8.82735E-09  1.00000E+00  0.00000E+00
  4.250E-02  1.37554E-07  6.33818E-04  9.52626E-09  1.00000E+00  1.11022E-16
  4.500E-02  1.54213E-07  6.71102E-04  1.02454E-08  1.00000E+00  0.00000E+00
  4.750E-02  1.71823E-07  7.08386E-04  1.09864E-08  1.00000E+00 -2.22045E-16
  5.000E-02  1.90386E-07  7.45670E-04  1.17512E-08  1.00000E+00  1.11022E-16
  5.250E-02  2.09900E-07  7.82954E-04  1.25420E-08  1.00000E+00  2.22045E-16
  5.500E-02  2.30367E-07  8.20237E-04  1.33600E-08  1.00000E+00  0.00000E+00
  5.750E-02  2.51785E-07  8.57521E-04  1.42060E-08  1.00000E+00 -4.44089E-16
  6.000E-02  2.74156E-07  8.94805E-04  1.50797E-08  1.00000E+00 -2.22045E-16
  6.250E-02  2.97478E-07  9.32089E-04  1.59801E-08  1.00000E+00  2.22045E-16
  6.500E-02  3.21752E-07  9.69373E-04  1.69059E-08  1.00000E+00  0.00000E+00
  6.750E-02  3.46978E-07  1.00666E-03  1.78558E-08  9.99999E-01  1.11022E-16
  7.000E-02  3.73156E-07  1.04394E-03  1.88291E-08  9.99999E-01 -2.22045E-16
  7.250E-02  4.00286E-07  1.08123E-03  1.98259E-08  9.99999E-01 -2.22045E-16
  7.500E-02  4.28368E-07  1.11851E-03  2.08475E-08  9.99999E-01  2.22045E-16
  7.750E-02  4.57402E-07  1.15579E-03  2.18954E-08  9.99999E-01  0.00000E+00
  8.000E-02  4.87388E-07  1.19308E-03  2.29718E-08  9.99999E-01  0.00000E+00
  8.250E-02  5.18325E-07  1.23036E-03  2.40783E-08  9.99999E-01 -2.22045E-16
  8.500E-02  5.50215E-07  1.26765E-03  2.52162E-08  9.99999E-01 -2.22045E-16
  8.750E-02  5.83057E-07  1.30493E-03  2.63855E-08  9.99999E-01  5.55112E-16
  9.000E-02  6.16850E-07  1.34221E-03  2.75855E-08  9.99999E-01  1.11022E-16
  9.250E-02  6.51596E-07  1.37950E-03  2.88149E-08  9.99999E-01  2.22045E-16
  9.500E-02  6.87293E-07  1.41678E-03  3.00722E-08  9.99999E-01  2.22045E-16
  9.750E-02  7.23942E-07  1.45407E-03  3.13565E-08  9.99999E-01  2.22045E-16
  1.000E-01  7.61543E-07  1.49135E-03  3.26676E-08  9.99999E-01 -2.22045E-16
  1.250E-01  1.18991E-06  1.86420E-03  4.75540E-08  9.99998E-01  3.33067E-16
  1.500E-01  1.71347E-06  2.23706E-03  6.58758E-08  9.99997E-01  3.33067E-16
  1.750E-01  2.33223E-06  2.60992E-03  8.79311E-08  9.99997E-01 -4.44089E-16
  2.000E-01  3.04617E-06  2.98279E-03  1.13885E-07  9.99996E-01  0.00000E+00
  2.250E-01  3.85531E-06  3.35567E-03  1.43778E-07  9.99994E-01 -2.22045E-16
  2.500E-01  4.75964E-06  3.72856E-03  1.77496E-07  9.99993E-01 -2.22045E-16
  2.750E-01  5.75916E-06  4.10145E-03  2.14867E-07  9.99992E-01  1.11022E-16
  3.000E-01  6.85388E-06  4.47436E-03  2.55670E-07  9.99990E-01  0.00000E+00
  3.250E-01  8.04378E-06  4.84728E-03  2.99685E-07  9.99988E-01  3.33067E-16
  3.500E-01  9.32888E-06  5.22020E-03  3.46790E-07  9.99986E-01  2.22045E-16
  3.750E-01  1.07092E-05  5.59314E-03  3.96855E-07  9.99984E-01 -2.22045E-16
  4.000E-01  1.21846E-05  5.96608E-03  4.49867E-07  9.99982E-01  1.11022E-16
  4.250E-01  1.37553E-05  6.33903E-03  5.05931E-07  9.99980E-01  1.11022E-16
  4.500E-01  1.54212E-05  6.71199E-03  5.65124E-07  9.99977E-01  3.33067E-16
  4.750E-01  1.71822E-05  7.08496E-03  6.27526E-07  9.99975E-01 -2.22045E-16
  5.000E-01  1.90385E-05  7.45793E-03  6.93109E-07  9.99972E-01 -2.22045E-16
  5.250E-01  2.09899E-05  7.83091E-03  7.61955E-07  9.99969E-01 -2.22045E-16
  5.500E-01  2.30365E-05  8.20390E-03  8.34144E-07  9.99966E-01  1.11022E-16
  5.750E-01  2.51783E-05  8.57690E-03  9.09524E-07  9.99963E-01  0.00000E+00
  6.000E-01  2.74153E-05  8.94991E-03  9.87900E-07  9.99960E-01  0.00000E+00
  6.250E-01  2.97475E-05  9.32293E-03  1.06912E-06  9.99957E-01  1.11022E-16
  6.500E-01  3.21749E-05  9.69596E-03  1.15324E-06  9.99953E-01 -2.22045E-16
  6.750E-01  3.46974E-05  1.00690E-02  1.24025E-06  9.99949E-01  2.22045E-16
  7.000E-01  3.73152E-05  1.04420E-02  1.33006E-06  9.99945E-01  0.00000E+00
  7.250E-01  4.00281E-05  1.08151E-02  1.42275E-06  9.99942E-01  1.11022E-16
  7.500E-01  4.28362E-05  1.11882E-02  1.51804E-06  9.99937E-01  0.00000E+00
  7.750E-01  4.57395E-05  1.15612E-02  1.61569E-06  9.99933E-01  0.00000E+00
  8.000E-01  4.87380E-05  1.19343E-02  1.71559E-06  9.99929E-01  3.33067E-16
  8.250E-01  5.18317E-05  1.23074E-02  1.81757E-06  9.99924E-01 -4.44089E-16
  8.500E-01  5.50205E-05  1.26806E-02  1.92160E-06  9.99920E-01  3.33067E-16
  8.750E-01  5.83045E-05  1.30537E-02  2.02788E-06  9.99915E-01 -2.22045E-16
  9.000E-01  6.16838E-05  1.34268E-02  2.13635E-06  9.99910E-01  1.11022E-16
  9.250E-01  6.51582E-05  1.38000E-02  2.24718E-06  9.99905E-01  0.00000E+00
  9.500E-01  6.87277E-05  1.41731E-02  2.36028E-06  9.99900E-01  2.22045E-16
  9.750E-01  7.23925E-05  1.45463E-02  2.47556E-06  9.99894E-01  1.11022E-16
  1.000E+00  7.61524E-05  1.49195E-02  2.59233E-06  9.99889E-01  2.22045E-16
  1.100E+00  9.21439E-05  1.64123E-02  3.08315E-06  9.99865E-01 -2.22045E-16
  1.200E+00  1.09658E-04  1.79053E-02  3.61204E-06  9.99840E-01  0.00000E+00
  1.300E+00  1.28695E-04  1.93984E-02  4.18162E-06  9.99812E-01  0.00000E+00
  1.400E+00  1.49255E-04  2.08917E-02  4.79392E-06  9.99782E-01  3.33067E-16
  1.500E+00  1.71338E-04  2.23851E-02  5.44985E-06  9.99749E-01  1.11022E-16
  1.600E+00  1.94942E-04  2.38786E-02  6.14642E-06  9.99715E-01  3.33067E-16
  1.700E+00  2.20070E-04  2.53723E-02  6.88311E-06  9.99678E-01  1.11022E-16
  1.800E+00  2.46720E-04  2.68661E-02  7.65732E-06  9.99639E-01  1.11022E-16
  1.900E+00  2.74892E-04  2.83601E-02  8.46374E-06  9.99598E-01 -2.22045E-16
  2.000E+00  3.04586E-04  2.98542E-02  9.30332E-06  9.99554E-01 -2.22045E-16
  2.100E+00  3.35803E-04  3.13485E-02  1.01696E-05  9.99509E-01 -4.44089E-16
  2.200E+00  3.68542E-04  3.28428E-02  1.10609E-05  9.99461E-01  1.11022E-16
  2.300E+00  4.02802E-04  3.43374E-02  1.19782E-05  9.99410E-01  0.00000E+00
  2.400E+00  4.38585E-04  3.58320E-02  1.29172E-05  9.99358E-01  3.33067E-16
  2.500E+00  4.75889E-04  3.73268E-02  1.38765E-05  9.99303E-01  2.22045E-16
  2.600E+00  5.14715E-04  3.88217E-02  1.48577E-05  9.99246E-01  0.00000E+00
  2.700E+00  5.55063E-04  4.03167E-02  1.58560E-05  9.99187E-01 -2.22045E-16
  2.800E+00  5.96931E-04  4.18119E-02  1.68722E-05  9.99125E-01  0.00000E+00
  2.900E+00  6.40321E-04  4.33072E-02  1.79056E-05  9.99062E-01  0.00000E+00
  3.000E+00  6.85233E-04  4.48026E-02  1.89586E-05  9.98996E-01  0.00000E+00
  3.100E+00  7.31665E-04  4.62981E-02  2.00243E-05  9.98928E-01  2.22045E-16
  3.200E+00  7.79618E-04  4.77937E-02  2.11087E-05  9.98857E-01  2.22045E-16
  3.300E+00  8.29092E-04  4.92895E-02  2.22080E-05  9.98785E-01  0.00000E+00
  3.400E+00  8.80086E-04  5.07853E-02  2.33166E-05  9.98710E-01 -2.22045E-16
  3.500E+00  9.32601E-04  5.22812E-02  2.44413E-05  9.98632E-01 -2.22045E-16
  3.600E+00  9.86636E-04  5.37773E-02  2.55783E-05  9.98553E-01  3.33067E-16
  3.700E+00  1.04219E-03  5.52734E-02  2.67257E-05  9.98471E-01  0.00000E+00
  3.800E+00  1.09927E-03  5.67696E-02  2.78871E-05  9.98387E-01  1.11022E-16
  3.900E+00  1.15786E-03  5.82659E-02  2.90577E-05  9.98301E-01  3.33067E-16
  4.000E+00  1.21797E-03  5.97623E-02  3.02332E-05  9.98213E-01  1.11022E-16
  4.100E+00  1.27961E-03  6.12587E-02  3.14191E-05  9.98122E-01 -2.22045E-16
  4.200E+00  1.34276E-03  6.27553E-02  3.26106E-05  9.98029E-01 -2.22045E-16
  4.300E+00  1.40743E-03  6.42519E-02  3.38053E-05  9.97934E-01  0.00000E+00
  4.400E+00  1.47362E-03  6.57485E-02  3.50085E-05  9.97836E-01  2.22045E-16
  4.500E+00  1.54133E-03  6.72453E-02  3.62119E-05  9.97736E-01  1.11022E-16
  4.600E+00  1.61056E-03  6.87421E-02  3.74153E-05  9.97634E-01  1.11022E-16
  4.700E+00  1.68131E-03  7.02389E-02  3.86234E-05  9.97530E-01  2.22045E-16
  4.800E+00  1.75357E-03  7.17358E-02  3.98293E-05  9.97424E-01  0.00000E+00
  4.900E+00  1.82735E-03  7.32328E-02  4.10316E-05  9.97315E-01  2.22045E-16
  5.000E+00  1.90265E-03  7.47298E-02  4.22346E-05  9.97204E-01 -2.22045E-16
  5.100E+00  1.97947E-03  7.62268E-02  4.34280E-05  9.97091E-01 -2.22045E-16
  5.200E+00  2.05780E-03  7.77239E-02  4.46134E-05  9.96975E-01  3.33067E-16
  5.300E+00  2.13765E-03  7.92210E-02  4.57973E-05  9.96857E-01  3.33067E-16
  5.400E+00  2.21902E-03  8.07181E-02  4.69705E-05  9.96737E-01  2.22045E-16
  5.500E+00  2.30190E-03  8.22153E-02  4.81337E-05  9.96615E-01  0.00000E+00
  5.600E+00  2.38630E-03  8.37125E-02  4.92909E-05  9.96490E-01 -2.22045E-16
  5.700E+00  2.47222E-03  8.52097E-02  5.04289E-05  9.96363E-01  3.33067E-16
  5.800E+00  2.55965E-03  8.67069E-02  5.15507E-05  9.96234E-01 -2.22045E-16
  5.900E+00  2.64859E-03  8.82042E-02  5.26651E-05  9.96102E-01  2.22045E-16
  6.000E+00  2.73905E-03  8.97014E-02  5.37598E-05  9.95969E-01 -4.44089E-16
  6.100E+00  2.83103E-03  9.11987E-02  5.48385E-05  9.95833E-01 -2.22045E-16
  6.200E+00  2.92452E-03  9.26959E-02  5.59056E-05  9.95694E-01  0.00000E+00
  6.300E+00  3.01952E-03  9.41932E-02  5.69419E-05  9.95554E-01  0.00000E+00
  6.400E+00  3.11604E-03  9.56904E-02  5.79551E-05  9.95411E-01  1.11022E-16
  6.500E+00  3.21407E-03  9.71876E-02  5.89564E-05  9.95266E-01  1.11022E-16
  6.600E+00  3.31362E-03  9.86849E-02  5.99264E-05  9.95119E-01 -2.22045E-16
  6.700E+00  3.41468E-03  1.00182E-01  6.08785E-05  9.94969E-01  1.11022E-16
  6.800E+00  3.51725E-03  1.01679E-01  6.18152E-05  9.94817E-01 -2.22045E-16
  6.900E+00  3.62133E-03  1.03176E-01  6.27035E-05  9.94663E-01  2.22045E-16
  7.000E+00  3.72692E-03  1.04674E-01  6.35752E-05  9.94507E-01 -4.44089E-16
  7.100E+00  3.83403E-03  1.06171E-01  6.44140E-05  9.94348E-01  0.00000E+00
  7.200E+00  3.94265E-03  1.07668E-01  6.52229E-05  9.94187E-01  2.22045E-16
  7.300E+00  4.05278E-03  1.09165E-01  6.60043E-05  9.94024E-01 -2.22045E-16
  7.400E+00  4.16442E-03  1.10662E-01  6.67634E-05  9.93858E-01 -2.22045E-16
  7.500E+00  4.27757E-03  1.12159E-01  6.74696E-05  9.93690E-01  2.22045E-16
  7.600E+00  4.39223E-03  1.13655E-01  6.81519E-05  9.93520E-01 -2.22045E-16
  7.700E+00  4.50840E-03  1.15152E-01  6.87950E-05  9.93348E-01 -2.22045E-16
  7.800E+00  4.62608E-03  1.16649E-01  6.93979E-05  9.93173E-01  2.22045E-16
  7.900E+00  4.74527E-03  1.18146E-01  6.99776E-05  9.92996E-01  0.00000E+00
  8.000E+00  4.86597E-03  1.19642E-01  7.05131E-05  9.92817E-01  2.22045E-16
  8.100E+00  4.98817E-03  1.21139E-01  7.10020E-05  9.92636E-01  1.11022E-16
  8.200E+00  5.11188E-03  1.22635E-01  7.14533E-05  9.92452E-01 -2.22045E-16
  8.300E+00  5.23711E-03  1.24132E-01  7.18587E-05  9.92266E-01  0.00000E+00
  8.400E+00  5.36383E-03  1.25628E-01  7.22230E-05  9.92077E-01 -2.22045E-16
  8.500E+00  5.49207E-03  1.27124E-01  7.25520E-05  9.91887E-01 -2.22045E-16
  8.600E+00  5.62181E-03  1.28620E-01  7.28328E-05  9.91694E-01  4.44089E-16
  8.700E+00  5.75306E-03  1.30116E-01  7.30621E-05  9.91499E-01  0.00000E+00
  8.800E+00  5.88581E-03  1.31612E-01  7.32447E-05  9.91301E-01  0.00000E+00
  8.900E+00  6.02007E-03  1.33108E-01  7.33778E-05  9.91102E-01  4.44089E-16
  9.000E+00  6.15583E-03  1.34603E-01  7.34646E-05  9.90900E-01  0.00000E+00
  9.100E+00  6.29310E-03  1.36099E-01  7.35074E-05  9.90695E-01  1.11022E-16
  9.200E+00  6.43187E-03  1.37594E-01  7.34966E-05  9.90489E-01  0.00000E+00
  9.300E+00  6.57214E-03  1.39090E-01  7.34283E-05  9.90280E-01  0.00000E+00
  9.400E+00  6.71392E-03  1.40585E-01  7.33062E-05  9.90069E-01  0.00000E+00
  9.500E+00  6.85720E-03  1.42080E-01  7.31312E-05  9.89855E-01 -2.22045E-16
  9.600E+00  7.00198E-03  1.43575E-01  7.29057E-05  9.89639E-01 -2.22045E-16
  9.700E+00  7.14827E-03  1.45070E-01  7.26299E-05  9.89421E-01 -2.22045E-16
  9.800E+00  7.29605E-03  1.46564E-01  7.22957E-05  9.89201E-01  1.11022E-16
  9.900E+00  7.44534E-03  1.48059E-01  7.18990E-05  9.88979E-01  3.33067E-16
  1.000E+01  7.59612E-03  1.49553E-01  7.14429E-05  9.88754E-01 -4.44089E-16
  1.025E+01  7.97965E-03  1.53288E-01  7.00574E-05  9.88182E-01 -2.22045E-16
  1.050E+01  8.37255E-03  1.57022E-01  6.82930E-05  9.87595E-01 -2.22045E-16
  1.075E+01  8.77480E-03  1.60755E-01  6.61305E-05  9.86994E-01  2.22045E-16
  1.100E+01  9.18641E-03  1.64487E-01  6.35825E-05  9.86379E-01 -2.22045E-16
  1.125E+01  9.60736E-03  1.68218E-01  6.05994E-05  9.85750E-01 -2.22045E-16
  1.150E+01  1.00376E-02  1.71947E-01  5.72088E-05  9.85106E-01  0.00000E+00
  1.175E+01  1.04773E-02  1.75675E-01  5.33625E-05  9.84448E-01  1.11022E-16
  1.200E+01  1.09262E-02  1.79401E-01  4.90694E-05  9.83776E-01  0.00000E+00
  1.225E+01  1.13844E-02  1.83126E-01  4.43163E-05  9.83089E-01  1.11022E-16
  1.250E+01  1.18520E-02  1.86849E-01  3.90690E-05  9.82389E-01  5.55112E-16
  1.275E+01  1.23288E-02  1.90571E-01  3.33544E-05  9.81673E-01  2.22045E-16
  1.300E+01  1.28150E-02  1.94290E-01  2.71177E-05  9.80944E-01  2.22045E-16
  1.325E+01  1.33104E-02  1.98008E-01  2.03914E-05  9.80200E-01 -2.22045E-16
  1.350E+01  1.38150E-02  2.01725E-01  1.31397E-05  9.79442E-01  3.33067E-16
  1.375E+01  1.43290E-02  2.05439E-01  5.35828E-06  9.78670E-01 -2.22045E-16
  1.400E+01  1.48521E-02  2.09151E-01 -2.94062E-06  9.77883E-01  1.11022E-16
  1.425E+01  1.53845E-02  2.12861E-01 -1.18034E-05  9.77082E-01  2.22045E-16
  1.450E+01  1.59262E-02  2.16569E-01 -2.11875E-05  9.76267E-01  0.00000E+00
  1.475E+01  1.64770E-02  2.20275E-01 -3.11497E-05  9.75438E-01 -2.22045E-16
  1.500E+01  1.70371E-02  2.23978E-01 -4.16679E-05  9.74594E-01  3.33067E-16
  1.525E+01  1.76063E-02  2.27680E-01 -5.27600E-05  9.73736E-01 -2.22045E-16
  1.550E+01  1.81848E-02  2.31378E-01 -6.44568E-05  9.72864E-01  1.11022E-16
  1.575E+01  1.87724E-02  2.35075E-01 -7.67196E-05  9.71977E-01  0.00000E+00
  1.600E+01  1.93692E-02  2.38768E-01 -8.96239E-05  9.71077E-01  0.00000E+00
  1.625E+01  1.99751E-02  2.42459E-01 -1.03114E-04  9.70162E-01  1.11022E-16
  1.650E+01  2.05901E-02  2.46147E-01 -1.17248E-04  9.69232E-01  0.00000E+00
  1.675E+01  2.12143E-02  2.49833E-01 -1.32008E-04  9.68289E-01 -2.22045E-16
  1.700E+01  2.18476E-02  2.53516E-01 -1.47382E-04  9.67331E-01  2.22045E-16
  1.725E+01  2.24900E-02  2.57195E-01 -1.63431E-04  9.66359E-01  1.11022E-16
  1.750E+01  2.31415E-02  2.60872E-01 -1.80070E-04  9.65373E-01  2.22045E-16
  1.775E+01  2.38021E-02  2.64546E-01 -1.97411E-04  9.64373E-01  1.11022E-16
  1.800E+01  2.44717E-02  2.68217E-01 -2.15353E-04  9.63359E-01  4.44089E-16
  1.825E+01  2.51504E-02  2.71884E-01 -2.33979E-04  9.62330E-01  0.00000E+00
  1.850E+01  2.58382E-02  2.75548E-01 -2.53253E-04  9.61287E-01 -2.22045E-16
  1.875E+01  2.65349E-02  2.79209E-01 -2.73201E-04  9.60230E-01  2.22045E-16
  1.900E+01  2.72407E-02  2.82867E-01 -2.93833E-04  9.59159E-01  1.11022E-16
  1.925E+01  2.79555E-02  2.86521E-01 -3.15139E-04  9.58074E-01  1.11022E-16
  1.950E+01  2.86793E-02  2.90171E-01 -3.37159E-04  9.56975E-01  1.11022E-16
  1.975E+01  2.94120E-02  2.93818E-01 -3.59864E-04  9.55861E-01  1.11022E-16
  2.000E+01  3.01537E-02  2.97461E-01 -3.83294E-04  9.54734E-01 -2.22045E-16
  2.025E+01  3.09043E-02  3.01101E-01 -4.07425E-04  9.53592E-01 -2.22045E-16
  2.050E+01  3.16639E-02  3.04736E-01 -4.32274E-04  9.52437E-01  0.00000E+00
  2.075E+01  3.24324E-02  3.08368E-01 -4.57839E-04  9.51267E-01  1.11022E-16
  2.100E+01  3.32098E-02  3.11996E-01 -4.84114E-04  9.50083E-01  2.22045E-16
  2.125E+01  3.39961E-02  3.15620E-01 -5.11110E-04  9.48886E-01 -4.44089E-16
  2.150E+01  3.47912E-02  3.19239E-01 -5.38816E-04  9.47674E-01  4.44089E-16
  2.175E+01  3.55952E-02  3.22855E-01 -5.67244E-04  9.46448E-01  1.11022E-16
  2.200E+01  3.64081E-02  3.26466E-01 -5.96394E-04  9.45209E-01  0.00000E+00
  2.225E+01  3.72297E-02  3.30073E-01 -6.26275E-04  9.43955E-01  1.11022E-16
  2.250E+01  3.80602E-02  3.33676E-01 -6.56897E-04  9.42688E-01  0.00000E+00
  2.275E+01  3.88995E-02  3.37274E-01 -6.88263E-04  9.41406E-01  0.00000E+00
  2.300E+01  3.97476E-02  3.40868E-01 -7.20385E-04  9.40111E-01  2.22045E-16
  2.325E+01  4.06044E-02  3.44458E-01 -7.53270E-04  9.38802E-01 -2.22045E-16
  2.350E+01  4.14700E-02  3.48042E-01 -7.86922E-04  9.37479E-01 -2.22045E-16
  2.375E+01  4.23443E-02  3.51622E-01 -8.21343E-04  9.36142E-01  2.22045E-16
  2.400E+01  4.32273E-02  3.55197E-01 -8.56529E-04  9.34791E-01 -4.44089E-16
  2.425E+01  4.41190E-02  3.58768E-01 -8.92481E-04  9.33426E-01  2.22045E-16
  2.450E+01  4.50194E-02  3.62333E-01 -9.29195E-04  9.32048E-01 -2.22045E-16
  2.475E+01  4.59284E-02  3.65894E-01 -9.66667E-04  9.30656E-01  0.00000E+00
  2.500E+01  4.68461E-02  3.69449E-01 -1.00490E-03  9.29250E-01 -4.44089E-16
  2.550E+01  4.87074E-02  3.76545E-01 -1.08363E-03  9.26398E-01  0.00000E+00
  2.600E+01  5.06030E-02  3.83620E-01 -1.16544E-03  9.23490E-01  0.00000E+00
  2.650E+01  5.25328E-02  3.90673E-01 -1.25038E-03  9.20528E-01  0.00000E+00
  2.700E+01  5.44967E-02  3.97705E-01 -1.33853E-03  9.17512E-01  0.00000E+00
  2.750E+01  5.64946E-02  4.04714E-01 -1.42989E-03  9.14442E-01  1.11022E-16
  2.800E+01  5.85262E-02  4.11700E-01 -1.52443E-03  9.11318E-01 -2.22045E-16
  2.850E+01  6.05914E-02  4.18663E-01 -1.62210E-03  9.08140E-01  1.11022E-16
  2.900E+01  6.26901E-02  4.25602E-01 -1.72290E-03  9.04909E-01 -2.22045E-16
  2.950E+01  6.48222E-02  4.32516E-01 -1.82685E-03  9.01624E-01  2.22045E-16
  3.000E+01  6.69873E-02  4.39406E-01 -1.93404E-03  8.98287E-01  2.22045E-16
  3.050E+01  6.91854E-02  4.46270E-01 -2.04451E-03  8.94896E-01  0.00000E+00
  3.100E+01  7.14163E-02  4.53107E-01 -2.15829E-03  8.91453E-01 -2.22045E-16
  3.150E+01  7.36799E-02  4.59919E-01 -2.27532E-03  8.87958E-01  2.22045E-16
  3.200E+01  7.59760E-02  4.66703E-01 -2.39553E-03  8.84411E-01  2.22045E-16
  3.250E+01  7.83043E-02  4.73460E-01 -2.51891E-03  8.80812E-01  0.00000E+00
  3.300E+01  8.06647E-02  4.80190E-01 -2.64548E-03  8.77161E-01 -2.22045E-16
  3.350E+01  8.30571E-02  4.86890E-01 -2.77534E-03  8.73459E-01  1.11022E-16
  3.400E+01  8.54812E-02  4.93562E-01 -2.90855E-03  8.69706E-01  0.00000E+00
  3.450E+01  8.79369E-02  5.00205E-01 -3.04510E-03  8.65902E-01  0.00000E+00
  3.500E+01  9.04240E-02  5.06817E-01 -3.18492E-03  8.62048E-01 -2.22045E-16
  3.550E+01  9.29422E-02  5.13400E-01 -3.32795E-03  8.58143E-01 -2.22045E-16
  3.600E+01  9.54915E-02  5.19952E-01 -3.47422E-03  8.54188E-01 -2.22045E-16
  3.650E+01  9.80716E-02  5.26472E-01 -3.62356E-03  8.50185E-01  2.22045E-16
  3.700E+01  1.00682E-01  5.32962E-01 -3.77637E-03  8.46131E-01  0.00000E+00
  3.750E+01  1.03323E-01  5.39418E-01 -3.93247E-03  8.42029E-01 -2.22045E-16
  3.800E+01  1.05995E-01  5.45843E-01 -4.09196E-03  8.37878E-01 -2.22045E-16
  3.850E+01  1.08696E-01  5.52234E-01 -4.25472E-03  8.33679E-01 -2.22045E-16
  3.900E+01  1.11427E-01  5.58591E-01 -4.42069E-03  8.29431E-01 -2.22045E-16
  3.950E+01  1.14188E-01  5.64916E-01 -4.58985E-03  8.25136E-01 -2.22045E-16
  4.000E+01  1.16978E-01  5.71206E-01 -4.76224E-03  8.20793E-01  0.00000E+00
  4.050E+01  1.19797E-01  5.77461E-01 -4.93796E-03  8.16403E-01  0.00000E+00
  4.100E+01  1.22645E-01  5.83681E-01 -5.11705E-03  8.11967E-01  3.33067E-16
  4.150E+01  1.25522E-01  5.89865E-01 -5.29950E-03  8.07484E-01  0.00000E+00
  4.200E+01  1.28428E-01  5.96013E-01 -5.48524E-03  8.02956E-01 -2.22045E-16
  4.250E+01  1.31361E-01  6.02125E-01 -5.67419E-03  7.98381E-01  0.00000E+00
  4.300E+01  1.34323E-01  6.08201E-01 -5.86633E-03  7.93761E-01 -2.22045E-16
  4.350E+01  1.37313E-01  6.14239E-01 -6.06170E-03  7.89096E-01 -2.22045E-16
  4.400E+01  1.40330E-01  6.20240E-01 -6.26041E-03  7.84387E-01  2.22045E-16
  4.450E+01  1.43375E-01  6.26203E-01 -6.46248E-03  7.79633E-01  0.00000E+00
  4.500E+01  1.46447E-01  6.32127E-01 -6.66790E-03  7.74836E-01  2.22045E-16
  4.550E+01  1.49545E-01  6.38012E-01 -6.87662E-03  7.69995E-01  4.44089E-16
  4.600E+01  1.52671E-01  6.43859E-01 -7.08855E-03  7.65111E-01  0.00000E+00
  4.650E+01  1.55823E-01  6.49666E-01 -7.30368E-03  7.60185E-01  0.00000E+00
  4.700E+01  1.59001E-01  6.55433E-01 -7.52206E-03  7.55215E-01 -2.22045E-16
  4.750E+01  1.62205E-01  6.61161E-01 -7.74375E-03  7.50204E-01  0.00000E+00
  4.800E+01  1.65435E-01  6.66847E-01 -7.96881E-03  7.45152E-01  1.11022E-16
  4.850E+01  1.68690E-01  6.72492E-01 -8.19723E-03  7.40059E-01  0.00000E+00
  4.900E+01  1.71970E-01  6.78096E-01 -8.42894E-03  7.34925E-01  0.00000E+00
  4.950E+01  1.75276E-01  6.83659E-01 -8.66388E-03  7.29750E-01  0.00000E+00
  5.000E+01  1.78606E-01  6.89180E-01 -8.90203E-03  7.24536E-01  4.44089E-16
  5.050E+01  1.81961E-01  6.94658E-01 -9.14345E-03  7.19282E-01 -2.22045E-16
  5.100E+01  1.85340E-01  7.00094E-01 -9.38818E-03  7.13989E-01  0.00000E+00
  5.150E+01  1.88743E-01  7.05487E-01 -9.63628E-03  7.08658E-01  0.00000E+00
  5.200E+01  1.92169E-01  7.10836E-01 -9.88774E-03  7.03288E-01  0.00000E+00
  5.250E+01  1.95619E-01  7.16142E-01 -1.01425E-02  6.97881E-01 -2.22045E-16
  5.300E+01  1.99092E-01  7.21403E-01 -1.04005E-02  6.92437E-01  2.22045E-16
  5.350E+01  2.02589E-01  7.26621E-01 -1.06618E-02  6.86955E-01  2.22045E-16
  5.400E+01  2.06107E-01  7.31795E-01 -1.09264E-02  6.81437E-01  0.00000E+00
  5.450E+01  2.09649E-01  7.36923E-01 -1.11943E-02  6.75884E-01 -2.22045E-16
  5.500E+01  2.13212E-01  7.42007E-01 -1.14655E-02  6.70294E-01  4.44089E-16
  5.550E+01  2.16797E-01  7.47044E-01 -1.17402E-02  6.64671E-01  4.44089E-16
  5.600E+01  2.20404E-01  7.52036E-01 -1.20182E-02  6.59012E-01  2.22045E-16
  5.650E+01  2.24032E-01  7.56982E-01 -1.22994E-02  6.53320E-01  0.00000E+00
  5.700E+01  2.27680E-01  7.61882E-01 -1.25840E-02  6.47593E-01  2.22045E-16
  5.750E+01  2.31350E-01  7.66736E-01 -1.28719E-02  6.41833E-01 -2.22045E-16
  5.800E+01  2.35040E-01  7.71543E-01 -1.31631E-02  6.36041E-01  1.11022E-16
  5.850E+01  2.38751E-01  7.76303E-01 -1.34578E-02  6.30216E-01 -4.44089E-16
  5.900E+01  2.42481E-01  7.81015E-01 -1.37559E-02  6.24361E-01 -2.22045E-16
  5.950E+01  2.46231E-01  7.85680E-01 -1.40573E-02  6.18474E-01  3.33067E-16
  6.000E+01  2.50000E-01  7.90297E-01 -1.43621E-02  6.12556E-01  0.00000E+00
  6.050E+01  2.53788E-01  7.94866E-01 -1.46703E-02  6.06608E-01  0.00000E+00
  6.100E+01  2.57595E-01  7.99387E-01 -1.49818E-02  6.00629E-01  1.11022E-16
  6.150E+01  2.61421E-01  8.03860E-01 -1.52967E-02  5.94622E-01  2.22045E-16
  6.200E+01  2.65264E-01  8.08284E-01 -1.56151E-02  5.88586E-01  2.22045E-16
  6.250E+01  2.69126E-01  8.12659E-01 -1.59370E-02  5.82522E-01  0.00000E+00
  6.300E+01  2.73005E-01  8.16984E-01 -1.62623E-02  5.76431E-01 -2.22045E-16
  6.350E+01  2.76901E-01  8.21261E-01 -1.65910E-02  5.70312E-01  0.00000E+00
  6.400E+01  2.80814E-01  8.25488E-01 -1.69231E-02  5.64166E-01  0.00000E+00
  6.450E+01  2.84744E-01  8.29666E-01 -1.72587E-02  5.57994E-01  4.44089E-16
  6.500E+01  2.88691E-01  8.33794E-01 -1.75978E-02  5.51796E-01 -2.22045E-16
  6.550E+01  2.92653E-01  8.37871E-01 -1.79404E-02  5.45573E-01  0.00000E+00
  6.600E+01  2.96632E-01  8.41898E-01 -1.82866E-02  5.39326E-01 -2.22045E-16
  6.650E+01  3.00625E-01  8.45875E-01 -1.86363E-02  5.33056E-01  2.22045E-16
  6.700E+01  3.04634E-01  8.49801E-01 -1.89895E-02  5.26762E-01  2.22045E-16
  6.750E+01  3.08658E-01  8.53677E-01 -1.93462E-02  5.20444E-01  0.00000E+00
  6.800E+01  3.12697E-01  8.57502E-01 -1.97064E-02  5.14103E-01 -2.22045E-16
  6.850E+01  3.16749E-01  8.61276E-01 -2.00703E-02  5.07740E-01  0.00000E+00
  6.900E+01  3.20816E-01  8.65000E-01 -2.04379E-02  5.01356E-01 -2.22045E-16
  6.950E+01  3.24896E-01  8.68671E-01 -2.08091E-02  4.94952E-01 -2.22045E-16
  7.000E+01  3.28990E-01  8.72290E-01 -2.11838E-02  4.88530E-01 -2.22045E-16
  7.050E+01  3.33097E-01  8.75858E-01 -2.15619E-02  4.82088E-01  2.22045E-16
  7.100E+01  3.37216E-01  8.79375E-01 -2.19439E-02  4.75624E-01  1.11022E-16
  7.150E+01  3.41348E-01  8.82842E-01 -2.23300E-02  4.69140E-01 -2.22045E-16
  7.200E+01  3.45492E-01  8.86256E-01 -2.27200E-02  4.62638E-01  0.00000E+00
  7.250E+01  3.49647E-01  8.89617E-01 -2.31127E-02  4.56122E-01  1.11022E-16
  7.300E+01  3.53814E-01  8.92925E-01 -2.35092E-02  4.49591E-01  0.00000E+00
  7.350E+01  3.57992E-01  8.96182E-01 -2.39100E-02  4.43042E-01  0.00000E+00
  7.400E+01  3.62181E-01  8.99388E-01 -2.43149E-02  4.36475E-01  2.22045E-16
  7.450E+01  3.66381E-01  9.02542E-01 -2.47234E-02  4.29892E-01  2.22045E-16
  7.500E+01  3.70590E-01  9.05643E-01 -2.51355E-02  4.23295E-01  0.00000E+00
  7.550E+01  3.74810E-01  9.08691E-01 -2.55515E-02  4.16686E-01  0.00000E+00
  7.600E+01  3.79039E-01  9.11687E-01 -2.59713E-02  4.10064E-01 -2.22045E-16
  7.650E+01  3.83277E-01  9.14630E-01 -2.63952E-02  4.03429E-01 -6.66134E-16
  7.700E+01  3.87524E-01  9.17521E-01 -2.68231E-02  3.96782E-01 -2.22045E-16
  7.750E+01  3.91780E-01  9.20360E-01 -2.72550E-02  3.90122E-01  2.22045E-16
  7.800E+01  3.96044E-01  9.23146E-01 -2.76908E-02  3.83450E-01 -2.22045E-16
  7.850E+01  4.00316E-01  9.25880E-01 -2.81307E-02  3.76769E-01 -4.44089E-16
  7.900E+01  4.04596E-01  9.28561E-01 -2.85746E-02  3.70078E-01  0.00000E+00
  7.950E+01  4.08882E-01  9.31189E-01 -2.90225E-02  3.63379E-01  0.00000E+00
  8.000E+01  4.13176E-01  9.33765E-01 -2.94747E-02  3.56671E-01 -2.22045E-16
  8.050E+01  4.17476E-01  9.36288E-01 -2.99310E-02  3.49955E-01  2.22045E-16
  8.100E+01  4.21783E-01  9.38759E-01 -3.03915E-02  3.43231E-01 -4.44089E-16
  8.150E+01  4.26095E-01  9.41178E-01 -3.08563E-02  3.36500E-01  4.44089E-16
  8.200E+01  4.30413E-01  9.43544E-01 -3.13253E-02  3.29763E-01  0.00000E+00
  8.250E+01  4.34737E-01  9.45858E-01 -3.17986E-02  3.23020E-01 -2.22045E-16
  8.300E+01  4.39065E-01  9.48119E-01 -3.22762E-02  3.16274E-01 -2.22045E-16
  8.350E+01  4.43398E-01  9.50328E-01 -3.27581E-02  3.09523E-01  4.44089E-16
  8.400E+01  4.47736E-01  9.52484E-01 -3.32445E-02  3.02768E-01  1.11022E-16
  8.450E+01  4.52077E-01  9.54589E-01 -3.37354E-02  2.96010E-01  0.00000E+00
  8.500E+01  4.56422E-01  9.56641E-01 -3.42308E-02  2.89250E-01  0.00000E+00
  8.550E+01  4.60770E-01  9.58642E-01 -3.47308E-02  2.82487E-01  0.00000E+00
  8.600E+01  4.65122E-01  9.60591E-01 -3.52353E-02  2.75724E-01  2.22045E-16
  8.650E+01  4.69476E-01  9.62488E-01 -3.57444E-02  2.68961E-01  0.00000E+00
  8.700E+01  4.73832E-01  9.64333E-01 -3.62582E-02  2.62198E-01  1.11022E-16
  8.750E+01  4.78190E-01  9.66126E-01 -3.67766E-02  2.55436E-01 -2.22045E-16
  8.800E+01  4.82550E-01  9.67868E-01 -3.72999E-02  2.48676E-01  0.00000E+00
  8.850E+01  4.86912E-01  9.69559E-01 -3.78280E-02  2.41917E-01 -2.22045E-16
  8.900E+01  4.91274E-01  9.71199E-01 -3.83611E-02  2.35161E-01  1.11022E-16
  8.950E+01  4.95637E-01  9.72788E-01 -3.88990E-02  2.28408E-01  0.00000E+00
  9.000E+01  5.00000E-01  9.74326E-01 -3.94418E-02  2.21660E-01  1.11022E-16
  9.050E+01  5.04363E-01  9.75813E-01 -3.99897E-02  2.14918E-01 -2.22045E-16
  9.100E+01  5.08726E-01  9.77250E-01 -4.05426E-02  2.08180E-01 -2.22045E-16
  9.150E+01  5.13088E-01  9.78636E-01 -4.11007E-02  2.01449E-01 -2.22045E-16
  9.200E+01  5.17450E-01  9.79973E-01 -4.16640E-02  1.94725E-01  0.00000E+00
  9.250E+01  5.21810E-01  9.81259E-01 -4.22326E-02  1.88007E-01  1.11022E-16
  9.300E+01  5.26168E-01  9.82496E-01 -4.28065E-02  1.81299E-01 -2.22045E-16
  9.350E+01  5.30524E-01  9.83683E-01 -4.33858E-02  1.74599E-01 -2.22045E-16
  9.400E+01  5.34878E-01  9.84821E-01 -4.39704E-02  1.67909E-01  3.33067E-16
  9.450E+01  5.39230E-01  9.85910E-01 -4.45606E-02  1.61230E-01  0.00000E+00
  9.500E+01  5.43578E-01  9.86951E-01 -4.51563E-02  1.54562E-01  2.22045E-16
  9.550E+01  5.47923E-01  9.87943E-01 -4.57577E-02  1.47905E-01 -2.22045E-16
  9.600E+01  5.52264E-01  9.88886E-01 -4.63649E-02  1.41260E-01  1.11022E-16
  9.650E+01  5.56602E-01  9.89782E-01 -4.69779E-02  1.34629E-01  1.11022E-16
  9.700E+01  5.60935E-01  9.90630E-01 -4.75967E-02  1.28011E-01  3.33067E-16
  9.750E+01  5.65263E-01  9.91431E-01 -4.82214E-02  1.21409E-01  0.00000E+00
  9.800E+01  5.69587E-01  9.92184E-01 -4.88521E-02  1.14822E-01  2.22045E-16
  9.850E+01  5.73905E-01  9.92891E-01 -4.94889E-02  1.08251E-01  1.11022E-16
  9.900E+01  5.78217E-01  9.93551E-01 -5.01319E-02  1.01697E-01 -4.44089E-16
  9.950E+01  5.82524E-01  9.94166E-01 -5.07812E-02  9.51599E-02  0.00000E+00
  1.000E+02  5.86824E-01  9.94735E-01 -5.14369E-02  8.86411E-02  4.44089E-16
  1.005E+02  5.91118E-01  9.95258E-01 -5.20990E-02  8.21417E-02  2.22045E-16
  1.010E+02  5.95404E-01  9.95736E-01 -5.27675E-02  7.56623E-02  2.22045E-16
  1.015E+02  5.99684E-01  9.96170E-01 -5.34427E-02  6.92039E-02  1.11022E-16
  1.020E+02  6.03956E-01  9.96560E-01 -5.41245E-02  6.27669E-02 -2.22045E-16
  1.025E+02  6.08220E-01  9.96905E-01 -5.48132E-02  5.63518E-02 -2.22045E-16
  1.030E+02  6.12476E-01  9.97208E-01 -5.55088E-02  4.99593E-02  0.00000E+00
  1.035E+02  6.16723E-01  9.97467E-01 -5.62115E-02  4.35904E-02  0.00000E+00
  1.040E+02  6.20961E-01  9.97684E-01 -5.69213E-02  3.72462E-02  3.33067E-16
  1.045E+02  6.25190E-01  9.97858E-01 -5.76382E-02  3.09276E-02 -2.22045E-16
  1.050E+02  6.29410E-01  9.97991E-01 -5.83624E-02  2.46354E-02 -2.22045E-16
  1.055E+02  6.33619E-01  9.98083E-01 -5.90939E-02  1.83704E-02 -2.22045E-16
  1.060E+02  6.37819E-01  9.98135E-01 -5.98331E-02  1.21330E-02 -4.44089E-16
  1.065E+02  6.42008E-01  9.98146E-01 -6.05800E-02  5.92389E-03  3.33067E-16
  1.070E+02  6.46186E-01  9.98117E-01 -6.13348E-02 -2.55994E-04 -4.44089E-16
  1.075E+02  6.50353E-01  9.98050E-01 -6.20974E-02 -6.40543E-03  4.44089E-16
  1.080E+02  6.54508E-01  9.97943E-01 -6.28682E-02 -1.25235E-02  0.00000E+00
  1.085E+02  6.58652E-01  9.97799E-01 -6.36468E-02 -1.86090E-02 -2.22045E-16
  1.090E+02  6.62784E-01  9.97617E-01 -6.44338E-02 -2.46614E-02  0.00000E+00
  1.095E+02  6.66903E-01  9.97399E-01 -6.52292E-02 -3.06800E-02  2.22045E-16
  1.100E+02  6.71010E-01  9.97144E-01 -6.60333E-02 -3.66642E-02  3.33067E-16
  1.105E+02  6.75104E-01  9.96853E-01 -6.68461E-02 -4.26131E-02 -2.22045E-16
  1.110E+02  6.79184E-01  9.96527E-01 -6.76678E-02 -4.85253E-02 -4.44089E-16
  1.115E+02  6.83251E-01  9.96167E-01 -6.84985E-02 -5.43998E-02  5.55112E-16
  1.120E+02  6.87303E-01  9.95773E-01 -6.93382E-02 -6.02354E-02  1.11022E-16
  1.125E+02  6.91342E-01  9.95346E-01 -7.01872E-02 -6.60312E-02 -2.22045E-16
  1.130E+02  6.95366E-01  9.94887E-01 -7.10456E-02 -7.17866E-02 -2.22045E-16
  1.135E+02  6.99375E-01  9.94395E-01 -7.19138E-02 -7.75008E-02  3.33067E-16
  1.140E+02  7.03368E-01  9.93873E-01 -7.27918E-02 -8.31730E-02  0.00000E+00
  1.145E+02  7.07347E-01  9.93320E-01 -7.36799E-02 -8.88019E-02  5.55112E-16
  1.150E+02  7.11309E-01  9.92738E-01 -7.45781E-02 -9.43860E-02  0.00000E+00
  1.155E+02  7.15256E-01  9.92127E-01 -7.54866E-02 -9.99240E-02 -4.44089E-16
  1.160E+02  7.19186E-01  9.91489E-01 -7.64054E-02 -1.05415E-01  1.11022E-16
  1.165E+02  7.23099E-01  9.90823E-01 -7.73350E-02 -1.10858E-01  4.44089E-16
  1.170E+02  7.26995E-01  9.90130E-01 -7.82755E-02 -1.16253E-01  2.22045E-16
  1.175E+02  7.30874E-01  9.89412E-01 -7.92273E-02 -1.21598E-01  3.33067E-16
  1.180E+02  7.34736E-01  9.88670E-01 -8.01904E-02 -1.26892E-01  0.00000E+00
  1.185E+02  7.38579E-01  9.87903E-01 -8.11651E-02 -1.32133E-01  4.44089E-16
  1.190E+02  7.42405E-01  9.87114E-01 -8.21514E-02 -1.37321E-01 -2.22045E-16
  1.195E+02  7.46212E-01  9.86303E-01 -8.31495E-02 -1.42453E-01  0.00000E+00
  1.200E+02  7.50000E-01  9.85471E-01 -8.41597E-02 -1.47529E-01  0.00000E+00
  1.205E+02  7.53769E-01  9.84618E-01 -8.51825E-02 -1.52548E-01  1.11022E-16
  1.210E+02  7.57519E-01  9.83747E-01 -8.62180E-02 -1.57509E-01 -2.22045E-16
  1.215E+02  7.61249E-01  9.82857E-01 -8.72666E-02 -1.62410E-01  0.00000E+00
  1.220E+02  7.64960E-01  9.81950E-01 -8.83283E-02 -1.67249E-01  0.00000E+00
  1.225E+02  7.68650E-01  9.81027E-01 -8.94033E-02 -1.72025E-01  3.33067E-16
  1.230E+02  7.72320E-01  9.80089E-01 -9.04919E-02 -1.76737E-01 -2.22045E-16
  1.235E+02  7.75968E-01  9.79138E-01 -9.15942E-02 -1.81382E-01 -2.22045E-16
  1.240E+02  7.79596E-01  9.78173E-01 -9.27109E-02 -1.85961E-01  0.00000E+00
  1.245E+02  7.83203E-01  9.77197E-01 -9.38423E-02 -1.90471E-01  0.00000E+00
  1.250E+02  7.86788E-01  9.76211E-01 -9.49886E-02 -1.94911E-01 -2.22045E-16
  1.255E+02  7.90351E-01  9.75214E-01 -9.61501E-02 -1.99279E-01  0.00000E+00
  1.260E+02  7.93893E-01  9.74210E-01 -9.73267E-02 -2.03572E-01  0.00000E+00
  1.265E+02  7.97411E-01  9.73200E-01 -9.85190E-02 -2.07790E-01  0.00000E+00
  1.270E+02  8.00908E-01  9.72183E-01 -9.97271E-02 -2.11930E-01  0.00000E+00
  1.275E+02  8.04381E-01  9.71163E-01 -1.00952E-01 -2.15991E-01  0.00000E+00
  1.280E+02  8.07831E-01  9.70139E-01 -1.02193E-01 -2.19971E-01  2.22045E-16
  1.285E+02  8.11257E-01  9.69113E-01 -1.03452E-01 -2.23869E-01 -2.22045E-16
  1.290E+02  8.14660E-01  9.68087E-01 -1.04728E-01 -2.27682E-01  0.00000E+00
  1.295E+02  8.18039E-01  9.67063E-01 -1.06022E-01 -2.31407E-01  1.11022E-16
  1.300E+02  8.21394E-01  9.66041E-01 -1.07334E-01 -2.35042E-01  1.11022E-16
  1.305E+02  8.24724E-01  9.65023E-01 -1.08664E-01 -2.38585E-01  2.22045E-16
  1.310E+02  8.28030E-01  9.64011E-01 -1.10013E-01 -2.42035E-01 -2.22045E-16
  1.315E+02  8.31310E-01  9.63005E-01 -1.11381E-01 -2.45388E-01 -2.22045E-16
  1.320E+02  8.34565E-01  9.62008E-01 -1.12769E-01 -2.48643E-01  2.22045E-16
  1.325E+02  8.37795E-01  9.61021E-01 -1.14178E-01 -2.51798E-01  2.22045E-16
  1.330E+02  8.40999E-01  9.60046E-01 -1.15607E-01 -2.54847E-01  0.00000E+00
  1.335E+02  8.44177E-01  9.59084E-01 -1.17057E-01 -2.57789E-01  0.00000E+00
  1.340E+02  8.47329E-01  9.58138E-01 -1.18528E-01 -2.60621E-01  0.00000E+00
  1.345E+02  8.50455E-01  9.57208E-01 -1.20021E-01 -2.63340E-01 -2.22045E-16
  1.350E+02  8.53553E-01  9.56297E-01 -1.21536E-01 -2.65943E-01 -4.44089E-16
  1.355E+02  8.56625E-01  9.55405E-01 -1.23075E-01 -2.68429E-01 -2.22045E-16
  1.360E+02  8.59670E-01  9.54535E-01 -1.24636E-01 -2.70792E-01 -4.44089E-16
  1.365E+02  8.62687E-01  9.53689E-01 -1.26222E-01 -2.73028E-01 -2.22045E-16
  1.370E+02  8.65677E-01  9.52869E-01 -1.27832E-01 -2.75135E-01  0.00000E+00
  1.375E+02  8.68639E-01  9.52077E-01 -1.29466E-01 -2.77107E-01  2.22045E-16
  1.380E+02  8.71572E-01  9.51314E-01 -1.31125E-01 -2.78941E-01  1.11022E-16
  1.385E+02  8.74478E-01  9.50582E-01 -1.32810E-01 -2.80634E-01  0.00000E+00
  1.390E+02  8.77355E-01  9.49883E-01 -1.34521E-01 -2.82181E-01 -4.44089E-16
  1.395E+02  8.80203E-01  9.49219E-01 -1.36260E-01 -2.83579E-01 -2.22045E-16
  1.400E+02  8.83022E-01  9.48591E-01 -1.38026E-01 -2.84822E-01  3.33067E-16
  1.405E+02  8.85812E-01  9.48003E-01 -1.39820E-01 -2.85903E-01 -2.22045E-16
  1.410E+02  8.88573E-01  9.47456E-01 -1.41642E-01 -2.86817E-01  0.00000E+00
  1.415E+02  8.91304E-01  9.46953E-01 -1.43492E-01 -2.87560E-01 -2.22045E-16
  1.420E+02  8.94005E-01  9.46494E-01 -1.45372E-01 -2.88125E-01  2.22045E-16
  1.425E+02  8.96677E-01  9.46082E-01 -1.47282E-01 -2.88509E-01  3.33067E-16
  1.430E+02  8.99318E-01  9.45717E-01 -1.49224E-01 -2.88707E-01  5.55112E-16
  1.435E+02  9.01928E-01  9.45403E-01 -1.51197E-01 -2.88708E-01  0.00000E+00
  1.440E+02  9.04508E-01  9.45143E-01 -1.53201E-01 -2.88505E-01 -2.22045E-16
  1.445E+02  9.07058E-01  9.44938E-01 -1.55234E-01 -2.88088E-01  2.22045E-16
  1.450E+02  9.09576E-01  9.44789E-01 -1.57301E-01 -2.87454E-01  2.22045E-16
  1.455E+02  9.12063E-01  9.44698E-01 -1.59402E-01 -2.86596E-01  2.22045E-16
  1.460E+02  9.14519E-01  9.44665E-01 -1.61537E-01 -2.85505E-01  1.11022E-16
  1.465E+02  9.16943E-01  9.44694E-01 -1.63706E-01 -2.84172E-01  0.00000E+00
  1.470E+02  9.19335E-01  9.44786E-01 -1.65908E-01 -2.82584E-01  0.00000E+00
  1.475E+02  9.21696E-01  9.44943E-01 -1.68144E-01 -2.80731E-01  3.33067E-16
  1.480E+02  9.24024E-01  9.45166E-01 -1.70414E-01 -2.78604E-01  0.00000E+00
  1.485E+02  9.26320E-01  9.45455E-01 -1.72720E-01 -2.76193E-01 -2.22045E-16
  1.490E+02  9.28584E-01  9.45811E-01 -1.75061E-01 -2.73487E-01  1.11022E-16
  1.495E+02  9.30815E-01  9.46235E-01 -1.77437E-01 -2.70474E-01  2.22045E-16
  1.500E+02  9.33013E-01  9.46726E-01 -1.79849E-01 -2.67140E-01  1.11022E-16
  1.505E+02  9.35178E-01  9.47287E-01 -1.82295E-01 -2.63470E-01  4.44089E-16
  1.510E+02  9.37310E-01  9.47916E-01 -1.84776E-01 -2.59450E-01 -4.44089E-16
  1.515E+02  9.39409E-01  9.48612E-01 -1.87290E-01 -2.55063E-01  0.00000E+00
  1.520E+02  9.41474E-01  9.49376E-01 -1.89838E-01 -2.50295E-01 -2.22045E-16
  1.525E+02  9.43505E-01  9.50203E-01 -1.92419E-01 -2.45130E-01  1.11022E-16
  1.530E+02  9.45503E-01  9.51093E-01 -1.95032E-01 -2.39550E-01  2.22045E-16
  1.535E+02  9.47467E-01  9.52042E-01 -1.97677E-01 -2.33536E-01 -4.44089E-16
  1.540E+02  9.49397E-01  9.53048E-01 -2.00351E-01 -2.27067E-01 -2.22045E-16
  1.545E+02  9.51293E-01  9.54105E-01 -2.03053E-01 -2.20121E-01  0.00000E+00
  1.550E+02  9.53154E-01  9.55209E-01 -2.05779E-01 -2.12675E-01 -4.44089E-16
  1.555E+02  9.54981E-01  9.56353E-01 -2.08528E-01 -2.04707E-01  4.44089E-16
  1.560E+02  9.56773E-01  9.57529E-01 -2.11298E-01 -1.96192E-01  4.44089E-16
  1.565E+02  9.58530E-01  9.58727E-01 -2.14086E-01 -1.87107E-01  0.00000E+00
  1.570E+02  9.60252E-01  9.59938E-01 -2.16887E-01 -1.77424E-01 -2.22045E-16
  1.575E+02  9.61940E-01  9.61149E-01 -2.19698E-01 -1.67112E-01  2.22045E-16
  1.580E+02  9.63592E-01  9.62345E-01 -2.22511E-01 -1.56141E-01 -4.44089E-16
  1.585E+02  9.65209E-01  9.63512E-01 -2.25322E-01 -1.44478E-01  0.00000E+00
  1.590E+02  9.66790E-01  9.64630E-01 -2.28123E-01 -1.32091E-01  2.22045E-16
  1.595E+02  9.68336E-01  9.65678E-01 -2.30907E-01 -1.18948E-01 -2.22045E-16
  1.600E+02  9.69846E-01  9.66629E-01 -2.33668E-01 -1.05013E-01  0.00000E+00
  1.605E+02  9.71321E-01  9.67457E-01 -2.36394E-01 -9.02503E-02  0.00000E+00
  1.610E+02  9.72759E-01  9.68130E-01 -2.39074E-01 -7.46203E-02 -2.22045E-16
  1.615E+02  9.74162E-01  9.68612E-01 -2.41695E-01 -5.80826E-02  2.22045E-16
  1.620E+02  9.75528E-01  9.68864E-01 -2.44242E-01 -4.05960E-02  1.11022E-16
  1.625E+02  9.76858E-01  9.68840E-01 -2.46698E-01 -2.21206E-02  2.22045E-16
  1.630E+02  9.78152E-01  9.68488E-01 -2.49048E-01 -2.61688E-03  0.00000E+00
  1.635E+02  9.79410E-01  9.67750E-01 -2.51272E-01  1.79543E-02 -4.44089E-16
  1.640E+02  9.80631E-01  9.66563E-01 -2.53348E-01  3.96327E-02  1.11022E-16
  1.645E+02  9.81815E-01  9.64856E-01 -2.55250E-01  6.24581E-02 -4.44089E-16
  1.650E+02  9.82963E-01  9.62549E-01 -2.56950E-01  8.64691E-02 -2.22045E-16
  1.655E+02  9.84074E-01  9.59554E-01 -2.58415E-01  1.11701E-01 -2.22045E-16
  1.660E+02  9.85148E-01  9.55775E-01 -2.59614E-01  1.38182E-01  3.33067E-16
  1.665E+02  9.86185E-01  9.51105E-01 -2.60508E-01  1.65937E-01  1.11022E-16
  1.670E+02  9.87185E-01  9.45426E-01 -2.61059E-01  1.94981E-01 -4.44089E-16
  1.675E+02  9.88148E-01  9.38612E-01 -2.61222E-01  2.25322E-01 -4.44089E-16
  1.680E+02  9.89074E-01  9.30525E-01 -2.60950E-01  2.56959E-01  0.00000E+00
  1.685E+02  9.89962E-01  9.21016E-01 -2.60190E-01  2.89881E-01  0.00000E+00
  1.690E+02  9.90814E-01  9.09926E-01 -2.58884E-01  3.24059E-01  2.22045E-16
  1.695E+02  9.91627E-01  8.97086E-01 -2.56974E-01  3.59445E-01 -2.22045E-16
  1.700E+02  9.92404E-01  8.82320E-01 -2.54401E-01  3.95969E-01  2.22045E-16
  1.705E+02  9.93143E-01  8.65445E-01 -2.51100E-01  4.33537E-01  2.22045E-16
  1.710E+02  9.93844E-01  8.46272E-01 -2.47009E-01  4.72027E-01  0.00000E+00
  1.715E+02  9.94508E-01  8.24614E-01 -2.42060E-01  5.11292E-01  0.00000E+00
  1.720E+02  9.95134E-01  8.00282E-01 -2.36187E-01  5.51148E-01 -2.22045E-16
  1.725E+02  9.95722E-01  7.73097E-01 -2.29328E-01  5.91379E-01  1.11022E-16
  1.730E+02  9.96273E-01  7.42893E-01 -2.21422E-01  6.31729E-01  2.22045E-16
  1.735E+02  9.96786E-01  7.09524E-01 -2.12421E-01  6.71903E-01  0.00000E+00
  1.740E+02  9.97261E-01  6.72869E-01 -2.02285E-01  7.11567E-01  0.00000E+00
  1.745E+02  9.97698E-01  6.32846E-01 -1.90984E-01  7.50354E-01  1.11022E-16
  1.750E+02  9.98097E-01  5.89412E-01 -1.78504E-01  7.87864E-01  0.00000E+00
  1.755E+02  9.98459E-01  5.42571E-01 -1.64845E-01  8.23676E-01  2.22045E-16
  1.760E+02  9.98782E-01  4.92390E-01 -1.50029E-01  8.57347E-01  0.00000E+00
  1.765E+02  9.99067E-01  4.38994E-01 -1.34098E-01  8.88427E-01 -2.22045E-16
  1.770E+02  9.99315E-01  3.82581E-01 -1.17121E-01  9.16468E-01  4.44089E-16
  1.775E+02  9.99524E-01  3.23416E-01 -9.91925E-02  9.41043E-01  0.00000E+00
  1.780E+02  9.99695E-01  2.61833E-01 -8.04277E-02  9.61756E-01  0.00000E+00
  1.785E+02  9.99829E-01  1.98228E-01 -6.09633E-02  9.78258E-01  0.00000E+00
  1.790E+02  9.99924E-01  1.33051E-01 -4.09545E-02  9.90263E-01  1.11022E-16
  1.795E+02  9.99981E-01  6.67987E-02 -2.05722E-02  9.97554E-01  2.22045E-16
  1.800E+02  1.00000E+00  9.38700E-16 -2.89151E-16  1.00000E+00  0.00000E+00
