 #  Scattering amplitudes (in cm)      MU=(1-cos(TH))/2
 #  Z =  47,   projectile: electron
 #  Kinetic energy = 8.05000E+06 eV
 #
 # TH (deg)      MU          Re(F)        Im(F)        Re(G)        Im(G)        ERRF         ERRG 
 #-----------------------------------------------------------------------------------------------------------------
  0.000E+00  0.00000E+00  1.42130E-06  1.48613E-07  0.00000E+00  0.00000E+00  1.10778E-07  0.00000E+00
  1.000E-04  7.61557E-13  1.42129E-06  1.48613E-07  1.16621E-12  1.21951E-13  1.10727E-07  8.04103E-07
  1.250E-04  1.18994E-12  1.42128E-06  1.48613E-07  1.45776E-12  1.52439E-13  1.10698E-07  8.03999E-07
  1.500E-04  1.71346E-12  1.42127E-06  1.48613E-07  1.74930E-12  1.82926E-13  1.10662E-07  8.03872E-07
  1.750E-04  2.33225E-12  1.42126E-06  1.48613E-07  2.04084E-12  2.13414E-13  1.10620E-07  8.03722E-07
  2.000E-04  3.04617E-12  1.42125E-06  1.48613E-07  2.33237E-12  2.43902E-13  1.10572E-07  8.03549E-07
  2.250E-04  3.85530E-12  1.42124E-06  1.48613E-07  2.62389E-12  2.74389E-13  1.10517E-07  8.03353E-07
  2.500E-04  4.75964E-12  1.42123E-06  1.48613E-07  2.91541E-12  3.04877E-13  1.10456E-07  8.03134E-07
  2.750E-04  5.75917E-12  1.42121E-06  1.48613E-07  3.20692E-12  3.35364E-13  1.10388E-07  8.02892E-07
  3.000E-04  6.85391E-12  1.42120E-06  1.48613E-07  3.49842E-12  3.65851E-13  1.10314E-07  8.02627E-07
  3.250E-04  8.04379E-12  1.42118E-06  1.48612E-07  3.78990E-12  3.96338E-13  1.10233E-07  8.02339E-07
  3.500E-04  9.32893E-12  1.42116E-06  1.48612E-07  4.08138E-12  4.26825E-13  1.10146E-07  8.02028E-07
  3.750E-04  1.07092E-11  1.42114E-06  1.48612E-07  4.37285E-12  4.57312E-13  1.10052E-07  8.01694E-07
  4.000E-04  1.21847E-11  1.42112E-06  1.48612E-07  4.66430E-12  4.87799E-13  1.09953E-07  8.01337E-07
  4.250E-04  1.37554E-11  1.42110E-06  1.48612E-07  4.95574E-12  5.18286E-13  1.09846E-07  8.00958E-07
  4.500E-04  1.54213E-11  1.42107E-06  1.48611E-07  5.24716E-12  5.48773E-13  1.09734E-07  8.00555E-07
  4.750E-04  1.71823E-11  1.42105E-06  1.48611E-07  5.53857E-12  5.79259E-13  1.09615E-07  8.00130E-07
  5.000E-04  1.90386E-11  1.42102E-06  1.48611E-07  5.82996E-12  6.09745E-13  1.09489E-07  7.99681E-07
  5.250E-04  2.09900E-11  1.42099E-06  1.48611E-07  6.12134E-12  6.40232E-13  1.09358E-07  7.99210E-07
  5.500E-04  2.30367E-11  1.42096E-06  1.48610E-07  6.41269E-12  6.70718E-13  1.09220E-07  7.98716E-07
  5.750E-04  2.51785E-11  1.42093E-06  1.48610E-07  6.70403E-12  7.01203E-13  1.09075E-07  7.98199E-07
  6.000E-04  2.74156E-11  1.42090E-06  1.48610E-07  6.99535E-12  7.31689E-13  1.08925E-07  7.97660E-07
  6.250E-04  2.97478E-11  1.42086E-06  1.48610E-07  7.28665E-12  7.62175E-13  1.08767E-07  7.97098E-07
  6.500E-04  3.21752E-11  1.42083E-06  1.48609E-07  7.57792E-12  7.92660E-13  1.08604E-07  7.96513E-07
  6.750E-04  3.46979E-11  1.42079E-06  1.48609E-07  7.86918E-12  8.23145E-13  1.08435E-07  7.95905E-07
  7.000E-04  3.73157E-11  1.42075E-06  1.48609E-07  8.16041E-12  8.53630E-13  1.08259E-07  7.95275E-07
  7.250E-04  4.00286E-11  1.42071E-06  1.48608E-07  8.45161E-12  8.84115E-13  1.08077E-07  7.94623E-07
  7.500E-04  4.28368E-11  1.42067E-06  1.48608E-07  8.74279E-12  9.14599E-13  1.07888E-07  7.93947E-07
  7.750E-04  4.57402E-11  1.42063E-06  1.48607E-07  9.03395E-12  9.45083E-13  1.07694E-07  7.93250E-07
  8.000E-04  4.87388E-11  1.42058E-06  1.48607E-07  9.32508E-12  9.75567E-13  1.07493E-07  7.92529E-07
  8.250E-04  5.18325E-11  1.42054E-06  1.48607E-07  9.61618E-12  1.00605E-12  1.07286E-07  7.91787E-07
  8.500E-04  5.50215E-11  1.42049E-06  1.48606E-07  9.90725E-12  1.03653E-12  1.07073E-07  7.91022E-07
  8.750E-04  5.83057E-11  1.42044E-06  1.48606E-07  1.01983E-11  1.06702E-12  1.06854E-07  7.90234E-07
  9.000E-04  6.16850E-11  1.42039E-06  1.48605E-07  1.04893E-11  1.09750E-12  1.06628E-07  7.89425E-07
  9.250E-04  6.51595E-11  1.42034E-06  1.48605E-07  1.07803E-11  1.12798E-12  1.06397E-07  7.88593E-07
  9.500E-04  6.87293E-11  1.42029E-06  1.48604E-07  1.10712E-11  1.15847E-12  1.06159E-07  7.87739E-07
  9.750E-04  7.23943E-11  1.42024E-06  1.48604E-07  1.13622E-11  1.18895E-12  1.05915E-07  7.86863E-07
  1.000E-03  7.61544E-11  1.42018E-06  1.48603E-07  1.16531E-11  1.21943E-12  1.05666E-07  7.85964E-07
  1.250E-03  1.18991E-10  1.41955E-06  1.48598E-07  1.45599E-11  1.52423E-12  1.02840E-07  7.75776E-07
  1.500E-03  1.71347E-10  1.41879E-06  1.48591E-07  1.74624E-11  1.82899E-12  9.94357E-08  7.63438E-07
  1.750E-03  2.33223E-10  1.41788E-06  1.48583E-07  2.03599E-11  2.13371E-12  9.54810E-08  7.49019E-07
  2.000E-03  3.04617E-10  1.41684E-06  1.48574E-07  2.32514E-11  2.43837E-12  9.10092E-08  7.32597E-07
  2.250E-03  3.85531E-10  1.41566E-06  1.48563E-07  2.61361E-11  2.74297E-12  8.60579E-08  7.14262E-07
  2.500E-03  4.75965E-10  1.41435E-06  1.48551E-07  2.90133E-11  3.04751E-12  8.06686E-08  6.94114E-07
  2.750E-03  5.75917E-10  1.41291E-06  1.48538E-07  3.18820E-11  3.35196E-12  7.48864E-08  6.72263E-07
  3.000E-03  6.85389E-10  1.41133E-06  1.48524E-07  3.47415E-11  3.65634E-12  6.87595E-08  6.48826E-07
  3.250E-03  8.04380E-10  1.40962E-06  1.48509E-07  3.75911E-11  3.96062E-12  6.23391E-08  6.23929E-07
  3.500E-03  9.32891E-10  1.40778E-06  1.48492E-07  4.04300E-11  4.26480E-12  5.56783E-08  5.97707E-07
  3.750E-03  1.07092E-09  1.40581E-06  1.48474E-07  4.32573E-11  4.56888E-12  4.88323E-08  5.70298E-07
  4.000E-03  1.21847E-09  1.40371E-06  1.48455E-07  4.60725E-11  4.87284E-12  4.18576E-08  5.41849E-07
  4.250E-03  1.37554E-09  1.40149E-06  1.48434E-07  4.88747E-11  5.17668E-12  3.48114E-08  5.12507E-07
  4.500E-03  1.54213E-09  1.39915E-06  1.48413E-07  5.16632E-11  5.48039E-12  2.77511E-08  4.82428E-07
  4.750E-03  1.71823E-09  1.39668E-06  1.48390E-07  5.44374E-11  5.78397E-12  2.07341E-08  4.51766E-07
  5.000E-03  1.90386E-09  1.39410E-06  1.48366E-07  5.71967E-11  6.08740E-12  1.38169E-08  4.20678E-07
  5.250E-03  2.09900E-09  1.39140E-06  1.48341E-07  5.99402E-11  6.39068E-12  7.05482E-09  3.89322E-07
  5.500E-03  2.30367E-09  1.38858E-06  1.48314E-07  6.26675E-11  6.69381E-12  5.01374E-10  3.57856E-07
  5.750E-03  2.51785E-09  1.38565E-06  1.48286E-07  6.53780E-11  6.99676E-12  5.79215E-09  3.26435E-07
  6.000E-03  2.74156E-09  1.38261E-06  1.48258E-07  6.80709E-11  7.29955E-12  1.17772E-08  2.95213E-07
  6.250E-03  2.97478E-09  1.37946E-06  1.48227E-07  7.07459E-11  7.60215E-12  1.74082E-08  2.64338E-07
  6.500E-03  3.21752E-09  1.37621E-06  1.48196E-07  7.34023E-11  7.90456E-12  2.26434E-08  2.33958E-07
  6.750E-03  3.46978E-09  1.37285E-06  1.48164E-07  7.60396E-11  8.20678E-12  2.74446E-08  2.04211E-07
  7.000E-03  3.73156E-09  1.36939E-06  1.48130E-07  7.86573E-11  8.50880E-12  3.17783E-08  1.75232E-07
  7.250E-03  4.00286E-09  1.36583E-06  1.48095E-07  8.12550E-11  8.81061E-12  3.56151E-08  1.47148E-07
  7.500E-03  4.28368E-09  1.36218E-06  1.48059E-07  8.38322E-11  9.11220E-12  3.89307E-08  1.20078E-07
  7.750E-03  4.57402E-09  1.35843E-06  1.48021E-07  8.63885E-11  9.41356E-12  4.17058E-08  9.41335E-08
  8.000E-03  4.87388E-09  1.35459E-06  1.47983E-07  8.89235E-11  9.71470E-12  4.39262E-08  6.94154E-08
  8.250E-03  5.18326E-09  1.35067E-06  1.47943E-07  9.14367E-11  1.00156E-11  4.55829E-08  4.60162E-08
  8.500E-03  5.50215E-09  1.34666E-06  1.47902E-07  9.39279E-11  1.03162E-11  4.66725E-08  2.40180E-08
  8.750E-03  5.83057E-09  1.34256E-06  1.47860E-07  9.63967E-11  1.06166E-11  4.71969E-08  3.49205E-09
  9.000E-03  6.16850E-09  1.33839E-06  1.47817E-07  9.88428E-11  1.09168E-11  4.71631E-08  1.55010E-08
  9.250E-03  6.51596E-09  1.33414E-06  1.47773E-07  1.01266E-10  1.12167E-11  4.65836E-08  3.29119E-08
  9.500E-03  6.87293E-09  1.32981E-06  1.47727E-07  1.03666E-10  1.15163E-11  4.54759E-08  4.87027E-08
  9.750E-03  7.23942E-09  1.32542E-06  1.47680E-07  1.06042E-10  1.18156E-11  4.38624E-08  6.28469E-08
  1.000E-02  7.61544E-09  1.32095E-06  1.47633E-07  1.08395E-10  1.21146E-11  4.17702E-08  7.53294E-08
  1.250E-02  1.18991E-08  1.27308E-06  1.47091E-07  1.30583E-10  1.50878E-11  3.12405E-09  1.13272E-07
  1.500E-02  1.71347E-08  1.22112E-06  1.46439E-07  1.50304E-10  1.80251E-11  3.41575E-08  4.11016E-08
  1.750E-02  2.33223E-08  1.16727E-06  1.45682E-07  1.67621E-10  2.09205E-11  3.33222E-08  4.22464E-08
  2.000E-02  3.04617E-08  1.11323E-06  1.44825E-07  1.82697E-10  2.37685E-11  2.29382E-09  6.32294E-08
  2.250E-02  3.85531E-08  1.06017E-06  1.43875E-07  1.95739E-10  2.65641E-11  3.44118E-08  2.01804E-08
  2.500E-02  4.75965E-08  1.00887E-06  1.42838E-07  2.06964E-10  2.93030E-11  2.94078E-08  3.29347E-08
  2.750E-02  5.75917E-08  9.59743E-07  1.41721E-07  2.16575E-10  3.19811E-11  7.10936E-09  4.44193E-08
  3.000E-02  6.85389E-08  9.12994E-07  1.40529E-07  2.24755E-10  3.45953E-11  3.62238E-08  1.04995E-08
  3.250E-02  8.04380E-08  8.68658E-07  1.39271E-07  2.31660E-10  3.71426E-11  2.65878E-08  2.90226E-08
  3.500E-02  9.32891E-08  8.26681E-07  1.37951E-07  2.37424E-10  3.96208E-11  1.20846E-08  3.45303E-08
  3.750E-02  1.07092E-07  7.86961E-07  1.36577E-07  2.42161E-10  4.20279E-11  3.85991E-08  4.57531E-09
  4.000E-02  1.21847E-07  7.49377E-07  1.35154E-07  2.45970E-10  4.43626E-11  2.38364E-08  2.70576E-08
  4.250E-02  1.37554E-07  7.13806E-07  1.33688E-07  2.48938E-10  4.66239E-11  1.74366E-08  2.82277E-08
  4.500E-02  1.54213E-07  6.80124E-07  1.32183E-07  2.51143E-10  4.88110E-11  4.11397E-08  2.92088E-10
  4.750E-02  1.71823E-07  6.48217E-07  1.30646E-07  2.52659E-10  5.09235E-11  2.07246E-08  2.59741E-08
  5.000E-02  1.90386E-07  6.17977E-07  1.29081E-07  2.53549E-10  5.29615E-11  2.32462E-08  2.36509E-08
  5.250E-02  2.09900E-07  5.89305E-07  1.27492E-07  2.53875E-10  5.49252E-11  4.36112E-08  3.15895E-09
  5.500E-02  2.30367E-07  5.62114E-07  1.25884E-07  2.53693E-10  5.68150E-11  1.70006E-08  2.53272E-08
  5.750E-02  2.51785E-07  5.36323E-07  1.24261E-07  2.53056E-10  5.86317E-11  2.95309E-08  1.99774E-08
  6.000E-02  2.74156E-07  5.11857E-07  1.22626E-07  2.52012E-10  6.03761E-11  4.58121E-08  6.14501E-09
  6.250E-02  2.97478E-07  4.88644E-07  1.20984E-07  2.50607E-10  6.20493E-11  1.24808E-08  2.48834E-08
  6.500E-02  3.21752E-07  4.66619E-07  1.19337E-07  2.48884E-10  6.36527E-11  3.62554E-08  1.67832E-08
  6.750E-02  3.46978E-07  4.45720E-07  1.17688E-07  2.46881E-10  6.51875E-11  4.75352E-08  8.84547E-09
  7.000E-02  3.73156E-07  4.25891E-07  1.16039E-07  2.44635E-10  6.66552E-11  7.02390E-09  2.44957E-08
  7.250E-02  4.00286E-07  4.07077E-07  1.14395E-07  2.42179E-10  6.80574E-11  4.33328E-08  1.38284E-08
  7.500E-02  4.28368E-07  3.89227E-07  1.12757E-07  2.39544E-10  6.93958E-11  4.85618E-08  1.13458E-08
  7.750E-02  4.57402E-07  3.72291E-07  1.11126E-07  2.36758E-10  7.06722E-11  5.30144E-10  2.40604E-08
  8.000E-02  4.87388E-07  3.56223E-07  1.09506E-07  2.33848E-10  7.18883E-11  5.06234E-08  1.09714E-08
  8.250E-02  5.18325E-07  3.40978E-07  1.07898E-07  2.30835E-10  7.30460E-11  4.86664E-08  1.36787E-08
  8.500E-02  5.50215E-07  3.26514E-07  1.06303E-07  2.27742E-10  7.41472E-11  7.05331E-09  2.34988E-08
  8.750E-02  5.83057E-07  3.12792E-07  1.04723E-07  2.24588E-10  7.51936E-11  5.79381E-08  8.13026E-09
  9.000E-02  6.16850E-07  2.99773E-07  1.03159E-07  2.21390E-10  7.61873E-11  4.76260E-08  1.58450E-08
  9.250E-02  6.51596E-07  2.87421E-07  1.01613E-07  2.18163E-10  7.71301E-11  1.57251E-08  2.27499E-08
  9.500E-02  6.87293E-07  2.75699E-07  1.00086E-07  2.14922E-10  7.80239E-11  6.50420E-08  5.26242E-09
  9.750E-02  7.23942E-07  2.64576E-07  9.85778E-08  2.11679E-10  7.88706E-11  4.52339E-08  1.78256E-08
  1.000E-01  7.61543E-07  2.54020E-07  9.70899E-08  2.08445E-10  7.96720E-11  2.54242E-08  2.17674E-08
  1.250E-01  1.18991E-06  1.73695E-07  8.34263E-08  1.78164E-10  8.55749E-11  8.56634E-08  6.45933E-09
  1.500E-01  1.71347E-06  1.24838E-07  7.20318E-08  1.53661E-10  8.86648E-11  1.77229E-08  2.37260E-08
  1.750E-01  2.33223E-06  9.37691E-08  6.26801E-08  1.34655E-10  9.00131E-11  1.27978E-07  1.65711E-09
  2.000E-01  3.04617E-06  7.28427E-08  5.49968E-08  1.19549E-10  9.02624E-11  6.17484E-09  2.46789E-08
  2.250E-01  3.85531E-06  5.79116E-08  4.86209E-08  1.06924E-10  8.97732E-11  1.66881E-07  3.47505E-09
  2.500E-01  4.75964E-06  4.67393E-08  4.32605E-08  9.58849E-11  8.87514E-11  4.65867E-08  2.45742E-08
  2.750E-01  5.75916E-06  3.80928E-08  3.86974E-08  8.59618E-11  8.73293E-11  1.99441E-07  8.74455E-09
  3.000E-01  6.85388E-06  3.12560E-08  3.47727E-08  7.69460E-11  8.56066E-11  1.03561E-07  2.36168E-08
  3.250E-01  8.04378E-06  2.57798E-08  3.13705E-08  6.87534E-11  8.36671E-11  2.21698E-07  1.40799E-08
  3.500E-01  9.32888E-06  2.13587E-08  2.84040E-08  6.13441E-11  8.15831E-11  1.76362E-07  2.16790E-08
  3.750E-01  1.07092E-05  1.77700E-08  2.58060E-08  5.46829E-11  7.94158E-11  2.27599E-07  1.92926E-08
  4.000E-01  1.21846E-05  1.48444E-08  2.35225E-08  4.87256E-11  7.72147E-11  2.61834E-07  1.85943E-08
  4.250E-01  1.37553E-05  1.24493E-08  2.15088E-08  4.34174E-11  7.50179E-11  2.10914E-07  2.40729E-08
  4.500E-01  1.54212E-05  1.04792E-08  1.97277E-08  3.86965E-11  7.28534E-11  3.54238E-07  1.43272E-08
  4.750E-01  1.71822E-05  8.85073E-09  1.81472E-08  3.44990E-11  7.07405E-11  1.66919E-07  2.80821E-08
  5.000E-01  1.90385E-05  7.49748E-09  1.67404E-08  3.07622E-11  6.86915E-11  4.45989E-07  8.99026E-09
  5.250E-01  2.09899E-05  6.36653E-09  1.54840E-08  2.74277E-11  6.67134E-11  9.31958E-08  3.10214E-08
  5.500E-01  2.30365E-05  5.41576E-09  1.43583E-08  2.44426E-11  6.48093E-11  5.28528E-07  2.80409E-09
  5.750E-01  2.51783E-05  4.61183E-09  1.33462E-08  2.17605E-11  6.29797E-11  1.01581E-08  3.26617E-08
  6.000E-01  2.74153E-05  3.92827E-09  1.24333E-08  1.93408E-11  6.12232E-11  5.93052E-07  3.94453E-09
  6.250E-01  2.97475E-05  3.34383E-09  1.16073E-08  1.71490E-11  5.95374E-11  1.40568E-07  3.28504E-08
  6.500E-01  3.21749E-05  2.84150E-09  1.08575E-08  1.51556E-11  5.79192E-11  6.31103E-07  1.09326E-08
  6.750E-01  3.46974E-05  2.40772E-09  1.01748E-08  1.33358E-11  5.63653E-11  2.93095E-07  3.15107E-08
  7.000E-01  3.73152E-05  2.03157E-09  9.55141E-09  1.16688E-11  5.48721E-11  6.35107E-07  1.78205E-08
  7.250E-01  4.00281E-05  1.70405E-09  8.98070E-09  1.01368E-11  5.34364E-11  4.60613E-07  2.86395E-08
  7.500E-01  4.28362E-05  1.41784E-09  8.45686E-09  8.72491E-12  5.20549E-11  5.98905E-07  2.42670E-08
  7.750E-01  4.57395E-05  1.16701E-09  7.97486E-09  7.42056E-12  5.07246E-11  6.34065E-07  2.43070E-08
  8.000E-01  4.87380E-05  9.46634E-10  7.53037E-09  6.21295E-12  4.94428E-11  5.18268E-07  2.99429E-08
  8.250E-01  5.18317E-05  7.52523E-10  7.11959E-09  5.09285E-12  4.82068E-11  8.02845E-07  1.86537E-08
  8.500E-01  5.50205E-05  5.81203E-10  6.73922E-09  4.05229E-12  4.70144E-11  3.91366E-07  3.45453E-08
  8.750E-01  5.83045E-05  4.29809E-10  6.38635E-09  3.08437E-12  4.58633E-11  9.55311E-07  1.18873E-08
  9.000E-01  6.16838E-05  2.95863E-10  6.05842E-09  2.18299E-12  4.47516E-11  2.19133E-07  3.78111E-08
  9.250E-01  6.51582E-05  1.77195E-10  5.75317E-09  1.34280E-12  4.36776E-11  1.07941E-06  4.27495E-09
  9.500E-01  6.87277E-05  7.19925E-11  5.46859E-09  5.59061E-13  4.26394E-11  5.51556E-09  3.95305E-08
  9.750E-01  7.23925E-05 -2.12679E-11  5.20290E-09 -1.72506E-13  4.16356E-11  1.16341E-06  3.86588E-09
  1.000E+00  7.61524E-05 -1.03974E-10  4.95451E-09 -8.55747E-13  4.06648E-11  2.25644E-12  1.48021E-11
  1.100E+00  9.21439E-05 -3.50899E-10  4.10745E-09 -3.17049E-12  3.70846E-11  7.79155E-11  8.76003E-12
  1.200E+00  1.09658E-04 -5.01537E-10  3.44536E-09 -4.94231E-12  3.39355E-11  1.16689E-10  4.05634E-12
  1.300E+00  1.28695E-04 -5.90318E-10  2.91974E-09 -6.30148E-12  3.11557E-11  1.25010E-10  7.70280E-13
  1.400E+00  1.49255E-04 -6.38900E-10  2.49681E-09 -7.34450E-12  2.86929E-11  1.12564E-10  1.24735E-12
  1.500E+00  1.71338E-04 -6.61209E-10  2.15241E-09 -8.14385E-12  2.65026E-11  8.77318E-11  2.24048E-12
  1.600E+00  1.94942E-04 -6.66343E-10  1.86892E-09 -8.75429E-12  2.45468E-11  5.74745E-11  2.48003E-12
  1.700E+00  2.20070E-04 -6.60312E-10  1.63329E-09 -9.21739E-12  2.27933E-11  2.72391E-11  2.22244E-12
  1.800E+00  2.46720E-04 -6.47126E-10  1.43568E-09 -9.56488E-12  2.12147E-11  9.30970E-13  1.69034E-12
  1.900E+00  2.74892E-04 -6.29472E-10  1.26862E-09 -9.82106E-12  1.97881E-11  1.90478E-11  1.06047E-12
  2.000E+00  3.04586E-04 -6.09166E-10  1.12633E-09 -1.00047E-11  1.84938E-11  3.16251E-11  4.59381E-13
  2.100E+00  3.35803E-04 -5.87432E-10  1.00432E-09 -1.01304E-11  1.73154E-11  3.68766E-11  3.07018E-14
  2.200E+00  3.68542E-04 -5.65098E-10  8.99042E-10 -1.02096E-11  1.62389E-11  3.57452E-11  3.70788E-13
  2.300E+00  4.02802E-04 -5.42718E-10  8.07682E-10 -1.02513E-11  1.52523E-11  2.97504E-11  5.54156E-13
  2.400E+00  4.38585E-04 -5.20662E-10  7.27984E-10 -1.02626E-11  1.43453E-11  2.06982E-11  5.98279E-13
  2.500E+00  4.75889E-04 -4.99168E-10  6.58121E-10 -1.02492E-11  1.35094E-11  1.04154E-11  5.34765E-13
  2.600E+00  5.14715E-04 -4.78389E-10  5.96606E-10 -1.02158E-11  1.27369E-11  5.33639E-13  4.02023E-13
  2.700E+00  5.55063E-04 -4.58414E-10  5.42217E-10 -1.01661E-11  1.20213E-11  7.67723E-12  2.38567E-13
  2.800E+00  5.96931E-04 -4.39287E-10  4.93942E-10 -1.01031E-11  1.13569E-11  1.33832E-11  7.69039E-14
  2.900E+00  6.40321E-04 -4.21028E-10  4.50943E-10 -1.00293E-11  1.07389E-11  1.62291E-11  5.86665E-14
  3.000E+00  6.85233E-04 -4.03631E-10  4.12513E-10 -9.94686E-12  1.01628E-11  1.62931E-11  1.52745E-13
  3.100E+00  7.31665E-04 -3.87082E-10  3.78062E-10 -9.85734E-12  9.62475E-12  1.40100E-11  2.01820E-13
  3.200E+00  7.79618E-04 -3.71353E-10  3.47086E-10 -9.76223E-12  9.12148E-12  1.00598E-11  2.07498E-13
  3.300E+00  8.29092E-04 -3.56415E-10  3.19160E-10 -9.66268E-12  8.64995E-12  5.24171E-12  1.79313E-13
  3.400E+00  8.80086E-04 -3.42232E-10  2.93919E-10 -9.55969E-12  8.20748E-12  3.55508E-13  1.28216E-13
  3.500E+00  9.32601E-04 -3.28768E-10  2.71049E-10 -9.45409E-12  7.79171E-12  3.90803E-12  6.73118E-14
  3.600E+00  9.86636E-04 -3.15988E-10  2.50281E-10 -9.34656E-12  7.40047E-12  7.03425E-12  7.86293E-15
  3.700E+00  1.04219E-03 -3.03855E-10  2.31380E-10 -9.23770E-12  7.03187E-12  8.73646E-12  4.07699E-14
  3.800E+00  1.09927E-03 -2.92333E-10  2.14145E-10 -9.12798E-12  6.68417E-12  8.96080E-12  7.36744E-14
  3.900E+00  1.15786E-03 -2.81389E-10  1.98398E-10 -9.01783E-12  6.35581E-12  7.86293E-12  8.80838E-14
  4.000E+00  1.21797E-03 -2.70989E-10  1.83984E-10 -8.90760E-12  6.04537E-12  5.76194E-12  8.56566E-14
  4.100E+00  1.27961E-03 -2.61103E-10  1.70768E-10 -8.79757E-12  5.75157E-12  3.07689E-12  7.05557E-14
  4.200E+00  1.34276E-03 -2.51701E-10  1.58630E-10 -8.68799E-12  5.47324E-12  2.57941E-13  4.64065E-14
  4.300E+00  1.40743E-03 -2.42755E-10  1.47465E-10 -8.57907E-12  5.20932E-12  2.27990E-12  1.94131E-14
  4.400E+00  1.47362E-03 -2.34239E-10  1.37180E-10 -8.47098E-12  4.95883E-12  4.20570E-12  5.79774E-15
  4.500E+00  1.54133E-03 -2.26127E-10  1.27691E-10 -8.36387E-12  4.72088E-12  5.31255E-12  2.55279E-14
  4.600E+00  1.61056E-03 -2.18398E-10  1.18926E-10 -8.25785E-12  4.49466E-12  5.53087E-12  3.77719E-14
  4.700E+00  1.68131E-03 -2.11028E-10  1.10818E-10 -8.15302E-12  4.27941E-12  4.92297E-12  4.20002E-14
  4.800E+00  1.75357E-03 -2.03998E-10  1.03309E-10 -8.04945E-12  4.07445E-12  3.66123E-12  3.85523E-14
  4.900E+00  1.82735E-03 -1.97287E-10  9.63468E-11 -7.94722E-12  3.87914E-12  1.99282E-12  2.96783E-14
  5.000E+00  1.90265E-03 -1.90880E-10  8.98838E-11 -7.84638E-12  3.69289E-12  1.97710E-13  1.71106E-14
  5.100E+00  1.97947E-03 -1.84757E-10  8.38779E-11 -7.74696E-12  3.51516E-12  1.45460E-12  4.29578E-15
  5.200E+00  2.05780E-03 -1.78904E-10  7.82909E-11 -7.64898E-12  3.34545E-12  2.73899E-12  7.00246E-15
  5.300E+00  2.13765E-03 -1.73306E-10  7.30884E-11 -7.55249E-12  3.18330E-12  3.50542E-12  1.55462E-14
  5.400E+00  2.21902E-03 -1.67949E-10  6.82394E-11 -7.45747E-12  3.02827E-12  3.69104E-12  1.99560E-14
  5.500E+00  2.30190E-03 -1.62819E-10  6.37157E-11 -7.36396E-12  2.87997E-12  3.32118E-12  2.06678E-14
  5.600E+00  2.38630E-03 -1.57906E-10  5.94918E-11 -7.27193E-12  2.73801E-12  2.49850E-12  1.82259E-14
  5.700E+00  2.47222E-03 -1.53197E-10  5.55444E-11 -7.18140E-12  2.60206E-12  1.38153E-12  1.28141E-14
  5.800E+00  2.55965E-03 -1.48681E-10  5.18525E-11 -7.09236E-12  2.47179E-12  1.57106E-13  6.04076E-15
  5.900E+00  2.64859E-03 -1.44349E-10  4.83968E-11 -7.00480E-12  2.34690E-12  9.88846E-13  2.77834E-16
  6.000E+00  2.73905E-03 -1.40192E-10  4.51598E-11 -6.91870E-12  2.22710E-12  1.89606E-12  5.50434E-15
  6.100E+00  2.83103E-03 -1.36199E-10  4.21255E-11 -6.83405E-12  2.11214E-12  2.45269E-12  8.95737E-15
  6.200E+00  2.92452E-03 -1.32364E-10  3.92792E-11 -6.75084E-12  2.00176E-12  2.60589E-12  1.08013E-14
  6.300E+00  3.01952E-03 -1.28678E-10  3.66075E-11 -6.66904E-12  1.89574E-12  2.36524E-12  1.00909E-14
  6.400E+00  3.11604E-03 -1.25134E-10  3.40982E-11 -6.58865E-12  1.79386E-12  1.79612E-12  8.12445E-15
  6.500E+00  3.21407E-03 -1.21725E-10  3.17398E-11 -6.50962E-12  1.69591E-12  1.00655E-12  5.36230E-15
  6.600E+00  3.31362E-03 -1.18444E-10  2.95221E-11 -6.43196E-12  1.60171E-12  1.28068E-13  1.76966E-15
  6.700E+00  3.41468E-03 -1.15285E-10  2.74354E-11 -6.35562E-12  1.51107E-12  7.04958E-13  1.28726E-15
  6.800E+00  3.51725E-03 -1.12243E-10  2.54709E-11 -6.28060E-12  1.42383E-12  1.37403E-12  3.95532E-15
  6.900E+00  3.62133E-03 -1.09311E-10  2.36206E-11 -6.20686E-12  1.33983E-12  1.79355E-12  4.44583E-15
  7.000E+00  3.72692E-03 -1.06486E-10  2.18769E-11 -6.13439E-12  1.25892E-12  1.91986E-12  5.29882E-15
  7.100E+00  3.83403E-03 -1.03761E-10  2.02329E-11 -6.06317E-12  1.18095E-12  1.75501E-12  4.38538E-15
  7.200E+00  3.94265E-03 -1.01133E-10  1.86822E-11 -5.99315E-12  1.10580E-12  1.34318E-12  3.70635E-15
  7.300E+00  4.05278E-03 -9.85965E-11  1.72188E-11 -5.92434E-12  1.03333E-12  7.61432E-13  1.80187E-15
  7.400E+00  4.16442E-03 -9.61481E-11  1.58373E-11 -5.85669E-12  9.63437E-13  1.06246E-13  0.00000E+00
  7.500E+00  4.27757E-03 -9.37834E-11  1.45326E-11 -5.79020E-12  8.95997E-13  5.21661E-13  5.11616E-16
  7.600E+00  4.39223E-03 -9.14994E-11  1.32999E-11 -5.72483E-12  8.30909E-13  1.03195E-12  1.99200E-15
  7.700E+00  4.50840E-03 -8.92920E-11  1.21348E-11 -5.66056E-12  7.68069E-13  1.35747E-12  2.58622E-15
  7.800E+00  4.62608E-03 -8.71580E-11  1.10332E-11 -5.59737E-12  7.07385E-13  1.46222E-12  2.51913E-15
  7.900E+00  4.74527E-03 -8.50946E-11  9.99140E-12 -5.53524E-12  6.48765E-13  1.34472E-12  1.84094E-15
  8.000E+00  4.86597E-03 -8.30985E-11  9.00576E-12 -5.47415E-12  5.92123E-13  1.03598E-12  1.64482E-15
  8.100E+00  4.98817E-03 -8.11669E-11  8.07299E-12 -5.41407E-12  5.37378E-13  5.93096E-13  4.37373E-16
  8.200E+00  5.11188E-03 -7.92973E-11  7.19001E-12 -5.35499E-12  4.84453E-13  8.92437E-14  2.84379E-16
  8.300E+00  5.23711E-03 -7.74870E-11  6.35396E-12 -5.29688E-12  4.33274E-13  3.97875E-13  5.54876E-16
  8.400E+00  5.36383E-03 -7.57337E-11  5.56215E-12 -5.23973E-12  3.83773E-13  7.97578E-13  1.08298E-15
  8.500E+00  5.49207E-03 -7.40350E-11  4.81204E-12 -5.18350E-12  3.35882E-13  1.05618E-12  5.28577E-16
  8.600E+00  5.62181E-03 -7.23888E-11  4.10132E-12 -5.12819E-12  2.89538E-13  1.14374E-12  5.16116E-16
  8.700E+00  5.75306E-03 -7.07930E-11  3.42777E-12 -5.07378E-12  2.44682E-13  1.05714E-12  7.56129E-16
  8.800E+00  5.88581E-03 -6.92456E-11  2.78932E-12 -5.02024E-12  2.01256E-13  8.18966E-13  3.69350E-16
  8.900E+00  6.02007E-03 -6.77447E-11  2.18406E-12 -4.96756E-12  1.59205E-13  4.72805E-13  3.60931E-16
  9.000E+00  6.15583E-03 -6.62886E-11  1.61018E-12 -4.91571E-12  1.18479E-13  7.56448E-14  2.35195E-16
  9.100E+00  6.29310E-03 -6.48755E-11  1.06597E-12 -4.86469E-12  7.90261E-14  3.11173E-13  5.74872E-16
  9.200E+00  6.43187E-03 -6.35037E-11  5.49835E-13 -4.81448E-12  4.08003E-14  6.31076E-13  1.12437E-16
  9.300E+00  6.57214E-03 -6.21718E-11  6.02896E-14 -4.76505E-12  3.75624E-15  8.40453E-13  2.19964E-16
  9.400E+00  6.71392E-03 -6.08783E-11 -4.04082E-13 -4.71639E-12 -3.21493E-14  9.14224E-13  4.30422E-16
  9.500E+00  6.85720E-03 -5.96217E-11 -8.44599E-13 -4.66849E-12 -6.69575E-14  8.48593E-13  2.10608E-16
  9.600E+00  7.00198E-03 -5.84007E-11 -1.26251E-12 -4.62133E-12 -1.00708E-13  6.60495E-13  6.18451E-16
  9.700E+00  7.14827E-03 -5.72139E-11 -1.65898E-12 -4.57490E-12 -1.33438E-13  3.84020E-13  2.01830E-16
  9.800E+00  7.29605E-03 -5.60602E-11 -2.03512E-12 -4.52917E-12 -1.65183E-13  6.45476E-14  1.97643E-16
  9.900E+00  7.44534E-03 -5.49384E-11 -2.39198E-12 -4.48414E-12 -1.95979E-13  2.48516E-13  5.80751E-16
  1.000E+01  7.59612E-03 -5.38474E-11 -2.73052E-12 -4.43979E-12 -2.25858E-13  5.09133E-13  1.13788E-15
  1.025E+01  7.97965E-03 -5.12472E-11 -3.50271E-12 -4.33180E-12 -2.96748E-13  7.32239E-13  7.21226E-16
  1.050E+01  8.37255E-03 -4.88169E-11 -4.17921E-12 -4.22777E-12 -3.62562E-13  3.16702E-13  3.43263E-16
  1.075E+01  8.77480E-03 -4.65424E-11 -4.77137E-12 -4.12750E-12 -4.23712E-13  3.17109E-13  9.81363E-16
  1.100E+01  9.18641E-03 -4.44109E-11 -5.28908E-12 -4.03081E-12 -4.80570E-13  6.14423E-13  7.80192E-16
  1.125E+01  9.60736E-03 -4.24112E-11 -5.74094E-12 -3.93753E-12 -5.33476E-13  3.63219E-13  0.00000E+00
  1.150E+01  1.00376E-02 -4.05327E-11 -6.13451E-12 -3.84749E-12 -5.82733E-13  1.66648E-13  8.54715E-16
  1.175E+01  1.04773E-02 -3.87663E-11 -6.47636E-12 -3.76054E-12 -6.28620E-13  5.00620E-13  5.45227E-16
  1.200E+01  1.09262E-02 -3.71034E-11 -6.77230E-12 -3.67653E-12 -6.71388E-13  3.78314E-13  1.30545E-16
  1.225E+01  1.13844E-02 -3.55363E-11 -7.02742E-12 -3.59533E-12 -7.11267E-13  5.07195E-14  5.00544E-16
  1.250E+01  1.18520E-02 -3.40581E-11 -7.24622E-12 -3.51680E-12 -7.48468E-13  3.94309E-13  7.20310E-16
  1.275E+01  1.23288E-02 -3.26623E-11 -7.43266E-12 -3.44083E-12 -7.83181E-13  3.71033E-13  0.00000E+00
  1.300E+01  1.28150E-02 -3.13430E-11 -7.59025E-12 -3.36730E-12 -8.15581E-13  3.63143E-14  9.96819E-16
  1.325E+01  1.33104E-02 -3.00951E-11 -7.72211E-12 -3.29610E-12 -8.45830E-13  2.97369E-13  6.39027E-16
  1.350E+01  1.38150E-02 -2.89135E-11 -7.83099E-12 -3.22713E-12 -8.74076E-13  3.48054E-13  0.00000E+00
  1.375E+01  1.43290E-02 -2.77938E-11 -7.91935E-12 -3.16029E-12 -9.00452E-13  9.91462E-14  5.92147E-16
  1.400E+01  1.48521E-02 -2.67319E-11 -7.98937E-12 -3.09550E-12 -9.25086E-13  2.11118E-13  5.70590E-16
  1.425E+01  1.53845E-02 -2.57240E-11 -8.04301E-12 -3.03266E-12 -9.48090E-13  3.14524E-13  1.83390E-16
  1.450E+01  1.59262E-02 -2.47667E-11 -8.08199E-12 -2.97169E-12 -9.69572E-13  1.41940E-13  7.07747E-16
  1.475E+01  1.64770E-02 -2.38566E-11 -8.10788E-12 -2.91252E-12 -9.89630E-13  1.35962E-13  5.12439E-16
  1.500E+01  1.70371E-02 -2.29909E-11 -8.12208E-12 -2.85507E-12 -1.00835E-12  2.74381E-13  0.00000E+00
  1.525E+01  1.76063E-02 -2.21669E-11 -8.12581E-12 -2.79927E-12 -1.02583E-12  1.67968E-13  4.78403E-16
  1.550E+01  1.81848E-02 -2.13819E-11 -8.12021E-12 -2.74507E-12 -1.04213E-12  7.20046E-14  4.62622E-16
  1.575E+01  1.87724E-02 -2.06336E-11 -8.10627E-12 -2.69238E-12 -1.05733E-12  2.30861E-13  0.00000E+00
  1.600E+01  1.93692E-02 -1.99199E-11 -8.08490E-12 -2.64116E-12 -1.07150E-12  1.80480E-13  4.33280E-16
  1.625E+01  1.99751E-02 -1.92388E-11 -8.05690E-12 -2.59135E-12 -1.08470E-12  1.89858E-14  4.19628E-16
  1.650E+01  2.05901E-02 -1.85883E-11 -8.02302E-12 -2.54289E-12 -1.09698E-12  1.86234E-13  1.35534E-16
  1.675E+01  2.12143E-02 -1.79667E-11 -7.98389E-12 -2.49573E-12 -1.10841E-12  1.81924E-13  1.31387E-16
  1.700E+01  2.18476E-02 -1.73724E-11 -7.94012E-12 -2.44983E-12 -1.11903E-12  2.34766E-14  3.82273E-16
  1.725E+01  2.24900E-02 -1.68039E-11 -7.89224E-12 -2.40514E-12 -1.12889E-12  1.42485E-13  2.47271E-16
  1.750E+01  2.31415E-02 -1.62598E-11 -7.84073E-12 -2.36161E-12 -1.13802E-12  1.74685E-13  2.40021E-16
  1.775E+01  2.38021E-02 -1.57387E-11 -7.78602E-12 -2.31920E-12 -1.14649E-12  5.62652E-14  2.33079E-16
  1.800E+01  2.44717E-02 -1.52394E-11 -7.72851E-12 -2.27787E-12 -1.15431E-12  1.01075E-13  1.13215E-16
  1.825E+01  2.51504E-02 -1.47608E-11 -7.66855E-12 -2.23759E-12 -1.16153E-12  1.60977E-13  2.20055E-16
  1.850E+01  2.58382E-02 -1.43018E-11 -7.60645E-12 -2.19831E-12 -1.16819E-12  7.97861E-14  1.06971E-16
  1.875E+01  2.65349E-02 -1.38613E-11 -7.54253E-12 -2.16000E-12 -1.17430E-12  6.30323E-14  1.04038E-16
  1.900E+01  2.72407E-02 -1.34385E-11 -7.47702E-12 -2.12264E-12 -1.17991E-12  1.42285E-13  4.04885E-16
  1.925E+01  2.79555E-02 -1.30324E-11 -7.41017E-12 -2.08618E-12 -1.18504E-12  9.54519E-14  0.00000E+00
  1.950E+01  2.86793E-02 -1.26422E-11 -7.34220E-12 -2.05059E-12 -1.18971E-12  2.90753E-14  3.83663E-16
  1.975E+01  2.94120E-02 -1.22671E-11 -7.27330E-12 -2.01585E-12 -1.19396E-12  1.20533E-13  1.86831E-16
  2.000E+01  3.01537E-02 -1.19064E-11 -7.20364E-12 -1.98193E-12 -1.19780E-12  1.03972E-13  9.10097E-16
  2.025E+01  3.09043E-02 -1.15594E-11 -7.13339E-12 -1.94880E-12 -1.20125E-12  2.59132E-16  0.00000E+00
  2.050E+01  3.16639E-02 -1.12254E-11 -7.06268E-12 -1.91644E-12 -1.20434E-12  9.70830E-14  0.00000E+00
  2.075E+01  3.24324E-02 -1.09038E-11 -6.99164E-12 -1.88482E-12 -1.20708E-12  1.06016E-13  1.68633E-16
  2.100E+01  3.32098E-02 -1.05941E-11 -6.92039E-12 -1.85392E-12 -1.20949E-12  2.47302E-14  0.00000E+00
  2.125E+01  3.39961E-02 -1.02957E-11 -6.84904E-12 -1.82372E-12 -1.21160E-12  7.28419E-14  1.60499E-16
  2.150E+01  3.47912E-02 -1.00080E-11 -6.77768E-12 -1.79418E-12 -1.21341E-12  1.03092E-13  3.13295E-16
  2.175E+01  3.55952E-02 -9.73064E-12 -6.70639E-12 -1.76531E-12 -1.21494E-12  4.43039E-14  0.00000E+00
  2.200E+01  3.64081E-02 -9.46309E-12 -6.63525E-12 -1.73706E-12 -1.21621E-12  4.91530E-14  1.49342E-16
  2.225E+01  3.72297E-02 -9.20492E-12 -6.56434E-12 -1.70943E-12 -1.21722E-12  9.58934E-14  0.00000E+00
  2.250E+01  3.80602E-02 -8.95573E-12 -6.49370E-12 -1.68240E-12 -1.21800E-12  5.89499E-14  0.00000E+00
  2.275E+01  3.88995E-02 -8.71513E-12 -6.42341E-12 -1.65594E-12 -1.21855E-12  2.64713E-14  0.00000E+00
  2.300E+01  3.97476E-02 -8.48273E-12 -6.35351E-12 -1.63004E-12 -1.21888E-12  8.53955E-14  0.00000E+00
  2.325E+01  4.06044E-02 -8.25820E-12 -6.28404E-12 -1.60469E-12 -1.21902E-12  6.91636E-14  1.33135E-16
  2.350E+01  4.14700E-02 -8.04120E-12 -6.21504E-12 -1.57987E-12 -1.21895E-12  5.64199E-15  1.30206E-16
  2.375E+01  4.23443E-02 -7.83142E-12 -6.14656E-12 -1.55556E-12 -1.21871E-12  7.24430E-14  1.27372E-16
  2.400E+01  4.32273E-02 -7.62854E-12 -6.07861E-12 -1.53175E-12 -1.21829E-12  7.48828E-14  0.00000E+00
  2.425E+01  4.41190E-02 -7.43230E-12 -6.01123E-12 -1.50842E-12 -1.21770E-12  1.27678E-14  1.21969E-16
  2.450E+01  4.50194E-02 -7.24242E-12 -5.94443E-12 -1.48557E-12 -1.21695E-12  5.83015E-14  1.19394E-16
  2.475E+01  4.59284E-02 -7.05864E-12 -5.87825E-12 -1.46317E-12 -1.21606E-12  7.66844E-14  1.16897E-16
  2.500E+01  4.68461E-02 -6.88071E-12 -5.81270E-12 -1.44122E-12 -1.21502E-12  2.84579E-14  1.14478E-16
  2.550E+01  4.87074E-02 -6.54151E-12 -5.68354E-12 -1.39861E-12 -1.21255E-12  7.52192E-14  0.00000E+00
  2.600E+01  5.06030E-02 -6.22309E-12 -5.55705E-12 -1.35764E-12 -1.20959E-12  2.75897E-14  0.00000E+00
  2.650E+01  5.25328E-02 -5.92387E-12 -5.43331E-12 -1.31823E-12 -1.20618E-12  5.14242E-14  0.00000E+00
  2.700E+01  5.44967E-02 -5.64243E-12 -5.31235E-12 -1.28029E-12 -1.20238E-12  6.44618E-14  9.75281E-17
  2.750E+01  5.64946E-02 -5.37747E-12 -5.19420E-12 -1.24375E-12 -1.19822E-12  1.40882E-15  9.38713E-17
  2.800E+01  5.85262E-02 -5.12779E-12 -5.07886E-12 -1.20854E-12 -1.19373E-12  6.27341E-14  9.04136E-17
  2.850E+01  6.05914E-02 -4.89231E-12 -4.96631E-12 -1.17460E-12 -1.18895E-12  4.64100E-14  0.00000E+00
  2.900E+01  6.26901E-02 -4.67003E-12 -4.85654E-12 -1.14187E-12 -1.18391E-12  2.51376E-14  0.00000E+00
  2.950E+01  6.48222E-02 -4.46005E-12 -4.74951E-12 -1.11027E-12 -1.17864E-12  6.37710E-14  8.11010E-17
  3.000E+01  6.69873E-02 -4.26154E-12 -4.64519E-12 -1.07978E-12 -1.17314E-12  2.51946E-14  1.56622E-16
  3.050E+01  6.91854E-02 -4.07372E-12 -4.54353E-12 -1.05032E-12 -1.16746E-12  4.17391E-14  7.56610E-17
  3.100E+01  7.14163E-02 -3.89589E-12 -4.44448E-12 -1.02185E-12 -1.16161E-12  5.69504E-14  0.00000E+00
  3.150E+01  7.36799E-02 -3.72740E-12 -4.34799E-12 -9.94339E-13 -1.15561E-12  4.75762E-15  1.41490E-16
  3.200E+01  7.59760E-02 -3.56765E-12 -4.25400E-12 -9.67730E-13 -1.14947E-12  5.04902E-14  0.00000E+00
  3.250E+01  7.83043E-02 -3.41608E-12 -4.16245E-12 -9.41988E-13 -1.14321E-12  4.43927E-14  0.00000E+00
  3.300E+01  8.06647E-02 -3.27219E-12 -4.07328E-12 -9.17075E-13 -1.13684E-12  1.26571E-14  1.28432E-16
  3.350E+01  8.30571E-02 -3.13551E-12 -3.98644E-12 -8.92954E-13 -1.13038E-12  5.16287E-14  0.00000E+00
  3.400E+01  8.54812E-02 -3.00558E-12 -3.90186E-12 -8.69594E-13 -1.12384E-12  2.91439E-14  0.00000E+00
  3.450E+01  8.79369E-02 -2.88202E-12 -3.81948E-12 -8.46961E-13 -1.11723E-12  2.49552E-14  1.17089E-16
  3.500E+01  9.04240E-02 -2.76443E-12 -3.73925E-12 -8.25026E-13 -1.11055E-12  4.70369E-14  0.00000E+00
  3.550E+01  9.29422E-02 -2.65247E-12 -3.66110E-12 -8.03761E-13 -1.10382E-12  1.43467E-14  0.00000E+00
  3.600E+01  9.54915E-02 -2.54581E-12 -3.58496E-12 -7.83137E-13 -1.09705E-12  3.16379E-14  1.07178E-16
  3.650E+01  9.80716E-02 -2.44416E-12 -3.51079E-12 -7.63131E-13 -1.09024E-12  3.79117E-14  0.00000E+00
  3.700E+01  1.00682E-01 -2.34721E-12 -3.43853E-12 -7.43716E-13 -1.08340E-12  1.69934E-15  0.00000E+00
  3.750E+01  1.03323E-01 -2.25473E-12 -3.36813E-12 -7.24872E-13 -1.07654E-12  3.27339E-14  9.84698E-17
  3.800E+01  1.05995E-01 -2.16644E-12 -3.29952E-12 -7.06574E-13 -1.06965E-12  2.70882E-14  0.00000E+00
  3.850E+01  1.08696E-01 -2.08214E-12 -3.23267E-12 -6.88804E-13 -1.06276E-12  7.59712E-15  9.32406E-17
  3.900E+01  1.11427E-01 -2.00159E-12 -3.16750E-12 -6.71540E-13 -1.05586E-12  2.94827E-14  9.07809E-17
  3.950E+01  1.14188E-01 -1.92461E-12 -3.10397E-12 -6.54764E-13 -1.04895E-12  1.61895E-14  0.00000E+00
  4.000E+01  1.16978E-01 -1.85099E-12 -3.04204E-12 -6.38459E-13 -1.04204E-12  1.23264E-14  8.61455E-17
  4.050E+01  1.19797E-01 -1.78057E-12 -2.98165E-12 -6.22606E-13 -1.03514E-12  2.28432E-14  0.00000E+00
  4.100E+01  1.22645E-01 -1.71318E-12 -2.92277E-12 -6.07190E-13 -1.02824E-12  6.68481E-15  0.00000E+00
  4.150E+01  1.25522E-01 -1.64866E-12 -2.86534E-12 -5.92195E-13 -1.02136E-12  1.30806E-14  0.00000E+00
  4.200E+01  1.28428E-01 -1.58687E-12 -2.80933E-12 -5.77606E-13 -1.01449E-12  1.43185E-14  0.00000E+00
  4.250E+01  1.31361E-01 -1.52767E-12 -2.75468E-12 -5.63410E-13 -1.00764E-12  0.00000E+00  0.00000E+00
  4.300E+01  1.34323E-01 -1.47093E-12 -2.70136E-12 -5.49591E-13 -1.00080E-12  1.00151E-14  0.00000E+00
  4.350E+01  1.37313E-01 -1.41654E-12 -2.64933E-12 -5.36139E-13 -9.93987E-13  6.01391E-15  0.00000E+00
  4.400E+01  1.40330E-01 -1.36437E-12 -2.59854E-12 -5.23040E-13 -9.87195E-13  3.10212E-15  0.00000E+00
  4.450E+01  1.43375E-01 -1.31432E-12 -2.54898E-12 -5.10282E-13 -9.80428E-13  4.25778E-15  0.00000E+00
  4.500E+01  1.46447E-01 -1.26628E-12 -2.50059E-12 -4.97854E-13 -9.73687E-13  1.19303E-15  0.00000E+00
  4.550E+01  1.49545E-01 -1.22017E-12 -2.45335E-12 -4.85745E-13 -9.66974E-13  2.92591E-15  0.00000E+00
  4.600E+01  1.52671E-01 -1.17589E-12 -2.40721E-12 -4.73945E-13 -9.60289E-13  2.72766E-15  0.00000E+00
  4.650E+01  1.55823E-01 -1.13335E-12 -2.36215E-12 -4.62445E-13 -9.53635E-13  6.34141E-15  0.00000E+00
  4.700E+01  1.59001E-01 -1.09248E-12 -2.31814E-12 -4.51233E-13 -9.47013E-13  1.38369E-16  0.00000E+00
  4.750E+01  1.62205E-01 -1.05320E-12 -2.27514E-12 -4.40302E-13 -9.40422E-13  9.92104E-15  0.00000E+00
  4.800E+01  1.65435E-01 -1.01543E-12 -2.23313E-12 -4.29642E-13 -9.33865E-13  8.54542E-15  0.00000E+00
  4.850E+01  1.68690E-01 -9.79115E-13 -2.19208E-12 -4.19245E-13 -9.27342E-13  5.64241E-15  0.00000E+00
  4.900E+01  1.71970E-01 -9.44183E-13 -2.15195E-12 -4.09103E-13 -9.20854E-13  1.59949E-14  0.00000E+00
  4.950E+01  1.75276E-01 -9.10573E-13 -2.11273E-12 -3.99208E-13 -9.14401E-13  7.86386E-15  0.00000E+00
  5.000E+01  1.78606E-01 -8.78227E-13 -2.07439E-12 -3.89552E-13 -9.07983E-13  1.19762E-14  0.00000E+00
  5.050E+01  1.81961E-01 -8.47091E-13 -2.03690E-12 -3.80129E-13 -9.01603E-13  2.02511E-14  0.00000E+00
  5.100E+01  1.85340E-01 -8.17113E-13 -2.00024E-12 -3.70932E-13 -8.95259E-13  4.58968E-15  0.00000E+00
  5.150E+01  1.88743E-01 -7.88243E-13 -1.96439E-12 -3.61954E-13 -8.88952E-13  1.86657E-14  0.00000E+00
  5.200E+01  1.92169E-01 -7.60434E-13 -1.92932E-12 -3.53188E-13 -8.82682E-13  2.22411E-14  0.00000E+00
  5.250E+01  1.95619E-01 -7.33641E-13 -1.89501E-12 -3.44628E-13 -8.76451E-13  4.61137E-16  0.00000E+00
  5.300E+01  1.99092E-01 -7.07821E-13 -1.86144E-12 -3.36269E-13 -8.70257E-13  2.45301E-14  0.00000E+00
  5.350E+01  2.02589E-01 -6.82934E-13 -1.82860E-12 -3.28105E-13 -8.64101E-13  2.15967E-14  0.00000E+00
  5.400E+01  2.06107E-01 -6.58942E-13 -1.79645E-12 -3.20129E-13 -8.57984E-13  6.50685E-15  0.00000E+00
  5.450E+01  2.09649E-01 -6.35808E-13 -1.76498E-12 -3.12338E-13 -8.51904E-13  2.88110E-14  0.00000E+00
  5.500E+01  2.13212E-01 -6.13497E-13 -1.73418E-12 -3.04726E-13 -8.45863E-13  1.89750E-14  0.00000E+00
  5.550E+01  2.16797E-01 -5.91977E-13 -1.70403E-12 -2.97287E-13 -8.39861E-13  1.26878E-14  0.00000E+00
  5.600E+01  2.20404E-01 -5.71215E-13 -1.67450E-12 -2.90018E-13 -8.33896E-13  3.08742E-14  0.00000E+00
  5.650E+01  2.24032E-01 -5.51181E-13 -1.64559E-12 -2.82913E-13 -8.27970E-13  1.46147E-14  0.00000E+00
  5.700E+01  2.27680E-01 -5.31847E-13 -1.61727E-12 -2.75968E-13 -8.22083E-13  1.82840E-14  0.00000E+00
  5.750E+01  2.31350E-01 -5.13184E-13 -1.58953E-12 -2.69179E-13 -8.16233E-13  3.10852E-14  0.00000E+00
  5.800E+01  2.35040E-01 -4.95168E-13 -1.56236E-12 -2.62542E-13 -8.10421E-13  9.50500E-15  0.00000E+00
  5.850E+01  2.38751E-01 -4.77772E-13 -1.53574E-12 -2.56052E-13 -8.04648E-13  2.24902E-14  0.00000E+00
  5.900E+01  2.42481E-01 -4.60974E-13 -1.50965E-12 -2.49707E-13 -7.98912E-13  2.91708E-14  0.00000E+00
  5.950E+01  2.46231E-01 -4.44750E-13 -1.48409E-12 -2.43501E-13 -7.93214E-13  3.81744E-15  0.00000E+00
  6.000E+01  2.50000E-01 -4.29078E-13 -1.45903E-12 -2.37432E-13 -7.87553E-13  2.48988E-14  0.00000E+00
  6.050E+01  2.53788E-01 -4.13938E-13 -1.43448E-12 -2.31496E-13 -7.81929E-13  2.61027E-14  0.00000E+00
  6.100E+01  2.57595E-01 -3.99309E-13 -1.41040E-12 -2.25690E-13 -7.76343E-13  1.10599E-15  0.00000E+00
  6.150E+01  2.61421E-01 -3.85173E-13 -1.38680E-12 -2.20010E-13 -7.70793E-13  2.55188E-14  0.00000E+00
  6.200E+01  2.65264E-01 -3.71512E-13 -1.36365E-12 -2.14453E-13 -7.65280E-13  2.18142E-14  0.00000E+00
  6.250E+01  2.69126E-01 -3.58308E-13 -1.34096E-12 -2.09016E-13 -7.59803E-13  4.45862E-15  0.00000E+00
  6.300E+01  2.73005E-01 -3.45544E-13 -1.31870E-12 -2.03697E-13 -7.54363E-13  2.47048E-14  0.00000E+00
  6.350E+01  2.76901E-01 -3.33205E-13 -1.29687E-12 -1.98492E-13 -7.48958E-13  1.76382E-14  0.00000E+00
  6.400E+01  2.80814E-01 -3.21274E-13 -1.27546E-12 -1.93399E-13 -7.43589E-13  6.74160E-15  0.00000E+00
  6.450E+01  2.84744E-01 -3.09737E-13 -1.25445E-12 -1.88414E-13 -7.38256E-13  2.22480E-14  0.00000E+00
  6.500E+01  2.88691E-01 -2.98580E-13 -1.23384E-12 -1.83536E-13 -7.32957E-13  1.40656E-14  0.00000E+00
  6.550E+01  2.92653E-01 -2.87790E-13 -1.21361E-12 -1.78761E-13 -7.27694E-13  7.38495E-15  0.00000E+00
  6.600E+01  2.96632E-01 -2.77355E-13 -1.19377E-12 -1.74088E-13 -7.22465E-13  1.91201E-14  0.00000E+00
  6.650E+01  3.00625E-01 -2.67260E-13 -1.17429E-12 -1.69513E-13 -7.17270E-13  1.13663E-14  0.00000E+00
  6.700E+01  3.04634E-01 -2.57495E-13 -1.15517E-12 -1.65035E-13 -7.12110E-13  6.36636E-15  0.00000E+00
  6.750E+01  3.08658E-01 -2.48048E-13 -1.13641E-12 -1.60652E-13 -7.06983E-13  1.63413E-14  0.00000E+00
  6.800E+01  3.12697E-01 -2.38907E-13 -1.11798E-12 -1.56360E-13 -7.01889E-13  1.04255E-14  0.00000E+00
  6.850E+01  3.16749E-01 -2.30062E-13 -1.09989E-12 -1.52159E-13 -6.96829E-13  4.29383E-15  0.00000E+00
  6.900E+01  3.20816E-01 -2.21503E-13 -1.08213E-12 -1.48046E-13 -6.91802E-13  1.35630E-14  0.00000E+00
  6.950E+01  3.24896E-01 -2.13222E-13 -1.06470E-12 -1.44019E-13 -6.86807E-13  1.03241E-14  0.00000E+00
  7.000E+01  3.28990E-01 -2.05208E-13 -1.04757E-12 -1.40075E-13 -6.81845E-13  1.55180E-15  0.00000E+00
  7.050E+01  3.33097E-01 -1.97452E-13 -1.03076E-12 -1.36214E-13 -6.76914E-13  1.20098E-14  0.00000E+00
  7.100E+01  3.37216E-01 -1.89945E-13 -1.01423E-12 -1.32434E-13 -6.72016E-13  1.20712E-14  0.00000E+00
  7.150E+01  3.41348E-01 -1.82678E-13 -9.98001E-13 -1.28732E-13 -6.67148E-13  1.06164E-15  0.00000E+00
  7.200E+01  3.45492E-01 -1.75642E-13 -9.82055E-13 -1.25107E-13 -6.62312E-13  1.18944E-14  0.00000E+00
  7.250E+01  3.49647E-01 -1.68836E-13 -9.66394E-13 -1.21557E-13 -6.57507E-13  1.46502E-14  0.00000E+00
  7.300E+01  3.53814E-01 -1.62248E-13 -9.51009E-13 -1.18080E-13 -6.52732E-13  3.26602E-15  0.00000E+00
  7.350E+01  3.57992E-01 -1.55869E-13 -9.35888E-13 -1.14676E-13 -6.47988E-13  1.28283E-14  0.00000E+00
  7.400E+01  3.62181E-01 -1.49692E-13 -9.21026E-13 -1.11342E-13 -6.43273E-13  1.78705E-14  0.00000E+00
  7.450E+01  3.66381E-01 -1.43714E-13 -9.06419E-13 -1.08077E-13 -6.38588E-13  4.51167E-15  0.00000E+00
  7.500E+01  3.70590E-01 -1.37926E-13 -8.92063E-13 -1.04880E-13 -6.33933E-13  1.56196E-14  0.00000E+00
  7.550E+01  3.74810E-01 -1.32323E-13 -8.77954E-13 -1.01748E-13 -6.29306E-13  2.08429E-14  0.00000E+00
  7.600E+01  3.79039E-01 -1.26900E-13 -8.64086E-13 -9.86818E-14 -6.24709E-13  4.28671E-15  0.00000E+00
  7.650E+01  3.83277E-01 -1.21649E-13 -8.50453E-13 -9.56784E-14 -6.20140E-13  1.86105E-14  0.00000E+00
  7.700E+01  3.87524E-01 -1.16565E-13 -8.37048E-13 -9.27371E-14 -6.15599E-13  2.35917E-14  0.00000E+00
  7.750E+01  3.91780E-01 -1.11644E-13 -8.23868E-13 -8.98565E-14 -6.11086E-13  2.80994E-15  0.00000E+00
  7.800E+01  3.96044E-01 -1.06879E-13 -8.10907E-13 -8.70354E-14 -6.06601E-13  2.26401E-14  0.00000E+00
  7.850E+01  4.00316E-01 -1.02266E-13 -7.98162E-13 -8.42727E-14 -6.02143E-13  2.50265E-14  0.00000E+00
  7.900E+01  4.04596E-01 -9.78014E-14 -7.85630E-13 -8.15670E-14 -5.97712E-13  2.76689E-16  0.00000E+00
  7.950E+01  4.08882E-01 -9.34792E-14 -7.73304E-13 -7.89173E-14 -5.93308E-13  2.65718E-14  0.00000E+00
  8.000E+01  4.13176E-01 -8.92951E-14 -7.61182E-13 -7.63224E-14 -5.88931E-13  2.57628E-14  0.00000E+00
  8.050E+01  4.17476E-01 -8.52448E-14 -7.49258E-13 -7.37813E-14 -5.84580E-13  3.27405E-15  0.00000E+00
  8.100E+01  4.21783E-01 -8.13242E-14 -7.37528E-13 -7.12928E-14 -5.80254E-13  3.00174E-14  0.00000E+00
  8.150E+01  4.26095E-01 -7.75293E-14 -7.25988E-13 -6.88560E-14 -5.75955E-13  2.48871E-14  0.00000E+00
  8.200E+01  4.30413E-01 -7.38563E-14 -7.14635E-13 -6.64699E-14 -5.71681E-13  7.54374E-15  0.00000E+00
  8.250E+01  4.34737E-01 -7.03015E-14 -7.03465E-13 -6.41333E-14 -5.67433E-13  3.24730E-14  0.00000E+00
  8.300E+01  4.39065E-01 -6.68613E-14 -6.92476E-13 -6.18455E-14 -5.63209E-13  2.25928E-14  0.00000E+00
  8.350E+01  4.43398E-01 -6.35322E-14 -6.81663E-13 -5.96053E-14 -5.59010E-13  1.17222E-14  0.00000E+00
  8.400E+01  4.47736E-01 -6.03107E-14 -6.71022E-13 -5.74120E-14 -5.54836E-13  3.38512E-14  0.00000E+00
  8.450E+01  4.52077E-01 -5.71934E-14 -6.60550E-13 -5.52646E-14 -5.50685E-13  1.98472E-14  0.00000E+00
  8.500E+01  4.56422E-01 -5.41773E-14 -6.50243E-13 -5.31622E-14 -5.46559E-13  1.54325E-14  0.00000E+00
  8.550E+01  4.60770E-01 -5.12594E-14 -6.40100E-13 -5.11040E-14 -5.42456E-13  3.41924E-14  0.00000E+00
  8.600E+01  4.65122E-01 -4.84367E-14 -6.30116E-13 -4.90891E-14 -5.38377E-13  1.63923E-14  0.00000E+00
  8.650E+01  4.69476E-01 -4.57064E-14 -6.20289E-13 -4.71168E-14 -5.34321E-13  1.81794E-14  0.00000E+00
  8.700E+01  4.73832E-01 -4.30658E-14 -6.10615E-13 -4.51863E-14 -5.30288E-13  3.32665E-14  0.00000E+00
  8.750E+01  4.78190E-01 -4.05120E-14 -6.01093E-13 -4.32966E-14 -5.26277E-13  1.30147E-14  0.00000E+00
  8.800E+01  4.82550E-01 -3.80424E-14 -5.91718E-13 -4.14472E-14 -5.22289E-13  2.01279E-14  0.00000E+00
  8.850E+01  4.86912E-01 -3.56545E-14 -5.82488E-13 -3.96373E-14 -5.18324E-13  3.12306E-14  9.08919E-18
  8.900E+01  4.91274E-01 -3.33460E-14 -5.73400E-13 -3.78660E-14 -5.14380E-13  9.95897E-15  0.00000E+00
  8.950E+01  4.95637E-01 -3.11145E-14 -5.64452E-13 -3.61328E-14 -5.10458E-13  2.07862E-14  0.00000E+00
  9.000E+01  5.00000E-01 -2.89578E-14 -5.55641E-13 -3.44369E-14 -5.06558E-13  2.91304E-14  8.82818E-18
  9.050E+01  5.04363E-01 -2.68737E-14 -5.46966E-13 -3.27777E-14 -5.02678E-13  7.59352E-15  0.00000E+00
  9.100E+01  5.08726E-01 -2.48599E-14 -5.38422E-13 -3.11545E-14 -4.98820E-13  2.04364E-14  0.00000E+00
  9.150E+01  5.13088E-01 -2.29144E-14 -5.30009E-13 -2.95666E-14 -4.94983E-13  2.68309E-14  8.58112E-18
  9.200E+01  5.17450E-01 -2.10351E-14 -5.21722E-13 -2.80134E-14 -4.91167E-13  6.54038E-15  0.00000E+00
  9.250E+01  5.21810E-01 -1.92201E-14 -5.13561E-13 -2.64943E-14 -4.87371E-13  1.92191E-14  0.00000E+00
  9.300E+01  5.26168E-01 -1.74676E-14 -5.05523E-13 -2.50087E-14 -4.83595E-13  2.49659E-14  8.34710E-18
  9.350E+01  5.30524E-01 -1.57757E-14 -4.97606E-13 -2.35560E-14 -4.79839E-13  6.26965E-15  0.00000E+00
  9.400E+01  5.34878E-01 -1.41427E-14 -4.89807E-13 -2.21355E-14 -4.76103E-13  1.77771E-14  0.00000E+00
  9.450E+01  5.39230E-01 -1.25669E-14 -4.82126E-13 -2.07469E-14 -4.72386E-13  2.40361E-14  8.12526E-18
  9.500E+01  5.43578E-01 -1.10465E-14 -4.74559E-13 -1.93894E-14 -4.68689E-13  7.03061E-15  0.00000E+00
  9.550E+01  5.47923E-01 -9.57990E-15 -4.67104E-13 -1.80625E-14 -4.65011E-13  1.63617E-14  0.00000E+00
  9.600E+01  5.52264E-01 -8.16552E-15 -4.59760E-13 -1.67658E-14 -4.61352E-13  2.41618E-14  7.91485E-18
  9.650E+01  5.56602E-01 -6.80188E-15 -4.52524E-13 -1.54986E-14 -4.57712E-13  8.69542E-15  0.00000E+00
  9.700E+01  5.60935E-01 -5.48754E-15 -4.45396E-13 -1.42606E-14 -4.54090E-13  1.54790E-14  3.89029E-18
  9.750E+01  5.65263E-01 -4.22108E-15 -4.38372E-13 -1.30511E-14 -4.50487E-13  2.53432E-14  0.00000E+00
  9.800E+01  5.69587E-01 -3.00108E-15 -4.31452E-13 -1.18697E-14 -4.46901E-13  1.07591E-14  0.00000E+00
  9.850E+01  5.73905E-01 -1.82615E-15 -4.24634E-13 -1.07159E-14 -4.43334E-13  1.53831E-14  3.79382E-18
  9.900E+01  5.78217E-01 -6.94960E-16 -4.17915E-13 -9.58921E-15 -4.39785E-13  2.75886E-14  3.76276E-18
  9.950E+01  5.82524E-01  3.93777E-16 -4.11294E-13 -8.48923E-15 -4.36253E-13  1.23325E-14  0.00000E+00
  1.000E+02  5.86824E-01  1.44127E-15 -4.04770E-13 -7.41548E-15 -4.32738E-13  1.64643E-14  0.00000E+00
  1.005E+02  5.91118E-01  2.44866E-15 -3.98341E-13 -6.36751E-15 -4.29241E-13  3.05280E-14  9.18165E-18
  1.010E+02  5.95404E-01  3.41714E-15 -3.92005E-13 -5.34490E-15 -4.25760E-13  1.36752E-14  3.64363E-18
  1.015E+02  5.99684E-01  4.34781E-15 -3.85761E-13 -4.34722E-15 -4.22297E-13  1.88679E-14  3.61508E-18
  1.020E+02  6.03956E-01  5.24184E-15 -3.79608E-13 -3.37405E-15 -4.18850E-13  3.39215E-14  3.58701E-18
  1.025E+02  6.08220E-01  6.10030E-15 -3.73543E-13 -2.42498E-15 -4.15420E-13  1.40109E-14  2.66955E-18
  1.030E+02  6.12476E-01  6.92425E-15 -3.67566E-13 -1.49962E-15 -4.12006E-13  2.22314E-14  3.09072E-18
  1.035E+02  6.16723E-01  7.71470E-15 -3.61675E-13 -5.97571E-16 -4.08608E-13  3.71372E-14  5.03922E-18
  1.040E+02  6.20961E-01  8.47255E-15 -3.55868E-13  2.81550E-16 -4.05226E-13  1.30623E-14  1.30473E-18
  1.045E+02  6.25190E-01  9.19879E-15 -3.50145E-13  1.13812E-15 -4.01860E-13  2.65849E-14  3.02176E-18
  1.050E+02  6.29410E-01  9.89430E-15 -3.44504E-13  1.97251E-15 -3.98509E-13  3.96578E-14  2.57102E-18
  1.055E+02  6.33619E-01  1.05600E-14 -3.38944E-13  2.78508E-15 -3.95174E-13  1.09306E-14  8.50758E-19
  1.060E+02  6.37819E-01  1.11969E-14 -3.33463E-13  3.57618E-15 -3.91855E-13  3.11736E-14  1.68922E-18
  1.065E+02  6.42008E-01  1.18057E-14 -3.28060E-13  4.34618E-15 -3.88550E-13  4.14754E-14  3.35424E-18
  1.070E+02  6.46186E-01  1.23874E-14 -3.22735E-13  5.09540E-15 -3.85260E-13  7.44508E-15  1.66522E-18
  1.075E+02  6.50353E-01  1.29426E-14 -3.17485E-13  5.82420E-15 -3.81985E-13  3.57532E-14  0.00000E+00
  1.080E+02  6.54508E-01  1.34723E-14 -3.12310E-13  6.53289E-15 -3.78725E-13  4.19069E-14  6.56793E-18
  1.085E+02  6.58652E-01  1.39769E-14 -3.07209E-13  7.22180E-15 -3.75479E-13  3.35975E-15  0.00000E+00
  1.090E+02  6.62784E-01  1.44576E-14 -3.02180E-13  7.89125E-15 -3.72247E-13  3.97995E-14  0.00000E+00
  1.095E+02  6.66903E-01  1.49147E-14 -2.97222E-13  8.54155E-15 -3.69030E-13  4.11795E-14  3.21702E-18
  1.100E+02  6.71010E-01  1.53492E-14 -2.92335E-13  9.17301E-15 -3.65827E-13  1.36027E-15  3.19542E-18
  1.105E+02  6.75104E-01  1.57618E-14 -2.87517E-13  9.78593E-15 -3.62637E-13  4.28978E-14  0.00000E+00
  1.110E+02  6.79184E-01  1.61530E-14 -2.82767E-13  1.03806E-14 -3.59461E-13  3.92479E-14  6.30645E-18
  1.115E+02  6.83251E-01  1.65234E-14 -2.78084E-13  1.09573E-14 -3.56299E-13  5.92827E-15  6.26527E-18
  1.120E+02  6.87303E-01  1.68738E-14 -2.73468E-13  1.15164E-14 -3.53150E-13  4.47441E-14  0.00000E+00
  1.125E+02  6.91342E-01  1.72047E-14 -2.68917E-13  1.20580E-14 -3.50014E-13  3.60554E-14  6.18483E-18
  1.130E+02  6.95366E-01  1.75167E-14 -2.64430E-13  1.25826E-14 -3.46892E-13  1.02140E-14  6.14556E-18
  1.135E+02  6.99375E-01  1.78105E-14 -2.60007E-13  1.30903E-14 -3.43782E-13  4.54300E-14  0.00000E+00
  1.140E+02  7.03368E-01  1.80866E-14 -2.55646E-13  1.35815E-14 -3.40685E-13  3.29480E-14  6.06887E-18
  1.145E+02  7.07347E-01  1.83455E-14 -2.51346E-13  1.40563E-14 -3.37601E-13  1.33659E-14  6.03142E-18
  1.150E+02  7.11309E-01  1.85878E-14 -2.47108E-13  1.45151E-14 -3.34530E-13  4.47587E-14  0.00000E+00
  1.155E+02  7.15256E-01  1.88140E-14 -2.42929E-13  1.49580E-14 -3.31470E-13  2.96297E-14  5.95828E-18
  1.160E+02  7.19186E-01  1.90245E-14 -2.38810E-13  1.53854E-14 -3.28424E-13  1.51930E-14  5.92256E-18
  1.165E+02  7.23099E-01  1.92200E-14 -2.34748E-13  1.57975E-14 -3.25389E-13  4.35295E-14  0.00000E+00
  1.170E+02  7.26995E-01  1.94008E-14 -2.30744E-13  1.61946E-14 -3.22366E-13  2.69560E-14  5.85279E-18
  1.175E+02  7.30874E-01  1.95676E-14 -2.26797E-13  1.65767E-14 -3.19355E-13  1.60714E-14  5.81872E-18
  1.180E+02  7.34736E-01  1.97206E-14 -2.22905E-13  1.69443E-14 -3.16356E-13  4.17054E-14  0.00000E+00
  1.185E+02  7.38579E-01  1.98604E-14 -2.19068E-13  1.72976E-14 -3.13368E-13  2.54015E-14  0.00000E+00
  1.190E+02  7.42405E-01  1.99874E-14 -2.15286E-13  1.76366E-14 -3.10392E-13  1.56471E-14  0.00000E+00
  1.195E+02  7.46212E-01  2.01020E-14 -2.11558E-13  1.79618E-14 -3.07427E-13  4.00000E-14  0.00000E+00
  1.200E+02  7.50000E-01  2.02046E-14 -2.07882E-13  1.82732E-14 -3.04473E-13  2.50279E-14  0.00000E+00
  1.205E+02  7.53769E-01  2.02956E-14 -2.04259E-13  1.85711E-14 -3.01530E-13  1.44510E-14  0.00000E+00
  1.210E+02  7.57519E-01  2.03755E-14 -2.00687E-13  1.88558E-14 -2.98598E-13  3.94974E-14  0.00000E+00
  1.215E+02  7.61249E-01  2.04446E-14 -1.97165E-13  1.91274E-14 -2.95677E-13  2.60658E-14  0.00000E+00
  1.220E+02  7.64960E-01  2.05033E-14 -1.93694E-13  1.93861E-14 -2.92767E-13  1.25846E-14  0.00000E+00
  1.225E+02  7.68650E-01  2.05519E-14 -1.90272E-13  1.96321E-14 -2.89867E-13  3.98000E-14  0.00000E+00
  1.230E+02  7.72320E-01  2.05908E-14 -1.86900E-13  1.98656E-14 -2.86978E-13  2.84550E-14  0.00000E+00
  1.235E+02  7.75968E-01  2.06202E-14 -1.83576E-13  2.00869E-14 -2.84099E-13  1.14444E-14  0.00000E+00
  1.240E+02  7.79596E-01  2.06407E-14 -1.80299E-13  2.02961E-14 -2.81230E-13  4.16142E-14  0.00000E+00
  1.245E+02  7.83203E-01  2.06525E-14 -1.77069E-13  2.04934E-14 -2.78371E-13  3.14802E-14  0.00000E+00
  1.250E+02  7.86788E-01  2.06560E-14 -1.73885E-13  2.06789E-14 -2.75523E-13  1.12473E-14  0.00000E+00
  1.255E+02  7.90351E-01  2.06514E-14 -1.70747E-13  2.08530E-14 -2.72684E-13  4.50585E-14  0.00000E+00
  1.260E+02  7.93893E-01  2.06391E-14 -1.67655E-13  2.10157E-14 -2.69854E-13  3.50283E-14  0.00000E+00
  1.265E+02  7.97411E-01  2.06192E-14 -1.64608E-13  2.11672E-14 -2.67035E-13  1.20677E-14  0.00000E+00
  1.270E+02  8.00908E-01  2.05921E-14 -1.61604E-13  2.13077E-14 -2.64224E-13  5.02706E-14  0.00000E+00
  1.275E+02  8.04381E-01  2.05581E-14 -1.58645E-13  2.14374E-14 -2.61424E-13  3.84547E-14  0.00000E+00
  1.280E+02  8.07831E-01  2.05176E-14 -1.55728E-13  2.15564E-14 -2.58632E-13  1.52173E-14  0.00000E+00
  1.285E+02  8.11257E-01  2.04707E-14 -1.52854E-13  2.16650E-14 -2.55850E-13  5.63507E-14  0.00000E+00
  1.290E+02  8.14660E-01  2.04178E-14 -1.50021E-13  2.17632E-14 -2.53076E-13  4.03254E-14  0.00000E+00
  1.295E+02  8.18039E-01  2.03590E-14 -1.47231E-13  2.18513E-14 -2.50312E-13  2.00090E-14  0.00000E+00
  1.300E+02  8.21394E-01  2.02945E-14 -1.44481E-13  2.19294E-14 -2.47556E-13  6.30203E-14  0.00000E+00
  1.305E+02  8.24724E-01  2.02248E-14 -1.41773E-13  2.19976E-14 -2.44809E-13  4.10470E-14  0.00000E+00
  1.310E+02  8.28030E-01  2.01499E-14 -1.39104E-13  2.20562E-14 -2.42071E-13  2.66046E-14  0.00000E+00
  1.315E+02  8.31310E-01  2.00701E-14 -1.36475E-13  2.21052E-14 -2.39341E-13  6.94003E-14  0.00000E+00
  1.320E+02  8.34565E-01  1.99858E-14 -1.33886E-13  2.21448E-14 -2.36619E-13  3.95535E-14  0.00000E+00
  1.325E+02  8.37795E-01  1.98970E-14 -1.31334E-13  2.21753E-14 -2.33906E-13  3.44217E-14  0.00000E+00
  1.330E+02  8.40999E-01  1.98040E-14 -1.28822E-13  2.21966E-14 -2.31201E-13  7.44917E-14  0.00000E+00
  1.335E+02  8.44177E-01  1.97069E-14 -1.26347E-13  2.22090E-14 -2.28504E-13  3.60048E-14  0.00000E+00
  1.340E+02  8.47329E-01  1.96061E-14 -1.23910E-13  2.22127E-14 -2.25815E-13  4.29967E-14  0.00000E+00
  1.345E+02  8.50455E-01  1.95016E-14 -1.21510E-13  2.22076E-14 -2.23134E-13  7.79535E-14  0.00000E+00
  1.350E+02  8.53553E-01  1.93937E-14 -1.19147E-13  2.21941E-14 -2.20460E-13  3.07834E-14  0.00000E+00
  1.355E+02  8.56625E-01  1.92826E-14 -1.16819E-13  2.21722E-14 -2.17794E-13  5.13838E-14  0.00000E+00
  1.360E+02  8.59670E-01  1.91686E-14 -1.14528E-13  2.21421E-14 -2.15136E-13  7.95998E-14  0.00000E+00
  1.365E+02  8.62687E-01  1.90516E-14 -1.12272E-13  2.21038E-14 -2.12485E-13  2.34823E-14  0.00000E+00
  1.370E+02  8.65677E-01  1.89320E-14 -1.10052E-13  2.20576E-14 -2.09841E-13  5.84902E-14  0.00000E+00
  1.375E+02  8.68639E-01  1.88098E-14 -1.07866E-13  2.20036E-14 -2.07205E-13  7.87772E-14  0.00000E+00
  1.380E+02  8.71572E-01  1.86852E-14 -1.05715E-13  2.19419E-14 -2.04576E-13  1.57197E-14  0.00000E+00
  1.385E+02  8.74478E-01  1.85585E-14 -1.03598E-13  2.18726E-14 -2.01954E-13  6.39347E-14  0.00000E+00
  1.390E+02  8.77355E-01  1.84299E-14 -1.01514E-13  2.17958E-14 -1.99338E-13  7.56289E-14  0.00000E+00
  1.395E+02  8.80203E-01  1.82994E-14 -9.94636E-14  2.17118E-14 -1.96730E-13  8.12328E-15  0.00000E+00
  1.400E+02  8.83022E-01  1.81672E-14 -9.74462E-14  2.16205E-14 -1.94128E-13  6.71557E-14  0.00000E+00
  1.405E+02  8.85812E-01  1.80334E-14 -9.54617E-14  2.15222E-14 -1.91533E-13  7.12652E-14  0.00000E+00
  1.410E+02  8.88573E-01  1.78981E-14 -9.35098E-14  2.14169E-14 -1.88945E-13  1.66956E-15  0.00000E+00
  1.415E+02  8.91304E-01  1.77615E-14 -9.15902E-14  2.13047E-14 -1.86363E-13  6.77333E-14  0.00000E+00
  1.420E+02  8.94005E-01  1.76238E-14 -8.97024E-14  2.11859E-14 -1.83787E-13  6.60093E-14  0.00000E+00
  1.425E+02  8.96677E-01  1.74851E-14 -8.78457E-14  2.10604E-14 -1.81218E-13  2.48962E-15  0.00000E+00
  1.430E+02  8.99318E-01  1.73456E-14 -8.60198E-14  2.09285E-14 -1.78654E-13  6.61886E-14  0.00000E+00
  1.435E+02  9.01928E-01  1.72055E-14 -8.42246E-14  2.07902E-14 -1.76097E-13  6.11489E-14  0.00000E+00
  1.440E+02  9.04508E-01  1.70647E-14 -8.24606E-14  2.06456E-14 -1.73546E-13  4.29406E-15  0.00000E+00
  1.445E+02  9.07058E-01  1.69230E-14 -8.07275E-14  2.04949E-14 -1.71001E-13  6.31436E-14  0.00000E+00
  1.450E+02  9.09576E-01  1.67811E-14 -7.90244E-14  2.03381E-14 -1.68461E-13  5.79427E-14  0.00000E+00
  1.455E+02  9.12063E-01  1.66391E-14 -7.73506E-14  2.01755E-14 -1.65928E-13  3.13273E-15  0.00000E+00
  1.460E+02  9.14519E-01  1.64970E-14 -7.57060E-14  2.00070E-14 -1.63399E-13  5.90704E-14  0.00000E+00
  1.465E+02  9.16943E-01  1.63548E-14 -7.40906E-14  1.98328E-14 -1.60877E-13  5.71936E-14  0.00000E+00
  1.470E+02  9.19335E-01  1.62127E-14 -7.25044E-14  1.96529E-14 -1.58360E-13  7.13829E-16  0.00000E+00
  1.475E+02  9.21696E-01  1.60706E-14 -7.09474E-14  1.94676E-14 -1.55848E-13  5.59941E-14  0.00000E+00
  1.480E+02  9.24024E-01  1.59288E-14 -6.94190E-14  1.92769E-14 -1.53341E-13  5.97034E-14  0.00000E+00
  1.485E+02  9.26320E-01  1.57874E-14 -6.79189E-14  1.90809E-14 -1.50840E-13  6.29276E-15  0.00000E+00
  1.490E+02  9.28584E-01  1.56464E-14 -6.64466E-14  1.88797E-14 -1.48343E-13  5.49801E-14  0.00000E+00
  1.495E+02  9.30815E-01  1.55061E-14 -6.50020E-14  1.86734E-14 -1.45852E-13  6.56487E-14  0.00000E+00
  1.500E+02  9.33013E-01  1.53665E-14 -6.35849E-14  1.84621E-14 -1.43366E-13  1.25941E-14  0.00000E+00
  1.505E+02  9.35178E-01  1.52276E-14 -6.21953E-14  1.82460E-14 -1.40884E-13  5.69894E-14  0.00000E+00
  1.510E+02  9.37310E-01  1.50894E-14 -6.08331E-14  1.80250E-14 -1.38407E-13  7.50517E-14  0.00000E+00
  1.515E+02  9.39409E-01  1.49521E-14 -5.94981E-14  1.77993E-14 -1.35935E-13  1.77176E-14  0.00000E+00
  1.520E+02  9.41474E-01  1.48159E-14 -5.81899E-14  1.75690E-14 -1.33467E-13  6.34994E-14  0.00000E+00
  1.525E+02  9.43505E-01  1.46807E-14 -5.69081E-14  1.73343E-14 -1.31004E-13  8.67019E-14  0.00000E+00
  1.530E+02  9.45503E-01  1.45467E-14 -5.56525E-14  1.70951E-14 -1.28545E-13  2.03965E-14  0.00000E+00
  1.535E+02  9.47467E-01  1.44140E-14 -5.44230E-14  1.68516E-14 -1.26090E-13  7.43213E-14  0.00000E+00
  1.540E+02  9.49397E-01  1.42826E-14 -5.32195E-14  1.66038E-14 -1.23640E-13  9.89106E-14  0.00000E+00
  1.545E+02  9.51293E-01  1.41525E-14 -5.20421E-14  1.63520E-14 -1.21194E-13  1.89188E-14  0.00000E+00
  1.550E+02  9.53154E-01  1.40239E-14 -5.08905E-14  1.60961E-14 -1.18751E-13  8.93517E-14  0.00000E+00
  1.555E+02  9.54981E-01  1.38967E-14 -4.97645E-14  1.58362E-14 -1.16313E-13  1.10343E-13  0.00000E+00
  1.560E+02  9.56773E-01  1.37711E-14 -4.86637E-14  1.55725E-14 -1.13879E-13  1.20053E-14  0.00000E+00
  1.565E+02  9.58530E-01  1.36473E-14 -4.75879E-14  1.53050E-14 -1.11448E-13  1.07413E-13  3.45852E-17
  1.570E+02  9.60252E-01  1.35252E-14 -4.65369E-14  1.50338E-14 -1.09021E-13  1.18160E-13  0.00000E+00
  1.575E+02  9.61940E-01  1.34048E-14 -4.55107E-14  1.47590E-14 -1.06598E-13  6.12601E-16  0.00000E+00
  1.580E+02  9.63592E-01  1.32863E-14 -4.45094E-14  1.44807E-14 -1.04178E-13  1.26791E-13  3.43865E-17
  1.585E+02  9.65209E-01  1.31696E-14 -4.35328E-14  1.41990E-14 -1.01762E-13  1.20384E-13  0.00000E+00
  1.590E+02  9.66790E-01  1.30548E-14 -4.25808E-14  1.39140E-14 -9.93492E-14  1.88432E-14  1.71310E-17
  1.595E+02  9.68336E-01  1.29420E-14 -4.16529E-14  1.36257E-14 -9.69396E-14  1.43898E-13  3.42023E-17
  1.600E+02  9.69846E-01  1.28313E-14 -4.07490E-14  1.33343E-14 -9.45332E-14  1.15784E-13  0.00000E+00
  1.605E+02  9.71321E-01  1.27228E-14 -3.98689E-14  1.30397E-14 -9.21300E-14  4.08683E-14  1.70437E-17
  1.610E+02  9.72759E-01  1.26164E-14 -3.90126E-14  1.27422E-14 -8.97298E-14  1.57464E-13  3.40322E-17
  1.615E+02  9.74162E-01  1.25123E-14 -3.81801E-14  1.24417E-14 -8.73326E-14  1.03686E-13  0.00000E+00
  1.620E+02  9.75528E-01  1.24103E-14 -3.73715E-14  1.21385E-14 -8.49383E-14  6.45891E-14  3.39266E-17
  1.625E+02  9.76858E-01  1.23105E-14 -3.65865E-14  1.18324E-14 -8.25468E-14  1.63662E-13  3.38761E-17
  1.630E+02  9.78152E-01  1.22131E-14 -3.58250E-14  1.15237E-14 -8.01580E-14  8.42898E-14  3.38271E-17
  1.635E+02  9.79410E-01  1.21182E-14 -3.50865E-14  1.12125E-14 -7.77719E-14  8.67324E-14  5.06694E-17
  1.640E+02  9.80631E-01  1.20257E-14 -3.43709E-14  1.08987E-14 -7.53883E-14  1.61413E-13  5.06004E-17
  1.645E+02  9.81815E-01  1.19356E-14 -3.36783E-14  1.05825E-14 -7.30073E-14  5.93423E-14  3.36891E-17
  1.650E+02  9.82963E-01  1.18481E-14 -3.30088E-14  1.02639E-14 -7.06286E-14  1.03573E-13  5.04692E-17
  1.655E+02  9.84074E-01  1.17630E-14 -3.23623E-14  9.94307E-15 -6.82523E-14  1.48399E-13  5.04069E-17
  1.660E+02  9.85148E-01  1.16805E-14 -3.17389E-14  9.62006E-15 -6.58782E-14  3.15456E-14  3.35645E-17
  1.665E+02  9.86185E-01  1.16005E-14 -3.11381E-14  9.29494E-15 -6.35063E-14  1.12207E-13  8.38148E-17
  1.670E+02  9.87185E-01  1.15232E-14 -3.05598E-14  8.96780E-15 -6.11364E-14  1.26040E-13  5.02332E-17
  1.675E+02  9.88148E-01  1.14487E-14 -3.00037E-14  8.63870E-15 -5.87686E-14  5.14599E-15  1.67266E-17
  1.680E+02  9.89074E-01  1.13768E-14 -2.94699E-14  8.30773E-15 -5.64028E-14  1.09218E-13  1.00257E-16
  1.685E+02  9.89962E-01  1.13077E-14 -2.89585E-14  7.97496E-15 -5.40388E-14  9.57752E-14  5.00791E-17
  1.690E+02  9.90814E-01  1.12413E-14 -2.84697E-14  7.64048E-15 -5.16765E-14  1.59609E-14  0.00000E+00
  1.695E+02  9.91627E-01  1.11775E-14 -2.80033E-14  7.30435E-15 -4.93160E-14  9.35803E-14  8.33120E-17
  1.700E+02  9.92404E-01  1.11166E-14 -2.75591E-14  6.96666E-15 -4.69571E-14  6.09546E-14  1.16537E-16
  1.705E+02  9.93143E-01  1.10585E-14 -2.71369E-14  6.62748E-15 -4.45997E-14  2.66738E-14  0.00000E+00
  1.710E+02  9.93844E-01  1.10034E-14 -2.67364E-14  6.28688E-15 -4.22438E-14  6.52949E-14  9.97306E-17
  1.715E+02  9.94508E-01  1.09511E-14 -2.63576E-14  5.94495E-15 -3.98893E-14  2.63578E-14  1.66096E-16
  1.720E+02  9.95134E-01  1.09017E-14 -2.60008E-14  5.60176E-15 -3.75361E-14  2.44023E-14  6.63929E-17
  1.725E+02  9.95722E-01  1.08552E-14 -2.56661E-14  5.25738E-15 -3.51841E-14  2.59568E-14  1.82462E-16
  1.730E+02  9.96273E-01  1.08115E-14 -2.53535E-14  4.91188E-15 -3.28333E-14  3.27788E-15  2.48662E-16
  1.735E+02  9.96786E-01  1.07708E-14 -2.50628E-14  4.56536E-15 -3.04836E-14  6.11938E-15  1.32545E-16
  1.740E+02  9.97261E-01  1.07330E-14 -2.47937E-14  4.21786E-15 -2.81348E-14  2.06862E-14  2.64952E-16
  1.745E+02  9.97698E-01  1.06982E-14 -2.45460E-14  3.86949E-15 -2.57870E-14  2.21990E-14  4.46893E-16
  1.750E+02  9.98097E-01  1.06665E-14 -2.43196E-14  3.52030E-15 -2.34401E-14  2.88053E-14  2.48165E-16
  1.755E+02  9.98459E-01  1.06379E-14 -2.41148E-14  3.17037E-15 -2.10939E-14  7.13059E-14  4.46521E-16
  1.760E+02  9.98782E-01  1.06121E-14 -2.39318E-14  2.81978E-15 -1.87483E-14  2.66035E-14  8.43130E-16
  1.765E+02  9.99067E-01  1.05893E-14 -2.37708E-14  2.46859E-15 -1.64035E-14  8.23157E-14  3.96643E-16
  1.770E+02  9.99315E-01  1.05694E-14 -2.36317E-14  2.11690E-15 -1.40591E-14  1.24316E-13  9.25251E-16
  1.775E+02  9.99524E-01  1.05526E-14 -2.35141E-14  1.76476E-15 -1.17152E-14  1.14891E-14  1.81704E-15
  1.780E+02  9.99695E-01  1.05388E-14 -2.34175E-14  1.41225E-15 -9.37172E-15  1.64525E-13  8.91834E-16
  1.785E+02  9.99829E-01  1.05283E-14 -2.33418E-14  1.05944E-15 -7.02853E-15  1.92095E-13  2.84024E-15
  1.790E+02  9.99924E-01  1.05209E-14 -2.32871E-14  7.06418E-16 -4.68557E-15  3.82454E-14  7.52914E-15
  1.795E+02  9.99981E-01  1.05165E-14 -2.32540E-14  3.53245E-16 -2.34275E-15  3.98873E-13  6.00972E-15
  1.800E+02  1.00000E+00  1.05154E-14 -2.32428E-14  4.95738E-30 -3.28766E-29  7.84380E-12  4.43432E-11
