 #  Scattering amplitudes (in cm)      MU=(1-cos(TH))/2
 #  Z =  79,   projectile: electron
 #  Kinetic energy = 8.00000E+06 eV
 #
 # TH (deg)      MU          Re(F)        Im(F)        Re(G)        Im(G)        ERRF         ERRG 
 #-----------------------------------------------------------------------------------------------------------------
  0.000E+00  0.00000E+00  1.67145E-06  2.65161E-07  0.00000E+00  0.00000E+00  7.93665E-09  0.00000E+00
  1.000E-04  7.61557E-13  1.67144E-06  2.65161E-07  1.37103E-12  2.17509E-13  7.93293E-09  9.19899E-08
  1.250E-04  1.18994E-12  1.67143E-06  2.65161E-07  1.71378E-12  2.71886E-13  7.93083E-09  9.19779E-08
  1.500E-04  1.71346E-12  1.67143E-06  2.65161E-07  2.05652E-12  3.26264E-13  7.92828E-09  9.19632E-08
  1.750E-04  2.33225E-12  1.67142E-06  2.65161E-07  2.39927E-12  3.80641E-13  7.92525E-09  9.19459E-08
  2.000E-04  3.04617E-12  1.67141E-06  2.65161E-07  2.74200E-12  4.35018E-13  7.92177E-09  9.19259E-08
  2.250E-04  3.85530E-12  1.67140E-06  2.65160E-07  3.08474E-12  4.89395E-13  7.91782E-09  9.19033E-08
  2.500E-04  4.75964E-12  1.67139E-06  2.65160E-07  3.42746E-12  5.43771E-13  7.91340E-09  9.18780E-08
  2.750E-04  5.75917E-12  1.67138E-06  2.65160E-07  3.77018E-12  5.98148E-13  7.90852E-09  9.18501E-08
  3.000E-04  6.85391E-12  1.67136E-06  2.65160E-07  4.11289E-12  6.52525E-13  7.90318E-09  9.18194E-08
  3.250E-04  8.04379E-12  1.67135E-06  2.65160E-07  4.45559E-12  7.06901E-13  7.89738E-09  9.17862E-08
  3.500E-04  9.32893E-12  1.67133E-06  2.65159E-07  4.79828E-12  7.61277E-13  7.89111E-09  9.17503E-08
  3.750E-04  1.07092E-11  1.67131E-06  2.65159E-07  5.14096E-12  8.15654E-13  7.88439E-09  9.17117E-08
  4.000E-04  1.21847E-11  1.67130E-06  2.65159E-07  5.48363E-12  8.70030E-13  7.87720E-09  9.16705E-08
  4.250E-04  1.37554E-11  1.67128E-06  2.65159E-07  5.82629E-12  9.24405E-13  7.86955E-09  9.16266E-08
  4.500E-04  1.54213E-11  1.67125E-06  2.65158E-07  6.16894E-12  9.78781E-13  7.86145E-09  9.15801E-08
  4.750E-04  1.71823E-11  1.67123E-06  2.65158E-07  6.51157E-12  1.03316E-12  7.85288E-09  9.15310E-08
  5.000E-04  1.90386E-11  1.67121E-06  2.65157E-07  6.85419E-12  1.08753E-12  7.84386E-09  9.14792E-08
  5.250E-04  2.09900E-11  1.67119E-06  2.65157E-07  7.19679E-12  1.14191E-12  7.83438E-09  9.14248E-08
  5.500E-04  2.30367E-11  1.67116E-06  2.65157E-07  7.53938E-12  1.19628E-12  7.82444E-09  9.13677E-08
  5.750E-04  2.51785E-11  1.67113E-06  2.65156E-07  7.88196E-12  1.25066E-12  7.81404E-09  9.13080E-08
  6.000E-04  2.74156E-11  1.67110E-06  2.65156E-07  8.22451E-12  1.30503E-12  7.80320E-09  9.12457E-08
  6.250E-04  2.97478E-11  1.67108E-06  2.65155E-07  8.56705E-12  1.35940E-12  7.79189E-09  9.11808E-08
  6.500E-04  3.21752E-11  1.67105E-06  2.65155E-07  8.90957E-12  1.41378E-12  7.78014E-09  9.11133E-08
  6.750E-04  3.46979E-11  1.67101E-06  2.65154E-07  9.25207E-12  1.46815E-12  7.76793E-09  9.10431E-08
  7.000E-04  3.73157E-11  1.67098E-06  2.65154E-07  9.59455E-12  1.52252E-12  7.75528E-09  9.09703E-08
  7.250E-04  4.00286E-11  1.67095E-06  2.65153E-07  9.93702E-12  1.57690E-12  7.74217E-09  9.08950E-08
  7.500E-04  4.28368E-11  1.67091E-06  2.65153E-07  1.02795E-11  1.63127E-12  7.72861E-09  9.08170E-08
  7.750E-04  4.57402E-11  1.67088E-06  2.65152E-07  1.06219E-11  1.68564E-12  7.71461E-09  9.07364E-08
  8.000E-04  4.87388E-11  1.67084E-06  2.65152E-07  1.09643E-11  1.74001E-12  7.70016E-09  9.06532E-08
  8.250E-04  5.18325E-11  1.67080E-06  2.65151E-07  1.13066E-11  1.79438E-12  7.68526E-09  9.05675E-08
  8.500E-04  5.50215E-11  1.67076E-06  2.65151E-07  1.16490E-11  1.84876E-12  7.66993E-09  9.04791E-08
  8.750E-04  5.83057E-11  1.67072E-06  2.65150E-07  1.19913E-11  1.90313E-12  7.65415E-09  9.03882E-08
  9.000E-04  6.16850E-11  1.67068E-06  2.65149E-07  1.23336E-11  1.95750E-12  7.63792E-09  9.02947E-08
  9.250E-04  6.51595E-11  1.67063E-06  2.65149E-07  1.26759E-11  2.01187E-12  7.62126E-09  9.01987E-08
  9.500E-04  6.87293E-11  1.67059E-06  2.65148E-07  1.30181E-11  2.06624E-12  7.60416E-09  9.01000E-08
  9.750E-04  7.23943E-11  1.67054E-06  2.65147E-07  1.33603E-11  2.12060E-12  7.58663E-09  8.99989E-08
  1.000E-03  7.61544E-11  1.67050E-06  2.65147E-07  1.37025E-11  2.17497E-12  7.56865E-09  8.98951E-08
  1.250E-03  1.18991E-10  1.66996E-06  2.65138E-07  1.71227E-11  2.71863E-12  7.36535E-09  8.87188E-08
  1.500E-03  1.71347E-10  1.66931E-06  2.65128E-07  2.05392E-11  3.26224E-12  7.12044E-09  8.72946E-08
  1.750E-03  2.33223E-10  1.66854E-06  2.65116E-07  2.39513E-11  3.80577E-12  6.83602E-09  8.56306E-08
  2.000E-03  3.04617E-10  1.66765E-06  2.65103E-07  2.73584E-11  4.34923E-12  6.51452E-09  8.37359E-08
  2.250E-03  3.85531E-10  1.66665E-06  2.65087E-07  3.07597E-11  4.89259E-12  6.15866E-09  8.16213E-08
  2.500E-03  4.75965E-10  1.66553E-06  2.65070E-07  3.41544E-11  5.43586E-12  5.77148E-09  7.92984E-08
  2.750E-03  5.75917E-10  1.66429E-06  2.65051E-07  3.75420E-11  5.97902E-12  5.35625E-09  7.67801E-08
  3.000E-03  6.85389E-10  1.66294E-06  2.65030E-07  4.09216E-11  6.52205E-12  4.91649E-09  7.40803E-08
  3.250E-03  8.04380E-10  1.66147E-06  2.65007E-07  4.42927E-11  7.06494E-12  4.45591E-09  7.12138E-08
  3.500E-03  9.32891E-10  1.65989E-06  2.64982E-07  4.76545E-11  7.60769E-12  3.97836E-09  6.81962E-08
  3.750E-03  1.07092E-09  1.65820E-06  2.64956E-07  5.10064E-11  8.15029E-12  3.48784E-09  6.50438E-08
  4.000E-03  1.21847E-09  1.65640E-06  2.64928E-07  5.43477E-11  8.69271E-12  2.98844E-09  6.17737E-08
  4.250E-03  1.37554E-09  1.65449E-06  2.64898E-07  5.76777E-11  9.23496E-12  2.48429E-09  5.84032E-08
  4.500E-03  1.54213E-09  1.65246E-06  2.64866E-07  6.09958E-11  9.77702E-12  1.97953E-09  5.49503E-08
  4.750E-03  1.71823E-09  1.65033E-06  2.64832E-07  6.43014E-11  1.03189E-11  1.47828E-09  5.14330E-08
  5.000E-03  1.90386E-09  1.64809E-06  2.64797E-07  6.75939E-11  1.08605E-11  9.84613E-10  4.78696E-08
  5.250E-03  2.09900E-09  1.64575E-06  2.64759E-07  7.08726E-11  1.14019E-11  5.02479E-10  4.42783E-08
  5.500E-03  2.30367E-09  1.64330E-06  2.64720E-07  7.41370E-11  1.19431E-11  3.57047E-11  4.06774E-08
  5.750E-03  2.51785E-09  1.64074E-06  2.64680E-07  7.73865E-11  1.24841E-11  4.12056E-10  3.70847E-08
  6.000E-03  2.74156E-09  1.63809E-06  2.64637E-07  8.06204E-11  1.30248E-11  8.37354E-10  3.35180E-08
  6.250E-03  2.97478E-09  1.63533E-06  2.64592E-07  8.38383E-11  1.35652E-11  1.23697E-09  2.99944E-08
  6.500E-03  3.21752E-09  1.63248E-06  2.64546E-07  8.70396E-11  1.41053E-11  1.60796E-09  2.65305E-08
  6.750E-03  3.46978E-09  1.62952E-06  2.64498E-07  9.02237E-11  1.46452E-11  1.94765E-09  2.31423E-08
  7.000E-03  3.73156E-09  1.62647E-06  2.64448E-07  9.33902E-11  1.51847E-11  2.25369E-09  1.98452E-08
  7.250E-03  4.00286E-09  1.62333E-06  2.64397E-07  9.65386E-11  1.57240E-11  2.52407E-09  1.66534E-08
  7.500E-03  4.28368E-09  1.62009E-06  2.64344E-07  9.96683E-11  1.62629E-11  2.75712E-09  1.35804E-08
  7.750E-03  4.57402E-09  1.61676E-06  2.64288E-07  1.02779E-10  1.68015E-11  2.95155E-09  1.06386E-08
  8.000E-03  4.87388E-09  1.61334E-06  2.64232E-07  1.05870E-10  1.73397E-11  3.10642E-09  7.83945E-09
  8.250E-03  5.18326E-09  1.60983E-06  2.64173E-07  1.08941E-10  1.78776E-11  3.22118E-09  5.19313E-09
  8.500E-03  5.50215E-09  1.60623E-06  2.64113E-07  1.11992E-10  1.84152E-11  3.29568E-09  2.70867E-09
  8.750E-03  5.83057E-09  1.60255E-06  2.64050E-07  1.15021E-10  1.89523E-11  3.33014E-09  3.93860E-10
  9.000E-03  6.16850E-09  1.59879E-06  2.63987E-07  1.18030E-10  1.94891E-11  3.32514E-09  1.74479E-09
  9.250E-03  6.51596E-09  1.59494E-06  2.63921E-07  1.21017E-10  2.00255E-11  3.28168E-09  3.70207E-09
  9.500E-03  6.87293E-09  1.59102E-06  2.63854E-07  1.23981E-10  2.05615E-11  3.20106E-09  5.47407E-09
  9.750E-03  7.23942E-09  1.58702E-06  2.63784E-07  1.26924E-10  2.10971E-11  3.08497E-09  7.05820E-09
  1.000E-02  7.61544E-09  1.58294E-06  2.63714E-07  1.29844E-10  2.16322E-11  2.93540E-09  8.45320E-09
  1.250E-02  1.18991E-08  1.53835E-06  2.62911E-07  1.57733E-10  2.69580E-11  2.17680E-10  1.26023E-08
  1.500E-02  1.71347E-08  1.48813E-06  2.61942E-07  1.83101E-10  3.22303E-11  2.35885E-09  4.53291E-09
  1.750E-02  2.33223E-08  1.43403E-06  2.60812E-07  2.05852E-10  3.74398E-11  2.28174E-09  4.61918E-09
  2.000E-02  3.04617E-08  1.37760E-06  2.59528E-07  2.26001E-10  4.25777E-11  1.55821E-10  6.86042E-09
  2.250E-02  3.85531E-08  1.32013E-06  2.58099E-07  2.43645E-10  4.76361E-11  2.32223E-09  2.17501E-09
  2.500E-02  4.75965E-08  1.26268E-06  2.56532E-07  2.58935E-10  5.26077E-11  1.97315E-09  3.52851E-09
  2.750E-02  5.75917E-08  1.20604E-06  2.54836E-07  2.72051E-10  5.74860E-11  4.74690E-10  4.73665E-09
  3.000E-02  6.85389E-08  1.15077E-06  2.53021E-07  2.83184E-10  6.22653E-11  2.40951E-09  1.11556E-09
  3.250E-02  8.04380E-08  1.09728E-06  2.51095E-07  2.92522E-10  6.69406E-11  1.76310E-09  3.07301E-09
  3.500E-02  9.32891E-08  1.04581E-06  2.49067E-07  3.00248E-10  7.15076E-11  7.99276E-10  3.64736E-09
  3.750E-02  1.07092E-07  9.96520E-07  2.46946E-07  3.06532E-10  7.59630E-11  2.54783E-09  4.82573E-10
  4.000E-02  1.21847E-07  9.49465E-07  2.44741E-07  3.11528E-10  8.03038E-11  1.57067E-09  2.84685E-09
  4.250E-02  1.37554E-07  9.04657E-07  2.42461E-07  3.15378E-10  8.45280E-11  1.14705E-09  2.96561E-09
  4.500E-02  1.54213E-07  8.62070E-07  2.40114E-07  3.18210E-10  8.86339E-11  2.70245E-09  3.09630E-11
  4.750E-02  1.71823E-07  8.21647E-07  2.37708E-07  3.20138E-10  9.26204E-11  1.35945E-09  2.72045E-09
  5.000E-02  1.90386E-07  7.83315E-07  2.35250E-07  3.21266E-10  9.64871E-11  1.52234E-09  2.47363E-09
  5.250E-02  2.09900E-07  7.46991E-07  2.32748E-07  3.21687E-10  1.00234E-10  2.85143E-09  3.29482E-10
  5.500E-02  2.30367E-07  7.12585E-07  2.30208E-07  3.21483E-10  1.03861E-10  1.10965E-09  2.63951E-09
  5.750E-02  2.51785E-07  6.80006E-07  2.27637E-07  3.20730E-10  1.07369E-10  1.92348E-09  2.07822E-09
  6.000E-02  2.74156E-07  6.49162E-07  2.25041E-07  3.19494E-10  1.10760E-10  2.97769E-09  6.37455E-10
  6.250E-02  2.97478E-07  6.19962E-07  2.22425E-07  3.17836E-10  1.14034E-10  8.09440E-10  2.57659E-09
  6.500E-02  3.21752E-07  5.92318E-07  2.19794E-07  3.15811E-10  1.17192E-10  2.34495E-09  1.73379E-09
  6.750E-02  3.46978E-07  5.66144E-07  2.17154E-07  3.13466E-10  1.20238E-10  3.06628E-09  9.10772E-10
  7.000E-02  3.73156E-07  5.41360E-07  2.14509E-07  3.10844E-10  1.23172E-10  4.51897E-10  2.51579E-09
  7.250E-02  4.00286E-07  5.17887E-07  2.11863E-07  3.07986E-10  1.25998E-10  2.77826E-09  1.41618E-09
  7.500E-02  4.28368E-07  4.95650E-07  2.09219E-07  3.04927E-10  1.28716E-10  3.10351E-09  1.15749E-09
  7.750E-02  4.57402E-07  4.74580E-07  2.06581E-07  3.01697E-10  1.31330E-10  3.39390E-11  2.44697E-09
  8.000E-02  4.87388E-07  4.54610E-07  2.03953E-07  2.98324E-10  1.33841E-10  3.21244E-09  1.11220E-09
  8.250E-02  5.18325E-07  4.35676E-07  2.01337E-07  2.94834E-10  1.36253E-10  3.07698E-09  1.38065E-09
  8.500E-02  5.50215E-07  4.17720E-07  1.98735E-07  2.91248E-10  1.38568E-10  4.44023E-10  2.36343E-09
  8.750E-02  5.83057E-07  4.00684E-07  1.96150E-07  2.87587E-10  1.40789E-10  3.63459E-09  8.14911E-10
  9.000E-02  6.16850E-07  3.84516E-07  1.93584E-07  2.83868E-10  1.42917E-10  2.97590E-09  1.58059E-09
  9.250E-02  6.51596E-07  3.69165E-07  1.91039E-07  2.80106E-10  1.44956E-10  9.78281E-10  2.26072E-09
  9.500E-02  6.87293E-07  3.54585E-07  1.88517E-07  2.76315E-10  1.46908E-10  4.03046E-09  5.21229E-10
  9.750E-02  7.23942E-07  3.40732E-07  1.86018E-07  2.72506E-10  1.48776E-10  2.79152E-09  1.75623E-09
  1.000E-01  7.61543E-07  3.27562E-07  1.83545E-07  2.68691E-10  1.50562E-10  1.56203E-09  2.13616E-09
  1.250E-01  1.18991E-06  2.25900E-07  1.60371E-07  2.31626E-10  1.64441E-10  5.05537E-09  6.08103E-10
  1.500E-01  1.71347E-06  1.61247E-07  1.40204E-07  1.98400E-10  1.72515E-10  1.01369E-09  2.16841E-09
  1.750E-01  2.33223E-06  1.17767E-07  1.22864E-07  1.69053E-10  1.76376E-10  7.19614E-09  1.47933E-10
  2.000E-01  3.04617E-06  8.70193E-08  1.07972E-07  1.42759E-10  1.77142E-10  3.45877E-10  2.20071E-09
  2.250E-01  3.85531E-06  6.44540E-08  9.51484E-08  1.18957E-10  1.75616E-10  9.31590E-09  3.10899E-10
  2.500E-01  4.75964E-06  4.75120E-08  8.40709E-08  9.74311E-11  1.72413E-10  2.60843E-09  2.19549E-09
  2.750E-01  5.75916E-06  3.46417E-08  7.44788E-08  7.81416E-11  1.68016E-10  1.11855E-08  7.84547E-10
  3.000E-01  6.85388E-06  2.48170E-08  6.61587E-08  6.10680E-11  1.62816E-10  5.81636E-09  2.11657E-09
  3.250E-01  8.04378E-06  1.73066E-08  5.89324E-08  4.61346E-11  1.57118E-10  1.24333E-08  1.26259E-09
  3.500E-01  9.32888E-06  1.15642E-08  5.26470E-08  3.31970E-11  1.51159E-10  9.86842E-09  1.93536E-09
  3.750E-01  1.07092E-05  7.17258E-09  4.71701E-08  2.20590E-11  1.45108E-10  1.26783E-08  1.71803E-09
  4.000E-01  1.21846E-05  3.81095E-09  4.23868E-08  1.24993E-11  1.39087E-10  1.45226E-08  1.64479E-09
  4.250E-01  1.37553E-05  1.23355E-09  3.81972E-08  4.29492E-12  1.33174E-10  1.16322E-08  2.12230E-09
  4.500E-01  1.54212E-05 -7.46813E-10  3.45156E-08 -2.76278E-12  1.27417E-10  1.94500E-08  1.25366E-09
  4.750E-01  1.71822E-05 -2.27181E-09  3.12687E-08 -8.85841E-12  1.21844E-10  9.11406E-09  2.45137E-09
  5.000E-01  1.90385E-05 -3.44807E-09  2.83943E-08 -1.41492E-11  1.16468E-10  2.42685E-08  7.78213E-10
  5.250E-01  2.09899E-05 -4.35564E-09  2.58399E-08 -1.87653E-11  1.11290E-10  5.04297E-09  2.68582E-09
  5.500E-01  2.30365E-05 -5.05455E-09  2.35614E-08 -2.28123E-11  1.06309E-10  2.85576E-08  2.38517E-10
  5.750E-01  2.51783E-05 -5.58996E-09  2.15215E-08 -2.63747E-11  1.01520E-10  5.58435E-10  2.81009E-09
  6.000E-01  2.74153E-05 -5.99596E-09  1.96892E-08 -2.95198E-11  9.69154E-11  3.18757E-08  3.42384E-10
  6.250E-01  2.97475E-05 -6.29855E-09  1.80383E-08 -3.23013E-11  9.24887E-11  7.55325E-09  2.81291E-09
  6.500E-01  3.21749E-05 -6.51774E-09  1.65464E-08 -3.47621E-11  8.82334E-11  3.37872E-08  9.38802E-10
  6.750E-01  3.46974E-05 -6.66912E-09  1.51950E-08 -3.69374E-11  8.41436E-11  1.56835E-08  2.68809E-09
  7.000E-01  3.73152E-05 -6.76499E-09  1.39679E-08 -3.88561E-11  8.02137E-11  3.38956E-08  1.52318E-09
  7.250E-01  4.00281E-05 -6.81525E-09  1.28515E-08 -4.05427E-11  7.64387E-11  2.45729E-08  2.43529E-09
  7.500E-01  4.28362E-05 -6.82788E-09  1.18340E-08 -4.20185E-11  7.28139E-11  3.18781E-08  2.06730E-09
  7.750E-01  4.57395E-05 -6.80948E-09  1.09050E-08 -4.33022E-11  6.93349E-11  3.37406E-08  2.06048E-09
  8.000E-01  4.87380E-05 -6.76550E-09  1.00557E-08 -4.44105E-11  6.59974E-11  2.75169E-08  2.54372E-09
  8.250E-01  5.18317E-05 -6.70055E-09  9.27811E-09 -4.53588E-11  6.27972E-11  4.26238E-08  1.57583E-09
  8.500E-01  5.50205E-05 -6.61848E-09  8.56536E-09 -4.61610E-11  5.97300E-11  2.07247E-08  2.92720E-09
  8.750E-01  5.83045E-05 -6.52256E-09  7.91128E-09 -4.68302E-11  5.67916E-11  5.06076E-08  9.99317E-10
  9.000E-01  6.16838E-05 -6.41558E-09  7.31039E-09 -4.73784E-11  5.39775E-11  1.15638E-08  3.19608E-09
  9.250E-01  6.51582E-05 -6.29992E-09  6.75779E-09 -4.78168E-11  5.12835E-11  5.70604E-08  3.53994E-10
  9.500E-01  6.87277E-05 -6.17757E-09  6.24910E-09 -4.81557E-11  4.87049E-11  2.55200E-10  3.33337E-09
  9.750E-01  7.23925E-05 -6.05026E-09  5.78038E-09 -4.84047E-11  4.62374E-11  6.13727E-08  3.33025E-10
  1.000E+00  7.61524E-05 -5.91944E-09  5.34808E-09 -4.85726E-11  4.38764E-11  3.11390E-12  3.99786E-11
  1.100E+00  9.21439E-05 -5.38271E-09  3.92355E-09 -4.85864E-11  3.54083E-11  7.02486E-12  2.29807E-11
  1.200E+00  1.09658E-04 -4.85835E-09  2.87449E-09 -4.78412E-11  2.82989E-11  8.31769E-12  1.00600E-11
  1.300E+00  1.28695E-04 -4.37037E-09  2.09147E-09 -4.66236E-11  2.23055E-11  7.82458E-12  1.27125E-12
  1.400E+00  1.49255E-04 -3.92741E-09  1.49985E-09 -4.51222E-11  1.72256E-11  6.25266E-12  3.92896E-12
  1.500E+00  1.71338E-04 -3.53039E-09  1.04810E-09 -4.34592E-11  1.28960E-11  4.18247E-12  6.31191E-12
  1.600E+00  1.94942E-04 -3.17668E-09  7.00124E-10 -4.17132E-11  9.18732E-12  2.06223E-12  6.68278E-12
  1.700E+00  2.20070E-04 -2.86232E-09  4.30276E-10 -3.99355E-11  5.99727E-12  2.09461E-13  5.78347E-12
  1.800E+00  2.46720E-04 -2.58302E-09  2.20009E-10 -3.81597E-11  3.24427E-12  1.18558E-12  4.23203E-12
  1.900E+00  2.74892E-04 -2.33468E-09  5.57032E-11 -3.64081E-11  8.62662E-13  2.04149E-12  2.50412E-12
  2.000E+00  3.04586E-04 -2.11356E-09 -7.28032E-11 -3.46956E-11 -1.20114E-12  2.37044E-12  9.28516E-13
  2.100E+00  3.35803E-04 -1.91634E-09 -1.73194E-10 -3.30319E-11 -2.99142E-12  2.25029E-12  3.01065E-13
  2.200E+00  3.68542E-04 -1.74013E-09 -2.51355E-10 -3.14237E-11 -4.54518E-12  1.80294E-12  1.10425E-12
  2.300E+00  4.02802E-04 -1.58237E-09 -3.11840E-10 -2.98747E-11 -5.89365E-12  1.16692E-12  1.48638E-12
  2.400E+00  4.38585E-04 -1.44089E-09 -3.58208E-10 -2.83870E-11 -7.06341E-12  4.77818E-13  1.51294E-12
  2.500E+00  4.75889E-04 -1.31375E-09 -3.93264E-10 -2.69615E-11 -8.07719E-12  1.50865E-13  1.28289E-12
  2.600E+00  5.14715E-04 -1.19930E-09 -4.19228E-10 -2.55978E-11 -8.95456E-12  6.35262E-13  9.03412E-13
  2.700E+00  5.55063E-04 -1.09608E-09 -4.37875E-10 -2.42952E-11 -9.71242E-12  9.30227E-13  4.75974E-13
  2.800E+00  5.96931E-04 -1.00283E-09 -4.50624E-10 -2.30521E-11 -1.03654E-11  1.02528E-12  7.99634E-14
  2.900E+00  6.40321E-04 -9.18435E-10 -4.58621E-10 -2.18667E-11 -1.09262E-11  9.41285E-13  2.28738E-13
  3.000E+00  6.85233E-04 -8.41929E-10 -4.62788E-10 -2.07369E-11 -1.14058E-11  7.22704E-13  4.23519E-13
  3.100E+00  7.31665E-04 -7.72460E-10 -4.63877E-10 -1.96605E-11 -1.18140E-11  4.24986E-13  5.00154E-13
  3.200E+00  7.79618E-04 -7.09281E-10 -4.62495E-10 -1.86353E-11 -1.21590E-11  1.07370E-13  4.76245E-13
  3.300E+00  8.29092E-04 -6.51734E-10 -4.59140E-10 -1.76589E-11 -1.24484E-11  1.77644E-13  3.78006E-13
  3.400E+00  8.80086E-04 -5.99237E-10 -4.54216E-10 -1.67289E-11 -1.26884E-11  3.91783E-13  2.40079E-13
  3.500E+00  9.32601E-04 -5.51280E-10 -4.48056E-10 -1.58430E-11 -1.28849E-11  5.11671E-13  9.35227E-14
  3.600E+00  9.86636E-04 -5.07408E-10 -4.40930E-10 -1.49991E-11 -1.30427E-11  5.32890E-13  3.57962E-14
  3.700E+00  1.04219E-03 -4.67218E-10 -4.33062E-10 -1.41950E-11 -1.31663E-11  4.66204E-13  1.30349E-13
  3.800E+00  1.09927E-03 -4.30355E-10 -4.24633E-10 -1.34286E-11 -1.32594E-11  3.33995E-13  1.81862E-13
  3.900E+00  1.15786E-03 -3.96500E-10 -4.15794E-10 -1.26980E-11 -1.33256E-11  1.66940E-13  1.91491E-13
  4.000E+00  1.21797E-03 -3.65370E-10 -4.06667E-10 -1.20013E-11 -1.33678E-11  5.52689E-15  1.66180E-13
  4.100E+00  1.27961E-03 -3.36714E-10 -3.97353E-10 -1.13367E-11 -1.33887E-11  1.53736E-13  1.18187E-13
  4.200E+00  1.34276E-03 -3.10304E-10 -3.87933E-10 -1.07024E-11 -1.33907E-11  2.58975E-13  6.03256E-14
  4.300E+00  1.40743E-03 -2.85940E-10 -3.78476E-10 -1.00970E-11 -1.33758E-11  3.09550E-13  4.58728E-15
  4.400E+00  1.47362E-03 -2.63440E-10 -3.69034E-10 -9.51885E-12 -1.33461E-11  3.03795E-13  4.00738E-14
  4.500E+00  1.54133E-03 -2.42641E-10 -3.59654E-10 -8.96658E-12 -1.33030E-11  2.50532E-13  6.79790E-14
  4.600E+00  1.61056E-03 -2.23396E-10 -3.50369E-10 -8.43885E-12 -1.32482E-11  1.63290E-13  7.80266E-14
  4.700E+00  1.68131E-03 -2.05573E-10 -3.41209E-10 -7.93438E-12 -1.31829E-11  5.99567E-14  7.19735E-14
  4.800E+00  1.75357E-03 -1.89054E-10 -3.32196E-10 -7.45197E-12 -1.31083E-11  4.09963E-14  5.42233E-14
  4.900E+00  1.82735E-03 -1.73730E-10 -3.23347E-10 -6.99052E-12 -1.30256E-11  1.23878E-13  3.07214E-14
  5.000E+00  1.90265E-03 -1.59504E-10 -3.14676E-10 -6.54895E-12 -1.29356E-11  1.77621E-13  6.62887E-15
  5.100E+00  1.97947E-03 -1.46288E-10 -3.06193E-10 -6.12628E-12 -1.28392E-11  1.96574E-13  1.33471E-14
  5.200E+00  2.05780E-03 -1.34001E-10 -2.97905E-10 -5.72157E-12 -1.27372E-11  1.82022E-13  2.63550E-14
  5.300E+00  2.13765E-03 -1.22570E-10 -2.89817E-10 -5.33392E-12 -1.26303E-11  1.39595E-13  3.12877E-14
  5.400E+00  2.21902E-03 -1.11929E-10 -2.81932E-10 -4.96251E-12 -1.25191E-11  7.92898E-14  2.87748E-14
  5.500E+00  2.30190E-03 -1.02018E-10 -2.74251E-10 -4.60656E-12 -1.24042E-11  1.26027E-14  2.09673E-14
  5.600E+00  2.38630E-03 -9.27810E-11 -2.66774E-10 -4.26531E-12 -1.22860E-11  4.92924E-14  1.06587E-14
  5.700E+00  2.47222E-03 -8.41676E-11 -2.59501E-10 -3.93808E-12 -1.21650E-11  9.67771E-14  2.67025E-16
  5.800E+00  2.55965E-03 -7.61318E-11 -2.52429E-10 -3.62420E-12 -1.20417E-11  1.23738E-13  7.94599E-15
  5.900E+00  2.64859E-03 -6.86314E-11 -2.45556E-10 -3.32304E-12 -1.19165E-11  1.28004E-13  1.23603E-14
  6.000E+00  2.73905E-03 -6.16277E-11 -2.38878E-10 -3.03402E-12 -1.17895E-11  1.11174E-13  1.29051E-14
  6.100E+00  2.83103E-03 -5.50849E-11 -2.32393E-10 -2.75659E-12 -1.16612E-11  7.80424E-14  9.91925E-15
  6.200E+00  2.92452E-03 -4.89707E-11 -2.26096E-10 -2.49021E-12 -1.15318E-11  3.56800E-14  4.68511E-15
  6.300E+00  3.01952E-03 -4.32548E-11 -2.19983E-10 -2.23438E-12 -1.14016E-11  8.49709E-15  9.43152E-16
  6.400E+00  3.11604E-03 -3.79095E-11 -2.14050E-10 -1.98865E-12 -1.12708E-11  4.69516E-14  6.04166E-15
  6.500E+00  3.21407E-03 -3.29095E-11 -2.08291E-10 -1.75255E-12 -1.11395E-11  7.40099E-14  8.98393E-15
  6.600E+00  3.31362E-03 -2.82313E-11 -2.02704E-10 -1.52566E-12 -1.10081E-11  8.66887E-14  9.31799E-15
  6.700E+00  3.41468E-03 -2.38528E-11 -1.97282E-10 -1.30760E-12 -1.08766E-11  8.39988E-14  7.08469E-15
  6.800E+00  3.51725E-03 -1.97546E-11 -1.92021E-10 -1.09796E-12 -1.07451E-11  6.79821E-14  2.93236E-15
  6.900E+00  3.62133E-03 -1.59176E-11 -1.86917E-10 -8.96397E-13 -1.06139E-11  4.24184E-14  2.06302E-15
  7.000E+00  3.72692E-03 -1.23247E-11 -1.81964E-10 -7.02563E-13 -1.04830E-11  1.24409E-14  6.74056E-15
  7.100E+00  3.83403E-03 -8.96055E-12 -1.77159E-10 -5.16134E-13 -1.03526E-11  1.68339E-14  9.99904E-15
  7.200E+00  3.94265E-03 -5.80933E-12 -1.72497E-10 -3.36799E-13 -1.02227E-11  4.06775E-14  1.11453E-14
  7.300E+00  4.05278E-03 -2.85843E-12 -1.67973E-10 -1.64265E-13 -1.00934E-11  5.57245E-14  9.87219E-15
  7.400E+00  4.16442E-03 -9.45365E-14 -1.63584E-10  1.74854E-15 -9.96490E-12  6.03701E-14  6.49216E-15
  7.500E+00  4.27757E-03  2.49418E-12 -1.59324E-10  1.61508E-13 -9.83714E-12  5.47892E-14  1.66306E-15
  7.600E+00  4.39223E-03  4.91826E-12 -1.55190E-10  3.15267E-13 -9.71021E-12  4.08239E-14  3.65097E-15
  7.700E+00  4.50840E-03  7.18843E-12 -1.51177E-10  4.63265E-13 -9.58419E-12  2.14860E-14  8.33581E-15
  7.800E+00  4.62608E-03  9.31397E-12 -1.47283E-10  6.05734E-13 -9.45911E-12  4.21337E-16  1.15388E-14
  7.900E+00  4.74527E-03  1.13037E-11 -1.43502E-10  7.42893E-13 -9.33503E-12  1.88522E-14  1.24853E-14
  8.000E+00  4.86597E-03  1.31661E-11 -1.39832E-10  8.74950E-13 -9.21198E-12  3.33275E-14  1.11663E-14
  8.100E+00  4.98817E-03  1.49087E-11 -1.36269E-10  1.00211E-12 -9.08999E-12  4.10666E-14  7.76283E-15
  8.200E+00  5.11188E-03  1.65388E-11 -1.32809E-10  1.12455E-12 -8.96909E-12  4.14535E-14  2.79110E-15
  8.300E+00  5.23711E-03  1.80631E-11 -1.29448E-10  1.24246E-12 -8.84931E-12  3.50686E-14  2.61939E-15
  8.400E+00  5.36383E-03  1.94879E-11 -1.26185E-10  1.35602E-12 -8.73067E-12  2.35648E-14  7.48617E-15
  8.500E+00  5.49207E-03  2.08191E-11 -1.23015E-10  1.46538E-12 -8.61320E-12  9.23085E-15  1.10775E-14
  8.600E+00  5.62181E-03  2.20622E-11 -1.19935E-10  1.57072E-12 -8.49690E-12  5.26980E-15  1.26936E-14
  8.700E+00  5.75306E-03  2.32224E-11 -1.16943E-10  1.67217E-12 -8.38178E-12  1.78191E-14  1.19088E-14
  8.800E+00  5.88581E-03  2.43045E-11 -1.14036E-10  1.76988E-12 -8.26787E-12  2.61124E-14  9.07171E-15
  8.900E+00  6.02007E-03  2.53130E-11 -1.11210E-10  1.86400E-12 -8.15516E-12  2.95157E-14  4.71761E-15
  9.000E+00  6.15583E-03  2.62522E-11 -1.08464E-10  1.95465E-12 -8.04366E-12  2.78565E-14  3.84203E-16
  9.100E+00  6.29310E-03  2.71261E-11 -1.05795E-10  2.04196E-12 -7.93338E-12  2.17621E-14  5.53110E-15
  9.200E+00  6.43187E-03  2.79384E-11 -1.03200E-10  2.12605E-12 -7.82432E-12  1.26361E-14  9.48086E-15
  9.300E+00  6.57214E-03  2.86925E-11 -1.00676E-10  2.20705E-12 -7.71648E-12  2.32335E-15  1.17209E-14
  9.400E+00  6.71392E-03  2.93919E-11 -9.82226E-11  2.28505E-12 -7.60986E-12  7.45591E-15  1.19127E-14
  9.500E+00  6.85720E-03  3.00397E-11 -9.58362E-11  2.36018E-12 -7.50445E-12  1.49489E-14  1.00622E-14
  9.600E+00  7.00198E-03  3.06386E-11 -9.35151E-11  2.43252E-12 -7.40027E-12  1.96841E-14  6.42224E-15
  9.700E+00  7.14827E-03  3.11916E-11 -9.12570E-11  2.50218E-12 -7.29729E-12  2.06929E-14  2.03564E-15
  9.800E+00  7.29605E-03  3.17011E-11 -8.90602E-11  2.56926E-12 -7.19551E-12  1.80369E-14  2.93096E-15
  9.900E+00  7.44534E-03  3.21696E-11 -8.69225E-11  2.63383E-12 -7.09494E-12  1.27592E-14  7.00339E-15
  1.000E+01  7.59612E-03  3.25993E-11 -8.48422E-11  2.69600E-12 -6.99556E-12  5.92934E-15  9.89596E-15
  1.025E+01  7.97965E-03  3.35182E-11 -7.98806E-11  2.84142E-12 -6.75228E-12  1.00559E-14  9.08367E-15
  1.050E+01  8.37255E-03  3.42388E-11 -7.52402E-11  2.97351E-12 -6.51626E-12  1.36815E-14  4.57550E-16
  1.075E+01  8.77480E-03  3.47873E-11 -7.08966E-11  3.09337E-12 -6.28738E-12  4.69934E-15  8.71652E-15
  1.100E+01  9.18641E-03  3.51866E-11 -6.68279E-11  3.20200E-12 -6.06545E-12  6.68100E-15  7.94223E-15
  1.125E+01  9.60736E-03  3.54564E-11 -6.30137E-11  3.30031E-12 -5.85030E-12  9.31887E-15  4.40762E-16
  1.150E+01  1.00376E-02  3.56140E-11 -5.94356E-11  3.38912E-12 -5.64175E-12  3.45106E-15  7.58043E-15
  1.175E+01  1.04773E-02  3.56743E-11 -5.60766E-11  3.46919E-12 -5.43962E-12  4.14700E-15  7.16913E-15
  1.200E+01  1.09262E-02  3.56504E-11 -5.29210E-11  3.54120E-12 -5.24372E-12  5.95767E-15  1.54214E-16
  1.225E+01  1.13844E-02  3.55536E-11 -4.99545E-11  3.60577E-12 -5.05385E-12  2.25617E-15  6.50081E-15
  1.250E+01  1.18520E-02  3.53940E-11 -4.71639E-11  3.66349E-12 -4.86983E-12  2.50275E-15  6.16246E-15
  1.275E+01  1.23288E-02  3.51801E-11 -4.45371E-11  3.71488E-12 -4.69148E-12  3.76692E-15  1.35944E-16
  1.300E+01  1.28150E-02  3.49197E-11 -4.20630E-11  3.76041E-12 -4.51861E-12  1.37296E-15  5.35267E-15
  1.325E+01  1.33104E-02  3.46195E-11 -3.97311E-11  3.80053E-12 -4.35105E-12  1.44029E-15  5.77151E-15
  1.350E+01  1.38150E-02  3.42853E-11 -3.75321E-11  3.83564E-12 -4.18861E-12  1.96349E-15  2.41331E-16
  1.375E+01  1.43290E-02  3.39223E-11 -3.54571E-11  3.86612E-12 -4.03113E-12  3.33665E-16  4.64504E-15
  1.400E+01  1.48521E-02  3.35350E-11 -3.34981E-11  3.89231E-12 -3.87844E-12  6.43043E-16  4.58505E-15
  1.425E+01  1.53845E-02  3.31274E-11 -3.16476E-11  3.91452E-12 -3.73037E-12  8.26716E-16  2.15524E-16
  1.450E+01  1.59262E-02  3.27030E-11 -2.98986E-11  3.93305E-12 -3.58679E-12  9.97039E-17  3.74056E-15
  1.475E+01  1.64770E-02  3.22648E-11 -2.82448E-11  3.94817E-12 -3.44752E-12  2.88761E-16  3.50855E-15
  1.500E+01  1.70371E-02  3.18157E-11 -2.66801E-11  3.96012E-12 -3.31242E-12  1.85953E-16  2.90303E-16
  1.525E+01  1.76063E-02  3.13578E-11 -2.51991E-11  3.96913E-12 -3.18136E-12  3.59445E-16  2.89735E-15
  1.550E+01  1.81848E-02  3.08934E-11 -2.37966E-11  3.97542E-12 -3.05419E-12  1.73795E-16  3.07085E-15
  1.575E+01  1.87724E-02  3.04243E-11 -2.24678E-11  3.97918E-12 -2.93079E-12  5.04451E-16  3.49304E-16
  1.600E+01  1.93692E-02  2.99521E-11 -2.12084E-11  3.98060E-12 -2.81102E-12  6.51086E-16  2.36527E-15
  1.625E+01  1.99751E-02  2.94782E-11 -2.00141E-11  3.97985E-12 -2.69477E-12  1.57642E-16  2.28913E-15
  1.650E+01  2.05901E-02  2.90038E-11 -1.88812E-11  3.97708E-12 -2.58191E-12  1.06923E-15  3.16639E-16
  1.675E+01  2.12143E-02  2.85301E-11 -1.78061E-11  3.97243E-12 -2.47233E-12  8.88441E-16  1.84037E-15
  1.700E+01  2.18476E-02  2.80579E-11 -1.67855E-11  3.96605E-12 -2.36592E-12  4.30820E-16  1.78354E-15
  1.725E+01  2.24900E-02  2.75880E-11 -1.58161E-11  3.95805E-12 -2.26257E-12  1.53269E-15  2.88203E-16
  1.750E+01  2.31415E-02  2.71213E-11 -1.48952E-11  3.94856E-12 -2.16219E-12  9.46741E-16  1.25793E-15
  1.775E+01  2.38021E-02  2.66583E-11 -1.40200E-11  3.93769E-12 -2.06467E-12  2.62672E-16  1.35623E-15
  1.800E+01  2.44717E-02  2.61995E-11 -1.31879E-11  3.92553E-12 -1.96992E-12  1.53105E-15  2.63302E-16
  1.825E+01  2.51504E-02  2.57454E-11 -1.23965E-11  3.91219E-12 -1.87785E-12  1.23994E-15  5.11374E-16
  1.850E+01  2.58382E-02  2.52964E-11 -1.16437E-11  3.89774E-12 -1.78837E-12  1.20548E-16  8.69348E-16
  1.875E+01  2.65349E-02  2.48529E-11 -1.09274E-11  3.88228E-12 -1.70140E-12  1.28965E-15  3.62068E-16
  1.900E+01  2.72407E-02  2.44150E-11 -1.02455E-11  3.86587E-12 -1.61686E-12  1.36879E-15  4.69304E-16
  1.925E+01  2.79555E-02  2.39830E-11 -9.59624E-12  3.84859E-12 -1.53466E-12  1.11016E-16  6.84573E-16
  1.950E+01  2.86793E-02  2.35572E-11 -8.97791E-12  3.83051E-12 -1.45474E-12  1.62126E-15  0.00000E+00
  1.975E+01  2.94120E-02  2.31376E-11 -8.38888E-12  3.81169E-12 -1.37702E-12  1.15792E-15  4.32024E-16
  2.000E+01  3.01537E-02  2.27245E-11 -7.82762E-12  3.79218E-12 -1.30143E-12  6.15320E-16  5.25673E-16
  2.025E+01  3.09043E-02  2.23178E-11 -7.29270E-12  3.77205E-12 -1.22790E-12  1.19931E-15  0.00000E+00
  2.050E+01  3.16639E-02  2.19176E-11 -6.78276E-12  3.75134E-12 -1.15638E-12  1.94859E-15  3.98841E-16
  2.075E+01  3.24324E-02  2.15241E-11 -6.29654E-12  3.73010E-12 -1.08679E-12  5.70046E-16  1.94295E-16
  2.100E+01  3.32098E-02  2.11371E-11 -5.83284E-12  3.70837E-12 -1.01907E-12  1.29743E-15  1.89355E-16
  2.125E+01  3.39961E-02  2.07568E-11 -5.39053E-12  3.68620E-12 -9.53182E-13  1.44678E-15  1.84592E-16
  2.150E+01  3.47912E-02  2.03831E-11 -4.96855E-12  3.66363E-12 -8.89054E-13  5.29517E-16  1.79999E-16
  2.175E+01  3.55952E-02  2.00160E-11 -4.56590E-12  3.64069E-12 -8.26635E-13  1.37853E-15  1.75567E-16
  2.200E+01  3.64081E-02  1.96554E-11 -4.18163E-12  3.61742E-12 -7.65875E-13  1.34618E-15  1.71290E-16
  2.225E+01  3.72297E-02  1.93013E-11 -3.81484E-12  3.59384E-12 -7.06724E-13  4.93100E-16  1.67159E-16
  2.250E+01  3.80602E-02  1.89537E-11 -3.46470E-12  3.57000E-12 -6.49133E-13  9.63561E-16  0.00000E+00
  2.275E+01  3.88995E-02  1.86124E-11 -3.13040E-12  3.54591E-12 -5.93056E-13  1.09863E-15  3.18626E-16
  2.300E+01  3.97476E-02  1.82775E-11 -2.81119E-12  3.52161E-12 -5.38448E-13  4.60264E-16  4.66757E-16
  2.325E+01  4.06044E-02  1.79489E-11 -2.50636E-12  3.49711E-12 -4.85267E-13  1.05008E-15  0.00000E+00
  2.350E+01  4.14700E-02  1.76264E-11 -2.21523E-12  3.47245E-12 -4.33469E-13  7.33565E-16  1.48495E-16
  2.375E+01  4.23443E-02  1.73100E-11 -1.93716E-12  3.44764E-12 -3.83016E-13  4.30561E-16  2.90241E-16
  2.400E+01  4.32273E-02  1.69995E-11 -1.67155E-12  3.42270E-12 -3.33868E-13  5.61719E-16  4.25564E-16
  2.425E+01  4.41190E-02  1.66950E-11 -1.41781E-12  3.39766E-12 -2.85988E-13  8.24620E-16  0.00000E+00
  2.450E+01  4.50194E-02  1.63963E-11 -1.17541E-12  3.37252E-12 -2.39340E-13  1.34537E-16  0.00000E+00
  2.475E+01  4.59284E-02  1.61034E-11 -9.43830E-13  3.34732E-12 -1.93888E-13  5.26911E-16  3.97985E-16
  2.500E+01  4.68461E-02  1.58160E-11 -7.22575E-13  3.32206E-12 -1.49598E-13  6.45021E-16  1.29785E-16
  2.550E+01  4.87074E-02  1.52579E-11 -3.09210E-13  3.27142E-12 -6.43782E-14  4.95210E-16  2.48586E-16
  2.600E+01  5.06030E-02  1.47210E-11  6.81243E-14  3.22073E-12  1.65690E-14  2.37814E-16  3.57374E-16
  2.650E+01  5.25328E-02  1.42047E-11  4.12542E-13  3.17007E-12  9.34758E-14  5.71470E-16  2.28513E-16
  2.700E+01  5.44967E-02  1.37083E-11  7.26851E-13  3.11952E-12  1.66559E-13  0.00000E+00  0.00000E+00
  2.750E+01  5.64946E-02  1.32308E-11  1.01360E-12  3.06916E-12  2.36023E-13  0.00000E+00  1.05333E-15
  2.800E+01  5.85262E-02  1.27717E-11  1.27510E-12  3.01906E-12  3.02058E-13  6.11715E-16  0.00000E+00
  2.850E+01  6.05914E-02  1.23301E-11  1.51345E-12  2.96926E-12  3.64842E-13  1.96560E-16  1.94733E-16
  2.900E+01  6.26901E-02  1.19054E-11  1.73056E-12  2.91981E-12  4.24543E-13  1.89604E-16  5.62208E-16
  2.950E+01  6.48222E-02  1.14968E-11  1.92817E-12  2.87076E-12  4.81320E-13  3.66026E-16  1.80458E-16
  3.000E+01  6.69873E-02  1.11038E-11  2.10784E-12  2.82215E-12  5.35318E-13  3.53523E-16  1.73872E-16
  3.050E+01  6.91854E-02  1.07256E-11  2.27101E-12  2.77400E-12  5.86679E-13  0.00000E+00  6.70492E-16
  3.100E+01  7.14163E-02  1.03617E-11  2.41900E-12  2.72633E-12  6.35532E-13  1.65189E-16  0.00000E+00
  3.150E+01  7.36799E-02  1.00114E-11  2.55302E-12  2.67918E-12  6.82000E-13  0.00000E+00  0.00000E+00
  3.200E+01  7.59760E-02  9.67421E-12  2.67417E-12  2.63257E-12  7.26200E-13  0.00000E+00  4.52039E-16
  3.250E+01  7.83043E-02  9.34957E-12  2.78345E-12  2.58650E-12  7.68241E-13  2.99750E-16  0.00000E+00
  3.300E+01  8.06647E-02  9.03694E-12  2.88179E-12  2.54099E-12  8.08227E-13  0.00000E+00  1.40706E-16
  3.350E+01  8.30571E-02  8.73583E-12  2.97002E-12  2.49605E-12  8.46253E-13  0.00000E+00  1.36068E-16
  3.400E+01  8.54812E-02  8.44577E-12  3.04893E-12  2.45169E-12  8.82414E-13  2.73262E-16  0.00000E+00
  3.450E+01  8.79369E-02  8.16630E-12  3.11923E-12  2.40792E-12  9.16794E-13  0.00000E+00  1.27423E-16
  3.500E+01  9.04240E-02  7.89697E-12  3.18157E-12  2.36475E-12  9.49477E-13  1.28778E-16  1.23391E-16
  3.550E+01  9.29422E-02  7.63737E-12  3.23657E-12  2.32216E-12  9.80540E-13  2.50222E-16  0.00000E+00
  3.600E+01  9.54915E-02  7.38710E-12  3.28479E-12  2.28018E-12  1.01006E-12  1.21604E-16  2.31710E-16
  3.650E+01  9.80716E-02  7.14577E-12  3.32672E-12  2.23879E-12  1.03810E-12  0.00000E+00  2.24662E-16
  3.700E+01  1.00682E-01  6.91303E-12  3.36286E-12  2.19800E-12  1.06472E-12  2.30073E-16  1.08958E-16
  3.750E+01  1.03323E-01  6.68852E-12  3.39362E-12  2.15781E-12  1.09001E-12  1.11960E-16  1.05727E-16
  3.800E+01  1.05995E-01  6.47191E-12  3.41942E-12  2.11821E-12  1.11400E-12  1.09011E-16  0.00000E+00
  3.850E+01  1.08696E-01  6.26289E-12  3.44062E-12  2.07920E-12  1.13676E-12  2.12367E-16  3.98656E-16
  3.900E+01  1.11427E-01  6.06114E-12  3.45758E-12  2.04078E-12  1.15833E-12  1.03471E-16  9.68174E-17
  3.950E+01  1.14188E-01  5.86639E-12  3.47062E-12  2.00295E-12  1.17879E-12  1.00868E-16  1.88171E-16
  4.000E+01  1.16978E-01  5.67834E-12  3.48003E-12  1.96569E-12  1.19816E-12  9.83688E-17  1.82926E-16
  4.050E+01  1.19797E-01  5.49675E-12  3.48608E-12  1.92900E-12  1.21649E-12  9.59678E-17  1.77887E-16
  4.100E+01  1.22645E-01  5.32135E-12  3.48903E-12  1.89289E-12  1.23384E-12  9.36604E-17  0.00000E+00
  4.150E+01  1.25522E-01  5.15190E-12  3.48910E-12  1.85734E-12  1.25023E-12  0.00000E+00  0.00000E+00
  4.200E+01  1.28428E-01  4.98818E-12  3.48653E-12  1.82234E-12  1.26572E-12  1.78617E-16  1.63912E-16
  4.250E+01  1.31361E-01  4.82996E-12  3.48150E-12  1.78790E-12  1.28033E-12  0.00000E+00  1.59604E-16
  4.300E+01  1.34323E-01  4.67703E-12  3.47423E-12  1.75400E-12  1.29411E-12  0.00000E+00  1.55457E-16
  4.350E+01  1.37313E-01  4.52918E-12  3.46487E-12  1.72064E-12  1.30709E-12  1.66752E-16  1.51463E-16
  4.400E+01  1.40330E-01  4.38624E-12  3.45358E-12  1.68781E-12  1.31929E-12  0.00000E+00  1.47615E-16
  4.450E+01  1.43375E-01  4.24800E-12  3.44052E-12  1.65550E-12  1.33076E-12  0.00000E+00  1.43907E-16
  4.500E+01  1.46447E-01  4.11431E-12  3.42583E-12  1.62371E-12  1.34152E-12  1.56148E-16  1.40332E-16
  4.550E+01  1.49545E-01  3.98497E-12  3.40963E-12  1.59242E-12  1.35160E-12  1.52864E-16  0.00000E+00
  4.600E+01  1.52671E-01  3.85985E-12  3.39206E-12  1.56165E-12  1.36102E-12  0.00000E+00  1.33558E-16
  4.650E+01  1.55823E-01  3.73877E-12  3.37323E-12  1.53136E-12  1.36982E-12  1.46639E-16  1.30347E-16
  4.700E+01  1.59001E-01  3.62159E-12  3.35323E-12  1.50157E-12  1.37801E-12  1.43689E-16  1.27247E-16
  4.750E+01  1.62205E-01  3.50817E-12  3.33218E-12  1.47226E-12  1.38562E-12  0.00000E+00  0.00000E+00
  4.800E+01  1.65435E-01  3.39837E-12  3.31014E-12  1.44342E-12  1.39268E-12  0.00000E+00  2.42720E-16
  4.850E+01  1.68690E-01  3.29207E-12  3.28722E-12  1.41505E-12  1.39920E-12  1.35431E-16  2.37129E-16
  4.900E+01  1.71970E-01  3.18914E-12  3.26349E-12  1.38714E-12  1.40521E-12  0.00000E+00  0.00000E+00
  4.950E+01  1.75276E-01  3.08945E-12  3.23903E-12  1.35968E-12  1.41072E-12  0.00000E+00  2.26496E-16
  5.000E+01  1.78606E-01  2.99289E-12  3.21391E-12  1.33267E-12  1.41576E-12  1.27979E-16  2.21440E-16
  5.050E+01  1.81961E-01  2.89936E-12  3.18819E-12  1.30610E-12  1.42033E-12  0.00000E+00  0.00000E+00
  5.100E+01  1.85340E-01  2.80874E-12  3.16193E-12  1.27996E-12  1.42447E-12  0.00000E+00  2.11810E-16
  5.150E+01  1.88743E-01  2.72094E-12  3.13518E-12  1.25424E-12  1.42819E-12  1.21239E-16  1.03612E-16
  5.200E+01  1.92169E-01  2.63585E-12  3.10800E-12  1.22895E-12  1.43149E-12  0.00000E+00  0.00000E+00
  5.250E+01  1.95619E-01  2.55340E-12  3.08043E-12  1.20407E-12  1.43441E-12  0.00000E+00  9.92404E-17
  5.300E+01  1.99092E-01  2.47347E-12  3.05253E-12  1.17959E-12  1.43694E-12  1.15129E-16  0.00000E+00
  5.350E+01  2.02589E-01  2.39599E-12  3.02433E-12  1.15552E-12  1.43911E-12  1.13220E-16  9.51351E-17
  5.400E+01  2.06107E-01  2.32088E-12  2.99587E-12  1.13184E-12  1.44093E-12  0.00000E+00  9.31760E-17
  5.450E+01  2.09649E-01  2.24805E-12  2.96720E-12  1.10854E-12  1.44242E-12  1.09579E-16  0.00000E+00
  5.500E+01  2.13212E-01  2.17743E-12  2.93834E-12  1.08563E-12  1.44358E-12  1.07843E-16  8.94329E-17
  5.550E+01  2.16797E-01  2.10895E-12  2.90932E-12  1.06309E-12  1.44443E-12  0.00000E+00  8.76446E-17
  5.600E+01  2.20404E-01  2.04253E-12  2.88017E-12  1.04092E-12  1.44497E-12  0.00000E+00  0.00000E+00
  5.650E+01  2.24032E-01  1.97811E-12  2.85094E-12  1.01911E-12  1.44523E-12  1.02948E-16  0.00000E+00
  5.700E+01  2.27680E-01  1.91562E-12  2.82163E-12  9.97664E-13  1.44521E-12  0.00000E+00  0.00000E+00
  5.750E+01  2.31350E-01  1.85500E-12  2.79227E-12  9.76566E-13  1.44491E-12  0.00000E+00  0.00000E+00
  5.800E+01  2.35040E-01  1.79618E-12  2.76290E-12  9.55814E-13  1.44436E-12  9.84837E-17  7.94555E-17
  5.850E+01  2.38751E-01  1.73912E-12  2.73351E-12  9.35402E-13  1.44356E-12  0.00000E+00  0.00000E+00
  5.900E+01  2.42481E-01  1.68374E-12  2.70414E-12  9.15324E-13  1.44251E-12  0.00000E+00  0.00000E+00
  5.950E+01  2.46231E-01  1.63001E-12  2.67481E-12  8.95577E-13  1.44124E-12  9.44079E-17  0.00000E+00
  6.000E+01  2.50000E-01  1.57786E-12  2.64552E-12  8.76154E-13  1.43974E-12  0.00000E+00  0.00000E+00
  6.050E+01  2.53788E-01  1.52725E-12  2.61630E-12  8.57049E-13  1.43802E-12  0.00000E+00  0.00000E+00
  6.100E+01  2.57595E-01  1.47813E-12  2.58717E-12  8.38259E-13  1.43610E-12  9.06820E-17  0.00000E+00
  6.150E+01  2.61421E-01  1.43044E-12  2.55813E-12  8.19778E-13  1.43398E-12  0.00000E+00  0.00000E+00
  6.200E+01  2.65264E-01  1.38415E-12  2.52919E-12  8.01601E-13  1.43166E-12  0.00000E+00  0.00000E+00
  6.250E+01  2.69126E-01  1.33922E-12  2.50037E-12  7.83723E-13  1.42916E-12  0.00000E+00  0.00000E+00
  6.300E+01  2.73005E-01  1.29560E-12  2.47168E-12  7.66139E-13  1.42648E-12  8.62015E-17  0.00000E+00
  6.350E+01  2.76901E-01  1.25324E-12  2.44312E-12  7.48845E-13  1.42363E-12  0.00000E+00  0.00000E+00
  6.400E+01  2.80814E-01  1.21212E-12  2.41472E-12  7.31837E-13  1.42061E-12  0.00000E+00  0.00000E+00
  6.450E+01  2.84744E-01  1.17219E-12  2.38647E-12  7.15109E-13  1.41742E-12  8.31694E-17  0.00000E+00
  6.500E+01  2.88691E-01  1.13342E-12  2.35838E-12  6.98658E-13  1.41409E-12  0.00000E+00  0.00000E+00
  6.550E+01  2.92653E-01  1.09577E-12  2.33047E-12  6.82479E-13  1.41060E-12  0.00000E+00  0.00000E+00
  6.600E+01  2.96632E-01  1.05922E-12  2.30273E-12  6.66567E-13  1.40697E-12  8.03909E-17  0.00000E+00
  6.650E+01  3.00625E-01  1.02371E-12  2.27517E-12  6.50919E-13  1.40321E-12  0.00000E+00  0.00000E+00
  6.700E+01  3.04634E-01  9.89236E-13  2.24780E-12  6.35530E-13  1.39931E-12  0.00000E+00  0.00000E+00
  6.750E+01  3.08658E-01  9.55752E-13  2.22063E-12  6.20397E-13  1.39528E-12  7.78443E-17  0.00000E+00
  6.800E+01  3.12697E-01  9.23231E-13  2.19365E-12  6.05516E-13  1.39113E-12  0.00000E+00  0.00000E+00
  6.850E+01  3.16749E-01  8.91645E-13  2.16688E-12  5.90881E-13  1.38685E-12  0.00000E+00  0.00000E+00
  6.900E+01  3.20816E-01  8.60969E-13  2.14031E-12  5.76491E-13  1.38247E-12  7.55098E-17  0.00000E+00
  6.950E+01  3.24896E-01  8.31177E-13  2.11395E-12  5.62340E-13  1.37797E-12  0.00000E+00  0.00000E+00
  7.000E+01  3.28990E-01  8.02242E-13  2.08780E-12  5.48426E-13  1.37336E-12  0.00000E+00  0.00000E+00
  7.050E+01  3.33097E-01  7.74137E-13  2.06186E-12  5.34745E-13  1.36866E-12  0.00000E+00  0.00000E+00
  7.100E+01  3.37216E-01  7.46837E-13  2.03615E-12  5.21292E-13  1.36385E-12  7.26989E-17  0.00000E+00
  7.150E+01  3.41348E-01  7.20320E-13  2.01065E-12  5.08065E-13  1.35895E-12  0.00000E+00  0.00000E+00
  7.200E+01  3.45492E-01  6.94566E-13  1.98538E-12  4.95061E-13  1.35396E-12  0.00000E+00  0.00000E+00
  7.250E+01  3.49647E-01  6.69551E-13  1.96032E-12  4.82275E-13  1.34888E-12  7.07968E-17  0.00000E+00
  7.300E+01  3.53814E-01  6.45258E-13  1.93549E-12  4.69704E-13  1.34371E-12  0.00000E+00  0.00000E+00
  7.350E+01  3.57992E-01  6.21662E-13  1.91088E-12  4.57346E-13  1.33846E-12  6.96202E-17  0.00000E+00
  7.400E+01  3.62181E-01  5.98742E-13  1.88650E-12  4.45197E-13  1.33314E-12  0.00000E+00  0.00000E+00
  7.450E+01  3.66381E-01  5.76480E-13  1.86235E-12  4.33254E-13  1.32774E-12  0.00000E+00  0.00000E+00
  7.500E+01  3.70590E-01  5.54858E-13  1.83842E-12  4.21514E-13  1.32226E-12  6.79827E-17  0.00000E+00
  7.550E+01  3.74810E-01  5.33860E-13  1.81471E-12  4.09973E-13  1.31672E-12  3.37347E-17  0.00000E+00
  7.600E+01  3.79039E-01  5.13468E-13  1.79124E-12  3.98630E-13  1.31111E-12  0.00000E+00  0.00000E+00
  7.650E+01  3.83277E-01  4.93665E-13  1.76799E-12  3.87480E-13  1.30543E-12  3.32448E-17  0.00000E+00
  7.700E+01  3.87524E-01  4.74432E-13  1.74497E-12  3.76521E-13  1.29970E-12  3.30111E-17  0.00000E+00
  7.750E+01  3.91780E-01  4.55755E-13  1.72217E-12  3.65751E-13  1.29390E-12  3.27847E-17  0.00000E+00
  7.800E+01  3.96044E-01  4.37617E-13  1.69961E-12  3.55166E-13  1.28805E-12  0.00000E+00  0.00000E+00
  7.850E+01  4.00316E-01  4.20006E-13  1.67726E-12  3.44764E-13  1.28214E-12  0.00000E+00  0.00000E+00
  7.900E+01  4.04596E-01  4.02905E-13  1.65515E-12  3.34542E-13  1.27618E-12  6.42958E-17  0.00000E+00
  7.950E+01  4.08882E-01  3.86303E-13  1.63325E-12  3.24497E-13  1.27017E-12  0.00000E+00  0.00000E+00
  8.000E+01  4.13176E-01  3.70183E-13  1.61158E-12  3.14628E-13  1.26411E-12  3.17573E-17  0.00000E+00
  8.050E+01  4.17476E-01  3.54534E-13  1.59014E-12  3.04930E-13  1.25800E-12  3.15718E-17  0.00000E+00
  8.100E+01  4.21783E-01  3.39342E-13  1.56891E-12  2.95403E-13  1.25185E-12  3.13926E-17  0.00000E+00
  8.150E+01  4.26095E-01  3.24594E-13  1.54791E-12  2.86043E-13  1.24566E-12  3.12196E-17  0.00000E+00
  8.200E+01  4.30413E-01  3.10280E-13  1.52713E-12  2.76847E-13  1.23943E-12  0.00000E+00  0.00000E+00
  8.250E+01  4.34737E-01  2.96386E-13  1.50656E-12  2.67815E-13  1.23316E-12  0.00000E+00  0.00000E+00
  8.300E+01  4.39065E-01  2.82903E-13  1.48621E-12  2.58943E-13  1.22685E-12  0.00000E+00  0.00000E+00
  8.350E+01  4.43398E-01  2.69819E-13  1.46608E-12  2.50228E-13  1.22051E-12  3.05881E-17  0.00000E+00
  8.400E+01  4.47736E-01  2.57122E-13  1.44617E-12  2.41670E-13  1.21413E-12  3.04447E-17  0.00000E+00
  8.450E+01  4.52077E-01  2.44803E-13  1.42646E-12  2.33265E-13  1.20772E-12  3.03070E-17  0.00000E+00
  8.500E+01  4.56422E-01  2.32851E-13  1.40697E-12  2.25011E-13  1.20128E-12  3.01748E-17  0.00000E+00
  8.550E+01  4.60770E-01  2.21257E-13  1.38769E-12  2.16907E-13  1.19481E-12  0.00000E+00  0.00000E+00
  8.600E+01  4.65122E-01  2.10011E-13  1.36862E-12  2.08950E-13  1.18832E-12  2.99268E-17  0.00000E+00
  8.650E+01  4.69476E-01  1.99104E-13  1.34976E-12  2.01138E-13  1.18179E-12  0.00000E+00  0.00000E+00
  8.700E+01  4.73832E-01  1.88526E-13  1.33111E-12  1.93469E-13  1.17525E-12  0.00000E+00  0.00000E+00
  8.750E+01  4.78190E-01  1.78270E-13  1.31266E-12  1.85940E-13  1.16867E-12  2.95945E-17  0.00000E+00
  8.800E+01  4.82550E-01  1.68327E-13  1.29441E-12  1.78551E-13  1.16208E-12  0.00000E+00  0.00000E+00
  8.850E+01  4.86912E-01  1.58687E-13  1.27636E-12  1.71300E-13  1.15546E-12  1.46993E-17  0.00000E+00
  8.900E+01  4.91274E-01  1.49343E-13  1.25852E-12  1.64183E-13  1.14883E-12  4.39622E-17  1.60008E-17
  8.950E+01  4.95637E-01  1.40288E-13  1.24087E-12  1.57200E-13  1.14217E-12  1.46113E-17  3.16505E-17
  9.000E+01  5.00000E-01  1.31513E-13  1.22342E-12  1.50348E-13  1.13550E-12  1.45710E-17  0.00000E+00
  9.050E+01  5.04363E-01  1.23012E-13  1.20617E-12  1.43626E-13  1.12881E-12  1.45332E-17  3.09684E-17
  9.100E+01  5.08726E-01  1.14777E-13  1.18910E-12  1.37032E-13  1.12211E-12  1.44977E-17  4.59557E-17
  9.150E+01  5.13088E-01  1.06801E-13  1.17223E-12  1.30563E-13  1.11539E-12  1.44646E-17  0.00000E+00
  9.200E+01  5.17450E-01  9.90774E-14  1.15556E-12  1.24220E-13  1.10865E-12  2.88678E-17  2.99933E-17
  9.250E+01  5.21810E-01  9.15990E-14  1.13907E-12  1.17999E-13  1.10191E-12  2.88110E-17  1.48403E-17
  9.300E+01  5.26168E-01  8.43597E-14  1.12276E-12  1.11899E-13  1.09515E-12  1.43794E-17  0.00000E+00
  9.350E+01  5.30524E-01  7.73535E-14  1.10665E-12  1.05919E-13  1.08838E-12  2.87113E-17  1.45363E-17
  9.400E+01  5.34878E-01  7.05742E-14  1.09071E-12  1.00056E-13  1.08160E-12  4.30026E-17  0.00000E+00
  9.450E+01  5.39230E-01  6.40158E-14  1.07496E-12  9.43098E-14  1.07481E-12  0.00000E+00  4.27304E-17
  9.500E+01  5.43578E-01  5.76723E-14  1.05939E-12  8.86780E-14  1.06801E-12  3.57454E-17  1.41011E-17
  9.550E+01  5.47923E-01  5.15380E-14  1.04400E-12  8.31593E-14  1.06121E-12  4.28505E-17  0.00000E+00
  9.600E+01  5.52264E-01  4.56074E-14  1.02878E-12  7.77521E-14  1.05440E-12  0.00000E+00  2.76484E-17
  9.650E+01  5.56602E-01  3.98753E-14  1.01374E-12  7.24549E-14  1.04758E-12  3.56525E-17  2.73791E-17
  9.700E+01  5.60935E-01  3.43365E-14  9.98875E-13  6.72663E-14  1.04075E-12  4.27593E-17  0.00000E+00
  9.750E+01  5.65263E-01  2.89862E-14  9.84181E-13  6.21849E-14  1.03392E-12  3.56186E-18  3.35688E-17
  9.800E+01  5.69587E-01  2.38191E-14  9.69657E-13  5.72091E-14  1.02709E-12  4.27321E-17  1.33001E-17
  9.850E+01  5.73905E-01  1.88305E-14  9.55302E-13  5.23376E-14  1.02025E-12  4.62893E-17  1.97623E-17
  9.900E+01  5.78217E-01  1.40155E-14  9.41114E-13  4.75689E-14  1.01341E-12  0.00000E+00  5.22078E-17
  9.950E+01  5.82524E-01  9.36950E-15  9.27092E-13  4.29018E-14  1.00657E-12  4.45225E-17  0.00000E+00
  1.000E+02  5.86824E-01  4.88814E-15  9.13234E-13  3.83348E-14  9.99723E-13  4.27581E-17  3.20316E-17
  1.005E+02  5.91118E-01  5.67199E-16  8.99539E-13  3.38667E-14  9.92877E-13  3.34230E-19  4.44365E-17
  1.010E+02  5.95404E-01 -3.59747E-15  8.86004E-13  2.94960E-14  9.86029E-13  4.28114E-17  1.25817E-17
  1.015E+02  5.99684E-01 -7.61004E-15  8.72628E-13  2.52216E-14  9.79182E-13  4.10628E-17  4.05252E-17
  1.020E+02  6.03956E-01 -1.14746E-14  8.59410E-13  2.10421E-14  9.72335E-13  3.57431E-18  3.08971E-17
  1.025E+02  6.08220E-01 -1.51953E-14  8.46348E-13  1.69564E-14  9.65488E-13  3.93636E-17  6.12517E-18
  1.030E+02  6.12476E-01 -1.87759E-14  8.33441E-13  1.29630E-14  9.58643E-13  4.29992E-17  3.94671E-17
  1.035E+02  6.16723E-01 -2.22201E-14  8.20687E-13  9.06094E-15  9.51799E-13  3.58860E-18  2.55828E-17
  1.040E+02  6.20961E-01 -2.55314E-14  8.08084E-13  5.24889E-15  9.44957E-13  3.23506E-17  1.41740E-17
  1.045E+02  6.25190E-01 -2.87133E-14  7.95632E-13  1.52568E-15  9.38118E-13  4.32120E-17  4.03123E-17
  1.050E+02  6.29410E-01 -3.17693E-14  7.83327E-13 -2.10984E-15  9.31281E-13  1.44323E-17  2.12704E-17
  1.055E+02  6.33619E-01 -3.47027E-14  7.71170E-13 -5.65882E-15  9.24448E-13  2.89258E-17  1.89112E-17
  1.060E+02  6.37819E-01 -3.75171E-14  7.59158E-13 -9.12241E-15  9.17618E-13  5.07356E-17  3.60674E-17
  1.065E+02  6.42008E-01 -4.02156E-14  7.47291E-13 -1.25017E-14  9.10793E-13  1.45313E-17  1.43089E-17
  1.070E+02  6.46186E-01 -4.28015E-14  7.35566E-13 -1.57979E-14  9.03971E-13  2.91381E-17  1.98701E-17
  1.075E+02  6.50353E-01 -4.52776E-14  7.23983E-13 -1.90119E-14  8.97155E-13  5.84369E-17  3.09735E-17
  1.080E+02  6.54508E-01 -4.76467E-14  7.12540E-13 -2.21450E-14  8.90343E-13  4.39556E-17  8.38005E-18
  1.085E+02  6.58652E-01 -4.99119E-14  7.01234E-13 -2.51981E-14  8.83537E-13  1.46970E-17  2.77130E-17
  1.090E+02  6.62784E-01 -5.20760E-14  6.90066E-13 -2.81723E-14  8.76736E-13  2.94893E-17  1.64978E-17
  1.095E+02  6.66903E-01 -5.41420E-14  6.79033E-13 -3.10687E-14  8.69942E-13  2.95896E-17  1.09133E-17
  1.100E+02  6.71010E-01 -5.61124E-14  6.68135E-13 -3.38882E-14  8.63153E-13  0.00000E+00  2.16589E-17
  1.105E+02  6.75104E-01 -5.79902E-14  6.57369E-13 -3.66318E-14  8.56371E-13  0.00000E+00  1.07470E-17
  1.110E+02  6.79184E-01 -5.97776E-14  6.46736E-13 -3.93006E-14  8.49596E-13  5.98429E-17  1.59990E-17
  1.115E+02  6.83251E-01 -6.14772E-14  6.36232E-13 -4.18955E-14  8.42827E-13  1.50213E-17  1.05863E-17
  1.120E+02  6.87303E-01 -6.30912E-14  6.25858E-13 -4.44175E-14  8.36066E-13  3.01692E-17  0.00000E+00
  1.125E+02  6.91342E-01 -6.46223E-14  6.15611E-13 -4.68676E-14  8.29313E-13  3.03012E-17  0.00000E+00
  1.130E+02  6.95366E-01 -6.60728E-14  6.05490E-13 -4.92466E-14  8.22566E-13  0.00000E+00  0.00000E+00
  1.135E+02  6.99375E-01 -6.74451E-14  5.95494E-13 -5.15555E-14  8.15828E-13  1.52910E-17  0.00000E+00
  1.140E+02  7.03368E-01 -6.87414E-14  5.85623E-13 -5.37953E-14  8.09098E-13  4.60964E-17  2.04144E-17
  1.145E+02  7.07347E-01 -6.99639E-14  5.75874E-13 -5.59668E-14  8.02376E-13  0.00000E+00  1.01351E-17
  1.150E+02  7.11309E-01 -7.11146E-14  5.66247E-13 -5.80709E-14  7.95663E-13  1.55232E-17  0.00000E+00
  1.155E+02  7.15256E-01 -7.21956E-14  5.56739E-13 -6.01085E-14  7.88958E-13  3.12130E-17  1.99888E-17
  1.160E+02  7.19186E-01 -7.32087E-14  5.47351E-13 -6.20806E-14  7.82262E-13  1.56929E-17  9.92577E-18
  1.165E+02  7.23099E-01 -7.41563E-14  5.38080E-13 -6.39878E-14  7.75574E-13  1.57824E-17  0.00000E+00
  1.170E+02  7.26995E-01 -7.50402E-14  5.28926E-13 -6.58311E-14  7.68896E-13  1.58751E-17  1.95837E-17
  1.175E+02  7.30874E-01 -7.58624E-14  5.19887E-13 -6.76114E-14  7.62227E-13  1.91652E-16  0.00000E+00
  1.180E+02  7.34736E-01 -7.66248E-14  5.10963E-13 -6.93294E-14  7.55568E-13  0.00000E+00  0.00000E+00
  1.185E+02  7.38579E-01 -7.73290E-14  5.02153E-13 -7.09861E-14  7.48918E-13  6.46907E-17  0.00000E+00
  1.190E+02  7.42405E-01 -7.79766E-14  4.93454E-13 -7.25821E-14  7.42277E-13  1.95344E-16  0.00000E+00
  1.195E+02  7.46212E-01 -7.85696E-14  4.84865E-13 -7.41182E-14  7.35646E-13  0.00000E+00  0.00000E+00
  1.200E+02  7.50000E-01 -7.91095E-14  4.76387E-13 -7.55954E-14  7.29025E-13  3.30021E-17  0.00000E+00
  1.205E+02  7.53769E-01 -7.95982E-14  4.68017E-13 -7.70143E-14  7.22414E-13  1.99412E-16  0.00000E+00
  1.210E+02  7.57519E-01 -8.00374E-14  4.59756E-13 -7.83758E-14  7.15813E-13  6.69520E-17  0.00000E+00
  1.215E+02  7.61249E-01 -8.04286E-14  4.51601E-13 -7.96805E-14  7.09222E-13  3.37242E-17  0.00000E+00
  1.220E+02  7.64960E-01 -8.07731E-14  4.43552E-13 -8.09293E-14  7.02641E-13  1.35921E-16  1.83687E-17
  1.225E+02  7.68650E-01 -8.10725E-14  4.35608E-13 -8.21229E-14  6.96071E-13  1.02732E-16  0.00000E+00
  1.230E+02  7.72320E-01 -8.13282E-14  4.27766E-13 -8.32620E-14  6.89510E-13  6.90320E-17  0.00000E+00
  1.235E+02  7.75968E-01 -8.15417E-14  4.20027E-13 -8.43474E-14  6.82960E-13  1.39185E-16  0.00000E+00
  1.240E+02  7.79596E-01 -8.17145E-14  4.12390E-13 -8.53798E-14  6.76421E-13  1.05255E-16  0.00000E+00
  1.245E+02  7.83203E-01 -8.18481E-14  4.04854E-13 -8.63598E-14  6.69892E-13  7.07645E-17  1.78317E-17
  1.250E+02  7.86788E-01 -8.19437E-14  3.97418E-13 -8.72883E-14  6.63373E-13  1.42754E-16  1.77294E-17
  1.255E+02  7.90351E-01 -8.20027E-14  3.90080E-13 -8.81658E-14  6.56865E-13  1.08011E-16  0.00000E+00
  1.260E+02  7.93893E-01 -8.20262E-14  3.82840E-13 -8.89932E-14  6.50368E-13  3.63282E-17  1.75298E-17
  1.265E+02  7.97411E-01 -8.20153E-14  3.75697E-13 -8.97710E-14  6.43881E-13  1.83312E-16  1.74325E-17
  1.270E+02  8.00908E-01 -8.19715E-14  3.68649E-13 -9.04999E-14  6.37405E-13  7.40123E-17  0.00000E+00
  1.275E+02  8.04381E-01 -8.18959E-14  3.61697E-13 -9.11807E-14  6.30940E-13  0.00000E+00  1.72424E-17
  1.280E+02  8.07831E-01 -8.17900E-14  3.54839E-13 -9.18139E-14  6.24485E-13  1.88620E-16  0.00000E+00
  1.285E+02  8.11257E-01 -8.16548E-14  3.48074E-13 -9.24002E-14  6.18042E-13  0.00000E+00  1.70585E-17
  1.290E+02  8.14660E-01 -8.14913E-14  3.41402E-13 -9.29403E-14  6.11608E-13  3.84840E-17  0.00000E+00
  1.295E+02  8.18039E-01 -8.13005E-14  3.34821E-13 -9.34348E-14  6.05186E-13  1.94402E-16  0.00000E+00
  1.300E+02  8.21394E-01 -8.10835E-14  3.28331E-13 -9.38843E-14  5.98774E-13  3.92882E-17  0.00000E+00
  1.305E+02  8.24724E-01 -8.08414E-14  3.21930E-13 -9.42896E-14  5.92373E-13  0.00000E+00  0.00000E+00
  1.310E+02  8.28030E-01 -8.05753E-14  3.15619E-13 -9.46511E-14  5.85983E-13  1.20417E-16  0.00000E+00
  1.315E+02  8.31310E-01 -8.02862E-14  3.09396E-13 -9.49694E-14  5.79604E-13  4.05826E-17  0.00000E+00
  1.320E+02  8.34565E-01 -7.99753E-14  3.03260E-13 -9.52453E-14  5.73235E-13  0.00000E+00  0.00000E+00
  1.325E+02  8.37795E-01 -7.96433E-14  2.97212E-13 -9.54794E-14  5.66877E-13  1.24524E-16  0.00000E+00
  1.330E+02  8.40999E-01 -7.92911E-14  2.91249E-13 -9.56721E-14  5.60529E-13  4.19904E-17  0.00000E+00
  1.335E+02  8.44177E-01 -7.89196E-14  2.85371E-13 -9.58241E-14  5.54193E-13  8.49730E-17  0.00000E+00
  1.340E+02  8.47329E-01 -7.85296E-14  2.79577E-13 -9.59360E-14  5.47866E-13  1.28990E-16  0.00000E+00
  1.345E+02  8.50455E-01 -7.81222E-14  2.73867E-13 -9.60083E-14  5.41551E-13  4.35213E-17  0.00000E+00
  1.350E+02  8.53553E-01 -7.76983E-14  2.68240E-13 -9.60417E-14  5.35246E-13  0.00000E+00  0.00000E+00
  1.355E+02  8.56625E-01 -7.72588E-14  2.62695E-13 -9.60367E-14  5.28951E-13  2.67691E-16  0.00000E+00
  1.360E+02  8.59670E-01 -7.68045E-14  2.57232E-13 -9.59939E-14  5.22667E-13  4.51854E-17  0.00000E+00
  1.365E+02  8.62687E-01 -7.63361E-14  2.51850E-13 -9.59137E-14  5.16393E-13  4.57717E-17  0.00000E+00
  1.370E+02  8.65677E-01 -7.58542E-14  2.46548E-13 -9.57969E-14  5.10130E-13  9.27491E-17  0.00000E+00
  1.375E+02  8.68639E-01 -7.53595E-14  2.41324E-13 -9.56439E-14  5.03877E-13  4.69945E-17  0.00000E+00
  1.380E+02  8.71572E-01 -7.48531E-14  2.36180E-13 -9.54552E-14  4.97634E-13  4.76319E-17  0.00000E+00
  1.385E+02  8.74478E-01 -7.43356E-14  2.31113E-13 -9.52314E-14  4.91402E-13  4.82872E-17  0.00000E+00
  1.390E+02  8.77355E-01 -7.38080E-14  2.26124E-13 -9.49731E-14  4.85179E-13  4.89610E-17  0.00000E+00
  1.395E+02  8.80203E-01 -7.32709E-14  2.21212E-13 -9.46807E-14  4.78967E-13  4.96537E-17  0.00000E+00
  1.400E+02  8.83022E-01 -7.27248E-14  2.16377E-13 -9.43548E-14  4.72765E-13  5.03659E-17  0.00000E+00
  1.405E+02  8.85812E-01 -7.21702E-14  2.11616E-13 -9.39960E-14  4.66572E-13  5.10983E-17  0.00000E+00
  1.410E+02  8.88573E-01 -7.16079E-14  2.06931E-13 -9.36046E-14  4.60390E-13  5.18513E-17  0.00000E+00
  1.415E+02  8.91304E-01 -7.10384E-14  2.02319E-13 -9.31813E-14  4.54217E-13  0.00000E+00  0.00000E+00
  1.420E+02  8.94005E-01 -7.04627E-14  1.97781E-13 -9.27266E-14  4.48054E-13  5.34219E-17  0.00000E+00
  1.425E+02  8.96677E-01 -6.98815E-14  1.93317E-13 -9.22408E-14  4.41901E-13  5.42403E-17  0.00000E+00
  1.430E+02  8.99318E-01 -6.92954E-14  1.88925E-13 -9.17246E-14  4.35757E-13  0.00000E+00  0.00000E+00
  1.435E+02  9.01928E-01 -6.87047E-14  1.84606E-13 -9.11785E-14  4.29623E-13  1.11893E-16  0.00000E+00
  1.440E+02  9.04508E-01 -6.81097E-14  1.80358E-13 -9.06029E-14  4.23499E-13  1.70507E-16  0.00000E+00
  1.445E+02  9.07058E-01 -6.75111E-14  1.76180E-13 -8.99983E-14  4.17383E-13  0.00000E+00  0.00000E+00
  1.450E+02  9.09576E-01 -6.69095E-14  1.72072E-13 -8.93652E-14  4.11277E-13  5.86905E-17  0.00000E+00
  1.455E+02  9.12063E-01 -6.63058E-14  1.68035E-13 -8.87040E-14  4.05180E-13  1.19313E-16  0.00000E+00
  1.460E+02  9.14519E-01 -6.57006E-14  1.64068E-13 -8.80154E-14  3.99092E-13  0.00000E+00  0.00000E+00
  1.465E+02  9.16943E-01 -6.50942E-14  1.60169E-13 -8.72996E-14  3.93013E-13  1.23340E-16  0.00000E+00
  1.470E+02  9.19335E-01 -6.44869E-14  1.56339E-13 -8.65573E-14  3.86943E-13  1.25438E-16  0.00000E+00
  1.475E+02  9.21696E-01 -6.38790E-14  1.52575E-13 -8.57888E-14  3.80882E-13  0.00000E+00  0.00000E+00
  1.480E+02  9.24024E-01 -6.32712E-14  1.48879E-13 -8.49946E-14  3.74829E-13  1.29810E-16  0.00000E+00
  1.485E+02  9.26320E-01 -6.26640E-14  1.45250E-13 -8.41752E-14  3.68785E-13  0.00000E+00  0.00000E+00
  1.490E+02  9.28584E-01 -6.20580E-14  1.41688E-13 -8.33311E-14  3.62750E-13  6.72122E-17  2.87730E-17
  1.495E+02  9.30815E-01 -6.14537E-14  1.38192E-13 -8.24626E-14  3.56722E-13  1.36826E-16  0.00000E+00
  1.500E+02  9.33013E-01 -6.08515E-14  1.34762E-13 -8.15703E-14  3.50703E-13  0.00000E+00  0.00000E+00
  1.505E+02  9.35178E-01 -6.02516E-14  1.31396E-13 -8.06545E-14  3.44693E-13  1.41824E-16  8.55512E-17
  1.510E+02  9.37310E-01 -5.96543E-14  1.28095E-13 -7.97158E-14  3.38690E-13  7.22119E-17  0.00000E+00
  1.515E+02  9.39409E-01 -5.90601E-14  1.24858E-13 -7.87546E-14  3.32695E-13  7.35463E-17  2.83550E-17
  1.520E+02  9.41474E-01 -5.84695E-14  1.21684E-13 -7.77712E-14  3.26708E-13  7.49155E-17  8.48294E-17
  1.525E+02  9.43505E-01 -5.78829E-14  1.18575E-13 -7.67663E-14  3.20729E-13  1.52640E-16  0.00000E+00
  1.530E+02  9.45503E-01 -5.73008E-14  1.15528E-13 -7.57401E-14  3.14758E-13  0.00000E+00  8.43732E-17
  1.535E+02  9.47467E-01 -5.67236E-14  1.12544E-13 -7.46930E-14  3.08793E-13  7.92366E-17  5.61016E-17
  1.540E+02  9.49397E-01 -5.61514E-14  1.09623E-13 -7.36257E-14  3.02837E-13  8.07496E-17  0.00000E+00
  1.545E+02  9.51293E-01 -5.55845E-14  1.06763E-13 -7.25384E-14  2.96887E-13  0.00000E+00  1.39542E-16
  1.550E+02  9.53154E-01 -5.50233E-14  1.03964E-13 -7.14316E-14  2.90945E-13  8.38877E-17  5.56792E-17
  1.555E+02  9.54981E-01 -5.44680E-14  1.01227E-13 -7.03057E-14  2.85010E-13  8.55130E-17  0.00000E+00
  1.560E+02  9.56773E-01 -5.39192E-14  9.85497E-14 -6.91611E-14  2.79081E-13  8.71758E-17  1.38533E-16
  1.565E+02  9.58530E-01 -5.33773E-14  9.59337E-14 -6.79982E-14  2.73159E-13  1.77751E-16  5.52851E-17
  1.570E+02  9.60252E-01 -5.28425E-14  9.33779E-14 -6.68175E-14  2.67244E-13  1.81226E-16  2.75799E-17
  1.575E+02  9.61940E-01 -5.23151E-14  9.08820E-14 -6.56193E-14  2.61336E-13  1.84774E-16  1.10075E-16
  1.580E+02  9.63592E-01 -5.17951E-14  8.84453E-14 -6.44042E-14  2.55434E-13  1.88396E-16  2.74592E-17
  1.585E+02  9.65209E-01 -5.12829E-14  8.60675E-14 -6.31724E-14  2.49538E-13  1.92090E-16  8.22035E-17
  1.590E+02  9.66790E-01 -5.07787E-14  8.37483E-14 -6.19243E-14  2.43648E-13  3.91712E-16  0.00000E+00
  1.595E+02  9.68336E-01 -5.02830E-14  8.14878E-14 -6.06605E-14  2.37764E-13  2.99535E-16  0.00000E+00
  1.600E+02  9.69846E-01 -4.97961E-14  7.92858E-14 -5.93813E-14  2.31887E-13  3.05386E-16  5.44715E-17
  1.605E+02  9.71321E-01 -4.93183E-14  7.71420E-14 -5.80870E-14  2.26014E-13  2.07554E-16  0.00000E+00
  1.610E+02  9.72759E-01 -4.88497E-14  7.50561E-14 -5.67781E-14  2.20148E-13  3.17368E-16  0.00000E+00
  1.615E+02  9.74162E-01 -4.83905E-14  7.30274E-14 -5.54551E-14  2.14287E-13  3.23491E-16  1.08334E-16
  1.620E+02  9.75528E-01 -4.79406E-14  7.10555E-14 -5.41181E-14  2.08431E-13  3.29695E-16  5.40710E-17
  1.625E+02  9.76858E-01 -4.75005E-14  6.91404E-14 -5.27678E-14  2.02581E-13  3.35974E-16  5.39780E-17
  1.630E+02  9.78152E-01 -4.70705E-14  6.72819E-14 -5.14044E-14  1.96735E-13  4.56424E-16  1.07776E-16
  1.635E+02  9.79410E-01 -4.66508E-14  6.54802E-14 -5.00284E-14  1.90895E-13  6.97436E-16  5.38004E-17
  1.640E+02  9.80631E-01 -4.62418E-14  6.37350E-14 -4.86401E-14  1.85059E-13  7.10329E-16  1.07432E-16
  1.645E+02  9.81815E-01 -4.58436E-14  6.20459E-14 -4.72399E-14  1.79228E-13  1.20549E-16  5.36339E-17
  1.650E+02  9.82963E-01 -4.54561E-14  6.04125E-14 -4.58282E-14  1.73402E-13  3.68159E-16  5.35548E-17
  1.655E+02  9.84074E-01 -4.50795E-14  5.88343E-14 -4.44054E-14  1.67580E-13  4.99581E-16  1.06957E-16
  1.660E+02  9.85148E-01 -4.47139E-14  5.73112E-14 -4.29719E-14  1.61762E-13  2.54145E-16  5.34048E-17
  1.665E+02  9.86185E-01 -4.43596E-14  5.58432E-14 -4.15281E-14  1.55948E-13  3.87738E-16  1.06668E-16
  1.670E+02  9.87185E-01 -4.40170E-14  5.44304E-14 -4.00742E-14  1.50138E-13  5.25641E-16  1.06531E-16
  1.675E+02  9.88148E-01 -4.36862E-14  5.30728E-14 -3.86108E-14  1.44332E-13  2.67120E-16  5.32000E-17
  1.680E+02  9.89074E-01 -4.33674E-14  5.17700E-14 -3.71382E-14  1.38530E-13  8.14145E-16  1.06274E-16
  1.685E+02  9.89962E-01 -4.30605E-14  5.05217E-14 -3.56568E-14  1.32731E-13  4.13391E-16  2.65384E-16
  1.690E+02  9.90814E-01 -4.27655E-14  4.93272E-14 -3.41669E-14  1.26936E-13  1.39874E-16  5.30192E-17
  1.695E+02  9.91627E-01 -4.24826E-14  4.81866E-14 -3.26689E-14  1.21144E-13  7.09581E-16  3.17785E-16
  1.700E+02  9.92404E-01 -4.22119E-14  4.70999E-14 -3.11632E-14  1.15355E-13  8.63501E-16  2.64559E-16
  1.705E+02  9.93143E-01 -4.19538E-14  4.60672E-14 -2.96502E-14  1.09569E-13  4.37607E-16  5.28621E-17
  1.710E+02  9.93844E-01 -4.17085E-14  4.50887E-14 -2.81302E-14  1.03785E-13  7.38831E-16  4.22520E-16
  1.715E+02  9.94508E-01 -4.14760E-14  4.41641E-14 -2.66036E-14  9.80049E-14  8.97615E-16  2.11082E-16
  1.720E+02  9.95134E-01 -4.12564E-14  4.32930E-14 -2.50709E-14  9.22268E-14  3.02745E-16  1.58185E-16
  1.725E+02  9.95722E-01 -4.10494E-14  4.24749E-14 -2.35322E-14  8.64511E-14  9.18428E-16  5.79580E-16
  1.730E+02  9.96273E-01 -4.08551E-14  4.17096E-14 -2.19881E-14  8.06777E-14  7.73468E-16  5.26523E-16
  1.735E+02  9.96786E-01 -4.06737E-14  4.09973E-14 -2.04388E-14  7.49063E-14  0.00000E+00  5.26180E-17
  1.740E+02  9.97261E-01 -4.05055E-14  4.03382E-14 -1.88849E-14  6.91368E-14  7.88409E-16  6.31037E-16
  1.745E+02  9.97698E-01 -4.03508E-14  3.97326E-14 -1.73265E-14  6.33691E-14  6.36140E-16  7.35802E-16
  1.750E+02  9.98097E-01 -4.02095E-14  3.91805E-14 -1.57641E-14  5.76031E-14  3.20574E-16  1.05061E-16
  1.755E+02  9.98459E-01 -4.00816E-14  3.86813E-14 -1.41981E-14  5.18385E-14  6.45737E-16  7.87600E-16
  1.760E+02  9.98782E-01 -3.99669E-14  3.82344E-14 -1.26288E-14  4.60753E-14  4.06185E-16  1.04970E-15
  1.765E+02  9.99067E-01 -3.98653E-14  3.78397E-14 -1.10566E-14  4.03133E-14  1.63403E-16  5.24662E-17
  1.770E+02  9.99315E-01 -3.97768E-14  3.74972E-14 -9.48178E-15  3.45523E-14  8.21088E-16  1.25880E-15
  1.775E+02  9.99524E-01 -3.97018E-14  3.72074E-14 -7.90482E-15  2.87922E-14  2.47368E-16  1.88769E-15
  1.780E+02  9.99695E-01 -3.96408E-14  3.69709E-14 -6.32603E-15  2.30329E-14  6.61931E-16  4.19397E-16
  1.785E+02  9.99829E-01 -3.95937E-14  3.67879E-14 -4.74578E-15  1.72741E-14  9.95554E-16  3.30220E-15
  1.790E+02  9.99924E-01 -3.95605E-14  3.66580E-14 -3.16445E-15  1.15158E-14  1.66241E-16  7.44216E-15
  1.795E+02  9.99981E-01 -3.95410E-14  3.65804E-14 -1.58240E-15  5.75784E-15  1.33143E-15  5.08336E-15
  1.800E+02  1.00000E+00 -3.95341E-14  3.65551E-14 -2.22074E-29  8.08017E-29  2.82202E-14  4.54343E-11
