 #  Spin polarization functions (in cm)      MU=(1-cos(TH))/2
 #  Z =  79,   projectile: electron
 #  Kinetic energy = 8.00000E+06 eV
 #
 # TH (deg)      MU            U            S            T      1-U^2-T^2-S^2
 #------------------------------------------------------------------------------
  0.000E+00  0.00000E+00  0.00000E+00  0.00000E+00  1.00000E+00  0.00000E+00
  1.000E-04  7.61557E-13  1.64053E-06  7.50277E-12  1.00000E+00  0.00000E+00
  1.250E-04  1.18994E-12  2.05067E-06  9.37826E-12  1.00000E+00  1.11022E-16
  1.500E-04  1.71346E-12  2.46080E-06  1.12536E-11  1.00000E+00  0.00000E+00
  1.750E-04  2.33225E-12  2.87094E-06  1.31288E-11  1.00000E+00  0.00000E+00
  2.000E-04  3.04617E-12  3.28107E-06  1.50038E-11  1.00000E+00  2.22045E-16
  2.250E-04  3.85530E-12  3.69120E-06  1.68786E-11  1.00000E+00 -2.22045E-16
  2.500E-04  4.75964E-12  4.10134E-06  1.87532E-11  1.00000E+00 -2.22045E-16
  2.750E-04  5.75917E-12  4.51147E-06  2.06274E-11  1.00000E+00  1.11022E-16
  3.000E-04  6.85391E-12  4.92160E-06  2.25014E-11  1.00000E+00  2.22045E-16
  3.250E-04  8.04379E-12  5.33174E-06  2.43751E-11  1.00000E+00  0.00000E+00
  3.500E-04  9.32893E-12  5.74187E-06  2.62484E-11  1.00000E+00 -2.22045E-16
  3.750E-04  1.07092E-11  6.15201E-06  2.81213E-11  1.00000E+00 -4.44089E-16
  4.000E-04  1.21847E-11  6.56214E-06  2.99939E-11  1.00000E+00 -2.22045E-16
  4.250E-04  1.37554E-11  6.97227E-06  3.18660E-11  1.00000E+00 -2.22045E-16
  4.500E-04  1.54213E-11  7.38241E-06  3.37376E-11  1.00000E+00 -2.22045E-16
  4.750E-04  1.71823E-11  7.79254E-06  3.56088E-11  1.00000E+00 -2.22045E-16
  5.000E-04  1.90386E-11  8.20267E-06  3.74794E-11  1.00000E+00  1.11022E-16
  5.250E-04  2.09900E-11  8.61281E-06  3.93495E-11  1.00000E+00  2.22045E-16
  5.500E-04  2.30367E-11  9.02294E-06  4.12191E-11  1.00000E+00  1.11022E-16
  5.750E-04  2.51785E-11  9.43308E-06  4.30881E-11  1.00000E+00  0.00000E+00
  6.000E-04  2.74156E-11  9.84321E-06  4.49564E-11  1.00000E+00  1.11022E-16
  6.250E-04  2.97478E-11  1.02533E-05  4.68241E-11  1.00000E+00  0.00000E+00
  6.500E-04  3.21752E-11  1.06635E-05  4.86912E-11  1.00000E+00  0.00000E+00
  6.750E-04  3.46979E-11  1.10736E-05  5.05575E-11  1.00000E+00  0.00000E+00
  7.000E-04  3.73157E-11  1.14837E-05  5.24232E-11  1.00000E+00  3.33067E-16
  7.250E-04  4.00286E-11  1.18939E-05  5.42880E-11  1.00000E+00  2.22045E-16
  7.500E-04  4.28368E-11  1.23040E-05  5.61522E-11  1.00000E+00  2.22045E-16
  7.750E-04  4.57402E-11  1.27141E-05  5.80155E-11  1.00000E+00 -2.22045E-16
  8.000E-04  4.87388E-11  1.31243E-05  5.98780E-11  1.00000E+00 -2.22045E-16
  8.250E-04  5.18325E-11  1.35344E-05  6.17396E-11  1.00000E+00  2.22045E-16
  8.500E-04  5.50215E-11  1.39445E-05  6.36004E-11  1.00000E+00  2.22045E-16
  8.750E-04  5.83057E-11  1.43547E-05  6.54603E-11  1.00000E+00  1.11022E-16
  9.000E-04  6.16850E-11  1.47648E-05  6.73192E-11  1.00000E+00  1.11022E-16
  9.250E-04  6.51595E-11  1.51749E-05  6.91772E-11  1.00000E+00  2.22045E-16
  9.500E-04  6.87293E-11  1.55851E-05  7.10342E-11  1.00000E+00  2.22045E-16
  9.750E-04  7.23943E-11  1.59952E-05  7.28902E-11  1.00000E+00 -2.22045E-16
  1.000E-03  7.61544E-11  1.64054E-05  7.47452E-11  1.00000E+00  3.33067E-16
  1.250E-03  1.18991E-10  2.05067E-05  9.32333E-11  1.00000E+00  0.00000E+00
  1.500E-03  1.71347E-10  2.46080E-05  1.11592E-10  1.00000E+00 -2.22045E-16
  1.750E-03  2.33223E-10  2.87094E-05  1.29798E-10  1.00000E+00 -2.22045E-16
  2.000E-03  3.04617E-10  3.28107E-05  1.47830E-10  1.00000E+00  1.11022E-16
  2.250E-03  3.85531E-10  3.69121E-05  1.65668E-10  1.00000E+00  0.00000E+00
  2.500E-03  4.75965E-10  4.10134E-05  1.83294E-10  1.00000E+00 -2.22045E-16
  2.750E-03  5.75917E-10  4.51147E-05  2.00691E-10  1.00000E+00 -2.22045E-16
  3.000E-03  6.85389E-10  4.92161E-05  2.17847E-10  1.00000E+00  1.11022E-16
  3.250E-03  8.04380E-10  5.33174E-05  2.34748E-10  1.00000E+00 -2.22045E-16
  3.500E-03  9.32891E-10  5.74188E-05  2.51388E-10  1.00000E+00 -2.22045E-16
  3.750E-03  1.07092E-09  6.15202E-05  2.67758E-10  1.00000E+00  0.00000E+00
  4.000E-03  1.21847E-09  6.56215E-05  2.83856E-10  1.00000E+00  2.22045E-16
  4.250E-03  1.37554E-09  6.97229E-05  2.99680E-10  1.00000E+00  0.00000E+00
  4.500E-03  1.54213E-09  7.38242E-05  3.15232E-10  1.00000E+00 -2.22045E-16
  4.750E-03  1.71823E-09  7.79256E-05  3.30517E-10  1.00000E+00  0.00000E+00
  5.000E-03  1.90386E-09  8.20270E-05  3.45542E-10  1.00000E+00 -2.22045E-16
  5.250E-03  2.09900E-09  8.61283E-05  3.60317E-10  1.00000E+00 -2.22045E-16
  5.500E-03  2.30367E-09  9.02297E-05  3.74854E-10  1.00000E+00  1.11022E-16
  5.750E-03  2.51785E-09  9.43311E-05  3.89169E-10  1.00000E+00  0.00000E+00
  6.000E-03  2.74156E-09  9.84324E-05  4.03279E-10  1.00000E+00 -2.22045E-16
  6.250E-03  2.97478E-09  1.02534E-04  4.17205E-10  1.00000E+00 -4.44089E-16
  6.500E-03  3.21752E-09  1.06635E-04  4.30967E-10  1.00000E+00  0.00000E+00
  6.750E-03  3.46978E-09  1.10737E-04  4.44590E-10  1.00000E+00  2.22045E-16
  7.000E-03  3.73156E-09  1.14838E-04  4.58101E-10  1.00000E+00  1.11022E-16
  7.250E-03  4.00286E-09  1.18939E-04  4.71525E-10  1.00000E+00  1.11022E-16
  7.500E-03  4.28368E-09  1.23041E-04  4.84892E-10  1.00000E+00 -2.22045E-16
  7.750E-03  4.57402E-09  1.27142E-04  4.98232E-10  1.00000E+00 -4.44089E-16
  8.000E-03  4.87388E-09  1.31243E-04  5.11574E-10  1.00000E+00  1.11022E-16
  8.250E-03  5.18326E-09  1.35345E-04  5.24952E-10  1.00000E+00 -2.22045E-16
  8.500E-03  5.50215E-09  1.39446E-04  5.38394E-10  1.00000E+00 -2.22045E-16
  8.750E-03  5.83057E-09  1.43548E-04  5.51934E-10  1.00000E+00 -4.44089E-16
  9.000E-03  6.16850E-09  1.47649E-04  5.65602E-10  1.00000E+00  4.44089E-16
  9.250E-03  6.51596E-09  1.51750E-04  5.79430E-10  1.00000E+00  0.00000E+00
  9.500E-03  6.87293E-09  1.55852E-04  5.93446E-10  1.00000E+00  0.00000E+00
  9.750E-03  7.23942E-09  1.59953E-04  6.07682E-10  1.00000E+00  0.00000E+00
  1.000E-02  7.61544E-09  1.64055E-04  6.22163E-10  1.00000E+00  1.11022E-16
  1.250E-02  1.18991E-08  2.05068E-04  7.85264E-10  1.00000E+00  4.44089E-16
  1.500E-02  1.71347E-08  2.46082E-04  9.87075E-10  1.00000E+00 -2.22045E-16
  1.750E-02  2.33223E-08  2.87095E-04  1.21597E-09  1.00000E+00  2.22045E-16
  2.000E-02  3.04617E-08  3.28109E-04  1.44841E-09  1.00000E+00  0.00000E+00
  2.250E-02  3.85531E-08  3.69123E-04  1.67312E-09  1.00000E+00  0.00000E+00
  2.500E-02  4.75965E-08  4.10136E-04  1.90410E-09  1.00000E+00  0.00000E+00
  2.750E-02  5.75917E-08  4.51150E-04  2.16844E-09  1.00000E+00  2.22045E-16
  3.000E-02  6.85389E-08  4.92164E-04  2.47939E-09  1.00000E+00 -2.22045E-16
  3.250E-02  8.04380E-08  5.33178E-04  2.82181E-09  1.00000E+00  0.00000E+00
  3.500E-02  9.32891E-08  5.74191E-04  3.16680E-09  1.00000E+00  1.11022E-16
  3.750E-02  1.07092E-07  6.15205E-04  3.50278E-09  1.00000E+00  2.22045E-16
  4.000E-02  1.21847E-07  6.56219E-04  3.85078E-09  1.00000E+00  1.11022E-16
  4.250E-02  1.37554E-07  6.97233E-04  4.24524E-09  1.00000E+00  1.11022E-16
  4.500E-02  1.54213E-07  7.38247E-04  4.69781E-09  1.00000E+00  1.11022E-16
  4.750E-02  1.71823E-07  7.79261E-04  5.18233E-09  1.00000E+00  1.11022E-16
  5.000E-02  1.90386E-07  8.20274E-04  5.66018E-09  1.00000E+00  2.22045E-16
  5.250E-02  2.09900E-07  8.61288E-04  6.12239E-09  1.00000E+00  2.22045E-16
  5.500E-02  2.30367E-07  9.02303E-04  6.60337E-09  1.00000E+00  2.22045E-16
  5.750E-02  2.51785E-07  9.43317E-04  7.14783E-09  1.00000E+00  0.00000E+00
  6.000E-02  2.74156E-07  9.84331E-04  7.76261E-09  1.00000E+00  0.00000E+00
  6.250E-02  2.97478E-07  1.02534E-03  8.40531E-09  9.99999E-01 -2.22045E-16
  6.500E-02  3.21752E-07  1.06636E-03  9.02612E-09  9.99999E-01 -2.22045E-16
  6.750E-02  3.46978E-07  1.10737E-03  9.62163E-09  9.99999E-01  3.33067E-16
  7.000E-02  3.73156E-07  1.14839E-03  1.02424E-08  9.99999E-01  2.22045E-16
  7.250E-02  4.00286E-07  1.18940E-03  1.09423E-08  9.99999E-01 -4.44089E-16
  7.500E-02  4.28368E-07  1.23042E-03  1.17201E-08  9.99999E-01 -2.22045E-16
  7.750E-02  4.57402E-07  1.27143E-03  1.25179E-08  9.99999E-01  0.00000E+00
  8.000E-02  4.87388E-07  1.31244E-03  1.32807E-08  9.99999E-01  3.33067E-16
  8.250E-02  5.18325E-07  1.35346E-03  1.40166E-08  9.99999E-01  0.00000E+00
  8.500E-02  5.50215E-07  1.39447E-03  1.47900E-08  9.99999E-01 -2.22045E-16
  8.750E-02  5.83057E-07  1.43549E-03  1.56526E-08  9.99999E-01  1.11022E-16
  9.000E-02  6.16850E-07  1.47650E-03  1.65856E-08  9.99999E-01  1.11022E-16
  9.250E-02  6.51596E-07  1.51752E-03  1.75172E-08  9.99999E-01  0.00000E+00
  9.500E-02  6.87293E-07  1.55853E-03  1.84011E-08  9.99999E-01 -2.22045E-16
  9.750E-02  7.23942E-07  1.59955E-03  1.92693E-08  9.99999E-01  0.00000E+00
  1.000E-01  7.61543E-07  1.64056E-03  2.02004E-08  9.99999E-01  0.00000E+00
  1.250E-01  1.18991E-06  2.05071E-03  3.10946E-08  9.99998E-01 -2.22045E-16
  1.500E-01  1.71347E-06  2.46086E-03  4.41641E-08  9.99997E-01 -2.22045E-16
  1.750E-01  2.33223E-06  2.87102E-03  5.92374E-08  9.99996E-01  0.00000E+00
  2.000E-01  3.04617E-06  3.28118E-03  7.60783E-08  9.99995E-01 -2.22045E-16
  2.250E-01  3.85531E-06  3.69135E-03  9.56788E-08  9.99993E-01  0.00000E+00
  2.500E-01  4.75964E-06  4.10152E-03  1.16972E-07  9.99992E-01  0.00000E+00
  2.750E-01  5.75916E-06  4.51169E-03  1.39147E-07  9.99990E-01  0.00000E+00
  3.000E-01  6.85388E-06  4.92188E-03  1.63032E-07  9.99988E-01 -2.22045E-16
  3.250E-01  8.04378E-06  5.33207E-03  1.88791E-07  9.99986E-01  2.22045E-16
  3.500E-01  9.32888E-06  5.74226E-03  2.15757E-07  9.99984E-01  0.00000E+00
  3.750E-01  1.07092E-05  6.15246E-03  2.43181E-07  9.99981E-01  0.00000E+00
  4.000E-01  1.21846E-05  6.56266E-03  2.72581E-07  9.99978E-01  2.22045E-16
  4.250E-01  1.37553E-05  6.97287E-03  3.05216E-07  9.99976E-01  0.00000E+00
  4.500E-01  1.54212E-05  7.38308E-03  3.38887E-07  9.99973E-01  0.00000E+00
  4.750E-01  1.71822E-05  7.79329E-03  3.73169E-07  9.99970E-01 -2.22045E-16
  5.000E-01  1.90385E-05  8.20351E-03  4.10615E-07  9.99966E-01  0.00000E+00
  5.250E-01  2.09899E-05  8.61374E-03  4.51650E-07  9.99963E-01  1.11022E-16
  5.500E-01  2.30365E-05  9.02397E-03  4.92390E-07  9.99959E-01  2.22045E-16
  5.750E-01  2.51783E-05  9.43420E-03  5.33943E-07  9.99955E-01 -4.44089E-16
  6.000E-01  2.74153E-05  9.84443E-03  5.79247E-07  9.99952E-01  1.11022E-16
  6.250E-01  2.97475E-05  1.02547E-02  6.26791E-07  9.99947E-01 -2.22045E-16
  6.500E-01  3.21749E-05  1.06649E-02  6.72748E-07  9.99943E-01  0.00000E+00
  6.750E-01  3.46974E-05  1.10752E-02  7.20353E-07  9.99939E-01  2.22045E-16
  7.000E-01  3.73152E-05  1.14854E-02  7.71472E-07  9.99934E-01  3.33067E-16
  7.250E-01  4.00281E-05  1.18957E-02  8.23396E-07  9.99929E-01  1.11022E-16
  7.500E-01  4.28362E-05  1.23059E-02  8.73798E-07  9.99924E-01 -2.22045E-16
  7.750E-01  4.57395E-05  1.27162E-02  9.26173E-07  9.99919E-01  0.00000E+00
  8.000E-01  4.87380E-05  1.31265E-02  9.82168E-07  9.99914E-01  1.11022E-16
  8.250E-01  5.18317E-05  1.35368E-02  1.03864E-06  9.99908E-01  2.22045E-16
  8.500E-01  5.50205E-05  1.39470E-02  1.09323E-06  9.99903E-01 -2.22045E-16
  8.750E-01  5.83045E-05  1.43573E-02  1.15131E-06  9.99897E-01  1.11022E-16
  9.000E-01  6.16838E-05  1.47676E-02  1.21319E-06  9.99891E-01 -2.22045E-16
  9.250E-01  6.51582E-05  1.51779E-02  1.27458E-06  9.99885E-01  0.00000E+00
  9.500E-01  6.87277E-05  1.55882E-02  1.33552E-06  9.99878E-01  0.00000E+00
  9.750E-01  7.23925E-05  1.59985E-02  1.40079E-06  9.99872E-01  1.11022E-16
  1.000E+00  7.61524E-05  1.64088E-02  1.46781E-06  9.99865E-01 -2.22045E-16
  1.100E+00  9.21439E-05  1.80500E-02  1.75134E-06  9.99837E-01  2.22045E-16
  1.200E+00  1.09658E-04  1.96913E-02  2.06563E-06  9.99806E-01  2.22045E-16
  1.300E+00  1.28695E-04  2.13326E-02  2.41215E-06  9.99772E-01  1.11022E-16
  1.400E+00  1.49255E-04  2.29740E-02  2.78930E-06  9.99736E-01 -4.44089E-16
  1.500E+00  1.71338E-04  2.46154E-02  3.19731E-06  9.99697E-01  0.00000E+00
  1.600E+00  1.94942E-04  2.62568E-02  3.63678E-06  9.99655E-01 -2.22045E-16
  1.700E+00  2.20070E-04  2.78983E-02  4.10533E-06  9.99611E-01  1.11022E-16
  1.800E+00  2.46720E-04  2.95397E-02  4.60448E-06  9.99564E-01  0.00000E+00
  1.900E+00  2.74892E-04  3.11812E-02  5.13537E-06  9.99514E-01  2.22045E-16
  2.000E+00  3.04586E-04  3.28227E-02  5.69656E-06  9.99461E-01  0.00000E+00
  2.100E+00  3.35803E-04  3.44643E-02  6.28981E-06  9.99406E-01 -2.22045E-16
  2.200E+00  3.68542E-04  3.61058E-02  6.91578E-06  9.99348E-01  0.00000E+00
  2.300E+00  4.02802E-04  3.77473E-02  7.57498E-06  9.99287E-01  2.22045E-16
  2.400E+00  4.38585E-04  3.93889E-02  8.26869E-06  9.99224E-01 -4.44089E-16
  2.500E+00  4.75889E-04  4.10304E-02  8.99732E-06  9.99158E-01  0.00000E+00
  2.600E+00  5.14715E-04  4.26719E-02  9.76218E-06  9.99089E-01 -2.22045E-16
  2.700E+00  5.55063E-04  4.43134E-02  1.05632E-05  9.99018E-01  1.11022E-16
  2.800E+00  5.96931E-04  4.59549E-02  1.14007E-05  9.98944E-01 -2.22045E-16
  2.900E+00  6.40321E-04  4.75964E-02  1.22769E-05  9.98867E-01  0.00000E+00
  3.000E+00  6.85233E-04  4.92378E-02  1.31907E-05  9.98787E-01 -2.22045E-16
  3.100E+00  7.31665E-04  5.08793E-02  1.41419E-05  9.98705E-01  3.33067E-16
  3.200E+00  7.79618E-04  5.25207E-02  1.51334E-05  9.98620E-01 -2.22045E-16
  3.300E+00  8.29092E-04  5.41620E-02  1.61658E-05  9.98532E-01  3.33067E-16
  3.400E+00  8.80086E-04  5.58034E-02  1.72326E-05  9.98442E-01 -2.22045E-16
  3.500E+00  9.32601E-04  5.74446E-02  1.83451E-05  9.98349E-01  4.44089E-16
  3.600E+00  9.86636E-04  5.90859E-02  1.94963E-05  9.98253E-01  1.11022E-16
  3.700E+00  1.04219E-03  6.07271E-02  2.06804E-05  9.98154E-01  1.11022E-16
  3.800E+00  1.09927E-03  6.23682E-02  2.19150E-05  9.98053E-01  2.22045E-16
  3.900E+00  1.15786E-03  6.40093E-02  2.31855E-05  9.97949E-01  2.22045E-16
  4.000E+00  1.21797E-03  6.56503E-02  2.44910E-05  9.97843E-01 -4.44089E-16
  4.100E+00  1.27961E-03  6.72913E-02  2.58472E-05  9.97733E-01 -2.22045E-16
  4.200E+00  1.34276E-03  6.89321E-02  2.72390E-05  9.97621E-01  1.11022E-16
  4.300E+00  1.40743E-03  7.05730E-02  2.86619E-05  9.97507E-01 -2.22045E-16
  4.400E+00  1.47362E-03  7.22137E-02  3.01378E-05  9.97389E-01  1.11022E-16
  4.500E+00  1.54133E-03  7.38544E-02  3.16492E-05  9.97269E-01  3.33067E-16
  4.600E+00  1.61056E-03  7.54949E-02  3.31906E-05  9.97146E-01  0.00000E+00
  4.700E+00  1.68131E-03  7.71354E-02  3.47893E-05  9.97021E-01  2.22045E-16
  4.800E+00  1.75357E-03  7.87758E-02  3.64188E-05  9.96892E-01  0.00000E+00
  4.900E+00  1.82735E-03  8.04161E-02  3.80751E-05  9.96761E-01 -2.22045E-16
  5.000E+00  1.90265E-03  8.20563E-02  3.97895E-05  9.96628E-01  1.11022E-16
  5.100E+00  1.97947E-03  8.36965E-02  4.15342E-05  9.96491E-01 -2.22045E-16
  5.200E+00  2.05780E-03  8.53365E-02  4.33051E-05  9.96352E-01 -2.22045E-16
  5.300E+00  2.13765E-03  8.69763E-02  4.51386E-05  9.96210E-01  1.11022E-16
  5.400E+00  2.21902E-03  8.86161E-02  4.69978E-05  9.96066E-01 -2.22045E-16
  5.500E+00  2.30190E-03  9.02558E-02  4.88771E-05  9.95919E-01  0.00000E+00
  5.600E+00  2.38630E-03  9.18953E-02  5.08217E-05  9.95769E-01  2.22045E-16
  5.700E+00  2.47222E-03  9.35347E-02  5.27913E-05  9.95616E-01 -2.22045E-16
  5.800E+00  2.55965E-03  9.51740E-02  5.47782E-05  9.95461E-01 -2.22045E-16
  5.900E+00  2.64859E-03  9.68132E-02  5.68376E-05  9.95303E-01 -2.22045E-16
  6.000E+00  2.73905E-03  9.84522E-02  5.89163E-05  9.95142E-01  2.22045E-16
  6.100E+00  2.83103E-03  1.00091E-01  6.09998E-05  9.94978E-01 -2.22045E-16
  6.200E+00  2.92452E-03  1.01730E-01  6.31658E-05  9.94812E-01 -2.22045E-16
  6.300E+00  3.01952E-03  1.03368E-01  6.53506E-05  9.94643E-01  2.22045E-16
  6.400E+00  3.11604E-03  1.05007E-01  6.75278E-05  9.94471E-01  2.22045E-16
  6.500E+00  3.21407E-03  1.06645E-01  6.98108E-05  9.94297E-01  1.11022E-16
  6.600E+00  3.31362E-03  1.08283E-01  7.20983E-05  9.94120E-01  1.11022E-16
  6.700E+00  3.41468E-03  1.09921E-01  7.43396E-05  9.93940E-01  0.00000E+00
  6.800E+00  3.51725E-03  1.11559E-01  7.67571E-05  9.93758E-01  0.00000E+00
  6.900E+00  3.62133E-03  1.13197E-01  7.91193E-05  9.93573E-01  1.11022E-16
  7.000E+00  3.72692E-03  1.14834E-01  8.14219E-05  9.93385E-01 -2.22045E-16
  7.100E+00  3.83403E-03  1.16471E-01  8.40606E-05  9.93194E-01  0.00000E+00
  7.200E+00  3.94265E-03  1.18108E-01  8.63137E-05  9.93001E-01 -4.44089E-16
  7.300E+00  4.05278E-03  1.19745E-01  8.89160E-05  9.92805E-01  3.33067E-16
  7.400E+00  4.16442E-03  1.21382E-01  9.14467E-05  9.92606E-01  2.22045E-16
  7.500E+00  4.27757E-03  1.23019E-01  9.38906E-05  9.92404E-01  0.00000E+00
  7.600E+00  4.39223E-03  1.24655E-01  9.65824E-05  9.92200E-01 -2.22045E-16
  7.700E+00  4.50840E-03  1.26291E-01  9.91370E-05  9.91993E-01 -2.22045E-16
  7.800E+00  4.62608E-03  1.27927E-01  1.01740E-04  9.91784E-01 -2.22045E-16
  7.900E+00  4.74527E-03  1.29563E-01  1.04431E-04  9.91571E-01 -2.22045E-16
  8.000E+00  4.86597E-03  1.31198E-01  1.07076E-04  9.91356E-01 -4.44089E-16
  8.100E+00  4.98817E-03  1.32833E-01  1.09766E-04  9.91138E-01  2.22045E-16
  8.200E+00  5.11188E-03  1.34468E-01  1.12524E-04  9.90918E-01  1.11022E-16
  8.300E+00  5.23711E-03  1.36103E-01  1.15259E-04  9.90695E-01  1.11022E-16
  8.400E+00  5.36383E-03  1.37738E-01  1.18009E-04  9.90469E-01  2.22045E-16
  8.500E+00  5.49207E-03  1.39372E-01  1.20803E-04  9.90240E-01  1.11022E-16
  8.600E+00  5.62181E-03  1.41006E-01  1.23593E-04  9.90009E-01  3.33067E-16
  8.700E+00  5.75306E-03  1.42640E-01  1.26411E-04  9.89775E-01  0.00000E+00
  8.800E+00  5.88581E-03  1.44274E-01  1.29277E-04  9.89538E-01 -2.22045E-16
  8.900E+00  6.02007E-03  1.45907E-01  1.32139E-04  9.89298E-01  0.00000E+00
  9.000E+00  6.15583E-03  1.47540E-01  1.35001E-04  9.89056E-01  0.00000E+00
  9.100E+00  6.29310E-03  1.49173E-01  1.37893E-04  9.88811E-01  1.11022E-16
  9.200E+00  6.43187E-03  1.50806E-01  1.40793E-04  9.88563E-01  1.11022E-16
  9.300E+00  6.57214E-03  1.52438E-01  1.43715E-04  9.88313E-01  0.00000E+00
  9.400E+00  6.71392E-03  1.54070E-01  1.46672E-04  9.88060E-01 -2.22045E-16
  9.500E+00  6.85720E-03  1.55702E-01  1.49628E-04  9.87804E-01  0.00000E+00
  9.600E+00  7.00198E-03  1.57333E-01  1.52577E-04  9.87546E-01  2.22045E-16
  9.700E+00  7.14827E-03  1.58965E-01  1.55541E-04  9.87284E-01  4.44089E-16
  9.800E+00  7.29605E-03  1.60595E-01  1.58518E-04  9.87020E-01  2.22045E-16
  9.900E+00  7.44534E-03  1.62226E-01  1.61513E-04  9.86754E-01  0.00000E+00
  1.000E+01  7.59612E-03  1.63856E-01  1.64533E-04  9.86484E-01  2.22045E-16
  1.025E+01  7.97965E-03  1.67931E-01  1.72064E-04  9.85799E-01 -2.22045E-16
  1.050E+01  8.37255E-03  1.72003E-01  1.79646E-04  9.85096E-01  3.33067E-16
  1.075E+01  8.77480E-03  1.76074E-01  1.87277E-04  9.84377E-01  1.11022E-16
  1.100E+01  9.18641E-03  1.80142E-01  1.94868E-04  9.83641E-01  2.22045E-16
  1.125E+01  9.60736E-03  1.84209E-01  2.02517E-04  9.82887E-01  0.00000E+00
  1.150E+01  1.00376E-02  1.88273E-01  2.10096E-04  9.82117E-01  0.00000E+00
  1.175E+01  1.04773E-02  1.92334E-01  2.17697E-04  9.81329E-01 -2.22045E-16
  1.200E+01  1.09262E-02  1.96394E-01  2.25240E-04  9.80525E-01  1.11022E-16
  1.225E+01  1.13844E-02  2.00450E-01  2.32706E-04  9.79704E-01  0.00000E+00
  1.250E+01  1.18520E-02  2.04505E-01  2.40153E-04  9.78866E-01  3.33067E-16
  1.275E+01  1.23288E-02  2.08556E-01  2.47456E-04  9.78010E-01  0.00000E+00
  1.300E+01  1.28150E-02  2.12606E-01  2.54744E-04  9.77138E-01 -2.22045E-16
  1.325E+01  1.33104E-02  2.16652E-01  2.61865E-04  9.76249E-01  1.11022E-16
  1.350E+01  1.38150E-02  2.20695E-01  2.68893E-04  9.75343E-01  0.00000E+00
  1.375E+01  1.43290E-02  2.24736E-01  2.75809E-04  9.74420E-01  3.33067E-16
  1.400E+01  1.48521E-02  2.28774E-01  2.82525E-04  9.73480E-01  0.00000E+00
  1.425E+01  1.53845E-02  2.32808E-01  2.89166E-04  9.72523E-01 -2.22045E-16
  1.450E+01  1.59262E-02  2.36840E-01  2.95529E-04  9.71549E-01  0.00000E+00
  1.475E+01  1.64770E-02  2.40868E-01  3.01771E-04  9.70558E-01  2.22045E-16
  1.500E+01  1.70371E-02  2.44893E-01  3.07787E-04  9.69550E-01 -2.22045E-16
  1.525E+01  1.76063E-02  2.48915E-01  3.13587E-04  9.68525E-01  0.00000E+00
  1.550E+01  1.81848E-02  2.52933E-01  3.19239E-04  9.67484E-01  0.00000E+00
  1.575E+01  1.87724E-02  2.56948E-01  3.24522E-04  9.66425E-01  2.22045E-16
  1.600E+01  1.93692E-02  2.60959E-01  3.29702E-04  9.65350E-01  2.22045E-16
  1.625E+01  1.99751E-02  2.64967E-01  3.34510E-04  9.64257E-01  2.22045E-16
  1.650E+01  2.05901E-02  2.68971E-01  3.39137E-04  9.63148E-01  0.00000E+00
  1.675E+01  2.12143E-02  2.72971E-01  3.43476E-04  9.62022E-01 -4.44089E-16
  1.700E+01  2.18476E-02  2.76967E-01  3.47421E-04  9.60879E-01  3.33067E-16
  1.725E+01  2.24900E-02  2.80959E-01  3.51265E-04  9.59720E-01  2.22045E-16
  1.750E+01  2.31415E-02  2.84947E-01  3.54543E-04  9.58543E-01  3.33067E-16
  1.775E+01  2.38021E-02  2.88932E-01  3.57755E-04  9.57350E-01 -2.22045E-16
  1.800E+01  2.44717E-02  2.92912E-01  3.60398E-04  9.56139E-01  1.11022E-16
  1.825E+01  2.51504E-02  2.96887E-01  3.62809E-04  9.54912E-01  0.00000E+00
  1.850E+01  2.58382E-02  3.00859E-01  3.64813E-04  9.53669E-01  2.22045E-16
  1.875E+01  2.65349E-02  3.04825E-01  3.66452E-04  9.52408E-01  1.11022E-16
  1.900E+01  2.72407E-02  3.08788E-01  3.67754E-04  9.51131E-01  0.00000E+00
  1.925E+01  2.79555E-02  3.12746E-01  3.68565E-04  9.49837E-01  2.22045E-16
  1.950E+01  2.86793E-02  3.16699E-01  3.69095E-04  9.48526E-01  2.22045E-16
  1.975E+01  2.94120E-02  3.20647E-01  3.69125E-04  9.47199E-01  2.22045E-16
  2.000E+01  3.01537E-02  3.24591E-01  3.68871E-04  9.45855E-01  0.00000E+00
  2.025E+01  3.09043E-02  3.28529E-01  3.68113E-04  9.44494E-01 -2.22045E-16
  2.050E+01  3.16639E-02  3.32463E-01  3.66942E-04  9.43116E-01  0.00000E+00
  2.075E+01  3.24324E-02  3.36391E-01  3.65339E-04  9.41722E-01  0.00000E+00
  2.100E+01  3.32098E-02  3.40315E-01  3.63280E-04  9.40311E-01  1.11022E-16
  2.125E+01  3.39961E-02  3.44233E-01  3.60807E-04  9.38884E-01  2.22045E-16
  2.150E+01  3.47912E-02  3.48146E-01  3.57789E-04  9.37440E-01  4.44089E-16
  2.175E+01  3.55952E-02  3.52054E-01  3.54290E-04  9.35980E-01  2.22045E-16
  2.200E+01  3.64081E-02  3.55956E-01  3.50287E-04  9.34503E-01  0.00000E+00
  2.225E+01  3.72297E-02  3.59852E-01  3.45810E-04  9.33009E-01 -2.22045E-16
  2.250E+01  3.80602E-02  3.63743E-01  3.40846E-04  9.31499E-01  1.11022E-16
  2.275E+01  3.88995E-02  3.67628E-01  3.35336E-04  9.29973E-01 -2.22045E-16
  2.300E+01  3.97476E-02  3.71508E-01  3.29335E-04  9.28430E-01  0.00000E+00
  2.325E+01  4.06044E-02  3.75381E-01  3.22836E-04  9.26870E-01  0.00000E+00
  2.350E+01  4.14700E-02  3.79249E-01  3.15868E-04  9.25295E-01  0.00000E+00
  2.375E+01  4.23443E-02  3.83111E-01  3.08380E-04  9.23702E-01  1.11022E-16
  2.400E+01  4.32273E-02  3.86966E-01  3.00336E-04  9.22094E-01  0.00000E+00
  2.425E+01  4.41190E-02  3.90816E-01  2.91762E-04  9.20469E-01 -2.22045E-16
  2.450E+01  4.50194E-02  3.94659E-01  2.82653E-04  9.18828E-01 -2.22045E-16
  2.475E+01  4.59284E-02  3.98495E-01  2.73005E-04  9.17170E-01 -2.22045E-16
  2.500E+01  4.68461E-02  4.02326E-01  2.62752E-04  9.15497E-01  1.11022E-16
  2.550E+01  4.87074E-02  4.09967E-01  2.40424E-04  9.12100E-01  2.22045E-16
  2.600E+01  5.06030E-02  4.17582E-01  2.15804E-04  9.08639E-01 -2.22045E-16
  2.650E+01  5.25328E-02  4.25169E-01  1.88808E-04  9.05114E-01  0.00000E+00
  2.700E+01  5.44967E-02  4.32729E-01  1.59589E-04  9.01524E-01  1.11022E-16
  2.750E+01  5.64946E-02  4.40260E-01  1.28107E-04  8.97871E-01  0.00000E+00
  2.800E+01  5.85262E-02  4.47761E-01  9.41899E-05  8.94153E-01 -2.22045E-16
  2.850E+01  6.05914E-02  4.55234E-01  5.78135E-05  8.90372E-01  2.22045E-16
  2.900E+01  6.26901E-02  4.62676E-01  1.87103E-05  8.86528E-01  0.00000E+00
  2.950E+01  6.48222E-02  4.70087E-01 -2.29293E-05  8.82620E-01  0.00000E+00
  3.000E+01  6.69873E-02  4.77466E-01 -6.70996E-05  8.78650E-01  2.22045E-16
  3.050E+01  6.91854E-02  4.84814E-01 -1.13654E-04  8.74617E-01  3.33067E-16
  3.100E+01  7.14163E-02  4.92128E-01 -1.62525E-04  8.70523E-01  0.00000E+00
  3.150E+01  7.36799E-02  4.99410E-01 -2.14021E-04  8.66366E-01  0.00000E+00
  3.200E+01  7.59760E-02  5.06657E-01 -2.68117E-04  8.62148E-01  0.00000E+00
  3.250E+01  7.83043E-02  5.13870E-01 -3.25144E-04  8.57868E-01  0.00000E+00
  3.300E+01  8.06647E-02  5.21048E-01 -3.84865E-04  8.53527E-01  0.00000E+00
  3.350E+01  8.30571E-02  5.28190E-01 -4.47146E-04  8.49126E-01  0.00000E+00
  3.400E+01  8.54812E-02  5.35296E-01 -5.11907E-04  8.44664E-01  0.00000E+00
  3.450E+01  8.79369E-02  5.42365E-01 -5.78914E-04  8.40143E-01 -2.22045E-16
  3.500E+01  9.04240E-02  5.49397E-01 -6.48727E-04  8.35561E-01  0.00000E+00
  3.550E+01  9.29422E-02  5.56391E-01 -7.21087E-04  8.30921E-01  2.22045E-16
  3.600E+01  9.54915E-02  5.63346E-01 -7.96779E-04  8.26221E-01 -2.22045E-16
  3.650E+01  9.80716E-02  5.70262E-01 -8.74836E-04  8.21462E-01  0.00000E+00
  3.700E+01  1.00682E-01  5.77139E-01 -9.55851E-04  8.16646E-01  3.33067E-16
  3.750E+01  1.03323E-01  5.83975E-01 -1.03899E-03  8.11771E-01  0.00000E+00
  3.800E+01  1.05995E-01  5.90771E-01 -1.12461E-03  8.06839E-01  2.22045E-16
  3.850E+01  1.08696E-01  5.97525E-01 -1.21283E-03  8.01849E-01  0.00000E+00
  3.900E+01  1.11427E-01  6.04238E-01 -1.30392E-03  7.96803E-01  1.11022E-16
  3.950E+01  1.14188E-01  6.10908E-01 -1.39806E-03  7.91700E-01 -2.22045E-16
  4.000E+01  1.16978E-01  6.17536E-01 -1.49497E-03  7.86541E-01  1.11022E-16
  4.050E+01  1.19797E-01  6.24120E-01 -1.59445E-03  7.81327E-01 -2.22045E-16
  4.100E+01  1.22645E-01  6.30661E-01 -1.69622E-03  7.76057E-01 -2.22045E-16
  4.150E+01  1.25522E-01  6.37157E-01 -1.80033E-03  7.70732E-01  0.00000E+00
  4.200E+01  1.28428E-01  6.43608E-01 -1.90708E-03  7.65353E-01  2.22045E-16
  4.250E+01  1.31361E-01  6.50014E-01 -2.01672E-03  7.59920E-01  2.22045E-16
  4.300E+01  1.34323E-01  6.56374E-01 -2.12938E-03  7.54433E-01  1.11022E-16
  4.350E+01  1.37313E-01  6.62687E-01 -2.24485E-03  7.48893E-01 -2.22045E-16
  4.400E+01  1.40330E-01  6.68954E-01 -2.36280E-03  7.43300E-01  4.44089E-16
  4.450E+01  1.43375E-01  6.75174E-01 -2.48300E-03  7.37655E-01  0.00000E+00
  4.500E+01  1.46447E-01  6.81345E-01 -2.60551E-03  7.31957E-01  0.00000E+00
  4.550E+01  1.49545E-01  6.87469E-01 -2.73061E-03  7.26209E-01 -4.44089E-16
  4.600E+01  1.52671E-01  6.93544E-01 -2.85861E-03  7.20409E-01  3.33067E-16
  4.650E+01  1.55823E-01  6.99569E-01 -2.98961E-03  7.14559E-01  2.22045E-16
  4.700E+01  1.59001E-01  7.05545E-01 -3.12339E-03  7.08658E-01  0.00000E+00
  4.750E+01  1.62205E-01  7.11471E-01 -3.25962E-03  7.02708E-01 -4.44089E-16
  4.800E+01  1.65435E-01  7.17346E-01 -3.39806E-03  6.96709E-01  0.00000E+00
  4.850E+01  1.68690E-01  7.23171E-01 -3.53876E-03  6.90660E-01  0.00000E+00
  4.900E+01  1.71970E-01  7.28944E-01 -3.68201E-03  6.84564E-01  0.00000E+00
  4.950E+01  1.75276E-01  7.34665E-01 -3.82812E-03  6.78419E-01  4.44089E-16
  5.000E+01  1.78606E-01  7.40334E-01 -3.97721E-03  6.72227E-01  2.22045E-16
  5.050E+01  1.81961E-01  7.45950E-01 -4.12909E-03  6.65989E-01 -2.22045E-16
  5.100E+01  1.85340E-01  7.51513E-01 -4.28339E-03  6.59704E-01 -2.22045E-16
  5.150E+01  1.88743E-01  7.57023E-01 -4.43988E-03  6.53373E-01  2.22045E-16
  5.200E+01  1.92169E-01  7.62479E-01 -4.59858E-03  6.46997E-01 -2.22045E-16
  5.250E+01  1.95619E-01  7.67881E-01 -4.75977E-03  6.40575E-01 -2.22045E-16
  5.300E+01  1.99092E-01  7.73227E-01 -4.92378E-03  6.34110E-01  0.00000E+00
  5.350E+01  2.02589E-01  7.78519E-01 -5.09076E-03  6.27600E-01  2.22045E-16
  5.400E+01  2.06107E-01  7.83755E-01 -5.26055E-03  6.21047E-01  0.00000E+00
  5.450E+01  2.09649E-01  7.88936E-01 -5.43278E-03  6.14452E-01  2.22045E-16
  5.500E+01  2.13212E-01  7.94060E-01 -5.60717E-03  6.07813E-01 -2.22045E-16
  5.550E+01  2.16797E-01  7.99128E-01 -5.78373E-03  6.01133E-01  0.00000E+00
  5.600E+01  2.20404E-01  8.04139E-01 -5.96271E-03  5.94411E-01  2.22045E-16
  5.650E+01  2.24032E-01  8.09093E-01 -6.14449E-03  5.87649E-01 -2.22045E-16
  5.700E+01  2.27680E-01  8.13988E-01 -6.32924E-03  5.80847E-01  2.22045E-16
  5.750E+01  2.31350E-01  8.18826E-01 -6.51684E-03  5.74004E-01  1.11022E-16
  5.800E+01  2.35040E-01  8.23606E-01 -6.70693E-03  5.67123E-01  0.00000E+00
  5.850E+01  2.38751E-01  8.28327E-01 -6.89918E-03  5.60203E-01  1.11022E-16
  5.900E+01  2.42481E-01  8.32989E-01 -7.09354E-03  5.53244E-01  1.11022E-16
  5.950E+01  2.46231E-01  8.37592E-01 -7.29027E-03  5.46248E-01  2.22045E-16
  6.000E+01  2.50000E-01  8.42135E-01 -7.48977E-03  5.39214E-01 -2.22045E-16
  6.050E+01  2.53788E-01  8.46618E-01 -7.69228E-03  5.32145E-01 -2.22045E-16
  6.100E+01  2.57595E-01  8.51041E-01 -7.89771E-03  5.25039E-01 -2.22045E-16
  6.150E+01  2.61421E-01  8.55404E-01 -8.10571E-03  5.17899E-01 -4.44089E-16
  6.200E+01  2.65264E-01  8.59705E-01 -8.31589E-03  5.10723E-01  1.11022E-16
  6.250E+01  2.69126E-01  8.63946E-01 -8.52813E-03  5.03512E-01 -2.22045E-16
  6.300E+01  2.73005E-01  8.68125E-01 -8.74266E-03  4.96268E-01  0.00000E+00
  6.350E+01  2.76901E-01  8.72243E-01 -8.95994E-03  4.88991E-01  0.00000E+00
  6.400E+01  2.80814E-01  8.76299E-01 -9.18031E-03  4.81681E-01  3.33067E-16
  6.450E+01  2.84744E-01  8.80292E-01 -9.40376E-03  4.74340E-01 -2.22045E-16
  6.500E+01  2.88691E-01  8.84222E-01 -9.62991E-03  4.66967E-01 -2.22045E-16
  6.550E+01  2.92653E-01  8.88090E-01 -9.85825E-03  4.59563E-01  0.00000E+00
  6.600E+01  2.96632E-01  8.91896E-01 -1.00885E-02  4.52128E-01  2.22045E-16
  6.650E+01  3.00625E-01  8.95638E-01 -1.03210E-02  4.44664E-01 -2.22045E-16
  6.700E+01  3.04634E-01  8.99317E-01 -1.05562E-02  4.37170E-01 -2.22045E-16
  6.750E+01  3.08658E-01  9.02932E-01 -1.07947E-02  4.29648E-01  0.00000E+00
  6.800E+01  3.12697E-01  9.06483E-01 -1.10366E-02  4.22099E-01  0.00000E+00
  6.850E+01  3.16749E-01  9.09969E-01 -1.12814E-02  4.14523E-01  0.00000E+00
  6.900E+01  3.20816E-01  9.13391E-01 -1.15283E-02  4.06919E-01 -4.44089E-16
  6.950E+01  3.24896E-01  9.16750E-01 -1.17768E-02  3.99289E-01  2.22045E-16
  7.000E+01  3.28990E-01  9.20043E-01 -1.20272E-02  3.91632E-01  1.11022E-16
  7.050E+01  3.33097E-01  9.23272E-01 -1.22805E-02  3.83950E-01 -4.44089E-16
  7.100E+01  3.37216E-01  9.26435E-01 -1.25382E-02  3.76245E-01 -2.22045E-16
  7.150E+01  3.41348E-01  9.29532E-01 -1.28000E-02  3.68518E-01 -2.22045E-16
  7.200E+01  3.45492E-01  9.32564E-01 -1.30637E-02  3.60769E-01  2.22045E-16
  7.250E+01  3.49647E-01  9.35531E-01 -1.33284E-02  3.52993E-01  2.22045E-16
  7.300E+01  3.53814E-01  9.38433E-01 -1.35946E-02  3.45193E-01  3.33067E-16
  7.350E+01  3.57992E-01  9.41268E-01 -1.38644E-02  3.37375E-01 -2.22045E-16
  7.400E+01  3.62181E-01  9.44037E-01 -1.41386E-02  3.29538E-01 -2.22045E-16
  7.450E+01  3.66381E-01  9.46739E-01 -1.44162E-02  3.21680E-01 -2.22045E-16
  7.500E+01  3.70590E-01  9.49374E-01 -1.46962E-02  3.13803E-01 -2.22045E-16
  7.550E+01  3.74810E-01  9.51944E-01 -1.49781E-02  3.05905E-01  3.33067E-16
  7.600E+01  3.79039E-01  9.54447E-01 -1.52623E-02  2.97989E-01  1.11022E-16
  7.650E+01  3.83277E-01  9.56884E-01 -1.55494E-02  2.90055E-01 -2.22045E-16
  7.700E+01  3.87524E-01  9.59253E-01 -1.58397E-02  2.82105E-01  0.00000E+00
  7.750E+01  3.91780E-01  9.61555E-01 -1.61336E-02  2.74139E-01  3.33067E-16
  7.800E+01  3.96044E-01  9.63789E-01 -1.64306E-02  2.66158E-01  1.11022E-16
  7.850E+01  4.00316E-01  9.65957E-01 -1.67304E-02  2.58161E-01 -2.22045E-16
  7.900E+01  4.04596E-01  9.68058E-01 -1.70328E-02  2.50149E-01  6.66134E-16
  7.950E+01  4.08882E-01  9.70091E-01 -1.73379E-02  2.42123E-01 -4.44089E-16
  8.000E+01  4.13176E-01  9.72056E-01 -1.76458E-02  2.34084E-01  2.22045E-16
  8.050E+01  4.17476E-01  9.73954E-01 -1.79570E-02  2.26032E-01  0.00000E+00
  8.100E+01  4.21783E-01  9.75785E-01 -1.82716E-02  2.17968E-01  1.11022E-16
  8.150E+01  4.26095E-01  9.77547E-01 -1.85895E-02  2.09894E-01  0.00000E+00
  8.200E+01  4.30413E-01  9.79242E-01 -1.89106E-02  2.01809E-01  2.22045E-16
  8.250E+01  4.34737E-01  9.80870E-01 -1.92345E-02  1.93713E-01  0.00000E+00
  8.300E+01  4.39065E-01  9.82429E-01 -1.95613E-02  1.85608E-01  0.00000E+00
  8.350E+01  4.43398E-01  9.83921E-01 -1.98912E-02  1.77494E-01  0.00000E+00
  8.400E+01  4.47736E-01  9.85345E-01 -2.02244E-02  1.69372E-01  0.00000E+00
  8.450E+01  4.52077E-01  9.86701E-01 -2.05611E-02  1.61242E-01  0.00000E+00
  8.500E+01  4.56422E-01  9.87989E-01 -2.09013E-02  1.53106E-01  0.00000E+00
  8.550E+01  4.60770E-01  9.89209E-01 -2.12450E-02  1.44964E-01  3.33067E-16
  8.600E+01  4.65122E-01  9.90361E-01 -2.15918E-02  1.36816E-01  5.55112E-16
  8.650E+01  4.69476E-01  9.91446E-01 -2.19418E-02  1.28663E-01  0.00000E+00
  8.700E+01  4.73832E-01  9.92462E-01 -2.22950E-02  1.20505E-01  3.33067E-16
  8.750E+01  4.78190E-01  9.93411E-01 -2.26518E-02  1.12344E-01 -4.44089E-16
  8.800E+01  4.82550E-01  9.94292E-01 -2.30122E-02  1.04180E-01  0.00000E+00
  8.850E+01  4.86912E-01  9.95105E-01 -2.33763E-02  9.60139E-02  0.00000E+00
  8.900E+01  4.91274E-01  9.95851E-01 -2.37441E-02  8.78463E-02 -2.22045E-16
  8.950E+01  4.95637E-01  9.96529E-01 -2.41155E-02  7.96776E-02 -4.44089E-16
  9.000E+01  5.00000E-01  9.97139E-01 -2.44904E-02  7.15082E-02  2.22045E-16
  9.050E+01  5.04363E-01  9.97682E-01 -2.48687E-02  6.33388E-02  0.00000E+00
  9.100E+01  5.08726E-01  9.98158E-01 -2.52508E-02  5.51703E-02  0.00000E+00
  9.150E+01  5.13088E-01  9.98566E-01 -2.56368E-02  4.70035E-02 -2.22045E-16
  9.200E+01  5.17450E-01  9.98906E-01 -2.60269E-02  3.88392E-02  2.22045E-16
  9.250E+01  5.21810E-01  9.99180E-01 -2.64209E-02  3.06781E-02  2.22045E-16
  9.300E+01  5.26168E-01  9.99387E-01 -2.68189E-02  2.25204E-02 -2.22045E-16
  9.350E+01  5.30524E-01  9.99526E-01 -2.72207E-02  1.43666E-02  2.22045E-16
  9.400E+01  5.34878E-01  9.99599E-01 -2.76263E-02  6.21747E-03  1.11022E-16
  9.450E+01  5.39230E-01  9.99605E-01 -2.80360E-02 -1.92636E-03  1.11022E-16
  9.500E+01  5.43578E-01  9.99545E-01 -2.84499E-02 -1.00639E-02  0.00000E+00
  9.550E+01  5.47923E-01  9.99418E-01 -2.88681E-02 -1.81944E-02 -4.44089E-16
  9.600E+01  5.52264E-01  9.99224E-01 -2.92908E-02 -2.63171E-02 -2.22045E-16
  9.650E+01  5.56602E-01  9.98965E-01 -2.97178E-02 -3.44318E-02 -2.22045E-16
  9.700E+01  5.60935E-01  9.98640E-01 -3.01491E-02 -4.25378E-02  0.00000E+00
  9.750E+01  5.65263E-01  9.98249E-01 -3.05846E-02 -5.06347E-02  3.33067E-16
  9.800E+01  5.69587E-01  9.97792E-01 -3.10245E-02 -5.87218E-02  1.11022E-16
  9.850E+01  5.73905E-01  9.97270E-01 -3.14690E-02 -6.67980E-02 -4.44089E-16
  9.900E+01  5.78217E-01  9.96683E-01 -3.19183E-02 -7.48626E-02  7.77156E-16
  9.950E+01  5.82524E-01  9.96031E-01 -3.23725E-02 -8.29148E-02  3.33067E-16
  1.000E+02  5.86824E-01  9.95314E-01 -3.28315E-02 -9.09543E-02 -4.44089E-16
  1.005E+02  5.91118E-01  9.94532E-01 -3.32953E-02 -9.89805E-02  0.00000E+00
  1.010E+02  5.95404E-01  9.93686E-01 -3.37639E-02 -1.06993E-01  2.22045E-16
  1.015E+02  5.99684E-01  9.92776E-01 -3.42373E-02 -1.14991E-01 -4.44089E-16
  1.020E+02  6.03956E-01  9.91803E-01 -3.47158E-02 -1.22974E-01  1.11022E-16
  1.025E+02  6.08220E-01  9.90765E-01 -3.51995E-02 -1.30941E-01 -2.22045E-16
  1.030E+02  6.12476E-01  9.89665E-01 -3.56887E-02 -1.38890E-01  3.33067E-16
  1.035E+02  6.16723E-01  9.88501E-01 -3.61833E-02 -1.46822E-01  0.00000E+00
  1.040E+02  6.20961E-01  9.87274E-01 -3.66833E-02 -1.54737E-01 -2.22045E-16
  1.045E+02  6.25190E-01  9.85986E-01 -3.71887E-02 -1.62633E-01  1.11022E-16
  1.050E+02  6.29410E-01  9.84635E-01 -3.76995E-02 -1.70510E-01 -2.22045E-16
  1.055E+02  6.33619E-01  9.83222E-01 -3.82159E-02 -1.78367E-01 -2.22045E-16
  1.060E+02  6.37819E-01  9.81747E-01 -3.87383E-02 -1.86203E-01 -4.44089E-16
  1.065E+02  6.42008E-01  9.80212E-01 -3.92667E-02 -1.94018E-01  1.11022E-16
  1.070E+02  6.46186E-01  9.78616E-01 -3.98013E-02 -2.01811E-01  4.44089E-16
  1.075E+02  6.50353E-01  9.76959E-01 -4.03420E-02 -2.09581E-01 -2.22045E-16
  1.080E+02  6.54508E-01  9.75242E-01 -4.08886E-02 -2.17328E-01  6.66134E-16
  1.085E+02  6.58652E-01  9.73465E-01 -4.14416E-02 -2.25052E-01  4.44089E-16
  1.090E+02  6.62784E-01  9.71629E-01 -4.20009E-02 -2.32751E-01  4.44089E-16
  1.095E+02  6.66903E-01  9.69734E-01 -4.25669E-02 -2.40425E-01  0.00000E+00
  1.100E+02  6.71010E-01  9.67780E-01 -4.31397E-02 -2.48073E-01  0.00000E+00
  1.105E+02  6.75104E-01  9.65769E-01 -4.37194E-02 -2.55694E-01  2.22045E-16
  1.110E+02  6.79184E-01  9.63699E-01 -4.43062E-02 -2.63288E-01 -2.22045E-16
  1.115E+02  6.83251E-01  9.61573E-01 -4.48999E-02 -2.70854E-01  0.00000E+00
  1.120E+02  6.87303E-01  9.59389E-01 -4.55008E-02 -2.78392E-01  1.11022E-16
  1.125E+02  6.91342E-01  9.57149E-01 -4.61089E-02 -2.85902E-01 -6.66134E-16
  1.130E+02  6.95366E-01  9.54853E-01 -4.67245E-02 -2.93381E-01  0.00000E+00
  1.135E+02  6.99375E-01  9.52502E-01 -4.73480E-02 -3.00830E-01  0.00000E+00
  1.140E+02  7.03368E-01  9.50096E-01 -4.79795E-02 -3.08247E-01  0.00000E+00
  1.145E+02  7.07347E-01  9.47635E-01 -4.86190E-02 -3.15632E-01 -6.66134E-16
  1.150E+02  7.11309E-01  9.45121E-01 -4.92666E-02 -3.22985E-01 -2.22045E-16
  1.155E+02  7.15256E-01  9.42553E-01 -4.99224E-02 -3.30306E-01  1.11022E-16
  1.160E+02  7.19186E-01  9.39932E-01 -5.05866E-02 -3.37593E-01  1.11022E-16
  1.165E+02  7.23099E-01  9.37259E-01 -5.12595E-02 -3.44845E-01  2.22045E-16
  1.170E+02  7.26995E-01  9.34534E-01 -5.19414E-02 -3.52062E-01 -2.22045E-16
  1.175E+02  7.30874E-01  9.31759E-01 -5.26325E-02 -3.59243E-01  2.22045E-16
  1.180E+02  7.34736E-01  9.28933E-01 -5.33331E-02 -3.66387E-01  0.00000E+00
  1.185E+02  7.38579E-01  9.26057E-01 -5.40430E-02 -3.73495E-01  1.11022E-16
  1.190E+02  7.42405E-01  9.23131E-01 -5.47626E-02 -3.80565E-01  1.11022E-16
  1.195E+02  7.46212E-01  9.20157E-01 -5.54919E-02 -3.87596E-01  0.00000E+00
  1.200E+02  7.50000E-01  9.17135E-01 -5.62313E-02 -3.94589E-01 -4.44089E-16
  1.205E+02  7.53769E-01  9.14066E-01 -5.69813E-02 -4.01542E-01 -4.44089E-16
  1.210E+02  7.57519E-01  9.10951E-01 -5.77420E-02 -4.08454E-01  3.33067E-16
  1.215E+02  7.61249E-01  9.07790E-01 -5.85138E-02 -4.15324E-01 -2.22045E-16
  1.220E+02  7.64960E-01  9.04584E-01 -5.92968E-02 -4.22152E-01  0.00000E+00
  1.225E+02  7.68650E-01  9.01333E-01 -6.00910E-02 -4.28938E-01  2.22045E-16
  1.230E+02  7.72320E-01  8.98038E-01 -6.08967E-02 -4.35682E-01  0.00000E+00
  1.235E+02  7.75968E-01  8.94701E-01 -6.17144E-02 -4.42381E-01 -2.22045E-16
  1.240E+02  7.79596E-01  8.91322E-01 -6.25445E-02 -4.49036E-01  1.11022E-16
  1.245E+02  7.83203E-01  8.87902E-01 -6.33874E-02 -4.55645E-01  2.22045E-16
  1.250E+02  7.86788E-01  8.84442E-01 -6.42434E-02 -4.62207E-01 -4.44089E-16
  1.255E+02  7.90351E-01  8.80942E-01 -6.51126E-02 -4.68723E-01  0.00000E+00
  1.260E+02  7.93893E-01  8.77404E-01 -6.59953E-02 -4.75191E-01  0.00000E+00
  1.265E+02  7.97411E-01  8.73828E-01 -6.68919E-02 -4.81611E-01  2.22045E-16
  1.270E+02  8.00908E-01  8.70216E-01 -6.78026E-02 -4.87983E-01  0.00000E+00
  1.275E+02  8.04381E-01  8.66567E-01 -6.87282E-02 -4.94305E-01  0.00000E+00
  1.280E+02  8.07831E-01  8.62885E-01 -6.96691E-02 -5.00576E-01  0.00000E+00
  1.285E+02  8.11257E-01  8.59169E-01 -7.06257E-02 -5.06795E-01  4.44089E-16
  1.290E+02  8.14660E-01  8.55421E-01 -7.15983E-02 -5.12961E-01  2.22045E-16
  1.295E+02  8.18039E-01  8.51641E-01 -7.25873E-02 -5.19076E-01  3.33067E-16
  1.300E+02  8.21394E-01  8.47830E-01 -7.35929E-02 -5.25137E-01  0.00000E+00
  1.305E+02  8.24724E-01  8.43990E-01 -7.46157E-02 -5.31144E-01  0.00000E+00
  1.310E+02  8.28030E-01  8.40122E-01 -7.56565E-02 -5.37095E-01  3.33067E-16
  1.315E+02  8.31310E-01  8.36227E-01 -7.67159E-02 -5.42990E-01  0.00000E+00
  1.320E+02  8.34565E-01  8.32308E-01 -7.77944E-02 -5.48828E-01 -2.22045E-16
  1.325E+02  8.37795E-01  8.28364E-01 -7.88925E-02 -5.54607E-01  0.00000E+00
  1.330E+02  8.40999E-01  8.24397E-01 -8.00107E-02 -5.60328E-01  0.00000E+00
  1.335E+02  8.44177E-01  8.20409E-01 -8.11493E-02 -5.65990E-01 -2.22045E-16
  1.340E+02  8.47329E-01  8.16400E-01 -8.23091E-02 -5.71592E-01  2.22045E-16
  1.345E+02  8.50455E-01  8.12372E-01 -8.34909E-02 -5.77132E-01  0.00000E+00
  1.350E+02  8.53553E-01  8.08327E-01 -8.46956E-02 -5.82609E-01  0.00000E+00
  1.355E+02  8.56625E-01  8.04268E-01 -8.59240E-02 -5.88023E-01  3.33067E-16
  1.360E+02  8.59670E-01  8.00194E-01 -8.71767E-02 -5.93371E-01  1.11022E-16
  1.365E+02  8.62687E-01  7.96109E-01 -8.84543E-02 -5.98654E-01  0.00000E+00
  1.370E+02  8.65677E-01  7.92012E-01 -8.97575E-02 -6.03871E-01  2.22045E-16
  1.375E+02  8.68639E-01  7.87906E-01 -9.10871E-02 -6.09021E-01  0.00000E+00
  1.380E+02  8.71572E-01  7.83793E-01 -9.24442E-02 -6.14103E-01 -2.22045E-16
  1.385E+02  8.74478E-01  7.79676E-01 -9.38300E-02 -6.19114E-01  1.11022E-16
  1.390E+02  8.77355E-01  7.75555E-01 -9.52456E-02 -6.24053E-01  0.00000E+00
  1.395E+02  8.80203E-01  7.71435E-01 -9.66919E-02 -6.28919E-01  0.00000E+00
  1.400E+02  8.83022E-01  7.67316E-01 -9.81698E-02 -6.33711E-01  0.00000E+00
  1.405E+02  8.85812E-01  7.63200E-01 -9.96802E-02 -6.38428E-01 -2.22045E-16
  1.410E+02  8.88573E-01  7.59088E-01 -1.01224E-01 -6.43070E-01  0.00000E+00
  1.415E+02  8.91304E-01  7.54984E-01 -1.02803E-01 -6.47634E-01  0.00000E+00
  1.420E+02  8.94005E-01  7.50891E-01 -1.04419E-01 -6.52119E-01  1.11022E-16
  1.425E+02  8.96677E-01  7.46812E-01 -1.06073E-01 -6.56521E-01  1.11022E-16
  1.430E+02  8.99318E-01  7.42751E-01 -1.07766E-01 -6.60838E-01  1.11022E-16
  1.435E+02  9.01928E-01  7.38709E-01 -1.09500E-01 -6.65070E-01  0.00000E+00
  1.440E+02  9.04508E-01  7.34687E-01 -1.11276E-01 -6.69217E-01  3.33067E-16
  1.445E+02  9.07058E-01  7.30687E-01 -1.13096E-01 -6.73280E-01  4.44089E-16
  1.450E+02  9.09576E-01  7.26716E-01 -1.14961E-01 -6.77250E-01  1.11022E-16
  1.455E+02  9.12063E-01  7.22778E-01 -1.16874E-01 -6.81126E-01  2.22045E-16
  1.460E+02  9.14519E-01  7.18876E-01 -1.18838E-01 -6.84905E-01 -2.22045E-16
  1.465E+02  9.16943E-01  7.15013E-01 -1.20853E-01 -6.88586E-01  0.00000E+00
  1.470E+02  9.19335E-01  7.11192E-01 -1.22922E-01 -6.92168E-01  2.22045E-16
  1.475E+02  9.21696E-01  7.07416E-01 -1.25047E-01 -6.95648E-01 -2.22045E-16
  1.480E+02  9.24024E-01  7.03690E-01 -1.27230E-01 -6.99023E-01 -2.22045E-16
  1.485E+02  9.26320E-01  7.00019E-01 -1.29474E-01 -7.02289E-01 -4.44089E-16
  1.490E+02  9.28584E-01  6.96410E-01 -1.31782E-01 -7.05441E-01 -4.44089E-16
  1.495E+02  9.30815E-01  6.92866E-01 -1.34157E-01 -7.08476E-01  0.00000E+00
  1.500E+02  9.33013E-01  6.89393E-01 -1.36602E-01 -7.11391E-01  2.22045E-16
  1.505E+02  9.35178E-01  6.85995E-01 -1.39120E-01 -7.14182E-01  0.00000E+00
  1.510E+02  9.37310E-01  6.82678E-01 -1.41714E-01 -7.16846E-01  3.33067E-16
  1.515E+02  9.39409E-01  6.79447E-01 -1.44387E-01 -7.19377E-01  0.00000E+00
  1.520E+02  9.41474E-01  6.76311E-01 -1.47145E-01 -7.21770E-01  0.00000E+00
  1.525E+02  9.43505E-01  6.73276E-01 -1.49990E-01 -7.24019E-01 -2.22045E-16
  1.530E+02  9.45503E-01  6.70350E-01 -1.52929E-01 -7.26115E-01  0.00000E+00
  1.535E+02  9.47467E-01  6.67541E-01 -1.55964E-01 -7.28055E-01 -2.22045E-16
  1.540E+02  9.49397E-01  6.64857E-01 -1.59102E-01 -7.29830E-01  1.11022E-16
  1.545E+02  9.51293E-01  6.62304E-01 -1.62347E-01 -7.31435E-01 -4.44089E-16
  1.550E+02  9.53154E-01  6.59892E-01 -1.65704E-01 -7.32861E-01  1.11022E-16
  1.555E+02  9.54981E-01  6.57631E-01 -1.69179E-01 -7.34098E-01  2.22045E-16
  1.560E+02  9.56773E-01  6.55533E-01 -1.72780E-01 -7.35135E-01  0.00000E+00
  1.565E+02  9.58530E-01  6.53610E-01 -1.76514E-01 -7.35960E-01  0.00000E+00
  1.570E+02  9.60252E-01  6.51873E-01 -1.80388E-01 -7.36560E-01  4.44089E-16
  1.575E+02  9.61940E-01  6.50335E-01 -1.84409E-01 -7.36924E-01 -4.44089E-16
  1.580E+02  9.63592E-01  6.49008E-01 -1.88586E-01 -7.37037E-01  1.11022E-16
  1.585E+02  9.65209E-01  6.47905E-01 -1.92927E-01 -7.36884E-01 -2.22045E-16
  1.590E+02  9.66790E-01  6.47043E-01 -1.97443E-01 -7.36445E-01  0.00000E+00
  1.595E+02  9.68336E-01  6.46440E-01 -2.02145E-01 -7.35699E-01  0.00000E+00
  1.600E+02  9.69846E-01  6.46115E-01 -2.07042E-01 -7.34622E-01  0.00000E+00
  1.605E+02  9.71321E-01  6.46086E-01 -2.12149E-01 -7.33189E-01  2.22045E-16
  1.610E+02  9.72759E-01  6.46374E-01 -2.17477E-01 -7.31372E-01 -2.22045E-16
  1.615E+02  9.74162E-01  6.46998E-01 -2.23040E-01 -7.29141E-01  0.00000E+00
  1.620E+02  9.75528E-01  6.47982E-01 -2.28853E-01 -7.26461E-01  0.00000E+00
  1.625E+02  9.76858E-01  6.49350E-01 -2.34931E-01 -7.23292E-01  2.22045E-16
  1.630E+02  9.78152E-01  6.51131E-01 -2.41292E-01 -7.19587E-01  0.00000E+00
  1.635E+02  9.79410E-01  6.53356E-01 -2.47955E-01 -7.15293E-01  0.00000E+00
  1.640E+02  9.80631E-01  6.56056E-01 -2.54940E-01 -7.10349E-01  1.11022E-16
  1.645E+02  9.81815E-01  6.59263E-01 -2.62267E-01 -7.04691E-01  0.00000E+00
  1.650E+02  9.82963E-01  6.63008E-01 -2.69957E-01 -6.98243E-01  1.11022E-16
  1.655E+02  9.84074E-01  6.67326E-01 -2.78034E-01 -6.90921E-01  2.22045E-16
  1.660E+02  9.85148E-01  6.72257E-01 -2.86522E-01 -6.82624E-01 -4.44089E-16
  1.665E+02  9.86185E-01  6.77841E-01 -2.95448E-01 -6.73233E-01  0.00000E+00
  1.670E+02  9.87185E-01  6.84120E-01 -3.04836E-01 -6.62612E-01  1.11022E-16
  1.675E+02  9.88148E-01  6.91137E-01 -3.14713E-01 -6.50604E-01  0.00000E+00
  1.680E+02  9.89074E-01  6.98930E-01 -3.25104E-01 -6.37028E-01  2.22045E-16
  1.685E+02  9.89962E-01  7.07531E-01 -3.36032E-01 -6.21677E-01  0.00000E+00
  1.690E+02  9.90814E-01  7.16972E-01 -3.47516E-01 -6.04305E-01  0.00000E+00
  1.695E+02  9.91627E-01  7.27271E-01 -3.59570E-01 -5.84624E-01  1.11022E-16
  1.700E+02  9.92404E-01  7.38441E-01 -3.72200E-01 -5.62292E-01  0.00000E+00
  1.705E+02  9.93143E-01  7.50469E-01 -3.85396E-01 -5.36904E-01  0.00000E+00
  1.710E+02  9.93844E-01  7.63312E-01 -3.99128E-01 -5.07987E-01  3.33067E-16
  1.715E+02  9.94508E-01  7.76877E-01 -4.13336E-01 -4.74989E-01  4.44089E-16
  1.720E+02  9.95134E-01  7.91004E-01 -4.27915E-01 -4.37266E-01  2.22045E-16
  1.725E+02  9.95722E-01  8.05434E-01 -4.42701E-01 -3.94070E-01  2.22045E-16
  1.730E+02  9.96273E-01  8.19783E-01 -4.57443E-01 -3.44531E-01 -2.22045E-16
  1.735E+02  9.96786E-01  8.33479E-01 -4.71768E-01 -2.87657E-01  0.00000E+00
  1.740E+02  9.97261E-01  8.45699E-01 -4.85136E-01 -2.22344E-01 -2.22045E-16
  1.745E+02  9.97698E-01  8.55265E-01 -4.96779E-01 -1.47418E-01  0.00000E+00
  1.750E+02  9.98097E-01  8.60539E-01 -5.05630E-01 -6.17256E-02  1.11022E-16
  1.755E+02  9.98459E-01  8.59291E-01 -5.10239E-01  3.57102E-02 -2.22045E-16
  1.760E+02  9.98782E-01  8.48576E-01 -5.08695E-01  1.45425E-01  0.00000E+00
  1.765E+02  9.99067E-01  8.24670E-01 -4.98574E-01  2.67102E-01  2.22045E-16
  1.770E+02  9.99315E-01  7.83132E-01 -4.76985E-01  3.98986E-01 -2.22045E-16
  1.775E+02  9.99524E-01  7.19149E-01 -4.40790E-01  5.37148E-01 -4.44089E-16
  1.780E+02  9.99695E-01  6.28320E-01 -3.87122E-01  6.74797E-01  2.22045E-16
  1.785E+02  9.99829E-01  5.07958E-01 -3.14233E-01  8.02020E-01 -2.22045E-16
  1.790E+02  9.99924E-01  3.58735E-01 -2.22561E-01  9.06519E-01  0.00000E+00
  1.795E+02  9.99981E-01  1.86019E-01 -1.15607E-01  9.75721E-01  0.00000E+00
  1.800E+02  1.00000E+00  2.64324E-15 -1.64364E-15  1.00000E+00  0.00000E+00
