 #  Scattering amplitudes (in cm)      MU=(1-cos(TH))/2
 #  Z =  79,   projectile: electron
 #  Kinetic energy = 7.90000E+06 eV
 #
 # TH (deg)      MU          Re(F)        Im(F)        Re(G)        Im(G)        ERRF         ERRG 
 #-----------------------------------------------------------------------------------------------------------------
  0.000E+00  0.00000E+00  1.65180E-06  2.62057E-07  0.00000E+00  0.00000E+00  4.83877E-09  0.00000E+00
  1.000E-04  7.61557E-13  1.65179E-06  2.62057E-07  1.35389E-12  2.14800E-13  4.83650E-09  2.37911E-07
  1.250E-04  1.18994E-12  1.65179E-06  2.62057E-07  1.69235E-12  2.68499E-13  4.83523E-09  2.37880E-07
  1.500E-04  1.71346E-12  1.65178E-06  2.62056E-07  2.03082E-12  3.22199E-13  4.83367E-09  2.37842E-07
  1.750E-04  2.33225E-12  1.65178E-06  2.62056E-07  2.36928E-12  3.75899E-13  4.83182E-09  2.37797E-07
  2.000E-04  3.04617E-12  1.65177E-06  2.62056E-07  2.70773E-12  4.29598E-13  4.82970E-09  2.37746E-07
  2.250E-04  3.85530E-12  1.65176E-06  2.62056E-07  3.04618E-12  4.83298E-13  4.82729E-09  2.37687E-07
  2.500E-04  4.75964E-12  1.65175E-06  2.62056E-07  3.38462E-12  5.36997E-13  4.82459E-09  2.37622E-07
  2.750E-04  5.75917E-12  1.65173E-06  2.62056E-07  3.72306E-12  5.90697E-13  4.82162E-09  2.37549E-07
  3.000E-04  6.85391E-12  1.65172E-06  2.62055E-07  4.06148E-12  6.44396E-13  4.81836E-09  2.37470E-07
  3.250E-04  8.04379E-12  1.65171E-06  2.62055E-07  4.39990E-12  6.98095E-13  4.81482E-09  2.37384E-07
  3.500E-04  9.32893E-12  1.65169E-06  2.62055E-07  4.73831E-12  7.51794E-13  4.81100E-09  2.37291E-07
  3.750E-04  1.07092E-11  1.65167E-06  2.62055E-07  5.07671E-12  8.05493E-13  4.80690E-09  2.37191E-07
  4.000E-04  1.21847E-11  1.65166E-06  2.62055E-07  5.41510E-12  8.59191E-13  4.80252E-09  2.37085E-07
  4.250E-04  1.37554E-11  1.65164E-06  2.62054E-07  5.75348E-12  9.12890E-13  4.79785E-09  2.36971E-07
  4.500E-04  1.54213E-11  1.65162E-06  2.62054E-07  6.09184E-12  9.66588E-13  4.79291E-09  2.36851E-07
  4.750E-04  1.71823E-11  1.65160E-06  2.62054E-07  6.43020E-12  1.02029E-12  4.78769E-09  2.36724E-07
  5.000E-04  1.90386E-11  1.65157E-06  2.62053E-07  6.76854E-12  1.07398E-12  4.78218E-09  2.36590E-07
  5.250E-04  2.09900E-11  1.65155E-06  2.62053E-07  7.10686E-12  1.12768E-12  4.77640E-09  2.36449E-07
  5.500E-04  2.30367E-11  1.65153E-06  2.62052E-07  7.44517E-12  1.18138E-12  4.77034E-09  2.36301E-07
  5.750E-04  2.51785E-11  1.65150E-06  2.62052E-07  7.78347E-12  1.23508E-12  4.76400E-09  2.36147E-07
  6.000E-04  2.74156E-11  1.65147E-06  2.62052E-07  8.12175E-12  1.28877E-12  4.75739E-09  2.35985E-07
  6.250E-04  2.97478E-11  1.65145E-06  2.62051E-07  8.46001E-12  1.34247E-12  4.75049E-09  2.35817E-07
  6.500E-04  3.21752E-11  1.65142E-06  2.62051E-07  8.79825E-12  1.39617E-12  4.74333E-09  2.35643E-07
  6.750E-04  3.46979E-11  1.65139E-06  2.62050E-07  9.13648E-12  1.44986E-12  4.73588E-09  2.35461E-07
  7.000E-04  3.73157E-11  1.65135E-06  2.62050E-07  9.47469E-12  1.50356E-12  4.72816E-09  2.35273E-07
  7.250E-04  4.00286E-11  1.65132E-06  2.62049E-07  9.81287E-12  1.55725E-12  4.72017E-09  2.35078E-07
  7.500E-04  4.28368E-11  1.65129E-06  2.62049E-07  1.01510E-11  1.61095E-12  4.71190E-09  2.34876E-07
  7.750E-04  4.57402E-11  1.65125E-06  2.62048E-07  1.04892E-11  1.66464E-12  4.70336E-09  2.34667E-07
  8.000E-04  4.87388E-11  1.65122E-06  2.62048E-07  1.08273E-11  1.71834E-12  4.69455E-09  2.34452E-07
  8.250E-04  5.18325E-11  1.65118E-06  2.62047E-07  1.11654E-11  1.77203E-12  4.68547E-09  2.34230E-07
  8.500E-04  5.50215E-11  1.65114E-06  2.62047E-07  1.15035E-11  1.82573E-12  4.67611E-09  2.34002E-07
  8.750E-04  5.83057E-11  1.65110E-06  2.62046E-07  1.18415E-11  1.87942E-12  4.66649E-09  2.33766E-07
  9.000E-04  6.16850E-11  1.65106E-06  2.62045E-07  1.21796E-11  1.93311E-12  4.65660E-09  2.33525E-07
  9.250E-04  6.51595E-11  1.65102E-06  2.62045E-07  1.25176E-11  1.98681E-12  4.64644E-09  2.33276E-07
  9.500E-04  6.87293E-11  1.65098E-06  2.62044E-07  1.28556E-11  2.04050E-12  4.63601E-09  2.33021E-07
  9.750E-04  7.23943E-11  1.65093E-06  2.62043E-07  1.31935E-11  2.09419E-12  4.62532E-09  2.32759E-07
  1.000E-03  7.61544E-11  1.65089E-06  2.62043E-07  1.35314E-11  2.14788E-12  4.61436E-09  2.32490E-07
  1.250E-03  1.18991E-10  1.65037E-06  2.62035E-07  1.69090E-11  2.68477E-12  4.49038E-09  2.29446E-07
  1.500E-03  1.71347E-10  1.64974E-06  2.62025E-07  2.02831E-11  3.22161E-12  4.34103E-09  2.25761E-07
  1.750E-03  2.33223E-10  1.64900E-06  2.62014E-07  2.36529E-11  3.75838E-12  4.16759E-09  2.21455E-07
  2.000E-03  3.04617E-10  1.64814E-06  2.62000E-07  2.70178E-11  4.29507E-12  3.97153E-09  2.16553E-07
  2.250E-03  3.85531E-10  1.64717E-06  2.61985E-07  3.03772E-11  4.83168E-12  3.75453E-09  2.11081E-07
  2.500E-03  4.75965E-10  1.64609E-06  2.61969E-07  3.37303E-11  5.36819E-12  3.51844E-09  2.05071E-07
  2.750E-03  5.75917E-10  1.64489E-06  2.61950E-07  3.70764E-11  5.90459E-12  3.26525E-09  1.98555E-07
  3.000E-03  6.85389E-10  1.64359E-06  2.61930E-07  4.04149E-11  6.44087E-12  2.99712E-09  1.91569E-07
  3.250E-03  8.04380E-10  1.64218E-06  2.61908E-07  4.37451E-11  6.97703E-12  2.71629E-09  1.84153E-07
  3.500E-03  9.32891E-10  1.64065E-06  2.61884E-07  4.70664E-11  7.51304E-12  2.42513E-09  1.76345E-07
  3.750E-03  1.07092E-09  1.63902E-06  2.61859E-07  5.03781E-11  8.04890E-12  2.12607E-09  1.68190E-07
  4.000E-03  1.21847E-09  1.63728E-06  2.61831E-07  5.36796E-11  8.58460E-12  1.82161E-09  1.59730E-07
  4.250E-03  1.37554E-09  1.63543E-06  2.61802E-07  5.69702E-11  9.12013E-12  1.51426E-09  1.51011E-07
  4.500E-03  1.54213E-09  1.63347E-06  2.61772E-07  6.02493E-11  9.65547E-12  1.20656E-09  1.42079E-07
  4.750E-03  1.71823E-09  1.63142E-06  2.61739E-07  6.35163E-11  1.01906E-11  9.01021E-10  1.32980E-07
  5.000E-03  1.90386E-09  1.62925E-06  2.61705E-07  6.67707E-11  1.07256E-11  6.00112E-10  1.23763E-07
  5.250E-03  2.09900E-09  1.62699E-06  2.61669E-07  7.00117E-11  1.12603E-11  3.06252E-10  1.14474E-07
  5.500E-03  2.30367E-09  1.62462E-06  2.61631E-07  7.32389E-11  1.17948E-11  2.17702E-11  1.05161E-07
  5.750E-03  2.51785E-09  1.62215E-06  2.61592E-07  7.64517E-11  1.23291E-11  2.51105E-10  9.58697E-08
  6.000E-03  2.74156E-09  1.61959E-06  2.61551E-07  7.96495E-11  1.28631E-11  5.10272E-10  8.66458E-08
  6.250E-03  2.97478E-09  1.61692E-06  2.61508E-07  8.28318E-11  1.33969E-11  7.53769E-10  7.75339E-08
  6.500E-03  3.21752E-09  1.61416E-06  2.61463E-07  8.59981E-11  1.39304E-11  9.79800E-10  6.85771E-08
  6.750E-03  3.46978E-09  1.61131E-06  2.61417E-07  8.91477E-11  1.44636E-11  1.18674E-09  5.98167E-08
  7.000E-03  3.73156E-09  1.60836E-06  2.61369E-07  9.22803E-11  1.49965E-11  1.37317E-09  5.12920E-08
  7.250E-03  4.00286E-09  1.60532E-06  2.61319E-07  9.53954E-11  1.55291E-11  1.53785E-09  4.30403E-08
  7.500E-03  4.28368E-09  1.60219E-06  2.61268E-07  9.84924E-11  1.60615E-11  1.67977E-09  3.50963E-08
  7.750E-03  4.57402E-09  1.59897E-06  2.61214E-07  1.01571E-10  1.65935E-11  1.79815E-09  2.74922E-08
  8.000E-03  4.87388E-09  1.59566E-06  2.61159E-07  1.04631E-10  1.71251E-11  1.89241E-09  2.02573E-08
  8.250E-03  5.18326E-09  1.59227E-06  2.61103E-07  1.07671E-10  1.76565E-11  1.96223E-09  1.34180E-08
  8.500E-03  5.50215E-09  1.58879E-06  2.61045E-07  1.10691E-10  1.81875E-11  2.00752E-09  6.99757E-09
  8.750E-03  5.83057E-09  1.58523E-06  2.60985E-07  1.13691E-10  1.87181E-11  2.02841E-09  1.01611E-09
  9.000E-03  6.16850E-09  1.58159E-06  2.60923E-07  1.16671E-10  1.92483E-11  2.02527E-09  4.50959E-09
  9.250E-03  6.51596E-09  1.57787E-06  2.60860E-07  1.19630E-10  1.97782E-11  1.99869E-09  9.56611E-09
  9.500E-03  6.87293E-09  1.57407E-06  2.60795E-07  1.22567E-10  2.03077E-11  1.94950E-09  1.41434E-08
  9.750E-03  7.23942E-09  1.57019E-06  2.60728E-07  1.25483E-10  2.08368E-11  1.87870E-09  1.82349E-08
  1.000E-02  7.61544E-09  1.56624E-06  2.60659E-07  1.28377E-10  2.13654E-11  1.78751E-09  2.18374E-08
  1.250E-02  1.18991E-08  1.52304E-06  2.59885E-07  1.56045E-10  2.66274E-11  1.32495E-10  3.25350E-08
  1.500E-02  1.71347E-08  1.47430E-06  2.58948E-07  1.81261E-10  3.18378E-11  1.43465E-09  1.16938E-08
  1.750E-02  2.33223E-08  1.42170E-06  2.57856E-07  2.03926E-10  3.69874E-11  1.38683E-09  1.19105E-08
  2.000E-02  3.04617E-08  1.36673E-06  2.56616E-07  2.24047E-10  4.20680E-11  9.46186E-11  1.76756E-08
  2.250E-02  3.85531E-08  1.31066E-06  2.55233E-07  2.41713E-10  4.70716E-11  1.40948E-09  5.59890E-09
  2.500E-02  4.75965E-08  1.25451E-06  2.53718E-07  2.57064E-10  5.19912E-11  1.19682E-09  9.07965E-09
  2.750E-02  5.75917E-08  1.19905E-06  2.52077E-07  2.70271E-10  5.68204E-11  2.87703E-10  1.21791E-08
  3.000E-02  6.85389E-08  1.14487E-06  2.50319E-07  2.81519E-10  6.15537E-11  1.45960E-09  2.86550E-09
  3.250E-02  8.04380E-08  1.09236E-06  2.48453E-07  2.90990E-10  6.61862E-11  1.06742E-09  7.89273E-09
  3.500E-02  9.32891E-08  1.04177E-06  2.46488E-07  2.98861E-10  7.07136E-11  4.83570E-10  9.36116E-09
  3.750E-02  1.07092E-07  9.93263E-07  2.44432E-07  3.05298E-10  7.51326E-11  1.54074E-09  1.23674E-09
  4.000E-02  1.21847E-07  9.46907E-07  2.42293E-07  3.10453E-10  7.94402E-11  9.49371E-10  7.29982E-09
  4.250E-02  1.37554E-07  9.02723E-07  2.40080E-07  3.14464E-10  8.36343E-11  6.92903E-10  7.59929E-09
  4.500E-02  1.54213E-07  8.60688E-07  2.37801E-07  3.17458E-10  8.77132E-11  1.63181E-09  7.80555E-11
  4.750E-02  1.71823E-07  8.20756E-07  2.35463E-07  3.19548E-10  9.16759E-11  8.20548E-10  6.96572E-09
  5.000E-02  1.90386E-07  7.82858E-07  2.33073E-07  3.20835E-10  9.55216E-11  9.18365E-10  6.32974E-09
  5.250E-02  2.09900E-07  7.46918E-07  2.30639E-07  3.21411E-10  9.92503E-11  1.71955E-09  8.44175E-10
  5.500E-02  2.30367E-07  7.12851E-07  2.28167E-07  3.21359E-10  1.02862E-10  6.68972E-10  6.75005E-09
  5.750E-02  2.51785E-07  6.80570E-07  2.25664E-07  3.20752E-10  1.06358E-10  1.15900E-09  5.31138E-09
  6.000E-02  2.74156E-07  6.49987E-07  2.23134E-07  3.19657E-10  1.09738E-10  1.79369E-09  1.63024E-09
  6.250E-02  2.97478E-07  6.21016E-07  2.20584E-07  3.18135E-10  1.13004E-10  4.87503E-10  6.58202E-09
  6.500E-02  3.21752E-07  5.93571E-07  2.18019E-07  3.16238E-10  1.16158E-10  1.41154E-09  4.42629E-09
  6.750E-02  3.46978E-07  5.67570E-07  2.15443E-07  3.14016E-10  1.19200E-10  1.84530E-09  2.32645E-09
  7.000E-02  3.73156E-07  5.42934E-07  2.12861E-07  3.11512E-10  1.22133E-10  2.71973E-10  6.42070E-09
  7.250E-02  4.00286E-07  5.19588E-07  2.10276E-07  3.08764E-10  1.24959E-10  1.67094E-09  3.61194E-09
  7.500E-02  4.28368E-07  4.97460E-07  2.07693E-07  3.05808E-10  1.27680E-10  1.86621E-09  2.95389E-09
  7.750E-02  4.57402E-07  4.76481E-07  2.05115E-07  3.02675E-10  1.30298E-10  2.05256E-11  6.24011E-09
  8.000E-02  4.87388E-07  4.56587E-07  2.02544E-07  2.99394E-10  1.32816E-10  1.93070E-09  2.83412E-09
  8.250E-02  5.18325E-07  4.37715E-07  1.99984E-07  2.95989E-10  1.35235E-10  1.84902E-09  3.52071E-09
  8.500E-02  5.50215E-07  4.19809E-07  1.97437E-07  2.92482E-10  1.37559E-10  2.66617E-10  6.02299E-09
  8.750E-02  5.83057E-07  4.02812E-07  1.94906E-07  2.88895E-10  1.39789E-10  2.18312E-09  2.07474E-09
  9.000E-02  6.16850E-07  3.86674E-07  1.92392E-07  2.85244E-10  1.41929E-10  1.78732E-09  4.02807E-09
  9.250E-02  6.51596E-07  3.71345E-07  1.89897E-07  2.81546E-10  1.43980E-10  5.87262E-10  5.75798E-09
  9.500E-02  6.87293E-07  3.56779E-07  1.87424E-07  2.77813E-10  1.45945E-10  2.41975E-09  1.32560E-09
  9.750E-02  7.23942E-07  3.42933E-07  1.84973E-07  2.74059E-10  1.47827E-10  1.67586E-09  4.47340E-09
  1.000E-01  7.61543E-07  3.29765E-07  1.82546E-07  2.70293E-10  1.49628E-10  9.37371E-10  5.43814E-09
  1.250E-01  1.18991E-06  2.27944E-07  1.59762E-07  2.33544E-10  1.63692E-10  3.03155E-09  1.54918E-09
  1.500E-01  1.71347E-06  1.63048E-07  1.39876E-07  2.00464E-10  1.71981E-10  6.07084E-10  5.51202E-09
  1.750E-01  2.33223E-06  1.19367E-07  1.22742E-07  1.71219E-10  1.76068E-10  4.30986E-09  3.79143E-10
  2.000E-01  3.04617E-06  8.84619E-08  1.08003E-07  1.45016E-10  1.77058E-10  2.07732E-10  5.58723E-09
  2.250E-01  3.85531E-06  6.57615E-08  9.52919E-08  1.21278E-10  1.75748E-10  5.57127E-09  7.84453E-10
  2.500E-01  4.75964E-06  4.86906E-08  8.42960E-08  9.97723E-11  1.72743E-10  1.56015E-09  5.56758E-09
  2.750E-01  5.75916E-06  3.56923E-08  7.47606E-08  8.04504E-11  1.68524E-10  6.68172E-09  1.98304E-09
  3.000E-01  6.85388E-06  2.57419E-08  6.64774E-08  6.32960E-11  1.63476E-10  3.47516E-09  5.36471E-09
  3.250E-01  8.04378E-06  1.81119E-08  5.92724E-08  4.82449E-11  1.57905E-10  7.42276E-09  3.19228E-09
  3.500E-01  9.32888E-06  1.22597E-08  5.29968E-08  3.51671E-11  1.52048E-10  5.89376E-09  4.90606E-09
  3.750E-01  1.07092E-05  7.77032E-09  4.75214E-08  2.38795E-11  1.46078E-10  7.56699E-09  4.34508E-09
  4.000E-01  1.21846E-05  4.32376E-09  4.27337E-08  1.41712E-11  1.40119E-10  8.67187E-09  4.17193E-09
  4.250E-01  1.37553E-05  1.67393E-09  3.85362E-08  5.82573E-12  1.34254E-10  6.94074E-09  5.36895E-09
  4.500E-01  1.54212E-05 -3.67490E-10  3.48445E-08 -1.36157E-12  1.28534E-10  1.16124E-08  3.18340E-09
  4.750E-01  1.71822E-05 -1.94363E-09  3.15865E-08 -7.57399E-12  1.22989E-10  5.43552E-09  6.20274E-09
  5.000E-01  1.90385E-05 -3.16271E-09  2.87005E-08 -1.29690E-11  1.17634E-10  1.44863E-08  1.98144E-09
  5.250E-01  2.09899E-05 -4.10625E-09  2.61345E-08 -1.76780E-11  1.12474E-10  3.00352E-09  6.79718E-09
  5.500E-01  2.30365E-05 -4.83563E-09  2.38446E-08 -2.18081E-11  1.07506E-10  1.70424E-08  6.16890E-10
  5.750E-01  2.51783E-05 -5.39709E-09  2.17938E-08 -2.54458E-11  1.02726E-10  3.40924E-10  7.11318E-09
  6.000E-01  2.74153E-05 -5.82563E-09  1.99509E-08 -2.86598E-11  9.81289E-11  1.90177E-08  8.51947E-10
  6.250E-01  2.97475E-05 -6.14795E-09  1.82897E-08 -3.15054E-11  9.37070E-11  4.51543E-09  7.12239E-09
  6.500E-01  3.21749E-05 -6.38462E-09  1.67881E-08 -3.40266E-11  8.94543E-11  2.01529E-08  2.36024E-09
  6.750E-01  3.46974E-05 -6.55161E-09  1.54272E-08 -3.62594E-11  8.53648E-11  9.36568E-09  6.80924E-09
  7.000E-01  3.73152E-05 -6.66156E-09  1.41910E-08 -3.82333E-11  8.14330E-11  2.02120E-08  3.83851E-09
  7.250E-01  4.00281E-05 -6.72457E-09  1.30657E-08 -3.99732E-11  7.76539E-11  1.46671E-08  6.17287E-09
  7.500E-01  4.28362E-05 -6.74880E-09  1.20396E-08 -4.15006E-11  7.40230E-11  1.90029E-08  5.21560E-09
  7.750E-01  4.57395E-05 -6.74098E-09  1.11023E-08 -4.28343E-11  7.05359E-11  2.01326E-08  5.22819E-09
  8.000E-01  4.87380E-05 -6.70667E-09  1.02449E-08 -4.39911E-11  6.71884E-11  1.63963E-08  6.42228E-09
  8.250E-01  5.18317E-05 -6.65053E-09  9.45950E-09 -4.49863E-11  6.39764E-11  2.54266E-08  4.00579E-09
  8.500E-01  5.50205E-05 -6.57650E-09  8.73916E-09 -4.58337E-11  6.08959E-11  1.23406E-08  7.39483E-09
  8.750E-01  5.83045E-05 -6.48791E-09  8.07775E-09 -4.65463E-11  5.79427E-11  3.01823E-08  2.55089E-09
  9.000E-01  6.16838E-05 -6.38759E-09  7.46977E-09 -4.71361E-11  5.51127E-11  6.87339E-09  8.07847E-09
  9.250E-01  6.51582E-05 -6.27796E-09  6.91035E-09 -4.76143E-11  5.24016E-11  3.40234E-08  9.21517E-10
  9.500E-01  6.87277E-05 -6.16108E-09  6.39510E-09 -4.79910E-11  4.98051E-11  1.27177E-10  8.43025E-09
  9.750E-01  7.23925E-05 -6.03871E-09  5.92007E-09 -4.82758E-11  4.73190E-11  3.65866E-08  8.14029E-10
  1.000E+00  7.61524E-05 -5.91233E-09  5.48172E-09 -4.84777E-11  4.49388E-11  9.82421E-12  6.56969E-11
  1.100E+00  9.21439E-05 -5.38926E-09  4.03555E-09 -4.86088E-11  3.63915E-11  2.20158E-11  2.82678E-11
  1.200E+00  1.09658E-04 -4.87352E-09  2.96861E-09 -4.79545E-11  2.92035E-11  2.60228E-11  2.81964E-12
  1.300E+00  1.28695E-04 -4.39081E-09  2.17095E-09 -4.68063E-11  2.31358E-11  2.44504E-11  1.20407E-11
  1.400E+00  1.49255E-04 -3.95091E-09  1.56734E-09 -4.53580E-11  1.79872E-11  1.95143E-11  1.85417E-11
  1.500E+00  1.71338E-04 -3.55554E-09  1.10570E-09 -4.37358E-11  1.35947E-11  1.30306E-11  1.90922E-11
  1.600E+00  1.94942E-04 -3.20257E-09  7.49516E-10 -4.20215E-11  9.82832E-12  6.40017E-12  1.59313E-11
  1.700E+00  2.20070E-04 -2.88836E-09  4.72783E-10 -4.02685E-11  6.58520E-12  6.12921E-13  1.09495E-11
  1.800E+00  2.46720E-04 -2.60881E-09  2.56692E-10 -3.85118E-11  3.78318E-12  3.73690E-12  5.60216E-12
  1.900E+00  2.74892E-04 -2.35997E-09  8.74209E-11 -3.67748E-11  1.35611E-12  6.39844E-12  8.92024E-13
  2.000E+00  3.04586E-04 -2.13817E-09 -4.53443E-11 -3.50732E-11 -7.49972E-13  7.41046E-12  2.60281E-12
  2.100E+00  3.35803E-04 -1.94016E-09 -1.49408E-10 -3.34174E-11 -2.57962E-12  7.02234E-12  4.66357E-12
  2.200E+00  3.68542E-04 -1.76309E-09 -2.30749E-10 -3.18144E-11 -4.17008E-12  5.61540E-12  5.35427E-12
  2.300E+00  4.02802E-04 -1.60444E-09 -2.93997E-10 -3.02685E-11 -5.55276E-12  3.62308E-12  4.92908E-12
  2.400E+00  4.38585E-04 -1.46204E-09 -3.42773E-10 -2.87821E-11 -6.75439E-12  1.46845E-12  3.74322E-12
  2.500E+00  4.75889E-04 -1.33398E-09 -3.79931E-10 -2.73561E-11 -7.79786E-12  4.91622E-13  2.18065E-12
  2.600E+00  5.14715E-04 -1.21863E-09 -4.07735E-10 -2.59908E-11 -8.70287E-12  2.00000E-12  5.88458E-13
  2.700E+00  5.55063E-04 -1.11452E-09 -4.27994E-10 -2.46854E-11 -9.48643E-12  2.91283E-12  7.62664E-13
  2.800E+00  5.96931E-04 -1.02040E-09 -4.42158E-10 -2.34385E-11 -1.01633E-11  3.20148E-12  1.70082E-12
  2.900E+00  6.40321E-04 -9.35176E-10 -4.51398E-10 -2.22486E-11 -1.07463E-11  2.93212E-12  2.15614E-12
  3.000E+00  6.85233E-04 -8.57869E-10 -4.56660E-10 -2.11137E-11 -1.12466E-11  2.24402E-12  2.15175E-12
  3.100E+00  7.31665E-04 -7.87633E-10 -4.58712E-10 -2.00318E-11 -1.16739E-11  1.31247E-12  1.77765E-12
  3.200E+00  7.79618E-04 -7.23722E-10 -4.58181E-10 -1.90005E-11 -1.20368E-11  3.20838E-13  1.16548E-12
  3.300E+00  8.29092E-04 -6.65477E-10 -4.55576E-10 -1.80178E-11 -1.23427E-11  5.68002E-13  4.61225E-13
  3.400E+00  8.80086E-04 -6.12317E-10 -4.51315E-10 -1.70812E-11 -1.25982E-11  1.23103E-12  2.01368E-13
  3.500E+00  9.32601E-04 -5.63729E-10 -4.45742E-10 -1.61887E-11 -1.28090E-11  1.60061E-12  7.19412E-13
  3.600E+00  9.86636E-04 -5.19259E-10 -4.39135E-10 -1.53380E-11 -1.29801E-11  1.66099E-12  1.03095E-12
  3.700E+00  1.04219E-03 -4.78502E-10 -4.31727E-10 -1.45270E-11 -1.31161E-11  1.44793E-12  1.11712E-12
  3.800E+00  1.09927E-03 -4.41102E-10 -4.23705E-10 -1.37538E-11 -1.32208E-11  1.03326E-12  9.99161E-13
  3.900E+00  1.15786E-03 -4.06738E-10 -4.15227E-10 -1.30162E-11 -1.32977E-11  5.09511E-13  7.28952E-13
  4.000E+00  1.21797E-03 -3.75126E-10 -4.06420E-10 -1.23126E-11 -1.33499E-11  2.62057E-14  3.74011E-13
  4.100E+00  1.27961E-03 -3.46013E-10 -3.97390E-10 -1.16411E-11 -1.33802E-11  4.88025E-13  6.29375E-15
  4.200E+00  1.34276E-03 -3.19172E-10 -3.88222E-10 -1.10001E-11 -1.33908E-11  8.12618E-13  3.11250E-13
  4.300E+00  1.40743E-03 -2.94398E-10 -3.78988E-10 -1.03880E-11 -1.33841E-11  9.66093E-13  5.31995E-13
  4.400E+00  1.47362E-03 -2.71510E-10 -3.69744E-10 -9.80322E-12 -1.33619E-11  9.45694E-13  6.33115E-13
  4.500E+00  1.54133E-03 -2.50343E-10 -3.60539E-10 -9.24443E-12 -1.33260E-11  7.76006E-13  6.13380E-13
  4.600E+00  1.61056E-03 -2.30750E-10 -3.51409E-10 -8.71027E-12 -1.32777E-11  5.01730E-13  4.92265E-13
  4.700E+00  1.68131E-03 -2.12597E-10 -3.42385E-10 -8.19948E-12 -1.32186E-11  1.79262E-13  3.03042E-13
  4.800E+00  1.75357E-03 -1.95765E-10 -3.33493E-10 -7.71086E-12 -1.31499E-11  1.34757E-13  8.61408E-14
  4.900E+00  1.82735E-03 -1.80144E-10 -3.24750E-10 -7.24331E-12 -1.30725E-11  3.91160E-13  1.18854E-13
  5.000E+00  1.90265E-03 -1.65636E-10 -3.16172E-10 -6.79576E-12 -1.29876E-11  5.55683E-13  2.78955E-13
  5.100E+00  1.97947E-03 -1.52151E-10 -3.07771E-10 -6.36723E-12 -1.28959E-11  6.12402E-13  3.72918E-13
  5.200E+00  2.05780E-03 -1.39609E-10 -2.99554E-10 -5.95676E-12 -1.27983E-11  5.64203E-13  3.92728E-13
  5.300E+00  2.13765E-03 -1.27937E-10 -2.91527E-10 -5.56348E-12 -1.26956E-11  4.30292E-13  3.44101E-13
  5.400E+00  2.21902E-03 -1.17066E-10 -2.83695E-10 -5.18656E-12 -1.25882E-11  2.41365E-13  2.42885E-13
  5.500E+00  2.30190E-03 -1.06935E-10 -2.76060E-10 -4.82520E-12 -1.24769E-11  3.34848E-14  1.11888E-13
  5.600E+00  2.38630E-03 -9.74896E-11 -2.68623E-10 -4.47866E-12 -1.23621E-11  1.58082E-13  2.35501E-14
  5.700E+00  2.47222E-03 -8.86777E-11 -2.61382E-10 -4.14625E-12 -1.22443E-11  3.04230E-13  1.40071E-13
  5.800E+00  2.55965E-03 -8.04527E-11 -2.54337E-10 -3.82730E-12 -1.21240E-11  3.86336E-13  2.20491E-13
  5.900E+00  2.64859E-03 -7.27721E-11 -2.47487E-10 -3.52119E-12 -1.20014E-11  3.97623E-13  2.55100E-13
  6.000E+00  2.73905E-03 -6.55965E-11 -2.40827E-10 -3.22733E-12 -1.18770E-11  3.43334E-13  2.43239E-13
  6.100E+00  2.83103E-03 -5.88898E-11 -2.34356E-10 -2.94515E-12 -1.17511E-11  2.39108E-13  1.91395E-13
  6.200E+00  2.92452E-03 -5.26191E-11 -2.28069E-10 -2.67413E-12 -1.16240E-11  1.06285E-13  1.12589E-13
  6.300E+00  3.01952E-03 -4.67538E-11 -2.21963E-10 -2.41377E-12 -1.14958E-11  3.04776E-14  2.29989E-14
  6.400E+00  3.11604E-03 -4.12659E-11 -2.16033E-10 -2.16359E-12 -1.13669E-11  1.49186E-13  6.14951E-14
  6.500E+00  3.21407E-03 -3.61296E-11 -2.10276E-10 -1.92315E-12 -1.12375E-11  2.32189E-13  1.27197E-13
  6.600E+00  3.31362E-03 -3.13211E-11 -2.04687E-10 -1.69203E-12 -1.11077E-11  2.69531E-13  1.64785E-13
  6.700E+00  3.41468E-03 -2.68181E-11 -1.99262E-10 -1.46980E-12 -1.09778E-11  2.59759E-13  1.70977E-13
  6.800E+00  3.51725E-03 -2.26007E-11 -1.93996E-10 -1.25611E-12 -1.08478E-11  2.08776E-13  1.47673E-13
  6.900E+00  3.62133E-03 -1.86497E-11 -1.88884E-10 -1.05057E-12 -1.07179E-11  1.28630E-13  1.01861E-13
  7.000E+00  3.72692E-03 -1.49477E-11 -1.83923E-10 -8.52857E-13 -1.05882E-11  3.52351E-14  4.31980E-14
  7.100E+00  3.83403E-03 -1.14791E-11 -1.79108E-10 -6.62629E-13 -1.04589E-11  5.52827E-14  1.70403E-14
  7.200E+00  3.94265E-03 -8.22775E-12 -1.74435E-10 -4.79579E-13 -1.03301E-11  1.28403E-13  6.87081E-14
  7.300E+00  4.05278E-03 -5.18096E-12 -1.69899E-10 -3.03410E-13 -1.02018E-11  1.73918E-13  1.03894E-13
  7.400E+00  4.16442E-03 -2.32516E-12 -1.65496E-10 -1.33841E-13 -1.00741E-11  1.87011E-13  1.18253E-13
  7.500E+00  4.27757E-03  3.51695E-13 -1.61222E-10  2.93958E-14 -9.94712E-12  1.68532E-13  1.11331E-13
  7.600E+00  4.39223E-03  2.86029E-12 -1.57073E-10  1.86556E-13 -9.82092E-12  1.24352E-13  8.62867E-14
  7.700E+00  4.50840E-03  5.21154E-12 -1.53045E-10  3.37883E-13 -9.69555E-12  6.39711E-14  4.89982E-14
  7.800E+00  4.62608E-03  7.41490E-12 -1.49134E-10  4.83608E-13 -9.57106E-12  1.33694E-15  6.89974E-15
  7.900E+00  4.74527E-03  9.47933E-12 -1.45336E-10  6.23953E-13 -9.44750E-12  6.05207E-14  3.24860E-14
  8.000E+00  4.86597E-03  1.14134E-11 -1.41649E-10  7.59127E-13 -9.32492E-12  1.04530E-13  6.27890E-14
  8.100E+00  4.98817E-03  1.32249E-11 -1.38068E-10  8.89333E-13 -9.20334E-12  1.27567E-13  7.97066E-14
  8.200E+00  5.11188E-03  1.49212E-11 -1.34589E-10  1.01476E-12 -9.08280E-12  1.27819E-13  8.16248E-14
  8.300E+00  5.23711E-03  1.65091E-11 -1.31211E-10  1.13559E-12 -8.96333E-12  1.07165E-13  6.96027E-14
  8.400E+00  5.36383E-03  1.79950E-11 -1.27929E-10  1.25201E-12 -8.84496E-12  7.10002E-14  4.68736E-14
  8.500E+00  5.49207E-03  1.93850E-11 -1.24740E-10  1.36417E-12 -8.72770E-12  2.64681E-14  1.83186E-14
  8.600E+00  5.62181E-03  2.06847E-11 -1.21641E-10  1.47224E-12 -8.61157E-12  1.82829E-14  1.07909E-14
  8.700E+00  5.75306E-03  2.18992E-11 -1.18630E-10  1.57638E-12 -8.49659E-12  5.62362E-14  3.53721E-14
  8.800E+00  5.88581E-03  2.30336E-11 -1.15704E-10  1.67671E-12 -8.38277E-12  8.15356E-14  5.18443E-14
  8.900E+00  6.02007E-03  2.40925E-11 -1.12859E-10  1.77340E-12 -8.27012E-12  9.12311E-14  5.80414E-14
  9.000E+00  6.15583E-03  2.50801E-11 -1.10094E-10  1.86657E-12 -8.15864E-12  8.52454E-14  5.37519E-14
  9.100E+00  6.29310E-03  2.60007E-11 -1.07405E-10  1.95634E-12 -8.04836E-12  6.58364E-14  4.09274E-14
  9.200E+00  6.43187E-03  2.68579E-11 -1.04791E-10  2.04285E-12 -7.93926E-12  3.74970E-14  2.21547E-14
  9.300E+00  6.57214E-03  2.76553E-11 -1.02248E-10  2.12620E-12 -7.83135E-12  5.60276E-15  1.32392E-15
  9.400E+00  6.71392E-03  2.83964E-11 -9.97753E-11  2.20652E-12 -7.72463E-12  2.43231E-14  1.78153E-14
  9.500E+00  6.85720E-03  2.90843E-11 -9.73699E-11  2.28391E-12 -7.61910E-12  4.75473E-14  3.21427E-14
  9.600E+00  7.00198E-03  2.97220E-11 -9.50298E-11  2.35847E-12 -7.51476E-12  6.10024E-14  3.98048E-14
  9.700E+00  7.14827E-03  3.03122E-11 -9.27530E-11  2.43031E-12 -7.41161E-12  6.31515E-14  3.99111E-14
  9.800E+00  7.29605E-03  3.08577E-11 -9.05373E-11  2.49951E-12 -7.30965E-12  5.48541E-14  3.33364E-14
  9.900E+00  7.44534E-03  3.13609E-11 -8.83811E-11  2.56617E-12 -7.20885E-12  3.83691E-14  2.16313E-14
  1.000E+01  7.59612E-03  3.18242E-11 -8.62823E-11  2.63038E-12 -7.10924E-12  1.72634E-14  7.39615E-15
  1.025E+01  7.97965E-03  3.28217E-11 -8.12753E-11  2.78073E-12 -6.86528E-12  3.16723E-14  2.29884E-14
  1.050E+01  8.37255E-03  3.36141E-11 -7.65903E-11  2.91750E-12 -6.62849E-12  4.19026E-14  2.55426E-14
  1.075E+01  8.77480E-03  3.42285E-11 -7.22034E-11  3.04182E-12 -6.39873E-12  1.29315E-14  4.02304E-15
  1.100E+01  9.18641E-03  3.46881E-11 -6.80925E-11  3.15469E-12 -6.17585E-12  2.06774E-14  1.63493E-14
  1.125E+01  9.60736E-03  3.50133E-11 -6.42373E-11  3.25703E-12 -5.95969E-12  2.82934E-14  1.73496E-14
  1.150E+01  1.00376E-02  3.52217E-11 -6.06194E-11  3.34968E-12 -5.75006E-12  9.20092E-15  1.74933E-15
  1.175E+01  1.04773E-02  3.53287E-11 -5.72218E-11  3.43340E-12 -5.54680E-12  1.31303E-14  1.18703E-14
  1.200E+01  1.09262E-02  3.53477E-11 -5.40288E-11  3.50889E-12 -5.34973E-12  1.83908E-14  1.09813E-14
  1.225E+01  1.13844E-02  3.52904E-11 -5.10261E-11  3.57678E-12 -5.15865E-12  6.27122E-15  2.92241E-16
  1.250E+01  1.18520E-02  3.51670E-11 -4.82006E-11  3.63766E-12 -4.97339E-12  8.15572E-15  8.68665E-15
  1.275E+01  1.23288E-02  3.49867E-11 -4.55400E-11  3.69206E-12 -4.79377E-12  1.12968E-14  6.85686E-15
  1.300E+01  1.28150E-02  3.47571E-11 -4.30332E-11  3.74047E-12 -4.61962E-12  3.82397E-15  1.16204E-15
  1.325E+01  1.33104E-02  3.44853E-11 -4.06698E-11  3.78334E-12 -4.45075E-12  4.50750E-15  6.45249E-15
  1.350E+01  1.38150E-02  3.41772E-11 -3.84403E-11  3.82107E-12 -4.28699E-12  5.82148E-15  3.34143E-15
  1.375E+01  1.43290E-02  3.38384E-11 -3.63359E-11  3.85404E-12 -4.12819E-12  1.53887E-15  2.29694E-15
  1.400E+01  1.48521E-02  3.34733E-11 -3.43486E-11  3.88262E-12 -3.97416E-12  2.22429E-15  4.09215E-15
  1.425E+01  1.53845E-02  3.30863E-11 -3.24707E-11  3.90711E-12 -3.82476E-12  1.94045E-15  1.17232E-15
  1.450E+01  1.59262E-02  3.26808E-11 -3.06953E-11  3.92782E-12 -3.67983E-12  2.95608E-16  3.08278E-15
  1.475E+01  1.64770E-02  3.22601E-11 -2.90160E-11  3.94501E-12 -3.53923E-12  7.61009E-16  3.07331E-15
  1.500E+01  1.70371E-02  3.18271E-11 -2.74267E-11  3.95895E-12 -3.40279E-12  1.10265E-15  5.74205E-16
  1.525E+01  1.76063E-02  3.13841E-11 -2.59219E-11  3.96986E-12 -3.27040E-12  1.95378E-15  3.23513E-15
  1.550E+01  1.81848E-02  3.09335E-11 -2.44965E-11  3.97797E-12 -3.14190E-12  1.71758E-16  1.87578E-15
  1.575E+01  1.87724E-02  3.04771E-11 -2.31456E-11  3.98347E-12 -3.01718E-12  2.82505E-15  1.55453E-15
  1.600E+01  1.93692E-02  3.00165E-11 -2.18649E-11  3.98655E-12 -2.89610E-12  2.41296E-15  3.34168E-15
  1.625E+01  1.99751E-02  2.95534E-11 -2.06500E-11  3.98738E-12 -2.77853E-12  4.67383E-16  1.13193E-15
  1.650E+01  2.05901E-02  2.90889E-11 -1.94973E-11  3.98613E-12 -2.66438E-12  3.62297E-15  2.19200E-15
  1.675E+01  2.12143E-02  2.86243E-11 -1.84030E-11  3.98294E-12 -2.55351E-12  3.65843E-15  3.79176E-15
  1.700E+01  2.18476E-02  2.81605E-11 -1.73638E-11  3.97794E-12 -2.44582E-12  5.67691E-16  1.17590E-15
  1.725E+01  2.24900E-02  2.76984E-11 -1.63766E-11  3.97128E-12 -2.34122E-12  4.54415E-15  2.56517E-15
  1.750E+01  2.31415E-02  2.72387E-11 -1.54384E-11  3.96307E-12 -2.23958E-12  4.27720E-15  3.59386E-15
  1.775E+01  2.38021E-02  2.67822E-11 -1.45465E-11  3.95341E-12 -2.14082E-12  6.48977E-16  6.70620E-16
  1.800E+01  2.44717E-02  2.63294E-11 -1.36983E-11  3.94242E-12 -2.04485E-12  5.04363E-15  2.73410E-15
  1.825E+01  2.51504E-02  2.58808E-11 -1.28914E-11  3.93019E-12 -1.95157E-12  4.28888E-15  3.66647E-15
  1.850E+01  2.58382E-02  2.54368E-11 -1.21235E-11  3.91681E-12 -1.86089E-12  3.57401E-16  7.36914E-16
  1.875E+01  2.65349E-02  2.49978E-11 -1.13926E-11  3.90237E-12 -1.77273E-12  4.86634E-15  2.74515E-15
  1.900E+01  2.72407E-02  2.45641E-11 -1.06967E-11  3.88694E-12 -1.68702E-12  4.50909E-15  3.24878E-15
  1.925E+01  2.79555E-02  2.41359E-11 -1.00338E-11  3.87060E-12 -1.60366E-12  2.19425E-16  3.38498E-16
  1.950E+01  2.86793E-02  2.37135E-11 -9.40238E-12  3.85341E-12 -1.52260E-12  4.80669E-15  3.07334E-15
  1.975E+01  2.94120E-02  2.32970E-11 -8.80064E-12  3.83545E-12 -1.44374E-12  4.68132E-15  2.99068E-15
  2.000E+01  3.01537E-02  2.28867E-11 -8.22708E-12  3.81676E-12 -1.36704E-12  2.02698E-16  2.07940E-16
  2.025E+01  3.09043E-02  2.24825E-11 -7.68026E-12  3.79741E-12 -1.29241E-12  4.14830E-15  3.03711E-15
  2.050E+01  3.16639E-02  2.20846E-11 -7.15881E-12  3.77745E-12 -1.21980E-12  4.81424E-15  2.95816E-15
  2.075E+01  3.24324E-02  2.16930E-11 -6.66145E-12  3.75693E-12 -1.14913E-12  7.51132E-16  5.76423E-16
  2.100E+01  3.32098E-02  2.13078E-11 -6.18697E-12  3.73589E-12 -1.08036E-12  3.84656E-15  2.24706E-15
  2.125E+01  3.39961E-02  2.09291E-11 -5.73422E-12  3.71438E-12 -1.01343E-12  4.28932E-15  2.00800E-15
  2.150E+01  3.47912E-02  2.05567E-11 -5.30213E-12  3.69244E-12 -9.48266E-13  0.00000E+00  3.56005E-16
  2.175E+01  3.55952E-02  2.01907E-11 -4.88969E-12  3.67010E-12 -8.84830E-13  3.57610E-15  2.60429E-15
  2.200E+01  3.64081E-02  1.98311E-11 -4.49593E-12  3.64740E-12 -8.23067E-13  3.65846E-15  2.03266E-15
  2.225E+01  3.72297E-02  1.94779E-11 -4.11995E-12  3.62437E-12 -7.62926E-13  9.74601E-16  1.65303E-16
  2.250E+01  3.80602E-02  1.91309E-11 -3.76091E-12  3.60105E-12 -7.04359E-13  3.17409E-15  2.09763E-15
  2.275E+01  3.88995E-02  1.87902E-11 -3.41798E-12  3.57746E-12 -6.47320E-13  3.25710E-15  1.89051E-15
  2.300E+01  3.97476E-02  1.84557E-11 -3.09041E-12  3.55364E-12 -5.91763E-13  6.06463E-16  1.53856E-16
  2.325E+01  4.06044E-02  1.81273E-11 -2.77747E-12  3.52960E-12 -5.37645E-13  2.81667E-15  2.10408E-15
  2.350E+01  4.14700E-02  1.78050E-11 -2.47848E-12  3.50537E-12 -4.84924E-13  2.75473E-15  1.90896E-15
  2.375E+01  4.23443E-02  1.74886E-11 -2.19279E-12  3.48097E-12 -4.33561E-13  8.50982E-16  2.87012E-16
  2.400E+01  4.32273E-02  1.71782E-11 -1.91978E-12  3.45643E-12 -3.83516E-13  1.94286E-15  1.40276E-15
  2.425E+01  4.41190E-02  1.68735E-11 -1.65887E-12  3.43177E-12 -3.34751E-13  2.44472E-15  1.09719E-15
  2.450E+01  4.50194E-02  1.65746E-11 -1.40952E-12  3.40699E-12 -2.87230E-13  7.97711E-16  1.34119E-16
  2.475E+01  4.59284E-02  1.62813E-11 -1.17118E-12  3.38213E-12 -2.40918E-13  1.56210E-15  1.04947E-15
  2.500E+01  4.68461E-02  1.59936E-11 -9.43376E-13  3.35720E-12 -1.95781E-13  2.03973E-15  1.02671E-15
  2.550E+01  4.87074E-02  1.54345E-11 -5.17477E-13  3.30716E-12 -1.08902E-13  1.10108E-15  9.83254E-16
  2.600E+01  5.06030E-02  1.48964E-11 -1.28329E-13  3.25701E-12 -2.63415E-14  3.52511E-16  2.35590E-16
  2.650E+01  5.25328E-02  1.43787E-11  2.27231E-13  3.20684E-12  5.21327E-14  1.01650E-15  5.64902E-16
  2.700E+01  5.44967E-02  1.38807E-11  5.52054E-13  3.15673E-12  1.26740E-13  4.34577E-16  4.33760E-16
  2.750E+01  5.64946E-02  1.34015E-11  8.48729E-13  3.10676E-12  1.97684E-13  0.00000E+00  2.08309E-16
  2.800E+01  5.85262E-02  1.29405E-11  1.11961E-12  3.05700E-12  2.65157E-13  2.01493E-16  2.00210E-16
  2.850E+01  6.05914E-02  1.24969E-11  1.36682E-12  3.00751E-12  3.29339E-13  3.88466E-16  5.77654E-16
  2.900E+01  6.26901E-02  1.20701E-11  1.59231E-12  2.95833E-12  3.90400E-13  5.62076E-16  3.70603E-16
  2.950E+01  6.48222E-02  1.16594E-11  1.79784E-12  2.90951E-12  4.48497E-13  0.00000E+00  0.00000E+00
  3.000E+01  6.69873E-02  1.12642E-11  1.98501E-12  2.86109E-12  5.03779E-13  5.23995E-16  3.43839E-16
  3.050E+01  6.91854E-02  1.08837E-11  2.15529E-12  2.81310E-12  5.56388E-13  0.00000E+00  3.31477E-16
  3.100E+01  7.14163E-02  1.05175E-11  2.31001E-12  2.76558E-12  6.06454E-13  4.89683E-16  0.00000E+00
  3.150E+01  7.36799E-02  1.01649E-11  2.45041E-12  2.71853E-12  6.54102E-13  1.57930E-16  1.54288E-16
  3.200E+01  7.59760E-02  9.82536E-12  2.57759E-12  2.67200E-12  6.99449E-13  3.05779E-16  4.46942E-16
  3.250E+01  7.83043E-02  9.49835E-12  2.69260E-12  2.62599E-12  7.42605E-13  4.44272E-16  1.43929E-16
  3.300E+01  8.06647E-02  9.18335E-12  2.79637E-12  2.58052E-12  7.83674E-13  1.43518E-16  0.00000E+00
  3.350E+01  8.30571E-02  8.87988E-12  2.88977E-12  2.53560E-12  8.22756E-13  4.17478E-16  2.69060E-16
  3.400E+01  8.54812E-02  8.58745E-12  2.97357E-12  2.49124E-12  8.59942E-13  1.35001E-16  3.90465E-16
  3.450E+01  8.79369E-02  8.30561E-12  3.04852E-12  2.44745E-12  8.95320E-13  3.93092E-16  1.25980E-16
  3.500E+01  9.04240E-02  8.03394E-12  3.11528E-12  2.40424E-12  9.28973E-13  5.08954E-16  3.65976E-16
  3.550E+01  9.29422E-02  7.77200E-12  3.17447E-12  2.36160E-12  9.60981E-13  7.41685E-16  3.54545E-16
  3.600E+01  9.54915E-02  7.51942E-12  3.22668E-12  2.31955E-12  9.91416E-13  0.00000E+00  0.00000E+00
  3.650E+01  9.80716E-02  7.27579E-12  3.27240E-12  2.27809E-12  1.02035E-12  9.34653E-16  4.44213E-16
  3.700E+01  1.00682E-01  7.04078E-12  3.31214E-12  2.23720E-12  1.04785E-12  6.81939E-16  2.15434E-16
  3.750E+01  1.03323E-01  6.81402E-12  3.34633E-12  2.19691E-12  1.07398E-12  0.00000E+00  2.09044E-16
  3.800E+01  1.05995E-01  6.59519E-12  3.37538E-12  2.15719E-12  1.09879E-12  7.53904E-16  3.04381E-16
  3.850E+01  1.08696E-01  6.38397E-12  3.39969E-12  2.11806E-12  1.12235E-12  4.19624E-16  1.97051E-16
  3.900E+01  1.11427E-01  6.18006E-12  3.41960E-12  2.07950E-12  1.14471E-12  0.00000E+00  1.91420E-16
  3.950E+01  1.14188E-01  5.98317E-12  3.43545E-12  2.04152E-12  1.16592E-12  5.97913E-16  5.58049E-16
  4.000E+01  1.16978E-01  5.79301E-12  3.44753E-12  2.00411E-12  1.18603E-12  3.88727E-16  1.80829E-16
  4.050E+01  1.19797E-01  5.60934E-12  3.45613E-12  1.96727E-12  1.20509E-12  0.00000E+00  0.00000E+00
  4.100E+01  1.22645E-01  5.43189E-12  3.46150E-12  1.93099E-12  1.22314E-12  0.00000E+00  1.71057E-16
  4.150E+01  1.25522E-01  5.26043E-12  3.46388E-12  1.89526E-12  1.24021E-12  0.00000E+00  1.66453E-16
  4.200E+01  1.28428E-01  5.09473E-12  3.46350E-12  1.86008E-12  1.25637E-12  1.76452E-16  1.62025E-16
  4.250E+01  1.31361E-01  4.93456E-12  3.46057E-12  1.82545E-12  1.27163E-12  0.00000E+00  0.00000E+00
  4.300E+01  1.34323E-01  4.77971E-12  3.45529E-12  1.79136E-12  1.28603E-12  0.00000E+00  4.60987E-16
  4.350E+01  1.37313E-01  4.62998E-12  3.44783E-12  1.75780E-12  1.29962E-12  3.29450E-16  0.00000E+00
  4.400E+01  1.40330E-01  4.48517E-12  3.43835E-12  1.72477E-12  1.31243E-12  1.61101E-16  0.00000E+00
  4.450E+01  1.43375E-01  4.34512E-12  3.42702E-12  1.69225E-12  1.32448E-12  1.57609E-16  0.00000E+00
  4.500E+01  1.46447E-01  4.20963E-12  3.41397E-12  1.66025E-12  1.33580E-12  1.54243E-16  1.38705E-16
  4.550E+01  1.49545E-01  4.07854E-12  3.39934E-12  1.62876E-12  1.34643E-12  1.50997E-16  0.00000E+00
  4.600E+01  1.52671E-01  3.95168E-12  3.38326E-12  1.59776E-12  1.35640E-12  1.47866E-16  1.32005E-16
  4.650E+01  1.55823E-01  3.82890E-12  3.36584E-12  1.56726E-12  1.36572E-12  0.00000E+00  1.28830E-16
  4.700E+01  1.59001E-01  3.71005E-12  3.34720E-12  1.53724E-12  1.37442E-12  0.00000E+00  1.25764E-16
  4.750E+01  1.62205E-01  3.59500E-12  3.32743E-12  1.50770E-12  1.38253E-12  1.39112E-16  0.00000E+00
  4.800E+01  1.65435E-01  3.48359E-12  3.30663E-12  1.47864E-12  1.39007E-12  0.00000E+00  1.19943E-16
  4.850E+01  1.68690E-01  3.37571E-12  3.28488E-12  1.45003E-12  1.39707E-12  0.00000E+00  2.34356E-16
  4.900E+01  1.71970E-01  3.27123E-12  3.26227E-12  1.42189E-12  1.40353E-12  0.00000E+00  1.14505E-16
  4.950E+01  1.75276E-01  3.17002E-12  3.23887E-12  1.39420E-12  1.40949E-12  1.28773E-16  0.00000E+00
  5.000E+01  1.78606E-01  3.07197E-12  3.21475E-12  1.36696E-12  1.41497E-12  1.26400E-16  2.18840E-16
  5.050E+01  1.81961E-01  2.97697E-12  3.19000E-12  1.34015E-12  1.41997E-12  1.24105E-16  1.07001E-16
  5.100E+01  1.85340E-01  2.88491E-12  3.16465E-12  1.31377E-12  1.42452E-12  0.00000E+00  0.00000E+00
  5.150E+01  1.88743E-01  2.79570E-12  3.13877E-12  1.28782E-12  1.42864E-12  1.19737E-16  1.02392E-16
  5.200E+01  1.92169E-01  2.70923E-12  3.11242E-12  1.26229E-12  1.43234E-12  1.17659E-16  0.00000E+00
  5.250E+01  1.95619E-01  2.62541E-12  3.08564E-12  1.23716E-12  1.43564E-12  0.00000E+00  9.80684E-17
  5.300E+01  1.99092E-01  2.54416E-12  3.05848E-12  1.21245E-12  1.43855E-12  0.00000E+00  2.88021E-16
  5.350E+01  2.02589E-01  2.46537E-12  3.03100E-12  1.18813E-12  1.44108E-12  1.11811E-16  9.40088E-17
  5.400E+01  2.06107E-01  2.38897E-12  3.00322E-12  1.16421E-12  1.44326E-12  1.09983E-16  9.20715E-17
  5.450E+01  2.09649E-01  2.31488E-12  2.97518E-12  1.14067E-12  1.44509E-12  1.08212E-16  9.01928E-17
  5.500E+01  2.13212E-01  2.24303E-12  2.94693E-12  1.11752E-12  1.44658E-12  1.06496E-16  0.00000E+00
  5.550E+01  2.16797E-01  2.17334E-12  2.91849E-12  1.09473E-12  1.44776E-12  0.00000E+00  2.59806E-16
  5.600E+01  2.20404E-01  2.10573E-12  2.88990E-12  1.07232E-12  1.44862E-12  0.00000E+00  8.48857E-17
  5.650E+01  2.24032E-01  2.04014E-12  2.86118E-12  1.05027E-12  1.44919E-12  2.03313E-16  8.32197E-17
  5.700E+01  2.27680E-01  1.97650E-12  2.83236E-12  1.02858E-12  1.44947E-12  0.00000E+00  1.63204E-16
  5.750E+01  2.31350E-01  1.91476E-12  2.80348E-12  1.00724E-12  1.44947E-12  9.86703E-17  8.00308E-17
  5.800E+01  2.35040E-01  1.85484E-12  2.77454E-12  9.86248E-13  1.44920E-12  1.94488E-16  7.85045E-17
  5.850E+01  2.38751E-01  1.79669E-12  2.74558E-12  9.65595E-13  1.44868E-12  2.87581E-16  1.54043E-16
  5.900E+01  2.42481E-01  1.74025E-12  2.71660E-12  9.45277E-13  1.44791E-12  9.45179E-17  7.55801E-17
  5.950E+01  2.46231E-01  1.68548E-12  2.68764E-12  9.25289E-13  1.44690E-12  1.86430E-16  1.48358E-16
  6.000E+01  2.50000E-01  1.63231E-12  2.65870E-12  9.05626E-13  1.44565E-12  2.75852E-16  7.28165E-17
  6.050E+01  2.53788E-01  1.58069E-12  2.62982E-12  8.86283E-13  1.44419E-12  0.00000E+00  7.14916E-17
  6.100E+01  2.57595E-01  1.53058E-12  2.60099E-12  8.67254E-13  1.44251E-12  8.95319E-17  1.40406E-16
  6.150E+01  2.61421E-01  1.48193E-12  2.57224E-12  8.48535E-13  1.44062E-12  3.53501E-16  1.37898E-16
  6.200E+01  2.65264E-01  1.43470E-12  2.54358E-12  8.30121E-13  1.43854E-12  0.00000E+00  6.77287E-17
  6.250E+01  2.69126E-01  1.38884E-12  2.51502E-12  8.12007E-13  1.43626E-12  8.61616E-17  6.65411E-17
  6.300E+01  2.73005E-01  1.34430E-12  2.48657E-12  7.94188E-13  1.43380E-12  1.70205E-16  1.96155E-16
  6.350E+01  2.76901E-01  1.30105E-12  2.45824E-12  7.76660E-13  1.43115E-12  8.40742E-17  0.00000E+00
  6.400E+01  2.80814E-01  1.25905E-12  2.43005E-12  7.59418E-13  1.42834E-12  1.66151E-16  6.31628E-17
  6.450E+01  2.84744E-01  1.21826E-12  2.40199E-12  7.42458E-13  1.42536E-12  8.21051E-17  0.00000E+00
  6.500E+01  2.88691E-01  1.17864E-12  2.37409E-12  7.25776E-13  1.42222E-12  8.11627E-17  0.00000E+00
  6.550E+01  2.92653E-01  1.14016E-12  2.34635E-12  7.09366E-13  1.41892E-12  2.40742E-16  6.00407E-17
  6.600E+01  2.96632E-01  1.10279E-12  2.31876E-12  6.93225E-13  1.41548E-12  1.58716E-16  5.90526E-17
  6.650E+01  3.00625E-01  1.06649E-12  2.29135E-12  6.77348E-13  1.41189E-12  1.56989E-16  5.80895E-17
  6.700E+01  3.04634E-01  1.03122E-12  2.26411E-12  6.61732E-13  1.40816E-12  1.55311E-16  1.71451E-16
  6.750E+01  3.08658E-01  9.96968E-13  2.23706E-12  6.46373E-13  1.40430E-12  2.30521E-16  0.00000E+00
  6.800E+01  3.12697E-01  9.63689E-13  2.21019E-12  6.31266E-13  1.40031E-12  1.52097E-16  1.10684E-16
  6.850E+01  3.16749E-01  9.31361E-13  2.18352E-12  6.16408E-13  1.39619E-12  1.50559E-16  1.08941E-16
  6.900E+01  3.20816E-01  8.99955E-13  2.15704E-12  6.01795E-13  1.39196E-12  1.49064E-16  5.36209E-17
  6.950E+01  3.24896E-01  8.69447E-13  2.13076E-12  5.87423E-13  1.38761E-12  7.38065E-17  5.27917E-17
  7.000E+01  3.28990E-01  8.39808E-13  2.10468E-12  5.73288E-13  1.38315E-12  7.31018E-17  5.19824E-17
  7.050E+01  3.33097E-01  8.11013E-13  2.07880E-12  5.59388E-13  1.37858E-12  7.24175E-17  0.00000E+00
  7.100E+01  3.37216E-01  7.83035E-13  2.05314E-12  5.45717E-13  1.37391E-12  0.00000E+00  5.04214E-17
  7.150E+01  3.41348E-01  7.55853E-13  2.02769E-12  5.32274E-13  1.36914E-12  2.13321E-16  4.96686E-17
  7.200E+01  3.45492E-01  7.29446E-13  2.00246E-12  5.19054E-13  1.36428E-12  1.40960E-16  4.89333E-17
  7.250E+01  3.49647E-01  7.03790E-13  1.97743E-12  5.06054E-13  1.35932E-12  6.98718E-17  0.00000E+00
  7.300E+01  3.53814E-01  6.78866E-13  1.95261E-12  4.93270E-13  1.35427E-12  2.77126E-16  0.00000E+00
  7.350E+01  3.57992E-01  6.54652E-13  1.92802E-12  4.80701E-13  1.34914E-12  0.00000E+00  4.68286E-17
  7.400E+01  3.62181E-01  6.31125E-13  1.90365E-12  4.68341E-13  1.34392E-12  0.00000E+00  9.23182E-17
  7.450E+01  3.66381E-01  6.08266E-13  1.87950E-12  4.56189E-13  1.33863E-12  2.02836E-16  0.00000E+00
  7.500E+01  3.70590E-01  5.86059E-13  1.85556E-12  4.44241E-13  1.33326E-12  0.00000E+00  1.34596E-16
  7.550E+01  3.74810E-01  5.64486E-13  1.83185E-12  4.32494E-13  1.32782E-12  0.00000E+00  8.84804E-17
  7.600E+01  3.79039E-01  5.43529E-13  1.80836E-12  4.20945E-13  1.32230E-12  9.91332E-17  4.36291E-17
  7.650E+01  3.83277E-01  5.23171E-13  1.78509E-12  4.09591E-13  1.31672E-12  6.56117E-17  8.60631E-17
  7.700E+01  3.87524E-01  5.03393E-13  1.76204E-12  3.98430E-13  1.31107E-12  3.25747E-17  4.24473E-17
  7.750E+01  3.91780E-01  4.84181E-13  1.73922E-12  3.87459E-13  1.30536E-12  9.70522E-17  4.18758E-17
  7.800E+01  3.96044E-01  4.65518E-13  1.71661E-12  3.76674E-13  1.29959E-12  0.00000E+00  8.26336E-17
  7.850E+01  4.00316E-01  4.47390E-13  1.69423E-12  3.66073E-13  1.29376E-12  0.00000E+00  8.15399E-17
  7.900E+01  4.04596E-01  4.29783E-13  1.67207E-12  3.55653E-13  1.28787E-12  9.51620E-17  0.00000E+00
  7.950E+01  4.08882E-01  4.12682E-13  1.65013E-12  3.45413E-13  1.28194E-12  0.00000E+00  3.97114E-17
  8.000E+01  4.13176E-01  3.96073E-13  1.62840E-12  3.35348E-13  1.27595E-12  0.00000E+00  3.91991E-17
  8.050E+01  4.17476E-01  3.79943E-13  1.60690E-12  3.25458E-13  1.26991E-12  1.24602E-16  0.00000E+00
  8.100E+01  4.21783E-01  3.64279E-13  1.58562E-12  3.15738E-13  1.26382E-12  3.09732E-17  3.82068E-17
  8.150E+01  4.26095E-01  3.49068E-13  1.56455E-12  3.06187E-13  1.25769E-12  9.24061E-17  0.00000E+00
  8.200E+01  4.30413E-01  3.34297E-13  1.54370E-12  2.96802E-13  1.25152E-12  9.19107E-17  3.72558E-17
  8.250E+01  4.34737E-01  3.19956E-13  1.52307E-12  2.87582E-13  1.24530E-12  6.09554E-17  0.00000E+00
  8.300E+01  4.39065E-01  3.06033E-13  1.50265E-12  2.78523E-13  1.23904E-12  9.09730E-17  3.63440E-17
  8.350E+01  4.43398E-01  2.92517E-13  1.48244E-12  2.69623E-13  1.23275E-12  6.03535E-17  3.59021E-17
  8.400E+01  4.47736E-01  2.79396E-13  1.46244E-12  2.60880E-13  1.22642E-12  6.00696E-17  3.54693E-17
  8.450E+01  4.52077E-01  2.66660E-13  1.44266E-12  2.52292E-13  1.22006E-12  5.97968E-17  3.50453E-17
  8.500E+01  4.56422E-01  2.54298E-13  1.42308E-12  2.43857E-13  1.21366E-12  2.97675E-17  6.92599E-17
  8.550E+01  4.60770E-01  2.42301E-13  1.40372E-12  2.35572E-13  1.20723E-12  1.18568E-16  3.42229E-17
  8.600E+01  4.65122E-01  2.30660E-13  1.38456E-12  2.27436E-13  1.20077E-12  5.90434E-17  3.38241E-17
  8.650E+01  4.69476E-01  2.19364E-13  1.36561E-12  2.19446E-13  1.19428E-12  5.88135E-17  3.34332E-17
  8.700E+01  4.73832E-01  2.08405E-13  1.34686E-12  2.11600E-13  1.18776E-12  0.00000E+00  6.61002E-17
  8.750E+01  4.78190E-01  1.97773E-13  1.32831E-12  2.03897E-13  1.18122E-12  2.91923E-17  6.53491E-17
  8.800E+01  4.82550E-01  1.87461E-13  1.30997E-12  1.96334E-13  1.17465E-12  2.90927E-17  6.46128E-17
  8.850E+01  4.86912E-01  1.77458E-13  1.29183E-12  1.88909E-13  1.16806E-12  2.89980E-17  6.38910E-17
  8.900E+01  4.91274E-01  1.67759E-13  1.27388E-12  1.81621E-13  1.16145E-12  8.67248E-17  6.31832E-17
  8.950E+01  4.95637E-01  1.58353E-13  1.25613E-12  1.74468E-13  1.15482E-12  0.00000E+00  6.24891E-17
  9.000E+01  5.00000E-01  1.49235E-13  1.23858E-12  1.67447E-13  1.14816E-12  1.43717E-17  6.18085E-17
  9.050E+01  5.04363E-01  1.40396E-13  1.22122E-12  1.60557E-13  1.14149E-12  0.00000E+00  6.11409E-17
  9.100E+01  5.08726E-01  1.31829E-13  1.20405E-12  1.53796E-13  1.13480E-12  2.85977E-17  0.00000E+00
  9.150E+01  5.13088E-01  1.23526E-13  1.18707E-12  1.47163E-13  1.12809E-12  5.70638E-17  4.48829E-17
  9.200E+01  5.17450E-01  1.15481E-13  1.17029E-12  1.40655E-13  1.12137E-12  4.27061E-17  8.88206E-17
  9.250E+01  5.21810E-01  1.07688E-13  1.15369E-12  1.34272E-13  1.11463E-12  1.42071E-17  2.92978E-17
  9.300E+01  5.26168E-01  1.00139E-13  1.13727E-12  1.28010E-13  1.10788E-12  4.25433E-17  4.34917E-17
  9.350E+01  5.30524E-01  9.28277E-14  1.12105E-12  1.21869E-13  1.10111E-12  4.24722E-17  8.60907E-17
  9.400E+01  5.34878E-01  8.57490E-14  1.10500E-12  1.15847E-13  1.09433E-12  2.82720E-17  1.42024E-17
  9.450E+01  5.39230E-01  7.88963E-14  1.08913E-12  1.09943E-13  1.08755E-12  4.23504E-17  2.81182E-17
  9.500E+01  5.43578E-01  7.22636E-14  1.07345E-12  1.04154E-13  1.08075E-12  2.81997E-17  6.95922E-17
  9.550E+01  5.47923E-01  6.58450E-14  1.05794E-12  9.84799E-14  1.07394E-12  7.04258E-18  2.75607E-17
  9.600E+01  5.52264E-01  5.96350E-14  1.04261E-12  9.29182E-14  1.06712E-12  7.03634E-17  5.45793E-17
  9.650E+01  5.56602E-01  5.36282E-14  1.02745E-12  8.74678E-14  1.06030E-12  7.03120E-17  8.10705E-17
  9.700E+01  5.60935E-01  4.78195E-14  1.01247E-12  8.21270E-14  1.05346E-12  0.00000E+00  2.67622E-17
  9.750E+01  5.65263E-01  4.22038E-14  9.97659E-13  7.68945E-14  1.04662E-12  7.72668E-17  5.30114E-17
  9.800E+01  5.69587E-01  3.67759E-14  9.83017E-13  7.17689E-14  1.03978E-12  7.72467E-17  5.25075E-17
  9.850E+01  5.73905E-01  3.15309E-14  9.68543E-13  6.67486E-14  1.03293E-12  2.10651E-17  1.30032E-17
  9.900E+01  5.78217E-01  2.64639E-14  9.54237E-13  6.18323E-14  1.02607E-12  6.31988E-17  3.86452E-17
  9.950E+01  5.82524E-01  2.15702E-14  9.40096E-13  5.70187E-14  1.01921E-12  6.67239E-17  3.82872E-17
  1.000E+02  5.86824E-01  1.68453E-14  9.26119E-13  5.23064E-14  1.01235E-12  3.51307E-18  0.00000E+00
  1.005E+02  5.91118E-01  1.22850E-14  9.12304E-13  4.76939E-14  1.00549E-12  4.21789E-17  1.25301E-17
  1.010E+02  5.95404E-01  7.88498E-15  8.98650E-13  4.31801E-14  9.98618E-13  4.04490E-17  1.86256E-17
  1.015E+02  5.99684E-01  3.64110E-15  8.85154E-13  3.87636E-14  9.91748E-13  1.05608E-17  6.15299E-18
  1.020E+02  6.03956E-01 -4.50883E-16  8.71816E-13  3.44432E-14  9.84877E-13  2.46663E-17  1.21969E-17
  1.025E+02  6.08220E-01 -4.39508E-15  8.58634E-13  3.02175E-14  9.78005E-13  2.99865E-17  6.04482E-18
  1.030E+02  6.12476E-01 -8.19541E-15  8.45607E-13  2.60853E-14  9.71133E-13  1.58960E-17  2.99607E-18
  1.035E+02  6.16723E-01 -1.18556E-14  8.32733E-13  2.20455E-14  9.64262E-13  5.30644E-18  0.00000E+00
  1.040E+02  6.20961E-01 -1.53793E-14  8.20010E-13  1.80967E-14  9.57391E-13  1.77169E-17  1.17790E-17
  1.045E+02  6.25190E-01 -1.87699E-14  8.07438E-13  1.42378E-14  9.50521E-13  2.48479E-17  8.75931E-18
  1.050E+02  6.29410E-01 -2.20311E-14  7.95013E-13  1.04677E-14  9.43653E-13  2.13395E-17  1.73712E-17
  1.055E+02  6.33619E-01 -2.51662E-14  7.82736E-13  6.78510E-15  9.36786E-13  0.00000E+00  3.58883E-17
  1.060E+02  6.37819E-01 -2.81789E-14  7.70605E-13  3.18895E-15  9.29922E-13  5.00096E-17  7.11835E-18
  1.065E+02  6.42008E-01 -3.10724E-14  7.58618E-13 -3.21909E-16  9.23061E-13  4.29690E-17  3.94480E-17
  1.070E+02  6.46186E-01 -3.38498E-14  7.46774E-13 -3.74859E-15  9.16203E-13  1.43599E-17  5.04197E-17
  1.075E+02  6.50353E-01 -3.65143E-14  7.35072E-13 -7.09219E-15  9.09349E-13  5.03972E-17  2.77856E-18
  1.080E+02  6.54508E-01 -3.90686E-14  7.23510E-13 -1.03538E-14  9.02498E-13  5.77636E-17  5.92626E-17
  1.085E+02  6.58652E-01 -4.15160E-14  7.12085E-13 -1.35344E-14  8.95651E-13  7.24253E-18  6.56309E-17
  1.090E+02  6.62784E-01 -4.38590E-14  7.00799E-13 -1.66352E-14  8.88809E-13  7.26583E-17  8.13962E-18
  1.095E+02  6.66903E-01 -4.61009E-14  6.89648E-13 -1.96572E-14  8.81972E-13  7.29038E-17  7.26881E-17
  1.100E+02  6.71010E-01 -4.82443E-14  6.78632E-13 -2.26013E-14  8.75139E-13  0.00000E+00  7.48006E-17
  1.105E+02  6.75104E-01 -5.02921E-14  6.67749E-13 -2.54686E-14  8.68312E-13  5.87461E-17  2.12088E-17
  1.110E+02  6.79184E-01 -5.22466E-14  6.56999E-13 -2.82601E-14  8.61491E-13  5.89730E-17  9.47189E-17
  1.115E+02  6.83251E-01 -5.41105E-14  6.46379E-13 -3.09768E-14  8.54676E-13  1.48026E-17  6.78963E-17
  1.120E+02  6.87303E-01 -5.58860E-14  6.35888E-13 -3.36196E-14  8.47867E-13  8.91876E-17  2.07363E-17
  1.125E+02  6.91342E-01 -5.75759E-14  6.25525E-13 -3.61896E-14  8.41064E-13  5.97172E-17  9.26282E-17
  1.130E+02  6.95366E-01 -5.91824E-14  6.15289E-13 -3.86876E-14  8.34268E-13  0.00000E+00  8.17371E-17
  1.135E+02  6.99375E-01 -6.07081E-14  6.05179E-13 -4.11146E-14  8.27478E-13  9.04014E-17  3.04305E-17
  1.140E+02  7.03368E-01 -6.21553E-14  5.95193E-13 -4.34715E-14  8.20696E-13  7.56994E-17  1.00711E-16
  1.145E+02  7.07347E-01 -6.35260E-14  5.85331E-13 -4.57593E-14  8.13921E-13  1.52157E-17  5.99989E-17
  1.150E+02  7.11309E-01 -6.48225E-14  5.75590E-13 -4.79788E-14  8.07153E-13  7.64724E-17  3.97190E-17
  1.155E+02  7.15256E-01 -6.60466E-14  5.65970E-13 -5.01309E-14  8.00393E-13  6.15047E-17  6.90258E-17
  1.160E+02  7.19186E-01 -6.72006E-14  5.56469E-13 -5.22165E-14  7.93641E-13  1.54609E-17  4.89652E-17
  1.165E+02  7.23099E-01 -6.82865E-14  5.47086E-13 -5.42365E-14  7.86897E-13  4.66460E-17  4.86318E-17
  1.170E+02  7.26995E-01 -6.93064E-14  5.37821E-13 -5.61918E-14  7.80162E-13  7.81977E-17  7.72860E-17
  1.175E+02  7.30874E-01 -7.02624E-14  5.28672E-13 -5.80831E-14  7.73434E-13  1.57336E-17  4.79811E-17
  1.180E+02  7.34736E-01 -7.11562E-14  5.19639E-13 -5.99113E-14  7.66715E-13  3.16617E-17  4.76638E-17
  1.185E+02  7.38579E-01 -7.19895E-14  5.10719E-13 -6.16773E-14  7.60004E-13  0.00000E+00  4.73515E-17
  1.190E+02  7.42405E-01 -7.27641E-14  5.01911E-13 -6.33818E-14  7.53303E-13  4.81059E-17  1.88178E-17
  1.195E+02  7.46212E-01 -7.34819E-14  4.93215E-13 -6.50257E-14  7.46610E-13  6.45705E-17  1.86969E-17
  1.200E+02  7.50000E-01 -7.41444E-14  4.84629E-13 -6.66097E-14  7.39926E-13  3.25069E-17  1.85780E-17
  1.205E+02  7.53769E-01 -7.47537E-14  4.76153E-13 -6.81347E-14  7.33251E-13  1.63678E-16  3.69220E-17
  1.210E+02  7.57519E-01 -7.53113E-14  4.67785E-13 -6.96015E-14  7.26586E-13  3.29717E-17  1.83459E-17
  1.215E+02  7.61249E-01 -7.58189E-14  4.59525E-13 -7.10107E-14  7.19929E-13  3.32151E-17  0.00000E+00
  1.220E+02  7.64960E-01 -7.62779E-14  4.51372E-13 -7.23632E-14  7.13283E-13  1.67331E-16  1.81213E-17
  1.225E+02  7.68650E-01 -7.66897E-14  4.43323E-13 -7.36597E-14  7.06645E-13  1.68625E-16  5.40352E-17
  1.230E+02  7.72320E-01 -7.70559E-14  4.35378E-13 -7.49010E-14  7.00017E-13  6.79834E-17  3.58078E-17
  1.235E+02  7.75968E-01 -7.73780E-14  4.27537E-13 -7.60878E-14  6.93399E-13  2.05599E-16  1.77978E-17
  1.240E+02  7.79596E-01 -7.76575E-14  4.19798E-13 -7.72208E-14  6.86791E-13  1.03649E-16  5.30805E-17
  1.245E+02  7.83203E-01 -7.78959E-14  4.12161E-13 -7.83007E-14  6.80192E-13  3.48413E-17  5.27725E-17
  1.250E+02  7.86788E-01 -7.80946E-14  4.04624E-13 -7.93283E-14  6.73603E-13  2.81133E-16  0.00000E+00
  1.255E+02  7.90351E-01 -7.82548E-14  3.97187E-13 -8.03043E-14  6.67024E-13  1.41803E-16  5.21713E-17
  1.260E+02  7.93893E-01 -7.83777E-14  3.89848E-13 -8.12293E-14  6.60455E-13  7.15382E-17  8.64634E-17
  1.265E+02  7.97411E-01 -7.84646E-14  3.82607E-13 -8.21040E-14  6.53896E-13  3.24871E-16  1.71965E-17
  1.270E+02  8.00908E-01 -7.85168E-14  3.75462E-13 -8.29292E-14  6.47347E-13  2.18604E-16  1.19713E-16
  1.275E+02  8.04381E-01 -7.85356E-14  3.68413E-13 -8.37055E-14  6.40808E-13  1.83905E-16  1.19061E-16
  1.280E+02  8.07831E-01 -7.85223E-14  3.61459E-13 -8.44336E-14  6.34279E-13  3.34242E-16  0.00000E+00
  1.285E+02  8.11257E-01 -7.84781E-14  3.54600E-13 -8.51140E-14  6.27760E-13  1.87526E-16  1.51444E-16
  1.290E+02  8.14660E-01 -7.84040E-14  3.47834E-13 -8.57476E-14  6.21251E-13  2.27298E-16  1.33908E-16
  1.295E+02  8.18039E-01 -7.83011E-14  3.41160E-13 -8.63349E-14  6.14752E-13  4.20989E-16  1.66513E-17
  1.300E+02  8.21394E-01 -7.81705E-14  3.34577E-13 -8.68766E-14  6.08264E-13  1.54686E-16  1.65655E-16
  1.305E+02  8.24724E-01 -7.80131E-14  3.28085E-13 -8.73732E-14  6.01785E-13  3.51745E-16  1.31849E-16
  1.310E+02  8.28030E-01 -7.78302E-14  3.21682E-13 -8.78255E-14  5.95317E-13  4.74068E-16  4.91946E-17
  1.315E+02  8.31310E-01 -7.76229E-14  3.15369E-13 -8.82341E-14  5.88859E-13  2.39643E-16  1.95799E-16
  1.320E+02  8.34565E-01 -7.73923E-14  3.09145E-13 -8.85995E-14  5.82411E-13  3.23102E-16  1.29890E-16
  1.325E+02  8.37795E-01 -7.71391E-14  3.03008E-13 -8.89224E-14  5.75973E-13  4.08476E-16  9.69439E-17
  1.330E+02  8.40999E-01 -7.68644E-14  2.96957E-13 -8.92034E-14  5.69546E-13  1.65282E-16  1.92956E-16
  1.335E+02  8.44177E-01 -7.65689E-14  2.90993E-13 -8.94430E-14  5.63128E-13  3.76259E-16  1.60033E-16
  1.340E+02  8.47329E-01 -7.62536E-14  2.85113E-13 -8.96419E-14  5.56720E-13  4.65372E-16  9.55690E-17
  1.345E+02  8.50455E-01 -7.59195E-14  2.79318E-13 -8.98007E-14  5.50323E-13  1.71282E-16  1.58543E-16
  1.350E+02  8.53553E-01 -7.55676E-14  2.73607E-13 -8.99199E-14  5.43935E-13  2.60095E-16  1.26253E-16
  1.355E+02  8.56625E-01 -7.51988E-14  2.67979E-13 -9.00001E-14  5.37558E-13  2.63355E-16  1.57103E-16
  1.360E+02  8.59670E-01 -7.48138E-14  2.62434E-13 -9.00419E-14  5.31190E-13  4.44510E-17  1.56400E-16
  1.365E+02  8.62687E-01 -7.44134E-14  2.56970E-13 -9.00459E-14  5.24833E-13  4.05228E-16  9.34259E-17
  1.370E+02  8.65677E-01 -7.39983E-14  2.51587E-13 -9.00125E-14  5.18485E-13  2.73695E-16  1.24025E-16
  1.375E+02  8.68639E-01 -7.35693E-14  2.46283E-13 -8.99424E-14  5.12147E-13  9.24459E-17  1.85237E-16
  1.380E+02  8.71572E-01 -7.31272E-14  2.41060E-13 -8.98361E-14  5.05819E-13  3.74777E-16  6.14832E-17
  1.385E+02  8.74478E-01 -7.26729E-14  2.35915E-13 -8.96942E-14  4.99501E-13  4.27400E-16  1.22451E-16
  1.390E+02  8.77355E-01 -7.22073E-14  2.30849E-13 -8.95172E-14  4.93192E-13  4.81486E-17  1.52430E-16
  1.395E+02  8.80203E-01 -7.17309E-14  2.25861E-13 -8.93055E-14  4.86893E-13  2.92960E-16  0.00000E+00
  1.400E+02  8.83022E-01 -7.12445E-14  2.20950E-13 -8.90599E-14  4.80604E-13  2.97143E-16  1.20956E-16
  1.405E+02  8.85812E-01 -7.07485E-14  2.16115E-13 -8.87807E-14  4.74324E-13  2.00963E-16  1.80712E-16
  1.410E+02  8.88573E-01 -7.02435E-14  2.11356E-13 -8.84686E-14  4.68054E-13  2.03911E-16  0.00000E+00
  1.415E+02  8.91304E-01 -6.97304E-14  2.06672E-13 -8.81239E-14  4.61793E-13  2.06942E-16  5.97689E-17
  1.420E+02  8.94005E-01 -6.92098E-14  2.02062E-13 -8.77473E-14  4.55541E-13  5.25144E-17  8.93112E-17
  1.425E+02  8.96677E-01 -6.86828E-14  1.97527E-13 -8.73393E-14  4.49299E-13  2.13260E-16  0.00000E+00
  1.430E+02  8.99318E-01 -6.81498E-14  1.93065E-13 -8.69003E-14  4.43065E-13  2.16552E-16  5.90968E-17
  1.435E+02  9.01928E-01 -6.76111E-14  1.88677E-13 -8.64309E-14  4.36841E-13  0.00000E+00  8.83210E-17
  1.440E+02  9.04508E-01 -6.70671E-14  1.84361E-13 -8.59315E-14  4.30626E-13  1.11707E-16  0.00000E+00
  1.445E+02  9.07058E-01 -6.65185E-14  1.80115E-13 -8.54027E-14  4.24420E-13  2.26990E-16  5.84602E-17
  1.450E+02  9.09576E-01 -6.59659E-14  1.75941E-13 -8.48449E-14  4.18223E-13  0.00000E+00  2.91279E-17
  1.455E+02  9.12063E-01 -6.54103E-14  1.71839E-13 -8.42586E-14  4.12034E-13  5.86109E-17  2.90275E-17
  1.460E+02  9.14519E-01 -6.48521E-14  1.67807E-13 -8.36443E-14  4.05855E-13  5.95811E-17  2.89291E-17
  1.465E+02  9.16943E-01 -6.42918E-14  1.63845E-13 -8.30025E-14  3.99684E-13  6.05782E-17  2.88324E-17
  1.470E+02  9.19335E-01 -6.37296E-14  1.59952E-13 -8.23337E-14  3.93521E-13  6.16029E-17  2.87376E-17
  1.475E+02  9.21696E-01 -6.31659E-14  1.56127E-13 -8.16383E-14  3.87367E-13  6.26558E-17  0.00000E+00
  1.480E+02  9.24024E-01 -6.26013E-14  1.52370E-13 -8.09168E-14  3.81221E-13  0.00000E+00  5.71069E-17
  1.485E+02  9.26320E-01 -6.20365E-14  1.48681E-13 -8.01697E-14  3.75084E-13  6.48489E-17  0.00000E+00
  1.490E+02  9.28584E-01 -6.14720E-14  1.45060E-13 -7.93974E-14  3.68954E-13  6.59901E-17  5.67526E-17
  1.495E+02  9.30815E-01 -6.09083E-14  1.41505E-13 -7.86004E-14  3.62833E-13  0.00000E+00  8.48711E-17
  1.500E+02  9.33013E-01 -6.03458E-14  1.38018E-13 -7.77792E-14  3.56720E-13  6.83650E-17  5.64123E-17
  1.505E+02  9.35178E-01 -5.97847E-14  1.34596E-13 -7.69341E-14  3.50614E-13  1.39200E-16  8.43708E-17
  1.510E+02  9.37310E-01 -5.92255E-14  1.31240E-13 -7.60657E-14  3.44517E-13  2.12604E-16  1.12171E-16
  1.515E+02  9.39409E-01 -5.86684E-14  1.27948E-13 -7.51744E-14  3.38427E-13  0.00000E+00  5.59271E-17
  1.520E+02  9.41474E-01 -5.81141E-14  1.24721E-13 -7.42606E-14  3.32344E-13  2.20511E-16  1.95202E-16
  1.525E+02  9.43505E-01 -5.75630E-14  1.21559E-13 -7.33249E-14  3.26269E-13  1.49745E-16  1.11240E-16
  1.530E+02  9.45503E-01 -5.70156E-14  1.18461E-13 -7.23675E-14  3.20201E-13  3.05102E-16  8.32075E-17
  1.535E+02  9.47467E-01 -5.64723E-14  1.15427E-13 -7.13890E-14  3.14141E-13  3.10855E-16  1.65979E-16
  1.540E+02  9.49397E-01 -5.59332E-14  1.12456E-13 -7.03898E-14  3.08088E-13  7.91870E-17  5.51841E-17
  1.545E+02  9.51293E-01 -5.53987E-14  1.09547E-13 -6.93703E-14  3.02041E-13  1.61393E-16  1.10090E-16
  1.550E+02  9.53154E-01 -5.48689E-14  1.06700E-13 -6.83310E-14  2.96002E-13  1.64483E-16  2.74546E-16
  1.555E+02  9.54981E-01 -5.43444E-14  1.03916E-13 -6.72723E-14  2.89969E-13  0.00000E+00  5.47764E-17
  1.560E+02  9.56773E-01 -5.38257E-14  1.01193E-13 -6.61945E-14  2.83943E-13  3.41761E-16  2.18587E-16
  1.565E+02  9.58530E-01 -5.33130E-14  9.85319E-14 -6.50982E-14  2.77924E-13  0.00000E+00  2.99860E-16
  1.570E+02  9.60252E-01 -5.28068E-14  9.59321E-14 -6.39838E-14  2.71911E-13  1.77563E-16  2.71982E-17
  1.575E+02  9.61940E-01 -5.23072E-14  9.33931E-14 -6.28516E-14  2.65904E-13  3.62022E-16  2.44241E-16
  1.580E+02  9.63592E-01 -5.18143E-14  9.09142E-14 -6.17021E-14  2.59903E-13  9.22647E-17  3.24948E-16
  1.585E+02  9.65209E-01 -5.13285E-14  8.84951E-14 -6.05357E-14  2.53909E-13  2.82176E-16  2.70217E-17
  1.590E+02  9.66790E-01 -5.08500E-14  8.61357E-14 -5.93528E-14  2.47920E-13  3.83545E-16  2.69658E-16
  1.595E+02  9.68336E-01 -5.03792E-14  8.38358E-14 -5.81538E-14  2.41937E-13  0.00000E+00  2.42202E-16
  1.600E+02  9.69846E-01 -4.99166E-14  8.15953E-14 -5.69391E-14  2.35960E-13  3.98555E-16  8.05749E-17
  1.605E+02  9.71321E-01 -4.94624E-14  7.94141E-14 -5.57092E-14  2.29989E-13  5.07802E-16  3.75295E-16
  1.610E+02  9.72759E-01 -4.90167E-14  7.72916E-14 -5.44644E-14  2.24022E-13  2.07022E-16  1.33783E-16
  1.615E+02  9.74162E-01 -4.85796E-14  7.52274E-14 -5.32052E-14  2.18062E-13  5.27443E-16  1.06832E-16
  1.620E+02  9.75528E-01 -4.81514E-14  7.32209E-14 -5.19318E-14  2.12106E-13  7.52443E-16  3.46587E-16
  1.625E+02  9.76858E-01 -4.77322E-14  7.12720E-14 -5.06449E-14  2.06155E-13  4.38073E-16  1.06459E-16
  1.630E+02  9.78152E-01 -4.73224E-14  6.93808E-14 -4.93446E-14  2.00210E-13  1.00409E-15  1.85991E-16
  1.635E+02  9.79410E-01 -4.69223E-14  6.75473E-14 -4.80315E-14  1.94269E-13  3.40887E-16  3.18324E-16
  1.640E+02  9.80631E-01 -4.65323E-14  6.57712E-14 -4.67059E-14  1.88332E-13  6.94244E-16  5.29704E-17
  1.645E+02  9.81815E-01 -4.61523E-14  6.40523E-14 -4.53683E-14  1.82400E-13  1.17797E-15  3.17337E-16
  1.650E+02  9.82963E-01 -4.57825E-14  6.23899E-14 -4.40189E-14  1.76473E-13  8.39257E-16  2.64057E-16
  1.655E+02  9.84074E-01 -4.54230E-14  6.07837E-14 -4.26583E-14  1.70550E-13  6.09978E-16  5.27360E-17
  1.660E+02  9.85148E-01 -4.50738E-14  5.92335E-14 -4.12867E-14  1.64631E-13  1.61327E-15  3.68643E-16
  1.665E+02  9.86185E-01 -4.47353E-14  5.77393E-14 -3.99046E-14  1.58716E-13  2.52391E-16  3.68153E-16
  1.670E+02  9.87185E-01 -4.44079E-14  5.63014E-14 -3.85124E-14  1.52805E-13  7.69703E-16  5.25258E-17
  1.675E+02  9.88148E-01 -4.40918E-14  5.49195E-14 -3.71104E-14  1.46897E-13  1.43393E-15  3.67227E-16
  1.680E+02  9.89074E-01 -4.37869E-14  5.35935E-14 -3.56990E-14  1.40993E-13  5.29647E-16  2.61995E-16
  1.685E+02  9.89962E-01 -4.34934E-14  5.23228E-14 -3.42787E-14  1.35092E-13  1.07553E-15  1.04679E-16
  1.690E+02  9.90814E-01 -4.32112E-14  5.11070E-14 -3.28498E-14  1.29195E-13  1.63731E-15  3.65978E-16
  1.695E+02  9.91627E-01 -4.29405E-14  4.99460E-14 -3.14126E-14  1.23301E-13  5.53637E-16  2.61141E-16
  1.700E+02  9.92404E-01 -4.26814E-14  4.88397E-14 -2.99676E-14  1.17410E-13  1.12268E-15  3.65236E-16
  1.705E+02  9.93143E-01 -4.24343E-14  4.77885E-14 -2.85152E-14  1.11522E-13  1.56436E-15  4.17019E-16
  1.710E+02  9.93844E-01 -4.21994E-14  4.67924E-14 -2.70556E-14  1.05636E-13  5.76158E-16  0.00000E+00
  1.715E+02  9.94508E-01 -4.19768E-14  4.58512E-14 -2.55894E-14  9.97531E-14  1.74967E-15  4.68332E-16
  1.720E+02  9.95134E-01 -4.17664E-14  4.49644E-14 -2.41168E-14  9.38726E-14  2.06511E-15  2.07982E-16
  1.725E+02  9.95722E-01 -4.15681E-14  4.41316E-14 -2.26383E-14  8.79944E-14  4.47422E-16  5.19566E-17
  1.730E+02  9.96273E-01 -4.13820E-14  4.33526E-14 -2.11542E-14  8.21183E-14  1.20560E-15  3.63442E-16
  1.735E+02  9.96786E-01 -4.12081E-14  4.26274E-14 -1.96649E-14  7.62443E-14  2.13049E-15  4.15092E-16
  1.740E+02  9.97261E-01 -4.10469E-14  4.19564E-14 -1.81707E-14  7.03721E-14  3.07141E-16  1.55566E-16
  1.745E+02  9.97698E-01 -4.08986E-14  4.13399E-14 -1.66721E-14  6.45017E-14  1.39383E-15  6.21917E-16
  1.750E+02  9.98097E-01 -4.07632E-14  4.07778E-14 -1.51695E-14  5.86329E-14  1.87286E-15  4.14402E-16
  1.755E+02  9.98459E-01 -4.06407E-14  4.02695E-14 -1.36631E-14  5.27654E-14  4.71519E-16  4.14212E-16
  1.760E+02  9.98782E-01 -4.05307E-14  3.98147E-14 -1.21534E-14  4.68994E-14  1.58171E-15  1.03511E-15
  1.765E+02  9.99067E-01 -4.04332E-14  3.94128E-14 -1.06407E-14  4.10344E-14  1.98828E-15  4.65629E-16
  1.770E+02  9.99315E-01 -4.03483E-14  3.90641E-14 -9.12542E-15  3.51705E-14  6.39376E-16  6.72364E-16
  1.775E+02  9.99524E-01 -4.02764E-14  3.87691E-14 -7.60790E-15  2.93074E-14  1.36434E-15  1.80973E-15
  1.780E+02  9.99695E-01 -4.02179E-14  3.85283E-14 -6.08854E-15  2.34450E-14  2.25481E-15  7.75432E-16
  1.785E+02  9.99829E-01 -4.01728E-14  3.83419E-14 -4.56769E-15  1.75833E-14  1.13038E-15  2.37759E-15
  1.790E+02  9.99924E-01 -4.01409E-14  3.82097E-14 -3.04573E-15  1.17219E-14  1.21339E-15  6.51175E-15
  1.795E+02  9.99981E-01 -4.01222E-14  3.81307E-14 -1.52305E-15  5.86089E-15  4.13011E-15  5.37439E-15
  1.800E+02  1.00000E+00 -4.01156E-14  3.81049E-14 -2.13744E-29  8.22479E-29  7.62329E-14  3.68269E-11
