 #  Scattering amplitudes (in cm)      MU=(1-cos(TH))/2
 #  Z =  47,   projectile: electron
 #  Kinetic energy = 5.10000E+06 eV
 #
 # TH (deg)      MU          Re(F)        Im(F)        Re(G)        Im(G)        ERRF         ERRG 
 #-----------------------------------------------------------------------------------------------------------------
  0.000E+00  0.00000E+00  9.31489E-07  9.76448E-08  0.00000E+00  0.00000E+00  2.80719E-09  0.00000E+00
  1.000E-04  7.61557E-13  9.31486E-07  9.76447E-08  7.38850E-13  7.74547E-14  2.80636E-09  2.51312E-07
  1.250E-04  1.18994E-12  9.31485E-07  9.76447E-08  9.23561E-13  9.68184E-14  2.80590E-09  2.51292E-07
  1.500E-04  1.71346E-12  9.31482E-07  9.76447E-08  1.10827E-12  1.16182E-13  2.80534E-09  2.51267E-07
  1.750E-04  2.33225E-12  9.31480E-07  9.76447E-08  1.29298E-12  1.35546E-13  2.80467E-09  2.51237E-07
  2.000E-04  3.04617E-12  9.31477E-07  9.76446E-08  1.47769E-12  1.54909E-13  2.80390E-09  2.51203E-07
  2.250E-04  3.85530E-12  9.31474E-07  9.76446E-08  1.66239E-12  1.74273E-13  2.80302E-09  2.51164E-07
  2.500E-04  4.75964E-12  9.31470E-07  9.76446E-08  1.84709E-12  1.93636E-13  2.80204E-09  2.51121E-07
  2.750E-04  5.75917E-12  9.31466E-07  9.76445E-08  2.03179E-12  2.13000E-13  2.80096E-09  2.51073E-07
  3.000E-04  6.85391E-12  9.31461E-07  9.76445E-08  2.21649E-12  2.32364E-13  2.79978E-09  2.51021E-07
  3.250E-04  8.04379E-12  9.31456E-07  9.76445E-08  2.40119E-12  2.51727E-13  2.79850E-09  2.50964E-07
  3.500E-04  9.32893E-12  9.31451E-07  9.76444E-08  2.58588E-12  2.71091E-13  2.79711E-09  2.50902E-07
  3.750E-04  1.07092E-11  9.31445E-07  9.76444E-08  2.77057E-12  2.90454E-13  2.79562E-09  2.50836E-07
  4.000E-04  1.21847E-11  9.31439E-07  9.76443E-08  2.95525E-12  3.09817E-13  2.79403E-09  2.50766E-07
  4.250E-04  1.37554E-11  9.31433E-07  9.76443E-08  3.13993E-12  3.29181E-13  2.79233E-09  2.50691E-07
  4.500E-04  1.54213E-11  9.31426E-07  9.76442E-08  3.32461E-12  3.48544E-13  2.79054E-09  2.50611E-07
  4.750E-04  1.71823E-11  9.31419E-07  9.76441E-08  3.50928E-12  3.67908E-13  2.78864E-09  2.50527E-07
  5.000E-04  1.90386E-11  9.31411E-07  9.76441E-08  3.69395E-12  3.87271E-13  2.78664E-09  2.50439E-07
  5.250E-04  2.09900E-11  9.31403E-07  9.76440E-08  3.87862E-12  4.06634E-13  2.78453E-09  2.50345E-07
  5.500E-04  2.30367E-11  9.31395E-07  9.76439E-08  4.06328E-12  4.25997E-13  2.78233E-09  2.50248E-07
  5.750E-04  2.51785E-11  9.31386E-07  9.76438E-08  4.24793E-12  4.45360E-13  2.78002E-09  2.50145E-07
  6.000E-04  2.74156E-11  9.31377E-07  9.76438E-08  4.43258E-12  4.64724E-13  2.77762E-09  2.50039E-07
  6.250E-04  2.97478E-11  9.31367E-07  9.76437E-08  4.61722E-12  4.84087E-13  2.77511E-09  2.49928E-07
  6.500E-04  3.21752E-11  9.31357E-07  9.76436E-08  4.80186E-12  5.03450E-13  2.77250E-09  2.49812E-07
  6.750E-04  3.46979E-11  9.31347E-07  9.76435E-08  4.98649E-12  5.22813E-13  2.76979E-09  2.49692E-07
  7.000E-04  3.73157E-11  9.31336E-07  9.76434E-08  5.17112E-12  5.42176E-13  2.76698E-09  2.49567E-07
  7.250E-04  4.00286E-11  9.31325E-07  9.76433E-08  5.35574E-12  5.61538E-13  2.76406E-09  2.49438E-07
  7.500E-04  4.28368E-11  9.31313E-07  9.76432E-08  5.54035E-12  5.80901E-13  2.76105E-09  2.49304E-07
  7.750E-04  4.57402E-11  9.31301E-07  9.76431E-08  5.72495E-12  6.00264E-13  2.75794E-09  2.49166E-07
  8.000E-04  4.87388E-11  9.31289E-07  9.76430E-08  5.90955E-12  6.19627E-13  2.75472E-09  2.49023E-07
  8.250E-04  5.18325E-11  9.31276E-07  9.76429E-08  6.09414E-12  6.38989E-13  2.75141E-09  2.48876E-07
  8.500E-04  5.50215E-11  9.31263E-07  9.76427E-08  6.27872E-12  6.58352E-13  2.74800E-09  2.48724E-07
  8.750E-04  5.83057E-11  9.31249E-07  9.76426E-08  6.46330E-12  6.77714E-13  2.74448E-09  2.48568E-07
  9.000E-04  6.16850E-11  9.31235E-07  9.76425E-08  6.64786E-12  6.97076E-13  2.74087E-09  2.48408E-07
  9.250E-04  6.51595E-11  9.31221E-07  9.76424E-08  6.83242E-12  7.16439E-13  2.73716E-09  2.48243E-07
  9.500E-04  6.87293E-11  9.31206E-07  9.76422E-08  7.01697E-12  7.35801E-13  2.73334E-09  2.48073E-07
  9.750E-04  7.23943E-11  9.31191E-07  9.76421E-08  7.20151E-12  7.55163E-13  2.72943E-09  2.47899E-07
  1.000E-03  7.61544E-11  9.31176E-07  9.76420E-08  7.38604E-12  7.74525E-13  2.72542E-09  2.47721E-07
  1.250E-03  1.18991E-10  9.30999E-07  9.76404E-08  9.23080E-12  9.68141E-13  2.67995E-09  2.45695E-07
  1.500E-03  1.71347E-10  9.30784E-07  9.76385E-08  1.10744E-11  1.16175E-12  2.62486E-09  2.43234E-07
  1.750E-03  2.33223E-10  9.30530E-07  9.76362E-08  1.29166E-11  1.35534E-12  2.56046E-09  2.40346E-07
  2.000E-03  3.04617E-10  9.30236E-07  9.76336E-08  1.47572E-11  1.54892E-12  2.48710E-09  2.37041E-07
  2.250E-03  3.85531E-10  9.29904E-07  9.76306E-08  1.65959E-11  1.74248E-12  2.40516E-09  2.33332E-07
  2.500E-03  4.75965E-10  9.29534E-07  9.76273E-08  1.84325E-11  1.93602E-12  2.31508E-09  2.29230E-07
  2.750E-03  5.75917E-10  9.29125E-07  9.76237E-08  2.02669E-11  2.12955E-12  2.21735E-09  2.24750E-07
  3.000E-03  6.85389E-10  9.28677E-07  9.76197E-08  2.20987E-11  2.32304E-12  2.11248E-09  2.19908E-07
  3.250E-03  8.04380E-10  9.28191E-07  9.76153E-08  2.39277E-11  2.51652E-12  2.00103E-09  2.14720E-07
  3.500E-03  9.32891E-10  9.27668E-07  9.76106E-08  2.57538E-11  2.70997E-12  1.88359E-09  2.09206E-07
  3.750E-03  1.07092E-09  9.27106E-07  9.76056E-08  2.75766E-11  2.90339E-12  1.76079E-09  2.03382E-07
  4.000E-03  1.21847E-09  9.26507E-07  9.76002E-08  2.93960E-11  3.09677E-12  1.63327E-09  1.97271E-07
  4.250E-03  1.37554E-09  9.25871E-07  9.75944E-08  3.12118E-11  3.29013E-12  1.50169E-09  1.90892E-07
  4.500E-03  1.54213E-09  9.25197E-07  9.75883E-08  3.30238E-11  3.48345E-12  1.36677E-09  1.84267E-07
  4.750E-03  1.71823E-09  9.24486E-07  9.75819E-08  3.48316E-11  3.67673E-12  1.22918E-09  1.77419E-07
  5.000E-03  1.90386E-09  9.23739E-07  9.75751E-08  3.66353E-11  3.86997E-12  1.08967E-09  1.70370E-07
  5.250E-03  2.09900E-09  9.22955E-07  9.75680E-08  3.84344E-11  4.06318E-12  9.48935E-10  1.63145E-07
  5.500E-03  2.30367E-09  9.22136E-07  9.75605E-08  4.02288E-11  4.25634E-12  8.07717E-10  1.55767E-07
  5.750E-03  2.51785E-09  9.21280E-07  9.75527E-08  4.20184E-11  4.44945E-12  6.66737E-10  1.48261E-07
  6.000E-03  2.74156E-09  9.20389E-07  9.75445E-08  4.38029E-11  4.64251E-12  5.26712E-10  1.40651E-07
  6.250E-03  2.97478E-09  9.19463E-07  9.75360E-08  4.55821E-11  4.83553E-12  3.88354E-10  1.32963E-07
  6.500E-03  3.21752E-09  9.18502E-07  9.75272E-08  4.73558E-11  5.02850E-12  2.52356E-10  1.25219E-07
  6.750E-03  3.46978E-09  9.17506E-07  9.75180E-08  4.91239E-11  5.22141E-12  1.19397E-10  1.17446E-07
  7.000E-03  3.73156E-09  9.16476E-07  9.75084E-08  5.08861E-11  5.41426E-12  9.86711E-12  1.09668E-07
  7.250E-03  4.00286E-09  9.15413E-07  9.74986E-08  5.26423E-11  5.60706E-12  1.34805E-10  1.01909E-07
  7.500E-03  4.28368E-09  9.14315E-07  9.74883E-08  5.43923E-11  5.79980E-12  2.54817E-10  9.41928E-08
  7.750E-03  4.57402E-09  9.13185E-07  9.74778E-08  5.61358E-11  5.99248E-12  3.69332E-10  8.65427E-08
  8.000E-03  4.87388E-09  9.12022E-07  9.74669E-08  5.78729E-11  6.18509E-12  4.77816E-10  7.89815E-08
  8.250E-03  5.18326E-09  9.10827E-07  9.74556E-08  5.96032E-11  6.37764E-12  5.79775E-10  7.15315E-08
  8.500E-03  5.50215E-09  9.09600E-07  9.74440E-08  6.13266E-11  6.57012E-12  6.74752E-10  6.42139E-08
  8.750E-03  5.83057E-09  9.08341E-07  9.74321E-08  6.30430E-11  6.76253E-12  7.62339E-10  5.70495E-08
  9.000E-03  6.16850E-09  9.07052E-07  9.74198E-08  6.47522E-11  6.95487E-12  8.42171E-10  5.00578E-08
  9.250E-03  6.51596E-09  9.05731E-07  9.74072E-08  6.64539E-11  7.14713E-12  9.13931E-10  4.32576E-08
  9.500E-03  6.87293E-09  9.04381E-07  9.73942E-08  6.81482E-11  7.33932E-12  9.77352E-10  3.66666E-08
  9.750E-03  7.23942E-09  9.03000E-07  9.73809E-08  6.98349E-11  7.53143E-12  1.03222E-09  3.03013E-08
  1.000E-02  7.61544E-09  9.01591E-07  9.73673E-08  7.15137E-11  7.72347E-12  1.07836E-09  2.41771E-08
  1.250E-02  1.18991E-08  8.85982E-07  9.72125E-08  8.78445E-11  9.63899E-12  1.06174E-09  2.13322E-08
  1.500E-02  1.71347E-08  8.67963E-07  9.70246E-08  1.03270E-10  1.15444E-11  3.65528E-10  3.56371E-08
  1.750E-02  2.33223E-08  8.48026E-07  9.68042E-08  1.17714E-10  1.34379E-11  4.88285E-10  2.47892E-08
  2.000E-02  3.04617E-08  8.26655E-07  9.65521E-08  1.31140E-10  1.53176E-11  9.40564E-10  3.11430E-09
  2.250E-02  3.85531E-08  8.04298E-07  9.62693E-08  1.43542E-10  1.71818E-11  7.30281E-10  1.43864E-08
  2.500E-02  4.75965E-08  7.81352E-07  9.59567E-08  1.54941E-10  1.90289E-11  3.74647E-11  1.89246E-08
  2.750E-02  5.75917E-08  7.58156E-07  9.56154E-08  1.65376E-10  2.08574E-11  6.52413E-10  1.08446E-08
  3.000E-02  6.85389E-08  7.34985E-07  9.52464E-08  1.74896E-10  2.26657E-11  8.74363E-10  2.44952E-09
  3.250E-02  8.04380E-08  7.12056E-07  9.48510E-08  1.83560E-10  2.44526E-11  4.89560E-10  1.19083E-08
  3.500E-02  9.32891E-08  6.89530E-07  9.44302E-08  1.91426E-10  2.62167E-11  2.28243E-10  1.23027E-08
  3.750E-02  1.07092E-07  6.67523E-07  9.39853E-08  1.98554E-10  2.79570E-11  7.82055E-10  4.72350E-09
  4.000E-02  1.21847E-07  6.46114E-07  9.35175E-08  2.04998E-10  2.96724E-11  7.90412E-10  4.95237E-09
  4.250E-02  1.37554E-07  6.25351E-07  9.30280E-08  2.10811E-10  3.13619E-11  2.47764E-10  1.02699E-08
  4.500E-02  1.54213E-07  6.05257E-07  9.25180E-08  2.16039E-10  3.30247E-11  4.70816E-10  8.27892E-09
  4.750E-02  1.71823E-07  5.85840E-07  9.19886E-08  2.20726E-10  3.46600E-11  8.66047E-10  1.01990E-09
  5.000E-02  1.90386E-07  5.67096E-07  9.14411E-08  2.24909E-10  3.62670E-11  6.58848E-10  6.26222E-09
  5.250E-02  2.09900E-07  5.49012E-07  9.08767E-08  2.28624E-10  3.78453E-11  1.34449E-11  8.77327E-09
  5.500E-02  2.30367E-07  5.31569E-07  9.02963E-08  2.31901E-10  3.93943E-11  6.86902E-10  5.23287E-09
  5.750E-02  2.51785E-07  5.14747E-07  8.97012E-08  2.34770E-10  4.09135E-11  8.89294E-10  1.56276E-09
  6.000E-02  2.74156E-07  4.98523E-07  8.90925E-08  2.37256E-10  4.24027E-11  4.69780E-10  6.86241E-09
  6.250E-02  2.97478E-07  4.82873E-07  8.84710E-08  2.39383E-10  4.38614E-11  2.89363E-10  7.21599E-09
  6.500E-02  3.21752E-07  4.67774E-07  8.78380E-08  2.41174E-10  4.52895E-11  8.61477E-10  2.67555E-09
  6.750E-02  3.46978E-07  4.53205E-07  8.71943E-08  2.42650E-10  4.66867E-11  8.39497E-10  3.43874E-09
  7.000E-02  3.73156E-07  4.39143E-07  8.65410E-08  2.43829E-10  4.80531E-11  2.24563E-10  6.92346E-09
  7.250E-02  4.00286E-07  4.25569E-07  8.58788E-08  2.44731E-10  4.93885E-11  5.64746E-10  5.54526E-09
  7.500E-02  4.28368E-07  4.12462E-07  8.52087E-08  2.45374E-10  5.06929E-11  9.76178E-10  4.48638E-10
  7.750E-02  4.57402E-07  3.99806E-07  8.45316E-08  2.45773E-10  5.19664E-11  7.09060E-10  4.75651E-09
  8.000E-02  4.87388E-07  3.87583E-07  8.38482E-08  2.45945E-10  5.32091E-11  6.69540E-11  6.52534E-09
  8.250E-02  5.18325E-07  3.75777E-07  8.31593E-08  2.45904E-10  5.44211E-11  8.18192E-10  3.77113E-09
  8.500E-02  5.50215E-07  3.64372E-07  8.24657E-08  2.45667E-10  5.56025E-11  1.01289E-09  1.48163E-09
  8.750E-02  5.83057E-07  3.53354E-07  8.17680E-08  2.45245E-10  5.67537E-11  4.96621E-10  5.56835E-09
  9.000E-02  6.16850E-07  3.42709E-07  8.10670E-08  2.44653E-10  5.78748E-11  3.87209E-10  5.72342E-09
  9.250E-02  6.51596E-07  3.32424E-07  8.03634E-08  2.43903E-10  5.89662E-11  1.02462E-09  1.93991E-09
  9.500E-02  6.87293E-07  3.22487E-07  7.96576E-08  2.43007E-10  6.00281E-11  9.56596E-10  3.09379E-09
  9.750E-02  7.23942E-07  3.12885E-07  7.89504E-08  2.41976E-10  6.10608E-11  2.08653E-10  5.89231E-09
  1.000E-01  7.61543E-07  3.03608E-07  7.82423E-08  2.40822E-10  6.20648E-11  7.11569E-10  4.57492E-09
  1.250E-01  1.18991E-06  2.26434E-07  7.12175E-08  2.24511E-10  7.06159E-11  1.84366E-10  5.55611E-09
  1.500E-01  1.71347E-06  1.71713E-07  6.45429E-08  2.04306E-10  7.67977E-11  1.29296E-09  3.25395E-09
  1.750E-01  2.33223E-06  1.32823E-07  5.84301E-08  1.84374E-10  8.11121E-11  1.82783E-09  9.99916E-10
  2.000E-01  3.04617E-06  1.04968E-07  5.29568E-08  1.66524E-10  8.40168E-11  1.15684E-09  4.68425E-09
  2.250E-01  3.85531E-06  8.47319E-08  4.81188E-08  1.51224E-10  8.58845E-11  5.89601E-10  5.48918E-09
  2.500E-01  4.75964E-06  6.97357E-08  4.38674E-08  1.38290E-10  8.69967E-11  2.38660E-09  2.83863E-09
  2.750E-01  5.75916E-06  5.83535E-08  4.01349E-08  1.27290E-10  8.75546E-11  2.90808E-09  1.65243E-09
  3.000E-01  6.85388E-06  4.94902E-08  3.68499E-08  1.17771E-10  8.76970E-11  1.48817E-09  5.17121E-09
  3.250E-01  8.04378E-06  4.24152E-08  3.39457E-08  1.09346E-10  8.75182E-11  1.25263E-09  5.48623E-09
  3.500E-01  9.32888E-06  3.66413E-08  3.13640E-08  1.01728E-10  8.70828E-11  3.63246E-09  2.35537E-09
  3.750E-01  1.07092E-05  3.18422E-08  2.90558E-08  9.47186E-11  8.64372E-11  3.93205E-09  2.30892E-09
  4.000E-01  1.21846E-05  2.77955E-08  2.69811E-08  8.81935E-11  8.56168E-11  1.59830E-09  5.60687E-09
  4.250E-01  1.37553E-05  2.43464E-08  2.51072E-08  8.20783E-11  8.46507E-11  2.18863E-09  5.44024E-09
  4.500E-01  1.54212E-05  2.13838E-08  2.34079E-08  7.63314E-11  8.35643E-11  5.06780E-09  1.83579E-09
  4.750E-01  1.71822E-05  1.88249E-08  2.18615E-08  7.09304E-11  8.23805E-11  4.94752E-09  3.02100E-09
  5.000E-01  1.90385E-05  1.66058E-08  2.04505E-08  6.58624E-11  8.11201E-11  1.47986E-09  6.09861E-09
  5.250E-01  2.09899E-05  1.46758E-08  1.91601E-08  6.11181E-11  7.98020E-11  3.45497E-09  5.40218E-09
  5.500E-01  2.30365E-05  1.29934E-08  1.79776E-08  5.66884E-11  7.84431E-11  6.72671E-09  1.26353E-09
  5.750E-01  2.51783E-05  1.15239E-08  1.68923E-08  5.25627E-11  7.70584E-11  5.92073E-09  3.79677E-09
  6.000E-01  2.74153E-05  1.02381E-08  1.58946E-08  4.87282E-11  7.56604E-11  1.06964E-09  6.59857E-09
  6.250E-01  2.97475E-05  9.11098E-09  1.49763E-08  4.51704E-11  7.42601E-11  5.06676E-09  5.29971E-09
  6.500E-01  3.21749E-05  8.12109E-09  1.41299E-08  4.18733E-11  7.28663E-11  8.54174E-09  6.06332E-10
  6.750E-01  3.46974E-05  7.25003E-09  1.33487E-08  3.88197E-11  7.14860E-11  6.74488E-09  4.60081E-09
  7.000E-01  3.73152E-05  6.48192E-09  1.26267E-08  3.59923E-11  7.01249E-11  3.03072E-10  7.03483E-09
  7.250E-01  4.00281E-05  5.80309E-09  1.19587E-08  3.33737E-11  6.87872E-11  6.99606E-09  5.07993E-09
  7.500E-01  4.28362E-05  5.20178E-09  1.13396E-08  3.09470E-11  6.74760E-11  1.04121E-08  1.37951E-10
  7.750E-01  4.57395E-05  4.66786E-09  1.07651E-08  2.86961E-11  6.61934E-11  7.31680E-09  5.39577E-09
  8.000E-01  4.87380E-05  4.19261E-09  1.02313E-08  2.66057E-11  6.49408E-11  8.57936E-10  7.36692E-09
  8.250E-01  5.18317E-05  3.76852E-09  9.73447E-09  2.46617E-11  6.37189E-11  9.19714E-09  4.72851E-09
  8.500E-01  5.50205E-05  3.38916E-09  9.27150E-09  2.28510E-11  6.25281E-11  1.22449E-08  9.54322E-10
  8.750E-01  5.83045E-05  3.04896E-09  8.83944E-09  2.11617E-11  6.13681E-11  7.55915E-09  6.15594E-09
  9.000E-01  6.16838E-05  2.74314E-09  8.43566E-09  1.95828E-11  6.02387E-11  2.42895E-09  7.58026E-09
  9.250E-01  6.51582E-05  2.46757E-09  8.05778E-09  1.81047E-11  5.91391E-11  1.16199E-08  4.25102E-09
  9.500E-01  6.87277E-05  2.21870E-09  7.70365E-09  1.67184E-11  5.80687E-11  1.39610E-08  1.82423E-09
  9.750E-01  7.23925E-05  1.99344E-09  7.37134E-09  1.54160E-11  5.70265E-11  7.41460E-09  6.86477E-09
  1.000E+00  7.61524E-05  1.78914E-09  7.05911E-09  1.41905E-11  5.60118E-11  3.49722E-12  7.06093E-12
  1.100E+00  9.21439E-05  1.13938E-09  5.98136E-09  9.93942E-12  5.22081E-11  3.15681E-12  3.77505E-12
  1.200E+00  1.09658E-04  6.84706E-10  5.12168E-09  6.51438E-12  4.87702E-11  2.80156E-12  1.77922E-12
  1.300E+00  1.28695E-04  3.60274E-10  4.42490E-09  3.71109E-12  4.56482E-11  2.45525E-12  5.59731E-13
  1.400E+00  1.49255E-04  1.25821E-10  3.85248E-09  1.39236E-12  4.28018E-11  2.12877E-12  1.78375E-13
  1.500E+00  1.71338E-04 -4.47752E-11  3.37684E-09 -5.38531E-13  4.01987E-11  1.82669E-12  6.11020E-13
  1.600E+00  1.94942E-04 -1.69131E-10  2.97776E-09 -2.15318E-12  3.78126E-11  1.55043E-12  8.46835E-13
  1.700E+00  2.20070E-04 -2.59505E-10  2.64009E-09 -3.50685E-12  3.56214E-11  1.29991E-12  9.54704E-13
  1.800E+00  2.46720E-04 -3.24639E-10  2.35224E-09 -4.64349E-12  3.36058E-11  1.07439E-12  9.79458E-13
  1.900E+00  2.74892E-04 -3.70883E-10  2.10522E-09 -5.59875E-12  3.17490E-11  8.72483E-13  9.50873E-13
  2.000E+00  3.04586E-04 -4.02914E-10  1.89197E-09 -6.40188E-12  3.00358E-11  6.93078E-13  8.88937E-13
  2.100E+00  3.35803E-04 -4.24216E-10  1.70683E-09 -7.07707E-12  2.84527E-11  5.34652E-13  8.07429E-13
  2.200E+00  3.68542E-04 -4.37400E-10  1.54528E-09 -7.64437E-12  2.69874E-11  3.95803E-13  7.15714E-13
  2.300E+00  4.02802E-04 -4.44441E-10  1.40363E-09 -8.12049E-12  2.56288E-11  2.75481E-13  6.20431E-13
  2.400E+00  4.38585E-04 -4.46838E-10  1.27887E-09 -8.51936E-12  2.43670E-11  1.72078E-13  5.26159E-13
  2.500E+00  4.75889E-04 -4.45735E-10  1.16851E-09 -8.85260E-12  2.31931E-11  8.44437E-14  4.35989E-13
  2.600E+00  5.14715E-04 -4.42007E-10  1.07052E-09 -9.12993E-12  2.20990E-11  1.11272E-14  3.51385E-13
  2.700E+00  5.55063E-04 -4.36328E-10  9.83183E-10 -9.35953E-12  2.10775E-11  4.88705E-14  2.73834E-13
  2.800E+00  5.96931E-04 -4.29214E-10  9.05061E-10 -9.54825E-12  2.01222E-11  9.68348E-14  2.04550E-13
  2.900E+00  6.40321E-04 -4.21067E-10  8.34954E-10 -9.70189E-12  1.92273E-11  1.34260E-13  1.43105E-13
  3.000E+00  6.85233E-04 -4.12194E-10  7.71842E-10 -9.82532E-12  1.83877E-11  1.61770E-13  9.02395E-14
  3.100E+00  7.31665E-04 -4.02834E-10  7.14861E-10 -9.92270E-12  1.75986E-11  1.80484E-13  4.50869E-14
  3.200E+00  7.79618E-04 -3.93173E-10  6.63270E-10 -9.99754E-12  1.68560E-11  1.91960E-13  7.46676E-15
  3.300E+00  8.29092E-04 -3.83351E-10  6.16438E-10 -1.00529E-11  1.61561E-11  1.96709E-13  2.30397E-14
  3.400E+00  8.80086E-04 -3.73480E-10  5.73819E-10 -1.00912E-11  1.54955E-11  1.95791E-13  4.71247E-14
  3.500E+00  9.32601E-04 -3.63642E-10  5.34943E-10 -1.01149E-11  1.48712E-11  1.90221E-13  6.49166E-14
  3.600E+00  9.86636E-04 -3.53902E-10  4.99402E-10 -1.01257E-11  1.42805E-11  1.80781E-13  7.77392E-14
  3.700E+00  1.04219E-03 -3.44307E-10  4.66841E-10 -1.01253E-11  1.37209E-11  1.67960E-13  8.56497E-14
  3.800E+00  1.09927E-03 -3.34894E-10  4.36952E-10 -1.01151E-11  1.31901E-11  1.53179E-13  8.97767E-14
  3.900E+00  1.15786E-03 -3.25688E-10  4.09461E-10 -1.00965E-11  1.26861E-11  1.36894E-13  9.05088E-14
  4.000E+00  1.21797E-03 -3.16708E-10  3.84131E-10 -1.00703E-11  1.22070E-11  1.19105E-13  8.82386E-14
  4.100E+00  1.27961E-03 -3.07965E-10  3.60752E-10 -1.00377E-11  1.17512E-11  1.00727E-13  8.33069E-14
  4.200E+00  1.34276E-03 -2.99469E-10  3.39137E-10 -9.99934E-12  1.13171E-11  8.22498E-14  7.70472E-14
  4.300E+00  1.40743E-03 -2.91223E-10  3.19124E-10 -9.95604E-12  1.09033E-11  6.39149E-14  6.93040E-14
  4.400E+00  1.47362E-03 -2.83228E-10  3.00564E-10 -9.90841E-12  1.05085E-11  4.67779E-14  6.05588E-14
  4.500E+00  1.54133E-03 -2.75482E-10  2.83329E-10 -9.85702E-12  1.01316E-11  3.02873E-14  5.12981E-14
  4.600E+00  1.61056E-03 -2.67985E-10  2.67302E-10 -9.80236E-12  9.77131E-12  1.52654E-14  4.23982E-14
  4.700E+00  1.68131E-03 -2.60730E-10  2.52379E-10 -9.74486E-12  9.42679E-12  1.22899E-15  3.29408E-14
  4.800E+00  1.75357E-03 -2.53714E-10  2.38465E-10 -9.68492E-12  9.09707E-12  1.05968E-14  2.39532E-14
  4.900E+00  1.82735E-03 -2.46930E-10  2.25479E-10 -9.62287E-12  8.78128E-12  2.10749E-14  1.56773E-14
  5.000E+00  1.90265E-03 -2.40372E-10  2.13343E-10 -9.55903E-12  8.47863E-12  2.98571E-14  7.91785E-15
  5.100E+00  1.97947E-03 -2.34034E-10  2.01990E-10 -9.49367E-12  8.18839E-12  3.72345E-14  7.60417E-16
  5.200E+00  2.05780E-03 -2.27909E-10  1.91358E-10 -9.42703E-12  7.90988E-12  4.24608E-14  4.99425E-15
  5.300E+00  2.13765E-03 -2.21990E-10  1.81391E-10 -9.35932E-12  7.64246E-12  4.66204E-14  1.04277E-14
  5.400E+00  2.21902E-03 -2.16270E-10  1.72038E-10 -9.29074E-12  7.38553E-12  4.89978E-14  1.47740E-14
  5.500E+00  2.30190E-03 -2.10742E-10  1.63253E-10 -9.22146E-12  7.13855E-12  5.00779E-14  1.79244E-14
  5.600E+00  2.38630E-03 -2.05399E-10  1.54995E-10 -9.15163E-12  6.90101E-12  4.94223E-14  2.02090E-14
  5.700E+00  2.47222E-03 -2.00235E-10  1.47224E-10 -9.08140E-12  6.67243E-12  4.83198E-14  2.17137E-14
  5.800E+00  2.55965E-03 -1.95243E-10  1.39906E-10 -9.01088E-12  6.45235E-12  4.57501E-14  2.22234E-14
  5.900E+00  2.64859E-03 -1.90416E-10  1.33009E-10 -8.94018E-12  6.24035E-12  4.21234E-14  2.21201E-14
  6.000E+00  2.73905E-03 -1.85748E-10  1.26504E-10 -8.86940E-12  6.03605E-12  3.88800E-14  2.14649E-14
  6.100E+00  2.83103E-03 -1.81234E-10  1.20363E-10 -8.79863E-12  5.83907E-12  3.40601E-14  2.05768E-14
  6.200E+00  2.92452E-03 -1.76868E-10  1.14562E-10 -8.72795E-12  5.64907E-12  2.93772E-14  1.88841E-14
  6.300E+00  3.01952E-03 -1.72643E-10  1.09079E-10 -8.65743E-12  5.46573E-12  2.40734E-14  1.67952E-14
  6.400E+00  3.11604E-03 -1.68555E-10  1.03891E-10 -8.58712E-12  5.28872E-12  1.92346E-14  1.46692E-14
  6.500E+00  3.21407E-03 -1.64597E-10  9.89813E-11 -8.51708E-12  5.11777E-12  1.44019E-14  1.23583E-14
  6.600E+00  3.31362E-03 -1.60766E-10  9.43304E-11 -8.44737E-12  4.95261E-12  9.44465E-15  1.04816E-14
  6.700E+00  3.41468E-03 -1.57057E-10  8.99224E-11 -8.37802E-12  4.79297E-12  4.77926E-15  7.69603E-15
  6.800E+00  3.51725E-03 -1.53463E-10  8.57420E-11 -8.30908E-12  4.63861E-12  6.44092E-16  5.07169E-15
  6.900E+00  3.62133E-03 -1.49983E-10  8.17751E-11 -8.24057E-12  4.48931E-12  3.87659E-15  2.32460E-15
  7.000E+00  3.72692E-03 -1.46610E-10  7.80087E-11 -8.17254E-12  4.34485E-12  6.80100E-15  9.29465E-16
  7.100E+00  3.83403E-03 -1.43341E-10  7.44307E-11 -8.10500E-12  4.20503E-12  9.91155E-15  1.28988E-15
  7.200E+00  3.94265E-03 -1.40172E-10  7.10299E-11 -8.03798E-12  4.06964E-12  1.26156E-14  2.88316E-15
  7.300E+00  4.05278E-03 -1.37099E-10  6.77957E-11 -7.97149E-12  3.93852E-12  1.46087E-14  4.50924E-15
  7.400E+00  4.16442E-03 -1.34118E-10  6.47186E-11 -7.90556E-12  3.81147E-12  1.56204E-14  5.45236E-15
  7.500E+00  4.27757E-03 -1.31227E-10  6.17893E-11 -7.84021E-12  3.68835E-12  1.68888E-14  6.45806E-15
  7.600E+00  4.39223E-03 -1.28422E-10  5.89995E-11 -7.77543E-12  3.56899E-12  1.75705E-14  7.07128E-15
  7.700E+00  4.50840E-03 -1.25699E-10  5.63414E-11 -7.71125E-12  3.45323E-12  1.70098E-14  7.54054E-15
  7.800E+00  4.62608E-03 -1.23056E-10  5.38075E-11 -7.64767E-12  3.34095E-12  1.67645E-14  7.55712E-15
  7.900E+00  4.74527E-03 -1.20489E-10  5.13909E-11 -7.58471E-12  3.23201E-12  1.61461E-14  7.25914E-15
  8.000E+00  4.86597E-03 -1.17997E-10  4.90854E-11 -7.52236E-12  3.12628E-12  1.46276E-14  6.67054E-15
  8.100E+00  4.98817E-03 -1.15576E-10  4.68849E-11 -7.46062E-12  3.02363E-12  1.37213E-14  6.50323E-15
  8.200E+00  5.11188E-03 -1.13223E-10  4.47836E-11 -7.39952E-12  2.92395E-12  1.23268E-14  5.76552E-15
  8.300E+00  5.23711E-03 -1.10937E-10  4.27765E-11 -7.33904E-12  2.82713E-12  1.04805E-14  5.43686E-15
  8.400E+00  5.36383E-03 -1.08714E-10  4.08585E-11 -7.27918E-12  2.73307E-12  9.39015E-15  4.93940E-15
  8.500E+00  5.49207E-03 -1.06553E-10  3.90250E-11 -7.21996E-12  2.64166E-12  6.87526E-15  4.10699E-15
  8.600E+00  5.62181E-03 -1.04452E-10  3.72716E-11 -7.16136E-12  2.55281E-12  4.79556E-15  2.78947E-15
  8.700E+00  5.75306E-03 -1.02408E-10  3.55943E-11 -7.10338E-12  2.46643E-12  3.27895E-15  1.87292E-15
  8.800E+00  5.88581E-03 -1.00419E-10  3.39892E-11 -7.04603E-12  2.38243E-12  1.83067E-15  1.16431E-15
  8.900E+00  6.02007E-03 -9.84842E-11  3.24526E-11 -6.98930E-12  2.30072E-12  1.49093E-16  1.62527E-16
  9.000E+00  6.15583E-03 -9.66009E-11  3.09813E-11 -6.93319E-12  2.22123E-12  1.45746E-15  3.17702E-16
  9.100E+00  6.29310E-03 -9.47675E-11  2.95719E-11 -6.87770E-12  2.14388E-12  2.13765E-15  7.76488E-16
  9.200E+00  6.43187E-03 -9.29823E-11  2.82215E-11 -6.82281E-12  2.06859E-12  3.48451E-15  1.67047E-15
  9.300E+00  6.57214E-03 -9.12438E-11  2.69271E-11 -6.76853E-12  1.99530E-12  4.63597E-15  1.93096E-15
  9.400E+00  6.71392E-03 -8.95504E-11  2.56862E-11 -6.71485E-12  1.92394E-12  5.20341E-15  2.32507E-15
  9.500E+00  6.85720E-03 -8.79006E-11  2.44961E-11 -6.66178E-12  1.85444E-12  5.48446E-15  2.55961E-15
  9.600E+00  7.00198E-03 -8.62929E-11  2.33545E-11 -6.60929E-12  1.78674E-12  6.51951E-15  2.64446E-15
  9.700E+00  7.14827E-03 -8.47260E-11  2.22591E-11 -6.55739E-12  1.72079E-12  6.75918E-15  3.13392E-15
  9.800E+00  7.29605E-03 -8.31987E-11  2.12078E-11 -6.50607E-12  1.65653E-12  6.37460E-15  2.93531E-15
  9.900E+00  7.44534E-03 -8.17095E-11  2.01985E-11 -6.45532E-12  1.59389E-12  6.24445E-15  2.61351E-15
  1.000E+01  7.59612E-03 -8.02573E-11  1.92293E-11 -6.40515E-12  1.53284E-12  5.88291E-15  2.56021E-15
  1.025E+01  7.97965E-03 -7.67811E-11  1.69700E-11 -6.28216E-12  1.38680E-12  2.23802E-15  1.09521E-15
  1.050E+01  8.37255E-03 -7.35116E-11  1.49245E-11 -6.16260E-12  1.24960E-12  3.83594E-15  1.15821E-15
  1.075E+01  8.77480E-03 -7.04333E-11  1.30700E-11 -6.04637E-12  1.12058E-12  3.65687E-15  1.65541E-15
  1.100E+01  9.18641E-03 -6.75321E-11  1.13865E-11 -5.93337E-12  9.99131E-13  1.93889E-16  4.21091E-16
  1.125E+01  9.60736E-03 -6.47949E-11  9.85668E-12 -5.82349E-12  8.84709E-13  2.77853E-15  6.03146E-16
  1.150E+01  1.00376E-02 -6.22101E-11  8.46491E-12 -5.71664E-12  7.76816E-13  1.77147E-15  7.68686E-16
  1.175E+01  1.04773E-02 -5.97667E-11  7.19751E-12 -5.61272E-12  6.74996E-13  6.78297E-16  1.83862E-16
  1.200E+01  1.09262E-02 -5.74550E-11  6.04235E-12 -5.51163E-12  5.78834E-13  2.43713E-15  1.23250E-15
  1.225E+01  1.13844E-02 -5.52660E-11  4.98862E-12 -5.41328E-12  4.87947E-13  4.67433E-16  8.43800E-16
  1.250E+01  1.18520E-02 -5.31913E-11  4.02671E-12 -5.31758E-12  4.01985E-13  1.64502E-15  0.00000E+00
  1.275E+01  1.23288E-02 -5.12232E-11  3.14804E-12 -5.22444E-12  3.20627E-13  1.43652E-15  3.10841E-16
  1.300E+01  1.28150E-02 -4.93550E-11  2.34494E-12 -5.13377E-12  2.43577E-13  1.38098E-16  2.98655E-16
  1.325E+01  1.33104E-02 -4.75800E-11  1.61053E-12 -5.04549E-12  1.70562E-13  6.64291E-16  2.87161E-16
  1.350E+01  1.38150E-02 -4.58923E-11  9.38645E-13 -4.95951E-12  1.01331E-13  2.55821E-16  2.76308E-16
  1.375E+01  1.43290E-02 -4.42865E-11  3.23750E-13 -4.87576E-12  3.56510E-14  7.39401E-16  0.00000E+00
  1.400E+01  1.48521E-02 -4.27575E-11 -2.39147E-13 -4.79416E-12 -2.66933E-14  3.56423E-16  0.00000E+00
  1.425E+01  1.53845E-02 -4.13005E-11 -7.54547E-13 -4.71464E-12 -8.59009E-14  2.29231E-16  4.94296E-16
  1.450E+01  1.59262E-02 -3.99113E-11 -1.22651E-12 -4.63713E-12 -1.42156E-13  0.00000E+00  1.19216E-16
  1.475E+01  1.64770E-02 -3.85859E-11 -1.65871E-12 -4.56156E-12 -1.95632E-13  2.13739E-16  1.15081E-16
  1.500E+01  1.70371E-02 -3.73204E-11 -2.05447E-12 -4.48786E-12 -2.46486E-13  4.13150E-16  5.55768E-16
  1.525E+01  1.76063E-02 -3.61114E-11 -2.41682E-12 -4.41598E-12 -2.94867E-13  3.99529E-16  6.44523E-16
  1.550E+01  1.81848E-02 -3.49558E-11 -2.74850E-12 -4.34585E-12 -3.40914E-13  7.73140E-16  4.15477E-16
  1.575E+01  1.87724E-02 -3.38504E-11 -3.05199E-12 -4.27742E-12 -3.84755E-13  0.00000E+00  4.01953E-16
  1.600E+01  1.93692E-02 -3.27926E-11 -3.32957E-12 -4.21062E-12 -4.26511E-13  1.81237E-16  5.83601E-16
  1.625E+01  1.99751E-02 -3.17796E-11 -3.58329E-12 -4.14542E-12 -4.66293E-13  0.00000E+00  1.88390E-16
  1.650E+01  2.05901E-02 -3.08091E-11 -3.81506E-12 -4.08174E-12 -5.04207E-13  1.70282E-16  3.65057E-16
  1.675E+01  2.12143E-02 -2.98788E-11 -4.02659E-12 -4.01956E-12 -5.40350E-13  3.30348E-16  1.76931E-16
  1.700E+01  2.18476E-02 -2.89865E-11 -4.21945E-12 -3.95880E-12 -5.74816E-13  1.60293E-16  1.71583E-16
  1.725E+01  2.24900E-02 -2.81303E-11 -4.39509E-12 -3.89945E-12 -6.07690E-13  3.11250E-16  3.32938E-16
  1.750E+01  2.31415E-02 -2.73083E-11 -4.55482E-12 -3.84143E-12 -6.39052E-13  3.02318E-16  0.00000E+00
  1.775E+01  2.38021E-02 -2.65188E-11 -4.69987E-12 -3.78473E-12 -6.68980E-13  2.93766E-16  9.41355E-16
  1.800E+01  2.44717E-02 -2.57600E-11 -4.83133E-12 -3.72929E-12 -6.97544E-13  7.13935E-16  4.57217E-16
  1.825E+01  2.51504E-02 -2.50306E-11 -4.95023E-12 -3.67508E-12 -7.24811E-13  0.00000E+00  1.48105E-16
  1.850E+01  2.58382E-02 -2.43290E-11 -5.05751E-12 -3.62205E-12 -7.50845E-13  4.05283E-16  2.87961E-16
  1.875E+01  2.65349E-02 -2.36539E-11 -5.15404E-12 -3.57018E-12 -7.75705E-13  2.62960E-16  1.40023E-16
  1.900E+01  2.72407E-02 -2.30040E-11 -5.24061E-12 -3.51942E-12 -7.99447E-13  2.56020E-16  1.36223E-16
  1.925E+01  2.79555E-02 -2.23781E-11 -5.31796E-12 -3.46975E-12 -8.22124E-13  4.98707E-16  3.97719E-16
  1.950E+01  2.86793E-02 -2.17750E-11 -5.38676E-12 -3.42113E-12 -8.43785E-13  1.21473E-16  1.29065E-16
  1.975E+01  2.94120E-02 -2.11938E-11 -5.44763E-12 -3.37354E-12 -8.64478E-13  3.55175E-16  1.25692E-16
  2.000E+01  3.01537E-02 -2.06334E-11 -5.50117E-12 -3.32693E-12 -8.84248E-13  4.61709E-16  2.44893E-16
  2.025E+01  3.09043E-02 -2.00928E-11 -5.54789E-12 -3.28129E-12 -9.03135E-13  3.37721E-16  0.00000E+00
  2.050E+01  3.16639E-02 -1.95712E-11 -5.58829E-12 -3.23658E-12 -9.21181E-13  6.58956E-16  4.65262E-16
  2.075E+01  3.24324E-02 -1.90677E-11 -5.62284E-12 -3.19277E-12 -9.38422E-13  2.14357E-16  1.13418E-16
  2.100E+01  3.32098E-02 -1.85815E-11 -5.65195E-12 -3.14986E-12 -9.54895E-13  6.27762E-16  1.10626E-16
  2.125E+01  3.39961E-02 -1.81118E-11 -5.67601E-12 -3.10780E-12 -9.70633E-13  2.04333E-16  0.00000E+00
  2.150E+01  3.47912E-02 -1.76580E-11 -5.69539E-12 -3.06657E-12 -9.85668E-13  0.00000E+00  0.00000E+00
  2.175E+01  3.55952E-02 -1.72193E-11 -5.71042E-12 -3.02615E-12 -1.00003E-12  1.95004E-16  4.11317E-16
  2.200E+01  3.64081E-02 -1.67952E-11 -5.72143E-12 -2.98652E-12 -1.01375E-12  1.90581E-16  4.01639E-16
  2.225E+01  3.72297E-02 -1.63849E-11 -5.72869E-12 -2.94766E-12 -1.02685E-12  5.58928E-16  0.00000E+00
  2.250E+01  3.80602E-02 -1.59879E-11 -5.73248E-12 -2.90954E-12 -1.03936E-12  1.82182E-16  5.74890E-16
  2.275E+01  3.88995E-02 -1.56037E-11 -5.73306E-12 -2.87215E-12 -1.05131E-12  3.56384E-16  1.87266E-16
  2.300E+01  3.97476E-02 -1.52317E-11 -5.73065E-12 -2.83547E-12 -1.06271E-12  1.74335E-16  7.32185E-16
  2.325E+01  4.06044E-02 -1.48715E-11 -5.72547E-12 -2.79948E-12 -1.07360E-12  0.00000E+00  1.78965E-16
  2.350E+01  4.14700E-02 -1.45226E-11 -5.71773E-12 -2.76415E-12 -1.08398E-12  3.33986E-16  7.00066E-16
  2.375E+01  4.23443E-02 -1.41845E-11 -5.70762E-12 -2.72948E-12 -1.09389E-12  1.63498E-16  3.42389E-16
  2.400E+01  4.32273E-02 -1.38567E-11 -5.69530E-12 -2.69544E-12 -1.10334E-12  0.00000E+00  1.67494E-16
  2.425E+01  4.41190E-02 -1.35390E-11 -5.68095E-12 -2.66202E-12 -1.11235E-12  1.56837E-16  1.63911E-16
  2.450E+01  4.50194E-02 -1.32309E-11 -5.66471E-12 -2.62921E-12 -1.12093E-12  1.53662E-16  0.00000E+00
  2.475E+01  4.59284E-02 -1.29320E-11 -5.64673E-12 -2.59698E-12 -1.12911E-12  3.01168E-16  1.57074E-16
  2.500E+01  4.68461E-02 -1.26420E-11 -5.62714E-12 -2.56533E-12 -1.13690E-12  1.47601E-16  1.53812E-16
  2.550E+01  4.87074E-02 -1.20873E-11 -5.58362E-12 -2.50369E-12 -1.15137E-12  1.41900E-16  2.95161E-16
  2.600E+01  5.06030E-02 -1.15643E-11 -5.53503E-12 -2.44418E-12 -1.16444E-12  1.36533E-16  2.83427E-16
  2.650E+01  5.25328E-02 -1.10707E-11 -5.48218E-12 -2.38669E-12 -1.17624E-12  0.00000E+00  1.36184E-16
  2.700E+01  5.44967E-02 -1.06045E-11 -5.42573E-12 -2.33114E-12 -1.18684E-12  1.26701E-16  1.30967E-16
  2.750E+01  5.64946E-02 -1.01637E-11 -5.36629E-12 -2.27742E-12 -1.19635E-12  2.44382E-16  2.52077E-16
  2.800E+01  5.85262E-02 -9.74661E-12 -5.30437E-12 -2.22546E-12 -1.20483E-12  1.17927E-16  0.00000E+00
  2.850E+01  6.05914E-02 -9.35161E-12 -5.24042E-12 -2.17518E-12 -1.21236E-12  1.13891E-16  2.33939E-16
  2.900E+01  6.26901E-02 -8.97723E-12 -5.17484E-12 -2.12650E-12 -1.21901E-12  2.20137E-16  0.00000E+00
  2.950E+01  6.48222E-02 -8.62211E-12 -5.10798E-12 -2.07935E-12 -1.22484E-12  2.12886E-16  1.08832E-16
  3.000E+01  6.69873E-02 -8.28502E-12 -5.04014E-12 -2.03367E-12 -1.22991E-12  1.03003E-16  2.10146E-16
  3.050E+01  6.91854E-02 -7.96481E-12 -4.97160E-12 -1.98938E-12 -1.23427E-12  9.97352E-17  2.03006E-16
  3.100E+01  7.14163E-02 -7.66043E-12 -4.90259E-12 -1.94644E-12 -1.23797E-12  1.93258E-16  9.81094E-17
  3.150E+01  7.36799E-02 -7.37088E-12 -4.83330E-12 -1.90478E-12 -1.24105E-12  0.00000E+00  0.00000E+00
  3.200E+01  7.59760E-02 -7.09527E-12 -4.76391E-12 -1.86436E-12 -1.24356E-12  0.00000E+00  0.00000E+00
  3.250E+01  7.83043E-02 -6.83275E-12 -4.69457E-12 -1.82512E-12 -1.24553E-12  0.00000E+00  1.77759E-16
  3.300E+01  8.06647E-02 -6.58255E-12 -4.62542E-12 -1.78701E-12 -1.24700E-12  0.00000E+00  0.00000E+00
  3.350E+01  8.30571E-02 -6.34395E-12 -4.55657E-12 -1.74999E-12 -1.24800E-12  0.00000E+00  0.00000E+00
  3.400E+01  8.54812E-02 -6.11627E-12 -4.48814E-12 -1.71401E-12 -1.24857E-12  0.00000E+00  0.00000E+00
  3.450E+01  8.79369E-02 -5.89890E-12 -4.42020E-12 -1.67904E-12 -1.24872E-12  0.00000E+00  1.56901E-16
  3.500E+01  9.04240E-02 -5.69124E-12 -4.35283E-12 -1.64504E-12 -1.24850E-12  0.00000E+00  1.52255E-16
  3.550E+01  9.29422E-02 -5.49277E-12 -4.28609E-12 -1.61197E-12 -1.24792E-12  0.00000E+00  1.47810E-16
  3.600E+01  9.54915E-02 -5.30296E-12 -4.22004E-12 -1.57979E-12 -1.24700E-12  0.00000E+00  0.00000E+00
  3.650E+01  9.80716E-02 -5.12136E-12 -4.15471E-12 -1.54848E-12 -1.24577E-12  0.00000E+00  0.00000E+00
  3.700E+01  1.00682E-01 -4.94751E-12 -4.09016E-12 -1.51799E-12 -1.24425E-12  0.00000E+00  0.00000E+00
  3.750E+01  1.03323E-01 -4.78102E-12 -4.02641E-12 -1.48831E-12 -1.24246E-12  0.00000E+00  1.31835E-16
  3.800E+01  1.05995E-01 -4.62149E-12 -3.96350E-12 -1.45939E-12 -1.24040E-12  0.00000E+00  0.00000E+00
  3.850E+01  1.08696E-01 -4.46856E-12 -3.90143E-12 -1.43122E-12 -1.23811E-12  0.00000E+00  0.00000E+00
  3.900E+01  1.11427E-01 -4.32189E-12 -3.84023E-12 -1.40377E-12 -1.23559E-12  0.00000E+00  0.00000E+00
  3.950E+01  1.14188E-01 -4.18117E-12 -3.77991E-12 -1.37701E-12 -1.23287E-12  0.00000E+00  1.18306E-16
  4.000E+01  1.16978E-01 -4.04610E-12 -3.72048E-12 -1.35092E-12 -1.22994E-12  0.00000E+00  0.00000E+00
  4.050E+01  1.19797E-01 -3.91639E-12 -3.66195E-12 -1.32548E-12 -1.22683E-12  0.00000E+00  0.00000E+00
  4.100E+01  1.22645E-01 -3.79178E-12 -3.60431E-12 -1.30066E-12 -1.22355E-12  0.00000E+00  0.00000E+00
  4.150E+01  1.25522E-01 -3.67204E-12 -3.54758E-12 -1.27644E-12 -1.22010E-12  0.00000E+00  0.00000E+00
  4.200E+01  1.28428E-01 -3.55691E-12 -3.49175E-12 -1.25281E-12 -1.21650E-12  0.00000E+00  0.00000E+00
  4.250E+01  1.31361E-01 -3.44619E-12 -3.43681E-12 -1.22974E-12 -1.21277E-12  0.00000E+00  0.00000E+00
  4.300E+01  1.34323E-01 -3.33965E-12 -3.38277E-12 -1.20722E-12 -1.20889E-12  0.00000E+00  0.00000E+00
  4.350E+01  1.37313E-01 -3.23712E-12 -3.32960E-12 -1.18522E-12 -1.20489E-12  0.00000E+00  0.00000E+00
  4.400E+01  1.40330E-01 -3.13840E-12 -3.27732E-12 -1.16374E-12 -1.20078E-12  0.00000E+00  0.00000E+00
  4.450E+01  1.43375E-01 -3.04333E-12 -3.22591E-12 -1.14276E-12 -1.19656E-12  0.00000E+00  0.00000E+00
  4.500E+01  1.46447E-01 -2.95173E-12 -3.17537E-12 -1.12225E-12 -1.19223E-12  0.00000E+00  0.00000E+00
  4.550E+01  1.49545E-01 -2.86345E-12 -3.12568E-12 -1.10222E-12 -1.18781E-12  0.00000E+00  0.00000E+00
  4.600E+01  1.52671E-01 -2.77834E-12 -3.07682E-12 -1.08263E-12 -1.18330E-12  0.00000E+00  0.00000E+00
  4.650E+01  1.55823E-01 -2.69626E-12 -3.02880E-12 -1.06348E-12 -1.17871E-12  0.00000E+00  0.00000E+00
  4.700E+01  1.59001E-01 -2.61708E-12 -2.98160E-12 -1.04475E-12 -1.17404E-12  0.00000E+00  0.00000E+00
  4.750E+01  1.62205E-01 -2.54068E-12 -2.93520E-12 -1.02644E-12 -1.16929E-12  0.00000E+00  0.00000E+00
  4.800E+01  1.65435E-01 -2.46694E-12 -2.88961E-12 -1.00853E-12 -1.16448E-12  0.00000E+00  0.00000E+00
  4.850E+01  1.68690E-01 -2.39574E-12 -2.84479E-12 -9.91005E-13 -1.15961E-12  0.00000E+00  0.00000E+00
  4.900E+01  1.71970E-01 -2.32698E-12 -2.80075E-12 -9.73858E-13 -1.15468E-12  0.00000E+00  0.00000E+00
  4.950E+01  1.75276E-01 -2.26055E-12 -2.75747E-12 -9.57078E-13 -1.14969E-12  0.00000E+00  0.00000E+00
  5.000E+01  1.78606E-01 -2.19636E-12 -2.71493E-12 -9.40653E-13 -1.14466E-12  0.00000E+00  0.00000E+00
  5.050E+01  1.81961E-01 -2.13432E-12 -2.67312E-12 -9.24574E-13 -1.13958E-12  0.00000E+00  0.00000E+00
  5.100E+01  1.85340E-01 -2.07434E-12 -2.63204E-12 -9.08832E-13 -1.13445E-12  0.00000E+00  0.00000E+00
  5.150E+01  1.88743E-01 -2.01634E-12 -2.59166E-12 -8.93416E-13 -1.12929E-12  0.00000E+00  0.00000E+00
  5.200E+01  1.92169E-01 -1.96023E-12 -2.55198E-12 -8.78318E-13 -1.12408E-12  0.00000E+00  0.00000E+00
  5.250E+01  1.95619E-01 -1.90595E-12 -2.51298E-12 -8.63530E-13 -1.11885E-12  0.00000E+00  0.00000E+00
  5.300E+01  1.99092E-01 -1.85342E-12 -2.47465E-12 -8.49043E-13 -1.11358E-12  0.00000E+00  0.00000E+00
  5.350E+01  2.02589E-01 -1.80257E-12 -2.43698E-12 -8.34848E-13 -1.10829E-12  0.00000E+00  0.00000E+00
  5.400E+01  2.06107E-01 -1.75334E-12 -2.39995E-12 -8.20939E-13 -1.10297E-12  0.00000E+00  0.00000E+00
  5.450E+01  2.09649E-01 -1.70567E-12 -2.36355E-12 -8.07307E-13 -1.09762E-12  0.00000E+00  0.00000E+00
  5.500E+01  2.13212E-01 -1.65950E-12 -2.32778E-12 -7.93945E-13 -1.09226E-12  0.00000E+00  0.00000E+00
  5.550E+01  2.16797E-01 -1.61476E-12 -2.29261E-12 -7.80847E-13 -1.08687E-12  0.00000E+00  0.00000E+00
  5.600E+01  2.20404E-01 -1.57142E-12 -2.25805E-12 -7.68006E-13 -1.08147E-12  0.00000E+00  0.00000E+00
  5.650E+01  2.24032E-01 -1.52941E-12 -2.22407E-12 -7.55414E-13 -1.07605E-12  0.00000E+00  0.00000E+00
  5.700E+01  2.27680E-01 -1.48868E-12 -2.19066E-12 -7.43067E-13 -1.07062E-12  0.00000E+00  0.00000E+00
  5.750E+01  2.31350E-01 -1.44919E-12 -2.15781E-12 -7.30956E-13 -1.06518E-12  0.00000E+00  0.00000E+00
  5.800E+01  2.35040E-01 -1.41089E-12 -2.12552E-12 -7.19078E-13 -1.05973E-12  0.00000E+00  0.00000E+00
  5.850E+01  2.38751E-01 -1.37375E-12 -2.09377E-12 -7.07425E-13 -1.05426E-12  0.00000E+00  0.00000E+00
  5.900E+01  2.42481E-01 -1.33772E-12 -2.06255E-12 -6.95993E-13 -1.04880E-12  0.00000E+00  0.00000E+00
  5.950E+01  2.46231E-01 -1.30275E-12 -2.03186E-12 -6.84776E-13 -1.04332E-12  0.00000E+00  0.00000E+00
  6.000E+01  2.50000E-01 -1.26882E-12 -2.00167E-12 -6.73768E-13 -1.03784E-12  0.00000E+00  0.00000E+00
  6.050E+01  2.53788E-01 -1.23589E-12 -1.97198E-12 -6.62965E-13 -1.03236E-12  0.00000E+00  0.00000E+00
  6.100E+01  2.57595E-01 -1.20391E-12 -1.94279E-12 -6.52362E-13 -1.02687E-12  0.00000E+00  0.00000E+00
  6.150E+01  2.61421E-01 -1.17287E-12 -1.91407E-12 -6.41954E-13 -1.02138E-12  0.00000E+00  0.00000E+00
  6.200E+01  2.65264E-01 -1.14272E-12 -1.88582E-12 -6.31737E-13 -1.01589E-12  0.00000E+00  0.00000E+00
  6.250E+01  2.69126E-01 -1.11343E-12 -1.85804E-12 -6.21706E-13 -1.01041E-12  0.00000E+00  0.00000E+00
  6.300E+01  2.73005E-01 -1.08498E-12 -1.83072E-12 -6.11856E-13 -1.00492E-12  0.00000E+00  0.00000E+00
  6.350E+01  2.76901E-01 -1.05734E-12 -1.80384E-12 -6.02184E-13 -9.99435E-13  0.00000E+00  0.00000E+00
  6.400E+01  2.80814E-01 -1.03049E-12 -1.77739E-12 -5.92686E-13 -9.93954E-13  0.00000E+00  0.00000E+00
  6.450E+01  2.84744E-01 -1.00438E-12 -1.75137E-12 -5.83357E-13 -9.88477E-13  0.00000E+00  0.00000E+00
  6.500E+01  2.88691E-01 -9.79006E-13 -1.72576E-12 -5.74194E-13 -9.83004E-13  0.00000E+00  0.00000E+00
  6.550E+01  2.92653E-01 -9.54338E-13 -1.70057E-12 -5.65193E-13 -9.77537E-13  0.00000E+00  0.00000E+00
  6.600E+01  2.96632E-01 -9.30354E-13 -1.67579E-12 -5.56350E-13 -9.72075E-13  0.00000E+00  0.00000E+00
  6.650E+01  3.00625E-01 -9.07031E-13 -1.65140E-12 -5.47662E-13 -9.66620E-13  0.00000E+00  0.00000E+00
  6.700E+01  3.04634E-01 -8.84349E-13 -1.62739E-12 -5.39126E-13 -9.61172E-13  0.00000E+00  0.00000E+00
  6.750E+01  3.08658E-01 -8.62284E-13 -1.60377E-12 -5.30738E-13 -9.55732E-13  0.00000E+00  0.00000E+00
  6.800E+01  3.12697E-01 -8.40818E-13 -1.58051E-12 -5.22495E-13 -9.50300E-13  0.00000E+00  0.00000E+00
  6.850E+01  3.16749E-01 -8.19933E-13 -1.55763E-12 -5.14393E-13 -9.44876E-13  0.00000E+00  0.00000E+00
  6.900E+01  3.20816E-01 -7.99610E-13 -1.53510E-12 -5.06431E-13 -9.39461E-13  0.00000E+00  0.00000E+00
  6.950E+01  3.24896E-01 -7.79833E-13 -1.51292E-12 -4.98604E-13 -9.34056E-13  0.00000E+00  0.00000E+00
  7.000E+01  3.28990E-01 -7.60586E-13 -1.49109E-12 -4.90910E-13 -9.28660E-13  0.00000E+00  0.00000E+00
  7.050E+01  3.33097E-01 -7.41850E-13 -1.46960E-12 -4.83347E-13 -9.23275E-13  0.00000E+00  0.00000E+00
  7.100E+01  3.37216E-01 -7.23608E-13 -1.44844E-12 -4.75911E-13 -9.17900E-13  0.00000E+00  0.00000E+00
  7.150E+01  3.41348E-01 -7.05843E-13 -1.42760E-12 -4.68599E-13 -9.12536E-13  0.00000E+00  0.00000E+00
  7.200E+01  3.45492E-01 -6.88544E-13 -1.40708E-12 -4.61410E-13 -9.07183E-13  0.00000E+00  0.00000E+00
  7.250E+01  3.49647E-01 -6.71704E-13 -1.38689E-12 -4.54341E-13 -9.01841E-13  0.00000E+00  0.00000E+00
  7.300E+01  3.53814E-01 -6.55302E-13 -1.36700E-12 -4.47389E-13 -8.96512E-13  0.00000E+00  0.00000E+00
  7.350E+01  3.57992E-01 -6.39323E-13 -1.34741E-12 -4.40552E-13 -8.91194E-13  0.00000E+00  0.00000E+00
  7.400E+01  3.62181E-01 -6.23755E-13 -1.32811E-12 -4.33827E-13 -8.85888E-13  0.00000E+00  0.00000E+00
  7.450E+01  3.66381E-01 -6.08587E-13 -1.30911E-12 -4.27213E-13 -8.80595E-13  0.00000E+00  0.00000E+00
  7.500E+01  3.70590E-01 -5.93808E-13 -1.29039E-12 -4.20707E-13 -8.75314E-13  0.00000E+00  0.00000E+00
  7.550E+01  3.74810E-01 -5.79408E-13 -1.27195E-12 -4.14306E-13 -8.70046E-13  0.00000E+00  0.00000E+00
  7.600E+01  3.79039E-01 -5.65375E-13 -1.25379E-12 -4.08010E-13 -8.64791E-13  0.00000E+00  0.00000E+00
  7.650E+01  3.83277E-01 -5.51697E-13 -1.23591E-12 -4.01816E-13 -8.59549E-13  0.00000E+00  0.00000E+00
  7.700E+01  3.87524E-01 -5.38364E-13 -1.21828E-12 -3.95721E-13 -8.54321E-13  0.00000E+00  0.00000E+00
  7.750E+01  3.91780E-01 -5.25366E-13 -1.20092E-12 -3.89724E-13 -8.49105E-13  0.00000E+00  0.00000E+00
  7.800E+01  3.96044E-01 -5.12695E-13 -1.18381E-12 -3.83824E-13 -8.43903E-13  0.00000E+00  0.00000E+00
  7.850E+01  4.00316E-01 -5.00340E-13 -1.16695E-12 -3.78017E-13 -8.38715E-13  0.00000E+00  0.00000E+00
  7.900E+01  4.04596E-01 -4.88293E-13 -1.15034E-12 -3.72303E-13 -8.33541E-13  0.00000E+00  0.00000E+00
  7.950E+01  4.08882E-01 -4.76546E-13 -1.13397E-12 -3.66680E-13 -8.28380E-13  0.00000E+00  0.00000E+00
  8.000E+01  4.13176E-01 -4.65089E-13 -1.11785E-12 -3.61145E-13 -8.23233E-13  0.00000E+00  0.00000E+00
  8.050E+01  4.17476E-01 -4.53915E-13 -1.10195E-12 -3.55698E-13 -8.18100E-13  0.00000E+00  0.00000E+00
  8.100E+01  4.21783E-01 -4.43016E-13 -1.08629E-12 -3.50336E-13 -8.12981E-13  0.00000E+00  0.00000E+00
  8.150E+01  4.26095E-01 -4.32384E-13 -1.07085E-12 -3.45059E-13 -8.07876E-13  0.00000E+00  0.00000E+00
  8.200E+01  4.30413E-01 -4.22012E-13 -1.05563E-12 -3.39864E-13 -8.02785E-13  0.00000E+00  0.00000E+00
  8.250E+01  4.34737E-01 -4.11892E-13 -1.04064E-12 -3.34750E-13 -7.97708E-13  0.00000E+00  0.00000E+00
  8.300E+01  4.39065E-01 -4.02020E-13 -1.02585E-12 -3.29715E-13 -7.92646E-13  0.00000E+00  0.00000E+00
  8.350E+01  4.43398E-01 -3.92386E-13 -1.01128E-12 -3.24758E-13 -7.87597E-13  0.00000E+00  0.00000E+00
  8.400E+01  4.47736E-01 -3.82985E-13 -9.96919E-13 -3.19878E-13 -7.82563E-13  0.00000E+00  0.00000E+00
  8.450E+01  4.52077E-01 -3.73811E-13 -9.82758E-13 -3.15073E-13 -7.77543E-13  0.00000E+00  0.00000E+00
  8.500E+01  4.56422E-01 -3.64857E-13 -9.68798E-13 -3.10342E-13 -7.72538E-13  0.00000E+00  0.00000E+00
  8.550E+01  4.60770E-01 -3.56117E-13 -9.55033E-13 -3.05684E-13 -7.67546E-13  0.00000E+00  0.00000E+00
  8.600E+01  4.65122E-01 -3.47587E-13 -9.41463E-13 -3.01097E-13 -7.62569E-13  0.00000E+00  0.00000E+00
  8.650E+01  4.69476E-01 -3.39261E-13 -9.28084E-13 -2.96580E-13 -7.57606E-13  0.00000E+00  0.00000E+00
  8.700E+01  4.73832E-01 -3.31132E-13 -9.14892E-13 -2.92131E-13 -7.52657E-13  0.00000E+00  0.00000E+00
  8.750E+01  4.78190E-01 -3.23197E-13 -9.01884E-13 -2.87751E-13 -7.47722E-13  0.00000E+00  0.00000E+00
  8.800E+01  4.82550E-01 -3.15449E-13 -8.89057E-13 -2.83436E-13 -7.42802E-13  0.00000E+00  0.00000E+00
  8.850E+01  4.86912E-01 -3.07884E-13 -8.76407E-13 -2.79187E-13 -7.37896E-13  0.00000E+00  0.00000E+00
  8.900E+01  4.91274E-01 -3.00498E-13 -8.63933E-13 -2.75002E-13 -7.33003E-13  0.00000E+00  0.00000E+00
  8.950E+01  4.95637E-01 -2.93285E-13 -8.51631E-13 -2.70880E-13 -7.28125E-13  0.00000E+00  0.00000E+00
  9.000E+01  5.00000E-01 -2.86241E-13 -8.39499E-13 -2.66819E-13 -7.23261E-13  0.00000E+00  0.00000E+00
  9.050E+01  5.04363E-01 -2.79363E-13 -8.27534E-13 -2.62820E-13 -7.18411E-13  0.00000E+00  0.00000E+00
  9.100E+01  5.08726E-01 -2.72645E-13 -8.15734E-13 -2.58880E-13 -7.13575E-13  0.00000E+00  0.00000E+00
  9.150E+01  5.13088E-01 -2.66084E-13 -8.04095E-13 -2.55000E-13 -7.08753E-13  0.00000E+00  0.00000E+00
  9.200E+01  5.17450E-01 -2.59676E-13 -7.92614E-13 -2.51176E-13 -7.03945E-13  0.00000E+00  0.00000E+00
  9.250E+01  5.21810E-01 -2.53416E-13 -7.81290E-13 -2.47410E-13 -6.99150E-13  0.00000E+00  0.00000E+00
  9.300E+01  5.26168E-01 -2.47301E-13 -7.70119E-13 -2.43700E-13 -6.94370E-13  0.00000E+00  0.00000E+00
  9.350E+01  5.30524E-01 -2.41328E-13 -7.59101E-13 -2.40044E-13 -6.89603E-13  0.00000E+00  0.00000E+00
  9.400E+01  5.34878E-01 -2.35493E-13 -7.48232E-13 -2.36443E-13 -6.84849E-13  0.00000E+00  0.00000E+00
  9.450E+01  5.39230E-01 -2.29792E-13 -7.37510E-13 -2.32895E-13 -6.80110E-13  0.00000E+00  0.00000E+00
  9.500E+01  5.43578E-01 -2.24223E-13 -7.26933E-13 -2.29399E-13 -6.75383E-13  0.00000E+00  0.00000E+00
  9.550E+01  5.47923E-01 -2.18781E-13 -7.16498E-13 -2.25954E-13 -6.70671E-13  0.00000E+00  0.00000E+00
  9.600E+01  5.52264E-01 -2.13464E-13 -7.06202E-13 -2.22560E-13 -6.65971E-13  0.00000E+00  0.00000E+00
  9.650E+01  5.56602E-01 -2.08269E-13 -6.96045E-13 -2.19215E-13 -6.61285E-13  0.00000E+00  0.00000E+00
  9.700E+01  5.60935E-01 -2.03193E-13 -6.86024E-13 -2.15920E-13 -6.56613E-13  0.00000E+00  0.00000E+00
  9.750E+01  5.65263E-01 -1.98232E-13 -6.76138E-13 -2.12672E-13 -6.51953E-13  0.00000E+00  0.00000E+00
  9.800E+01  5.69587E-01 -1.93385E-13 -6.66383E-13 -2.09472E-13 -6.47307E-13  0.00000E+00  0.00000E+00
  9.850E+01  5.73905E-01 -1.88648E-13 -6.56758E-13 -2.06319E-13 -6.42673E-13  0.00000E+00  0.00000E+00
  9.900E+01  5.78217E-01 -1.84019E-13 -6.47262E-13 -2.03211E-13 -6.38053E-13  0.00000E+00  0.00000E+00
  9.950E+01  5.82524E-01 -1.79494E-13 -6.37891E-13 -2.00149E-13 -6.33446E-13  0.00000E+00  0.00000E+00
  1.000E+02  5.86824E-01 -1.75072E-13 -6.28644E-13 -1.97130E-13 -6.28851E-13  0.00000E+00  0.00000E+00
  1.005E+02  5.91118E-01 -1.70751E-13 -6.19520E-13 -1.94156E-13 -6.24269E-13  0.00000E+00  0.00000E+00
  1.010E+02  5.95404E-01 -1.66527E-13 -6.10517E-13 -1.91224E-13 -6.19700E-13  0.00000E+00  0.00000E+00
  1.015E+02  5.99684E-01 -1.62398E-13 -6.01633E-13 -1.88335E-13 -6.15143E-13  0.00000E+00  0.00000E+00
  1.020E+02  6.03956E-01 -1.58363E-13 -5.92866E-13 -1.85487E-13 -6.10599E-13  0.00000E+00  0.00000E+00
  1.025E+02  6.08220E-01 -1.54419E-13 -5.84215E-13 -1.82680E-13 -6.06067E-13  0.00000E+00  0.00000E+00
  1.030E+02  6.12476E-01 -1.50563E-13 -5.75677E-13 -1.79914E-13 -6.01548E-13  0.00000E+00  0.00000E+00
  1.035E+02  6.16723E-01 -1.46794E-13 -5.67251E-13 -1.77187E-13 -5.97041E-13  0.00000E+00  0.00000E+00
  1.040E+02  6.20961E-01 -1.43110E-13 -5.58937E-13 -1.74499E-13 -5.92546E-13  0.00000E+00  0.00000E+00
  1.045E+02  6.25190E-01 -1.39508E-13 -5.50731E-13 -1.71850E-13 -5.88063E-13  0.00000E+00  0.00000E+00
  1.050E+02  6.29410E-01 -1.35987E-13 -5.42634E-13 -1.69239E-13 -5.83592E-13  0.00000E+00  0.00000E+00
  1.055E+02  6.33619E-01 -1.32545E-13 -5.34642E-13 -1.66665E-13 -5.79134E-13  0.00000E+00  0.00000E+00
  1.060E+02  6.37819E-01 -1.29181E-13 -5.26756E-13 -1.64127E-13 -5.74686E-13  0.00000E+00  0.00000E+00
  1.065E+02  6.42008E-01 -1.25891E-13 -5.18972E-13 -1.61626E-13 -5.70251E-13  0.00000E+00  0.00000E+00
  1.070E+02  6.46186E-01 -1.22675E-13 -5.11290E-13 -1.59160E-13 -5.65828E-13  0.00000E+00  0.00000E+00
  1.075E+02  6.50353E-01 -1.19531E-13 -5.03708E-13 -1.56730E-13 -5.61415E-13  0.00000E+00  0.00000E+00
  1.080E+02  6.54508E-01 -1.16456E-13 -4.96225E-13 -1.54334E-13 -5.57015E-13  0.00000E+00  0.00000E+00
  1.085E+02  6.58652E-01 -1.13451E-13 -4.88841E-13 -1.51971E-13 -5.52626E-13  0.00000E+00  0.00000E+00
  1.090E+02  6.62784E-01 -1.10513E-13 -4.81553E-13 -1.49643E-13 -5.48248E-13  0.00000E+00  0.00000E+00
  1.095E+02  6.66903E-01 -1.07640E-13 -4.74360E-13 -1.47347E-13 -5.43881E-13  0.00000E+00  0.00000E+00
  1.100E+02  6.71010E-01 -1.04831E-13 -4.67261E-13 -1.45084E-13 -5.39526E-13  0.00000E+00  0.00000E+00
  1.105E+02  6.75104E-01 -1.02085E-13 -4.60254E-13 -1.42852E-13 -5.35181E-13  0.00000E+00  0.00000E+00
  1.110E+02  6.79184E-01 -9.93994E-14 -4.53339E-13 -1.40652E-13 -5.30848E-13  0.00000E+00  0.00000E+00
  1.115E+02  6.83251E-01 -9.67739E-14 -4.46513E-13 -1.38483E-13 -5.26525E-13  0.00000E+00  0.00000E+00
  1.120E+02  6.87303E-01 -9.42069E-14 -4.39778E-13 -1.36345E-13 -5.22213E-13  0.00000E+00  0.00000E+00
  1.125E+02  6.91342E-01 -9.16970E-14 -4.33130E-13 -1.34237E-13 -5.17912E-13  0.00000E+00  0.00000E+00
  1.130E+02  6.95366E-01 -8.92430E-14 -4.26569E-13 -1.32158E-13 -5.13622E-13  0.00000E+00  0.00000E+00
  1.135E+02  6.99375E-01 -8.68433E-14 -4.20094E-13 -1.30108E-13 -5.09342E-13  0.00000E+00  0.00000E+00
  1.140E+02  7.03368E-01 -8.44969E-14 -4.13703E-13 -1.28088E-13 -5.05072E-13  0.00000E+00  0.00000E+00
  1.145E+02  7.07347E-01 -8.22026E-14 -4.07395E-13 -1.26095E-13 -5.00813E-13  0.00000E+00  0.00000E+00
  1.150E+02  7.11309E-01 -7.99594E-14 -4.01170E-13 -1.24130E-13 -4.96564E-13  0.00000E+00  0.00000E+00
  1.155E+02  7.15256E-01 -7.77661E-14 -3.95027E-13 -1.22193E-13 -4.92325E-13  0.00000E+00  0.00000E+00
  1.160E+02  7.19186E-01 -7.56216E-14 -3.88964E-13 -1.20283E-13 -4.88096E-13  0.00000E+00  0.00000E+00
  1.165E+02  7.23099E-01 -7.35247E-14 -3.82981E-13 -1.18400E-13 -4.83877E-13  0.00000E+00  0.00000E+00
  1.170E+02  7.26995E-01 -7.14744E-14 -3.77076E-13 -1.16542E-13 -4.79668E-13  2.20975E-17  0.00000E+00
  1.175E+02  7.30874E-01 -6.94695E-14 -3.71249E-13 -1.14711E-13 -4.75469E-13  0.00000E+00  0.00000E+00
  1.180E+02  7.34736E-01 -6.75091E-14 -3.65498E-13 -1.12905E-13 -4.71280E-13  0.00000E+00  0.00000E+00
  1.185E+02  7.38579E-01 -6.55924E-14 -3.59823E-13 -1.11124E-13 -4.67100E-13  0.00000E+00  0.00000E+00
  1.190E+02  7.42405E-01 -6.37183E-14 -3.54223E-13 -1.09368E-13 -4.62930E-13  2.25958E-17  0.00000E+00
  1.195E+02  7.46212E-01 -6.18861E-14 -3.48696E-13 -1.07636E-13 -4.58769E-13  2.27298E-17  0.00000E+00
  1.200E+02  7.50000E-01 -6.00946E-14 -3.43243E-13 -1.05928E-13 -4.54617E-13  0.00000E+00  0.00000E+00
  1.205E+02  7.53769E-01 -5.83430E-14 -3.37862E-13 -1.04244E-13 -4.50475E-13  0.00000E+00  0.00000E+00
  1.210E+02  7.57519E-01 -5.66302E-14 -3.32553E-13 -1.02583E-13 -4.46342E-13  0.00000E+00  0.00000E+00
  1.215E+02  7.61249E-01 -5.49556E-14 -3.27313E-13 -1.00945E-13 -4.42218E-13  2.33049E-17  0.00000E+00
  1.220E+02  7.64960E-01 -5.33182E-14 -3.22144E-13 -9.93296E-14 -4.38103E-13  2.34588E-17  0.00000E+00
  1.225E+02  7.68650E-01 -5.17175E-14 -3.17043E-13 -9.77364E-14 -4.33997E-13  0.00000E+00  0.00000E+00
  1.230E+02  7.72320E-01 -5.01526E-14 -3.12011E-13 -9.61651E-14 -4.29900E-13  0.00000E+00  0.00000E+00
  1.235E+02  7.75968E-01 -4.86227E-14 -3.07046E-13 -9.46154E-14 -4.25812E-13  0.00000E+00  0.00000E+00
  1.240E+02  7.79596E-01 -4.71269E-14 -3.02148E-13 -9.30870E-14 -4.21732E-13  2.41170E-17  0.00000E+00
  1.245E+02  7.83203E-01 -4.56645E-14 -2.97315E-13 -9.15795E-14 -4.17661E-13  2.42925E-17  0.00000E+00
  1.250E+02  7.86788E-01 -4.42347E-14 -2.92548E-13 -9.00927E-14 -4.13598E-13  0.00000E+00  0.00000E+00
  1.255E+02  7.90351E-01 -4.28369E-14 -2.87845E-13 -8.86262E-14 -4.09543E-13  0.00000E+00  0.00000E+00
  1.260E+02  7.93893E-01 -4.14705E-14 -2.83205E-13 -8.71797E-14 -4.05497E-13  2.48467E-17  0.00000E+00
  1.265E+02  7.97411E-01 -4.01349E-14 -2.78629E-13 -8.57529E-14 -4.01460E-13  2.50409E-17  0.00000E+00
  1.270E+02  8.00908E-01 -3.88293E-14 -2.74116E-13 -8.43456E-14 -3.97430E-13  0.00000E+00  0.00000E+00
  1.275E+02  8.04381E-01 -3.75531E-14 -2.69664E-13 -8.29573E-14 -3.93408E-13  0.00000E+00  0.00000E+00
  1.280E+02  8.07831E-01 -3.63055E-14 -2.65273E-13 -8.15880E-14 -3.89394E-13  0.00000E+00  0.00000E+00
  1.285E+02  8.11257E-01 -3.50858E-14 -2.60943E-13 -8.02372E-14 -3.85389E-13  2.58671E-17  0.00000E+00
  1.290E+02  8.14660E-01 -3.38937E-14 -2.56672E-13 -7.89046E-14 -3.81391E-13  2.60865E-17  0.00000E+00
  1.295E+02  8.18039E-01 -3.27285E-14 -2.52460E-13 -7.75901E-14 -3.77400E-13  0.00000E+00  0.00000E+00
  1.300E+02  8.21394E-01 -3.15898E-14 -2.48308E-13 -7.62933E-14 -3.73418E-13  0.00000E+00  0.00000E+00
  1.305E+02  8.24724E-01 -3.04770E-14 -2.44213E-13 -7.50139E-14 -3.69442E-13  0.00000E+00  0.00000E+00
  1.310E+02  8.28030E-01 -2.93893E-14 -2.40176E-13 -7.37518E-14 -3.65475E-13  0.00000E+00  0.00000E+00
  1.315E+02  8.31310E-01 -2.83263E-14 -2.36196E-13 -7.25065E-14 -3.61514E-13  4.08972E-17  0.00000E+00
  1.320E+02  8.34565E-01 -2.72873E-14 -2.32271E-13 -7.12779E-14 -3.57561E-13  5.50350E-17  0.00000E+00
  1.325E+02  8.37795E-01 -2.62719E-14 -2.28402E-13 -7.00658E-14 -3.53615E-13  1.38880E-17  0.00000E+00
  1.330E+02  8.40999E-01 -2.52798E-14 -2.24589E-13 -6.88698E-14 -3.49677E-13  1.40203E-17  0.00000E+00
  1.335E+02  8.44177E-01 -2.43104E-14 -2.20830E-13 -6.76897E-14 -3.45745E-13  2.83113E-17  0.00000E+00
  1.340E+02  8.47329E-01 -2.33633E-14 -2.17126E-13 -6.65252E-14 -3.41820E-13  2.85881E-17  0.00000E+00
  1.345E+02  8.50455E-01 -2.24379E-14 -2.13475E-13 -6.53762E-14 -3.37902E-13  1.44356E-17  0.00000E+00
  1.350E+02  8.53553E-01 -2.15338E-14 -2.09878E-13 -6.42424E-14 -3.33991E-13  5.83217E-17  0.00000E+00
  1.355E+02  8.56625E-01 -2.06503E-14 -2.06332E-13 -6.31235E-14 -3.30087E-13  2.94570E-17  0.00000E+00
  1.360E+02  8.59670E-01 -1.97871E-14 -2.02839E-13 -6.20192E-14 -3.26189E-13  4.46397E-17  0.00000E+00
  1.365E+02  8.62687E-01 -1.89439E-14 -1.99398E-13 -6.09295E-14 -3.22297E-13  3.00693E-17  0.00000E+00
  1.370E+02  8.65677E-01 -1.81203E-14 -1.96007E-13 -5.98540E-14 -3.18413E-13  3.03857E-17  0.00000E+00
  1.375E+02  8.68639E-01 -1.73159E-14 -1.92668E-13 -5.87925E-14 -3.14534E-13  7.67726E-17  0.00000E+00
  1.380E+02  8.71572E-01 -1.65304E-14 -1.89379E-13 -5.77448E-14 -3.10662E-13  6.20789E-17  0.00000E+00
  1.385E+02  8.74478E-01 -1.57631E-14 -1.86140E-13 -5.67106E-14 -3.06796E-13  3.13771E-17  0.00000E+00
  1.390E+02  8.77355E-01 -1.50136E-14 -1.82950E-13 -5.56898E-14 -3.02936E-13  3.17220E-17  0.00000E+00
  1.395E+02  8.80203E-01 -1.42815E-14 -1.79809E-13 -5.46821E-14 -2.99083E-13  6.41489E-17  0.00000E+00
  1.400E+02  8.83022E-01 -1.35667E-14 -1.76716E-13 -5.36873E-14 -2.95235E-13  6.48688E-17  0.00000E+00
  1.405E+02  8.85812E-01 -1.28688E-14 -1.73672E-13 -5.27053E-14 -2.91393E-13  0.00000E+00  0.00000E+00
  1.410E+02  8.88573E-01 -1.21876E-14 -1.70676E-13 -5.17357E-14 -2.87557E-13  0.00000E+00  0.00000E+00
  1.415E+02  8.91304E-01 -1.15227E-14 -1.67727E-13 -5.07784E-14 -2.83727E-13  3.35602E-17  0.00000E+00
  1.420E+02  8.94005E-01 -1.08736E-14 -1.64825E-13 -4.98331E-14 -2.79902E-13  4.24390E-17  0.00000E+00
  1.425E+02  8.96677E-01 -1.02398E-14 -1.61970E-13 -4.88997E-14 -2.76083E-13  0.00000E+00  0.00000E+00
  1.430E+02  8.99318E-01 -9.62095E-15 -1.59160E-13 -4.79780E-14 -2.72269E-13  0.00000E+00  0.00000E+00
  1.435E+02  9.01928E-01 -9.01675E-15 -1.56396E-13 -4.70678E-14 -2.68461E-13  3.51732E-17  0.00000E+00
  1.440E+02  9.04508E-01 -8.42747E-15 -1.53678E-13 -4.61688E-14 -2.64658E-13  8.89925E-18  0.00000E+00
  1.445E+02  9.07058E-01 -7.85309E-15 -1.51005E-13 -4.52809E-14 -2.60860E-13  9.00726E-18  0.00000E+00
  1.450E+02  9.09576E-01 -7.29249E-15 -1.48378E-13 -4.44039E-14 -2.57068E-13  1.82348E-17  0.00000E+00
  1.455E+02  9.12063E-01 -6.74520E-15 -1.45794E-13 -4.35375E-14 -2.53281E-13  9.22969E-18  0.00000E+00
  1.460E+02  9.14519E-01 -6.21117E-15 -1.43254E-13 -4.26817E-14 -2.49498E-13  9.34416E-18  0.00000E+00
  1.465E+02  9.16943E-01 -5.69030E-15 -1.40758E-13 -4.18361E-14 -2.45721E-13  9.46081E-18  0.00000E+00
  1.470E+02  9.19335E-01 -5.18246E-15 -1.38306E-13 -4.10007E-14 -2.41949E-13  4.78981E-18  0.00000E+00
  1.475E+02  9.21696E-01 -4.68742E-15 -1.35897E-13 -4.01752E-14 -2.38181E-13  4.85030E-18  0.00000E+00
  1.480E+02  9.24024E-01 -4.20485E-15 -1.33531E-13 -3.93595E-14 -2.34418E-13  1.96475E-17  0.00000E+00
  1.485E+02  9.26320E-01 -3.73438E-15 -1.31208E-13 -3.85533E-14 -2.30660E-13  2.48728E-17  0.00000E+00
  1.490E+02  9.28584E-01 -3.27568E-15 -1.28926E-13 -3.77566E-14 -2.26906E-13  2.01534E-17  0.00000E+00
  1.495E+02  9.30815E-01 -2.82849E-15 -1.26687E-13 -3.69690E-14 -2.23157E-13  0.00000E+00  0.00000E+00
  1.500E+02  9.33013E-01 -2.39267E-15 -1.24489E-13 -3.61905E-14 -2.19412E-13  3.87692E-17  0.00000E+00
  1.505E+02  9.35178E-01 -1.96811E-15 -1.22332E-13 -3.54208E-14 -2.15671E-13  5.75994E-17  0.00000E+00
  1.510E+02  9.37310E-01 -1.55466E-15 -1.20217E-13 -3.46598E-14 -2.11935E-13  4.50880E-17  0.00000E+00
  1.515E+02  9.39409E-01 -1.15210E-15 -1.18143E-13 -3.39074E-14 -2.08203E-13  5.37369E-18  0.00000E+00
  1.520E+02  9.41474E-01 -7.60124E-16 -1.16110E-13 -3.31632E-14 -2.04475E-13  4.35518E-17  0.00000E+00
  1.525E+02  9.43505E-01 -3.78422E-16 -1.14117E-13 -3.24273E-14 -2.00751E-13  8.34191E-17  0.00000E+00
  1.530E+02  9.45503E-01 -6.75017E-18 -1.12164E-13 -3.16993E-14 -1.97031E-13  7.70163E-17  0.00000E+00
  1.535E+02  9.47467E-01  3.55039E-16 -1.10250E-13 -3.09792E-14 -1.93315E-13  2.61826E-17  0.00000E+00
  1.540E+02  9.49397E-01  7.07030E-16 -1.08377E-13 -3.02668E-14 -1.89603E-13  4.44501E-17  0.00000E+00
  1.545E+02  9.51293E-01  1.04931E-15 -1.06543E-13 -2.95618E-14 -1.85894E-13  9.87843E-17  0.00000E+00
  1.550E+02  9.53154E-01  1.38205E-15 -1.04748E-13 -2.88642E-14 -1.82189E-13  1.00081E-16  0.00000E+00
  1.555E+02  9.54981E-01  1.70548E-15 -1.02992E-13 -2.81738E-14 -1.78488E-13  5.66607E-17  0.00000E+00
  1.560E+02  9.56773E-01  2.01990E-15 -1.01275E-13 -2.74904E-14 -1.74790E-13  2.71904E-17  0.00000E+00
  1.565E+02  9.58530E-01  2.32553E-15 -9.95967E-14 -2.68139E-14 -1.71096E-13  1.07121E-16  0.00000E+00
  1.570E+02  9.60252E-01  2.62252E-15 -9.79563E-14 -2.61440E-14 -1.67405E-13  1.20917E-16  0.00000E+00
  1.575E+02  9.61940E-01  2.91093E-15 -9.63539E-14 -2.54807E-14 -1.63717E-13  8.79379E-17  0.00000E+00
  1.580E+02  9.63592E-01  3.19080E-15 -9.47898E-14 -2.48238E-14 -1.60032E-13  0.00000E+00  2.23331E-17
  1.585E+02  9.65209E-01  3.46224E-15 -9.32636E-14 -2.41731E-14 -1.56351E-13  1.03105E-16  0.00000E+00
  1.590E+02  9.66790E-01  3.72544E-15 -9.17752E-14 -2.35285E-14 -1.52673E-13  1.43578E-16  0.00000E+00
  1.595E+02  9.68336E-01  3.98066E-15 -9.03241E-14 -2.28898E-14 -1.48997E-13  1.05744E-16  0.00000E+00
  1.600E+02  9.69846E-01  4.22813E-15 -8.89101E-14 -2.22569E-14 -1.45325E-13  2.67685E-17  8.86875E-17
  1.605E+02  9.71321E-01  4.46799E-15 -8.75328E-14 -2.16295E-14 -1.41655E-13  5.42051E-17  6.64025E-17
  1.610E+02  9.72759E-01  4.70026E-15 -8.61924E-14 -2.10077E-14 -1.37989E-13  9.60318E-17  0.00000E+00
  1.615E+02  9.74162E-01  4.92496E-15 -8.48889E-14 -2.03911E-14 -1.34325E-13  1.24980E-16  2.20619E-17
  1.620E+02  9.75528E-01  5.14215E-15 -8.36222E-14 -1.97798E-14 -1.30663E-13  6.32460E-17  1.32164E-16
  1.625E+02  9.76858E-01  5.35196E-15 -8.23921E-14 -1.91734E-14 -1.27004E-13  0.00000E+00  1.09968E-16
  1.630E+02  9.78152E-01  5.55464E-15 -8.11984E-14 -1.85719E-14 -1.23348E-13  8.63413E-17  0.00000E+00
  1.635E+02  9.79410E-01  5.75040E-15 -8.00405E-14 -1.79751E-14 -1.19694E-13  1.01902E-16  4.38590E-17
  1.640E+02  9.80631E-01  5.93937E-15 -7.89184E-14 -1.73829E-14 -1.16042E-13  8.83440E-17  1.53292E-16
  1.645E+02  9.81815E-01  6.12158E-15 -7.78320E-14 -1.67952E-14 -1.12393E-13  4.46690E-17  1.31216E-16
  1.650E+02  9.82963E-01  6.29700E-15 -7.67815E-14 -1.62117E-14 -1.08746E-13  3.01082E-17  6.55222E-17
  1.655E+02  9.84074E-01  6.46563E-15 -7.57668E-14 -1.56323E-14 -1.05101E-13  6.08683E-17  6.54393E-17
  1.660E+02  9.85148E-01  6.62758E-15 -7.47880E-14 -1.50570E-14 -1.01458E-13  1.07648E-16  1.52505E-16
  1.665E+02  9.86185E-01  6.78305E-15 -7.38445E-14 -1.44854E-14 -9.78170E-14  9.32252E-17  1.08804E-16
  1.670E+02  9.87185E-01  6.93225E-15 -7.29361E-14 -1.39176E-14 -9.41779E-14  7.84727E-17  8.69445E-17
  1.675E+02  9.88148E-01  7.07532E-15 -7.20626E-14 -1.33534E-14 -9.05407E-14  4.75473E-17  2.17124E-17
  1.680E+02  9.89074E-01  7.21229E-15 -7.12239E-14 -1.27926E-14 -8.69052E-14  4.80025E-17  1.95207E-16
  1.685E+02  9.89962E-01  7.34306E-15 -7.04203E-14 -1.22351E-14 -8.32715E-14  1.29196E-16  1.51675E-16
  1.690E+02  9.90814E-01  7.46762E-15 -6.96519E-14 -1.16807E-14 -7.96393E-14  1.46651E-16  8.65879E-17
  1.695E+02  9.91627E-01  7.58600E-15 -6.89185E-14 -1.11293E-14 -7.60087E-14  6.57436E-17  2.16271E-17
  1.700E+02  9.92404E-01  7.69839E-15 -6.82199E-14 -1.05808E-14 -7.23796E-14  3.31463E-17  1.72865E-16
  1.705E+02  9.93143E-01  7.80500E-15 -6.75558E-14 -1.00350E-14 -6.87519E-14  1.16943E-16  2.37491E-16
  1.710E+02  9.93844E-01  7.90597E-15 -6.69258E-14 -9.49180E-15 -6.51256E-14  1.51511E-16  2.15730E-16
  1.715E+02  9.94508E-01  8.00133E-15 -6.63300E-14 -8.95104E-15 -6.15005E-14  1.18707E-16  0.00000E+00
  1.720E+02  9.95134E-01  8.09097E-15 -6.57686E-14 -8.41259E-15 -5.78766E-14  8.53823E-17  1.50792E-16
  1.725E+02  9.95722E-01  8.17479E-15 -6.52419E-14 -7.87631E-15 -5.42539E-14  5.15676E-17  2.15275E-16
  1.730E+02  9.96273E-01  8.25278E-15 -6.47498E-14 -7.34207E-15 -5.06322E-14  1.55665E-16  3.44226E-16
  1.735E+02  9.96786E-01  8.32508E-15 -6.42921E-14 -6.80972E-15 -4.70115E-14  1.91365E-16  2.15017E-16
  1.740E+02  9.97261E-01  8.39194E-15 -6.38684E-14 -6.27914E-15 -4.33917E-14  1.04947E-16  2.14903E-17
  1.745E+02  9.97698E-01  8.45352E-15 -6.34784E-14 -5.75018E-15 -3.97727E-14  0.00000E+00  2.36277E-16
  1.750E+02  9.98097E-01  8.50985E-15 -6.31220E-14 -5.22271E-15 -3.61546E-14  1.23624E-16  4.50872E-16
  1.755E+02  9.98459E-01  8.56079E-15 -6.27996E-14 -4.69659E-15 -3.25371E-14  1.95083E-16  4.72150E-16
  1.760E+02  9.98782E-01  8.60615E-15 -6.25115E-14 -4.17169E-15 -2.89203E-14  1.95819E-16  1.71629E-16
  1.765E+02  9.99067E-01  8.64586E-15 -6.22579E-14 -3.64786E-15 -2.53040E-14  1.07167E-16  3.43148E-16
  1.770E+02  9.99315E-01  8.67997E-15 -6.20386E-14 -3.12498E-15 -2.16882E-14  0.00000E+00  9.43395E-16
  1.775E+02  9.99524E-01  8.70882E-15 -6.18531E-14 -2.60292E-15 -1.80729E-14  1.61612E-16  1.32902E-15
  1.780E+02  9.99695E-01  8.73260E-15 -6.17009E-14 -2.08153E-15 -1.44579E-14  2.51904E-16  9.85855E-16
  1.785E+02  9.99829E-01  8.75149E-15 -6.15818E-14 -1.56068E-15 -1.08432E-14  2.88347E-16  5.99996E-16
  1.790E+02  9.99924E-01  8.76535E-15 -6.14961E-14 -1.04023E-15 -7.22868E-15  1.62381E-16  4.43520E-15
  1.795E+02  9.99981E-01  8.77385E-15 -6.14442E-14 -5.20048E-16 -3.61431E-15  7.22194E-17  1.60685E-14
  1.800E+02  1.00000E+00  8.77697E-15 -6.14268E-14 -7.29777E-30 -5.07210E-29  8.28911E-15  2.27203E-11
