 #  Spin polarization functions (in cm)      MU=(1-cos(TH))/2
 #  Z =  47,   projectile: electron
 #  Kinetic energy = 5.10000E+06 eV
 #
 # TH (deg)      MU            U            S            T      1-U^2-T^2-S^2
 #------------------------------------------------------------------------------
  0.000E+00  0.00000E+00  0.00000E+00  0.00000E+00  1.00000E+00  0.00000E+00
  1.000E-04  7.61557E-13  1.58639E-06  7.17778E-12  1.00000E+00  0.00000E+00
  1.250E-04  1.18994E-12  1.98299E-06  8.97226E-12  1.00000E+00  0.00000E+00
  1.500E-04  1.71346E-12  2.37959E-06  1.07668E-11  1.00000E+00  1.11022E-16
  1.750E-04  2.33225E-12  2.77618E-06  1.25613E-11  1.00000E+00  2.22045E-16
  2.000E-04  3.04617E-12  3.17278E-06  1.43559E-11  1.00000E+00  3.33067E-16
  2.250E-04  3.85530E-12  3.56938E-06  1.61505E-11  1.00000E+00  2.22045E-16
  2.500E-04  4.75964E-12  3.96598E-06  1.79451E-11  1.00000E+00  2.22045E-16
  2.750E-04  5.75917E-12  4.36258E-06  1.97398E-11  1.00000E+00  0.00000E+00
  3.000E-04  6.85391E-12  4.75917E-06  2.15345E-11  1.00000E+00  0.00000E+00
  3.250E-04  8.04379E-12  5.15577E-06  2.33293E-11  1.00000E+00 -2.22045E-16
  3.500E-04  9.32893E-12  5.55237E-06  2.51242E-11  1.00000E+00 -2.22045E-16
  3.750E-04  1.07092E-11  5.94897E-06  2.69191E-11  1.00000E+00  0.00000E+00
  4.000E-04  1.21847E-11  6.34556E-06  2.87141E-11  1.00000E+00 -2.22045E-16
  4.250E-04  1.37554E-11  6.74216E-06  3.05092E-11  1.00000E+00  0.00000E+00
  4.500E-04  1.54213E-11  7.13876E-06  3.23043E-11  1.00000E+00  0.00000E+00
  4.750E-04  1.71823E-11  7.53536E-06  3.40995E-11  1.00000E+00 -2.22045E-16
  5.000E-04  1.90386E-11  7.93196E-06  3.58949E-11  1.00000E+00  2.22045E-16
  5.250E-04  2.09900E-11  8.32855E-06  3.76903E-11  1.00000E+00  0.00000E+00
  5.500E-04  2.30367E-11  8.72515E-06  3.94858E-11  1.00000E+00  2.22045E-16
  5.750E-04  2.51785E-11  9.12175E-06  4.12814E-11  1.00000E+00  2.22045E-16
  6.000E-04  2.74156E-11  9.51835E-06  4.30771E-11  1.00000E+00  0.00000E+00
  6.250E-04  2.97478E-11  9.91494E-06  4.48729E-11  1.00000E+00 -2.22045E-16
  6.500E-04  3.21752E-11  1.03115E-05  4.66689E-11  1.00000E+00  0.00000E+00
  6.750E-04  3.46979E-11  1.07081E-05  4.84650E-11  1.00000E+00  0.00000E+00
  7.000E-04  3.73157E-11  1.11047E-05  5.02611E-11  1.00000E+00  2.22045E-16
  7.250E-04  4.00286E-11  1.15013E-05  5.20575E-11  1.00000E+00 -2.22045E-16
  7.500E-04  4.28368E-11  1.18979E-05  5.38539E-11  1.00000E+00  0.00000E+00
  7.750E-04  4.57402E-11  1.22945E-05  5.56505E-11  1.00000E+00  0.00000E+00
  8.000E-04  4.87388E-11  1.26911E-05  5.74473E-11  1.00000E+00  2.22045E-16
  8.250E-04  5.18325E-11  1.30877E-05  5.92441E-11  1.00000E+00  0.00000E+00
  8.500E-04  5.50215E-11  1.34843E-05  6.10412E-11  1.00000E+00 -2.22045E-16
  8.750E-04  5.83057E-11  1.38809E-05  6.28384E-11  1.00000E+00 -2.22045E-16
  9.000E-04  6.16850E-11  1.42775E-05  6.46357E-11  1.00000E+00 -2.22045E-16
  9.250E-04  6.51595E-11  1.46741E-05  6.64333E-11  1.00000E+00  0.00000E+00
  9.500E-04  6.87293E-11  1.50707E-05  6.82310E-11  1.00000E+00  1.11022E-16
  9.750E-04  7.23943E-11  1.54673E-05  7.00288E-11  1.00000E+00 -2.22045E-16
  1.000E-03  7.61544E-11  1.58639E-05  7.18269E-11  1.00000E+00  1.11022E-16
  1.250E-03  1.18991E-10  1.98299E-05  8.98183E-11  1.00000E+00  1.11022E-16
  1.500E-03  1.71347E-10  2.37959E-05  1.07833E-10  1.00000E+00 -2.22045E-16
  1.750E-03  2.33223E-10  2.77618E-05  1.25874E-10  1.00000E+00  0.00000E+00
  2.000E-03  3.04617E-10  3.17278E-05  1.43948E-10  1.00000E+00  0.00000E+00
  2.250E-03  3.85531E-10  3.56938E-05  1.62057E-10  1.00000E+00 -2.22045E-16
  2.500E-03  4.75965E-10  3.96598E-05  1.80207E-10  1.00000E+00 -2.22045E-16
  2.750E-03  5.75917E-10  4.36257E-05  1.98400E-10  1.00000E+00  0.00000E+00
  3.000E-03  6.85389E-10  4.75917E-05  2.16641E-10  1.00000E+00 -2.22045E-16
  3.250E-03  8.04380E-10  5.15577E-05  2.34933E-10  1.00000E+00 -2.22045E-16
  3.500E-03  9.32891E-10  5.55237E-05  2.53279E-10  1.00000E+00 -2.22045E-16
  3.750E-03  1.07092E-09  5.94897E-05  2.71684E-10  1.00000E+00 -2.22045E-16
  4.000E-03  1.21847E-09  6.34556E-05  2.90150E-10  1.00000E+00  1.11022E-16
  4.250E-03  1.37554E-09  6.74216E-05  3.08679E-10  1.00000E+00  0.00000E+00
  4.500E-03  1.54213E-09  7.13876E-05  3.27276E-10  1.00000E+00 -2.22045E-16
  4.750E-03  1.71823E-09  7.53536E-05  3.45940E-10  1.00000E+00 -2.22045E-16
  5.000E-03  1.90386E-09  7.93195E-05  3.64677E-10  1.00000E+00  2.22045E-16
  5.250E-03  2.09900E-09  8.32855E-05  3.83486E-10  1.00000E+00  1.11022E-16
  5.500E-03  2.30367E-09  8.72515E-05  4.02370E-10  1.00000E+00  2.22045E-16
  5.750E-03  2.51785E-09  9.12174E-05  4.21330E-10  1.00000E+00  0.00000E+00
  6.000E-03  2.74156E-09  9.51834E-05  4.40369E-10  1.00000E+00  1.11022E-16
  6.250E-03  2.97478E-09  9.91494E-05  4.59486E-10  1.00000E+00  0.00000E+00
  6.500E-03  3.21752E-09  1.03115E-04  4.78683E-10  1.00000E+00 -2.22045E-16
  6.750E-03  3.46978E-09  1.07081E-04  4.97960E-10  1.00000E+00  2.22045E-16
  7.000E-03  3.73156E-09  1.11047E-04  5.17318E-10  1.00000E+00  2.22045E-16
  7.250E-03  4.00286E-09  1.15013E-04  5.36757E-10  1.00000E+00  1.11022E-16
  7.500E-03  4.28368E-09  1.18979E-04  5.56277E-10  1.00000E+00  0.00000E+00
  7.750E-03  4.57402E-09  1.22945E-04  5.75878E-10  1.00000E+00  1.11022E-16
  8.000E-03  4.87388E-09  1.26911E-04  5.95560E-10  1.00000E+00  0.00000E+00
  8.250E-03  5.18326E-09  1.30877E-04  6.15323E-10  1.00000E+00  0.00000E+00
  8.500E-03  5.50215E-09  1.34843E-04  6.35165E-10  1.00000E+00 -2.22045E-16
  8.750E-03  5.83057E-09  1.38809E-04  6.55086E-10  1.00000E+00  1.11022E-16
  9.000E-03  6.16850E-09  1.42775E-04  6.75085E-10  1.00000E+00  1.11022E-16
  9.250E-03  6.51596E-09  1.46741E-04  6.95162E-10  1.00000E+00  1.11022E-16
  9.500E-03  6.87293E-09  1.50707E-04  7.15315E-10  1.00000E+00  0.00000E+00
  9.750E-03  7.23942E-09  1.54673E-04  7.35544E-10  1.00000E+00 -2.22045E-16
  1.000E-02  7.61544E-09  1.58639E-04  7.55846E-10  1.00000E+00 -2.22045E-16
  1.250E-02  1.18991E-08  1.98299E-04  9.62701E-10  1.00000E+00  1.11022E-16
  1.500E-02  1.71347E-08  2.37958E-04  1.17602E-09  1.00000E+00  0.00000E+00
  1.750E-02  2.33223E-08  2.77618E-04  1.39631E-09  1.00000E+00  0.00000E+00
  2.000E-02  3.04617E-08  3.17278E-04  1.62612E-09  1.00000E+00  1.11022E-16
  2.250E-02  3.85531E-08  3.56938E-04  1.86931E-09  1.00000E+00 -2.22045E-16
  2.500E-02  4.75965E-08  3.96598E-04  2.12936E-09  1.00000E+00  0.00000E+00
  2.750E-02  5.75917E-08  4.36258E-04  2.40758E-09  1.00000E+00  1.11022E-16
  3.000E-02  6.85389E-08  4.75918E-04  2.70249E-09  1.00000E+00 -2.22045E-16
  3.250E-02  8.04380E-08  5.15577E-04  3.01083E-09  1.00000E+00  2.22045E-16
  3.500E-02  9.32891E-08  5.55237E-04  3.32991E-09  1.00000E+00  3.33067E-16
  3.750E-02  1.07092E-07  5.94897E-04  3.65973E-09  1.00000E+00  0.00000E+00
  4.000E-02  1.21847E-07  6.34557E-04  4.00352E-09  1.00000E+00 -2.22045E-16
  4.250E-02  1.37554E-07  6.74217E-04  4.36605E-09  1.00000E+00  1.11022E-16
  4.500E-02  1.54213E-07  7.13877E-04  4.75076E-09  1.00000E+00  2.22045E-16
  4.750E-02  1.71823E-07  7.53537E-04  5.15741E-09  1.00000E+00  2.22045E-16
  5.000E-02  1.90386E-07  7.93197E-04  5.58209E-09  1.00000E+00 -2.22045E-16
  5.250E-02  2.09900E-07  8.32858E-04  6.01975E-09  1.00000E+00  0.00000E+00
  5.500E-02  2.30367E-07  8.72518E-04  6.46777E-09  1.00000E+00 -2.22045E-16
  5.750E-02  2.51785E-07  9.12178E-04  6.92829E-09  1.00000E+00  0.00000E+00
  6.000E-02  2.74156E-07  9.51838E-04  7.40746E-09  1.00000E+00  4.44089E-16
  6.250E-02  2.97478E-07  9.91498E-04  7.91194E-09  1.00000E+00 -2.22045E-16
  6.500E-02  3.21752E-07  1.03116E-03  8.44461E-09  9.99999E-01 -2.22045E-16
  6.750E-02  3.46978E-07  1.07082E-03  9.00254E-09  9.99999E-01  0.00000E+00
  7.000E-02  3.73156E-07  1.11048E-03  9.57865E-09  9.99999E-01  1.11022E-16
  7.250E-02  4.00286E-07  1.15014E-03  1.01664E-08  9.99999E-01  0.00000E+00
  7.500E-02  4.28368E-07  1.18980E-03  1.07644E-08  9.99999E-01  1.11022E-16
  7.750E-02  4.57402E-07  1.22946E-03  1.13781E-08  9.99999E-01 -2.22045E-16
  8.000E-02  4.87388E-07  1.26912E-03  1.20168E-08  9.99999E-01  1.11022E-16
  8.250E-02  5.18325E-07  1.30878E-03  1.26879E-08  9.99999E-01 -2.22045E-16
  8.500E-02  5.50215E-07  1.34844E-03  1.33919E-08  9.99999E-01  0.00000E+00
  8.750E-02  5.83057E-07  1.38810E-03  1.41222E-08  9.99999E-01 -2.22045E-16
  9.000E-02  6.16850E-07  1.42776E-03  1.48691E-08  9.99999E-01  3.33067E-16
  9.250E-02  6.51596E-07  1.46742E-03  1.56266E-08  9.99999E-01  4.44089E-16
  9.500E-02  6.87293E-07  1.50708E-03  1.63969E-08  9.99999E-01 -2.22045E-16
  9.750E-02  7.23942E-07  1.54675E-03  1.71895E-08  9.99999E-01  1.11022E-16
  1.000E-01  7.61543E-07  1.58641E-03  1.80151E-08  9.99999E-01 -2.22045E-16
  1.250E-01  1.18991E-06  1.98302E-03  2.77038E-08  9.99998E-01  1.11022E-16
  1.500E-01  1.71347E-06  2.37963E-03  3.97649E-08  9.99997E-01  2.22045E-16
  1.750E-01  2.33223E-06  2.77626E-03  5.40632E-08  9.99996E-01  3.33067E-16
  2.000E-01  3.04617E-06  3.17288E-03  7.06049E-08  9.99995E-01  2.22045E-16
  2.250E-01  3.85531E-06  3.56952E-03  8.89229E-08  9.99994E-01 -2.22045E-16
  2.500E-01  4.75964E-06  3.96616E-03  1.09164E-07  9.99992E-01 -2.22045E-16
  2.750E-01  5.75916E-06  4.36280E-03  1.31521E-07  9.99990E-01  2.22045E-16
  3.000E-01  6.85388E-06  4.75945E-03  1.55386E-07  9.99989E-01  2.22045E-16
  3.250E-01  8.04378E-06  5.15610E-03  1.81484E-07  9.99987E-01 -2.22045E-16
  3.500E-01  9.32888E-06  5.55276E-03  2.09916E-07  9.99985E-01 -2.22045E-16
  3.750E-01  1.07092E-05  5.94942E-03  2.39724E-07  9.99982E-01 -2.22045E-16
  4.000E-01  1.21846E-05  6.34609E-03  2.71772E-07  9.99980E-01  2.22045E-16
  4.250E-01  1.37553E-05  6.74277E-03  3.05732E-07  9.99977E-01  1.11022E-16
  4.500E-01  1.54212E-05  7.13945E-03  3.40921E-07  9.99975E-01  3.33067E-16
  4.750E-01  1.71822E-05  7.53614E-03  3.78331E-07  9.99972E-01 -4.44089E-16
  5.000E-01  1.90385E-05  7.93283E-03  4.16831E-07  9.99969E-01  0.00000E+00
  5.250E-01  2.09899E-05  8.32953E-03  4.56602E-07  9.99965E-01 -4.44089E-16
  5.500E-01  2.30365E-05  8.72624E-03  4.98899E-07  9.99962E-01  2.22045E-16
  5.750E-01  2.51783E-05  9.12296E-03  5.41470E-07  9.99958E-01 -2.22045E-16
  6.000E-01  2.74153E-05  9.51968E-03  5.85534E-07  9.99955E-01  1.11022E-16
  6.250E-01  2.97475E-05  9.91640E-03  6.31877E-07  9.99951E-01 -2.22045E-16
  6.500E-01  3.21749E-05  1.03131E-02  6.78319E-07  9.99947E-01  3.33067E-16
  6.750E-01  3.46974E-05  1.07099E-02  7.27113E-07  9.99943E-01  0.00000E+00
  7.000E-01  3.73152E-05  1.11066E-02  7.78150E-07  9.99938E-01  1.11022E-16
  7.250E-01  4.00281E-05  1.15034E-02  8.29485E-07  9.99934E-01  0.00000E+00
  7.500E-01  4.28362E-05  1.19001E-02  8.83311E-07  9.99929E-01  2.22045E-16
  7.750E-01  4.57395E-05  1.22969E-02  9.38350E-07  9.99924E-01 -2.22045E-16
  8.000E-01  4.87380E-05  1.26937E-02  9.95120E-07  9.99919E-01  1.11022E-16
  8.250E-01  5.18317E-05  1.30904E-02  1.05474E-06  9.99914E-01  0.00000E+00
  8.500E-01  5.50205E-05  1.34872E-02  1.11472E-06  9.99909E-01  0.00000E+00
  8.750E-01  5.83045E-05  1.38840E-02  1.17732E-06  9.99904E-01  2.22045E-16
  9.000E-01  6.16838E-05  1.42808E-02  1.24206E-06  9.99898E-01  1.11022E-16
  9.250E-01  6.51582E-05  1.46776E-02  1.30725E-06  9.99892E-01  2.22045E-16
  9.500E-01  6.87277E-05  1.50744E-02  1.37599E-06  9.99886E-01  1.11022E-16
  9.750E-01  7.23925E-05  1.54712E-02  1.44580E-06  9.99880E-01 -2.22045E-16
  1.000E+00  7.61524E-05  1.58680E-02  1.51687E-06  9.99874E-01  2.22045E-16
  1.100E+00  9.21439E-05  1.74553E-02  1.82038E-06  9.99848E-01  1.11022E-16
  1.200E+00  1.09658E-04  1.90426E-02  2.14838E-06  9.99819E-01  0.00000E+00
  1.300E+00  1.28695E-04  2.06300E-02  2.49976E-06  9.99787E-01 -2.22045E-16
  1.400E+00  1.49255E-04  2.22175E-02  2.87243E-06  9.99753E-01 -4.44089E-16
  1.500E+00  1.71338E-04  2.38051E-02  3.26588E-06  9.99717E-01  0.00000E+00
  1.600E+00  1.94942E-04  2.53928E-02  3.67823E-06  9.99678E-01 -2.22045E-16
  1.700E+00  2.20070E-04  2.69805E-02  4.10814E-06  9.99636E-01 -2.22045E-16
  1.800E+00  2.46720E-04  2.85683E-02  4.55693E-06  9.99592E-01  1.11022E-16
  1.900E+00  2.74892E-04  3.01561E-02  5.02524E-06  9.99545E-01  0.00000E+00
  2.000E+00  3.04586E-04  3.17440E-02  5.51126E-06  9.99496E-01  3.33067E-16
  2.100E+00  3.35803E-04  3.33319E-02  6.01429E-06  9.99444E-01  1.11022E-16
  2.200E+00  3.68542E-04  3.49199E-02  6.53574E-06  9.99390E-01 -2.22045E-16
  2.300E+00  4.02802E-04  3.65080E-02  7.07396E-06  9.99333E-01  0.00000E+00
  2.400E+00  4.38585E-04  3.80961E-02  7.63016E-06  9.99274E-01 -2.22045E-16
  2.500E+00  4.75889E-04  3.96842E-02  8.20354E-06  9.99212E-01  0.00000E+00
  2.600E+00  5.14715E-04  4.12723E-02  8.79169E-06  9.99148E-01  0.00000E+00
  2.700E+00  5.55063E-04  4.28605E-02  9.39605E-06  9.99081E-01  3.33067E-16
  2.800E+00  5.96931E-04  4.44487E-02  1.00147E-05  9.99012E-01  1.11022E-16
  2.900E+00  6.40321E-04  4.60369E-02  1.06470E-05  9.98940E-01  2.22045E-16
  3.000E+00  6.85233E-04  4.76251E-02  1.12922E-05  9.98865E-01  2.22045E-16
  3.100E+00  7.31665E-04  4.92134E-02  1.19496E-05  9.98788E-01  0.00000E+00
  3.200E+00  7.79618E-04  5.08016E-02  1.26185E-05  9.98709E-01  1.11022E-16
  3.300E+00  8.29092E-04  5.23899E-02  1.32998E-05  9.98627E-01 -2.22045E-16
  3.400E+00  8.80086E-04  5.39781E-02  1.39909E-05  9.98542E-01  1.11022E-16
  3.500E+00  9.32601E-04  5.55664E-02  1.46886E-05  9.98455E-01  0.00000E+00
  3.600E+00  9.86636E-04  5.71546E-02  1.53955E-05  9.98365E-01 -2.22045E-16
  3.700E+00  1.04219E-03  5.87429E-02  1.61104E-05  9.98273E-01 -2.22045E-16
  3.800E+00  1.09927E-03  6.03311E-02  1.68311E-05  9.98178E-01 -2.22045E-16
  3.900E+00  1.15786E-03  6.19193E-02  1.75584E-05  9.98081E-01 -4.44089E-16
  4.000E+00  1.21797E-03  6.35075E-02  1.82892E-05  9.97981E-01  2.22045E-16
  4.100E+00  1.27961E-03  6.50956E-02  1.90217E-05  9.97879E-01 -4.44089E-16
  4.200E+00  1.34276E-03  6.66837E-02  1.97600E-05  9.97774E-01  0.00000E+00
  4.300E+00  1.40743E-03  6.82718E-02  2.05019E-05  9.97667E-01  1.11022E-16
  4.400E+00  1.47362E-03  6.98598E-02  2.12435E-05  9.97557E-01 -2.22045E-16
  4.500E+00  1.54133E-03  7.14478E-02  2.19854E-05  9.97444E-01  0.00000E+00
  4.600E+00  1.61056E-03  7.30358E-02  2.27249E-05  9.97329E-01  3.33067E-16
  4.700E+00  1.68131E-03  7.46237E-02  2.34629E-05  9.97212E-01  1.11022E-16
  4.800E+00  1.75357E-03  7.62115E-02  2.42028E-05  9.97092E-01 -2.22045E-16
  4.900E+00  1.82735E-03  7.77993E-02  2.49405E-05  9.96969E-01  0.00000E+00
  5.000E+00  1.90265E-03  7.93870E-02  2.56727E-05  9.96844E-01  2.22045E-16
  5.100E+00  1.97947E-03  8.09747E-02  2.64012E-05  9.96716E-01  1.11022E-16
  5.200E+00  2.05780E-03  8.25622E-02  2.71220E-05  9.96586E-01 -2.22045E-16
  5.300E+00  2.13765E-03  8.41497E-02  2.78369E-05  9.96453E-01 -2.22045E-16
  5.400E+00  2.21902E-03  8.57372E-02  2.85489E-05  9.96318E-01  2.22045E-16
  5.500E+00  2.30190E-03  8.73245E-02  2.92518E-05  9.96180E-01  3.33067E-16
  5.600E+00  2.38630E-03  8.89117E-02  2.99451E-05  9.96040E-01  3.33067E-16
  5.700E+00  2.47222E-03  9.04989E-02  3.06313E-05  9.95897E-01 -2.22045E-16
  5.800E+00  2.55965E-03  9.20859E-02  3.13038E-05  9.95751E-01  1.11022E-16
  5.900E+00  2.64859E-03  9.36729E-02  3.19664E-05  9.95603E-01  2.22045E-16
  6.000E+00  2.73905E-03  9.52597E-02  3.26239E-05  9.95452E-01 -2.22045E-16
  6.100E+00  2.83103E-03  9.68465E-02  3.32660E-05  9.95299E-01  1.11022E-16
  6.200E+00  2.92452E-03  9.84331E-02  3.38964E-05  9.95144E-01  0.00000E+00
  6.300E+00  3.01952E-03  1.00020E-01  3.45179E-05  9.94985E-01  0.00000E+00
  6.400E+00  3.11604E-03  1.01606E-01  3.51158E-05  9.94825E-01  2.22045E-16
  6.500E+00  3.21407E-03  1.03192E-01  3.57022E-05  9.94661E-01  3.33067E-16
  6.600E+00  3.31362E-03  1.04778E-01  3.62821E-05  9.94496E-01  4.44089E-16
  6.700E+00  3.41468E-03  1.06364E-01  3.68318E-05  9.94327E-01 -2.22045E-16
  6.800E+00  3.51725E-03  1.07950E-01  3.73783E-05  9.94156E-01  1.11022E-16
  6.900E+00  3.62133E-03  1.09536E-01  3.79092E-05  9.93983E-01  0.00000E+00
  7.000E+00  3.72692E-03  1.11121E-01  3.83931E-05  9.93807E-01 -2.22045E-16
  7.100E+00  3.83403E-03  1.12707E-01  3.89076E-05  9.93628E-01  2.22045E-16
  7.200E+00  3.94265E-03  1.14292E-01  3.93514E-05  9.93447E-01  2.22045E-16
  7.300E+00  4.05278E-03  1.15877E-01  3.98183E-05  9.93264E-01  0.00000E+00
  7.400E+00  4.16442E-03  1.17462E-01  4.02482E-05  9.93077E-01  1.11022E-16
  7.500E+00  4.27757E-03  1.19047E-01  4.06508E-05  9.92889E-01 -2.22045E-16
  7.600E+00  4.39223E-03  1.20631E-01  4.10461E-05  9.92697E-01  0.00000E+00
  7.700E+00  4.50840E-03  1.22215E-01  4.14009E-05  9.92504E-01 -2.22045E-16
  7.800E+00  4.62608E-03  1.23800E-01  4.17441E-05  9.92307E-01  0.00000E+00
  7.900E+00  4.74527E-03  1.25384E-01  4.20649E-05  9.92108E-01  1.11022E-16
  8.000E+00  4.86597E-03  1.26967E-01  4.23570E-05  9.91907E-01  0.00000E+00
  8.100E+00  4.98817E-03  1.28551E-01  4.26262E-05  9.91703E-01  0.00000E+00
  8.200E+00  5.11188E-03  1.30134E-01  4.28663E-05  9.91496E-01  3.33067E-16
  8.300E+00  5.23711E-03  1.31718E-01  4.30791E-05  9.91287E-01 -2.22045E-16
  8.400E+00  5.36383E-03  1.33300E-01  4.32700E-05  9.91076E-01  0.00000E+00
  8.500E+00  5.49207E-03  1.34883E-01  4.34353E-05  9.90862E-01  2.22045E-16
  8.600E+00  5.62181E-03  1.36466E-01  4.35723E-05  9.90645E-01  0.00000E+00
  8.700E+00  5.75306E-03  1.38048E-01  4.36788E-05  9.90426E-01  1.11022E-16
  8.800E+00  5.88581E-03  1.39630E-01  4.37523E-05  9.90204E-01  0.00000E+00
  8.900E+00  6.02007E-03  1.41212E-01  4.37955E-05  9.89979E-01  1.11022E-16
  9.000E+00  6.15583E-03  1.42794E-01  4.38106E-05  9.89752E-01 -2.22045E-16
  9.100E+00  6.29310E-03  1.44375E-01  4.37959E-05  9.89523E-01 -2.22045E-16
  9.200E+00  6.43187E-03  1.45956E-01  4.37485E-05  9.89291E-01  0.00000E+00
  9.300E+00  6.57214E-03  1.47537E-01  4.36660E-05  9.89057E-01  1.11022E-16
  9.400E+00  6.71392E-03  1.49117E-01  4.35481E-05  9.88820E-01 -2.22045E-16
  9.500E+00  6.85720E-03  1.50698E-01  4.33980E-05  9.88580E-01  2.22045E-16
  9.600E+00  7.00198E-03  1.52278E-01  4.32178E-05  9.88338E-01  1.11022E-16
  9.700E+00  7.14827E-03  1.53858E-01  4.30057E-05  9.88093E-01 -2.22045E-16
  9.800E+00  7.29605E-03  1.55437E-01  4.27582E-05  9.87846E-01  0.00000E+00
  9.900E+00  7.44534E-03  1.57016E-01  4.24721E-05  9.87596E-01  2.22045E-16
  1.000E+01  7.59612E-03  1.58595E-01  4.21477E-05  9.87344E-01  0.00000E+00
  1.025E+01  7.97965E-03  1.62541E-01  4.11842E-05  9.86702E-01 -2.22045E-16
  1.050E+01  8.37255E-03  1.66485E-01  3.99860E-05  9.86044E-01  1.11022E-16
  1.075E+01  8.77480E-03  1.70428E-01  3.85424E-05  9.85370E-01  2.22045E-16
  1.100E+01  9.18641E-03  1.74368E-01  3.68661E-05  9.84681E-01 -2.22045E-16
  1.125E+01  9.60736E-03  1.78306E-01  3.49201E-05  9.83975E-01  3.33067E-16
  1.150E+01  1.00376E-02  1.82242E-01  3.27185E-05  9.83254E-01 -2.22045E-16
  1.175E+01  1.04773E-02  1.86175E-01  3.02348E-05  9.82517E-01  0.00000E+00
  1.200E+01  1.09262E-02  1.90107E-01  2.74752E-05  9.81763E-01  1.11022E-16
  1.225E+01  1.13844E-02  1.94036E-01  2.44355E-05  9.80995E-01  1.11022E-16
  1.250E+01  1.18520E-02  1.97962E-01  2.10840E-05  9.80210E-01 -4.44089E-16
  1.275E+01  1.23288E-02  2.01886E-01  1.74363E-05  9.79409E-01  1.11022E-16
  1.300E+01  1.28150E-02  2.05807E-01  1.34629E-05  9.78593E-01  0.00000E+00
  1.325E+01  1.33104E-02  2.09726E-01  9.18797E-06  9.77760E-01 -4.44089E-16
  1.350E+01  1.38150E-02  2.13642E-01  4.59364E-06  9.76912E-01 -2.22045E-16
  1.375E+01  1.43290E-02  2.17555E-01 -3.34621E-07  9.76048E-01 -2.22045E-16
  1.400E+01  1.48521E-02  2.21465E-01 -5.58572E-06  9.75168E-01 -2.22045E-16
  1.425E+01  1.53845E-02  2.25372E-01 -1.11836E-05  9.74273E-01  1.11022E-16
  1.450E+01  1.59262E-02  2.29276E-01 -1.70974E-05  9.73361E-01  2.22045E-16
  1.475E+01  1.64770E-02  2.33177E-01 -2.33600E-05  9.72434E-01  1.11022E-16
  1.500E+01  1.70371E-02  2.37075E-01 -2.99742E-05  9.71491E-01 -2.22045E-16
  1.525E+01  1.76063E-02  2.40969E-01 -3.69427E-05  9.70533E-01  0.00000E+00
  1.550E+01  1.81848E-02  2.44860E-01 -4.42849E-05  9.69558E-01 -2.22045E-16
  1.575E+01  1.87724E-02  2.48748E-01 -5.19753E-05  9.68568E-01  3.33067E-16
  1.600E+01  1.93692E-02  2.52632E-01 -6.00590E-05  9.67562E-01 -2.22045E-16
  1.625E+01  1.99751E-02  2.56513E-01 -6.85235E-05  9.66541E-01  1.11022E-16
  1.650E+01  2.05901E-02  2.60390E-01 -7.73813E-05  9.65503E-01  3.33067E-16
  1.675E+01  2.12143E-02  2.64263E-01 -8.66343E-05  9.64451E-01 -2.22045E-16
  1.700E+01  2.18476E-02  2.68133E-01 -9.62584E-05  9.63382E-01  2.22045E-16
  1.725E+01  2.24900E-02  2.71999E-01 -1.06304E-04  9.62298E-01  0.00000E+00
  1.750E+01  2.31415E-02  2.75861E-01 -1.16724E-04  9.61198E-01  1.11022E-16
  1.775E+01  2.38021E-02  2.79718E-01 -1.27564E-04  9.60082E-01  2.22045E-16
  1.800E+01  2.44717E-02  2.83572E-01 -1.38781E-04  9.58951E-01  0.00000E+00
  1.825E+01  2.51504E-02  2.87421E-01 -1.50392E-04  9.57804E-01  0.00000E+00
  1.850E+01  2.58382E-02  2.91267E-01 -1.62428E-04  9.56642E-01  2.22045E-16
  1.875E+01  2.65349E-02  2.95108E-01 -1.74867E-04  9.55464E-01  2.22045E-16
  1.900E+01  2.72407E-02  2.98945E-01 -1.87734E-04  9.54270E-01  1.11022E-16
  1.925E+01  2.79555E-02  3.02777E-01 -2.01012E-04  9.53061E-01 -2.22045E-16
  1.950E+01  2.86793E-02  3.06605E-01 -2.14728E-04  9.51837E-01  0.00000E+00
  1.975E+01  2.94120E-02  3.10428E-01 -2.28889E-04  9.50597E-01 -2.22045E-16
  2.000E+01  3.01537E-02  3.14247E-01 -2.43497E-04  9.49341E-01 -2.22045E-16
  2.025E+01  3.09043E-02  3.18061E-01 -2.58546E-04  9.48070E-01 -2.22045E-16
  2.050E+01  3.16639E-02  3.21870E-01 -2.74031E-04  9.46784E-01 -2.22045E-16
  2.075E+01  3.24324E-02  3.25674E-01 -2.89961E-04  9.45482E-01  0.00000E+00
  2.100E+01  3.32098E-02  3.29473E-01 -3.06338E-04  9.44165E-01 -2.22045E-16
  2.125E+01  3.39961E-02  3.33268E-01 -3.23152E-04  9.42832E-01  2.22045E-16
  2.150E+01  3.47912E-02  3.37057E-01 -3.40399E-04  9.41484E-01  4.44089E-16
  2.175E+01  3.55952E-02  3.40841E-01 -3.58076E-04  9.40121E-01 -2.22045E-16
  2.200E+01  3.64081E-02  3.44620E-01 -3.76200E-04  9.38742E-01  0.00000E+00
  2.225E+01  3.72297E-02  3.48394E-01 -3.94776E-04  9.37348E-01  0.00000E+00
  2.250E+01  3.80602E-02  3.52162E-01 -4.13807E-04  9.35939E-01 -2.22045E-16
  2.275E+01  3.88995E-02  3.55925E-01 -4.33298E-04  9.34515E-01  0.00000E+00
  2.300E+01  3.97476E-02  3.59682E-01 -4.53255E-04  9.33075E-01  0.00000E+00
  2.325E+01  4.06044E-02  3.63434E-01 -4.73696E-04  9.31620E-01  0.00000E+00
  2.350E+01  4.14700E-02  3.67180E-01 -4.94620E-04  9.30150E-01  0.00000E+00
  2.375E+01  4.23443E-02  3.70920E-01 -5.16022E-04  9.28665E-01 -2.22045E-16
  2.400E+01  4.32273E-02  3.74655E-01 -5.37899E-04  9.27164E-01  1.11022E-16
  2.425E+01  4.41190E-02  3.78384E-01 -5.60247E-04  9.25649E-01  2.22045E-16
  2.450E+01  4.50194E-02  3.82107E-01 -5.83070E-04  9.24118E-01  2.22045E-16
  2.475E+01  4.59284E-02  3.85824E-01 -6.06355E-04  9.22572E-01  1.11022E-16
  2.500E+01  4.68461E-02  3.89534E-01 -6.30098E-04  9.21012E-01 -2.22045E-16
  2.550E+01  4.87074E-02  3.96938E-01 -6.78960E-04  9.17845E-01 -2.22045E-16
  2.600E+01  5.06030E-02  4.04316E-01 -7.29707E-04  9.14619E-01  1.11022E-16
  2.650E+01  5.25328E-02  4.11669E-01 -7.82395E-04  9.11333E-01 -2.22045E-16
  2.700E+01  5.44967E-02  4.18996E-01 -8.37092E-04  9.07988E-01  0.00000E+00
  2.750E+01  5.64946E-02  4.26296E-01 -8.93802E-04  9.04583E-01  0.00000E+00
  2.800E+01  5.85262E-02  4.33568E-01 -9.52482E-04  9.01120E-01 -2.22045E-16
  2.850E+01  6.05914E-02  4.40813E-01 -1.01307E-03  8.97598E-01  2.22045E-16
  2.900E+01  6.26901E-02  4.48030E-01 -1.07555E-03  8.94018E-01  0.00000E+00
  2.950E+01  6.48222E-02  4.55218E-01 -1.13995E-03  8.90379E-01 -2.22045E-16
  3.000E+01  6.69873E-02  4.62377E-01 -1.20635E-03  8.86683E-01  0.00000E+00
  3.050E+01  6.91854E-02  4.69506E-01 -1.27483E-03  8.82928E-01  2.22045E-16
  3.100E+01  7.14163E-02  4.76604E-01 -1.34538E-03  8.79117E-01  2.22045E-16
  3.150E+01  7.36799E-02  4.83672E-01 -1.41795E-03  8.75248E-01  2.22045E-16
  3.200E+01  7.59760E-02  4.90708E-01 -1.49243E-03  8.71323E-01  0.00000E+00
  3.250E+01  7.83043E-02  4.97712E-01 -1.56885E-03  8.67341E-01 -4.44089E-16
  3.300E+01  8.06647E-02  5.04685E-01 -1.64720E-03  8.63302E-01  2.22045E-16
  3.350E+01  8.30571E-02  5.11624E-01 -1.72758E-03  8.59208E-01  0.00000E+00
  3.400E+01  8.54812E-02  5.18530E-01 -1.81011E-03  8.55058E-01  2.22045E-16
  3.450E+01  8.79369E-02  5.25401E-01 -1.89468E-03  8.50853E-01  0.00000E+00
  3.500E+01  9.04240E-02  5.32238E-01 -1.98139E-03  8.46592E-01  1.11022E-16
  3.550E+01  9.29422E-02  5.39040E-01 -2.06992E-03  8.42277E-01  0.00000E+00
  3.600E+01  9.54915E-02  5.45808E-01 -2.16051E-03  8.37908E-01  2.22045E-16
  3.650E+01  9.80716E-02  5.52539E-01 -2.25289E-03  8.33484E-01  0.00000E+00
  3.700E+01  1.00682E-01  5.59234E-01 -2.34744E-03  8.29006E-01  0.00000E+00
  3.750E+01  1.03323E-01  5.65892E-01 -2.44407E-03  8.24476E-01  0.00000E+00
  3.800E+01  1.05995E-01  5.72513E-01 -2.54286E-03  8.19892E-01  0.00000E+00
  3.850E+01  1.08696E-01  5.79096E-01 -2.64368E-03  8.15255E-01  3.33067E-16
  3.900E+01  1.11427E-01  5.85640E-01 -2.74642E-03  8.10566E-01  1.11022E-16
  3.950E+01  1.14188E-01  5.92147E-01 -2.85112E-03  8.05825E-01  0.00000E+00
  4.000E+01  1.16978E-01  5.98614E-01 -2.95775E-03  8.01032E-01  0.00000E+00
  4.050E+01  1.19797E-01  6.05042E-01 -3.06650E-03  7.96188E-01  1.11022E-16
  4.100E+01  1.22645E-01  6.11429E-01 -3.17735E-03  7.91293E-01  0.00000E+00
  4.150E+01  1.25522E-01  6.17776E-01 -3.29033E-03  7.86348E-01  0.00000E+00
  4.200E+01  1.28428E-01  6.24081E-01 -3.40536E-03  7.81352E-01 -2.22045E-16
  4.250E+01  1.31361E-01  6.30346E-01 -3.52231E-03  7.76306E-01  0.00000E+00
  4.300E+01  1.34323E-01  6.36569E-01 -3.64123E-03  7.71211E-01  2.22045E-16
  4.350E+01  1.37313E-01  6.42750E-01 -3.76210E-03  7.66067E-01  2.22045E-16
  4.400E+01  1.40330E-01  6.48888E-01 -3.88507E-03  7.60874E-01  2.22045E-16
  4.450E+01  1.43375E-01  6.54983E-01 -4.01017E-03  7.55633E-01  2.22045E-16
  4.500E+01  1.46447E-01  6.61034E-01 -4.13737E-03  7.50344E-01  2.22045E-16
  4.550E+01  1.49545E-01  6.67042E-01 -4.26663E-03  7.45008E-01  0.00000E+00
  4.600E+01  1.52671E-01  6.73005E-01 -4.39783E-03  7.39625E-01  0.00000E+00
  4.650E+01  1.55823E-01  6.78924E-01 -4.53100E-03  7.34195E-01  0.00000E+00
  4.700E+01  1.59001E-01  6.84798E-01 -4.66615E-03  7.28718E-01  2.22045E-16
  4.750E+01  1.62205E-01  6.90626E-01 -4.80338E-03  7.23196E-01 -4.44089E-16
  4.800E+01  1.65435E-01  6.96408E-01 -4.94274E-03  7.17629E-01  0.00000E+00
  4.850E+01  1.68690E-01  7.02144E-01 -5.08421E-03  7.12017E-01 -2.22045E-16
  4.900E+01  1.71970E-01  7.07833E-01 -5.22774E-03  7.06361E-01  1.11022E-16
  4.950E+01  1.75276E-01  7.13475E-01 -5.37323E-03  7.00660E-01  2.22045E-16
  5.000E+01  1.78606E-01  7.19070E-01 -5.52071E-03  6.94915E-01 -4.44089E-16
  5.050E+01  1.81961E-01  7.24618E-01 -5.67019E-03  6.89128E-01 -2.22045E-16
  5.100E+01  1.85340E-01  7.30117E-01 -5.82175E-03  6.83297E-01  2.22045E-16
  5.150E+01  1.88743E-01  7.35568E-01 -5.97544E-03  6.77425E-01  0.00000E+00
  5.200E+01  1.92169E-01  7.40969E-01 -6.13124E-03  6.71511E-01  0.00000E+00
  5.250E+01  1.95619E-01  7.46322E-01 -6.28912E-03  6.65556E-01  1.11022E-16
  5.300E+01  1.99092E-01  7.51625E-01 -6.44900E-03  6.59559E-01  1.11022E-16
  5.350E+01  2.02589E-01  7.56878E-01 -6.61089E-03  6.53522E-01  2.22045E-16
  5.400E+01  2.06107E-01  7.62082E-01 -6.77481E-03  6.47445E-01  0.00000E+00
  5.450E+01  2.09649E-01  7.67235E-01 -6.94080E-03  6.41329E-01  0.00000E+00
  5.500E+01  2.13212E-01  7.72337E-01 -7.10892E-03  6.35174E-01  0.00000E+00
  5.550E+01  2.16797E-01  7.77387E-01 -7.27918E-03  6.28980E-01  0.00000E+00
  5.600E+01  2.20404E-01  7.82386E-01 -7.45153E-03  6.22749E-01  0.00000E+00
  5.650E+01  2.24032E-01  7.87334E-01 -7.62594E-03  6.16480E-01  0.00000E+00
  5.700E+01  2.27680E-01  7.92229E-01 -7.80238E-03  6.10174E-01 -2.22045E-16
  5.750E+01  2.31350E-01  7.97073E-01 -7.98088E-03  6.03831E-01 -2.22045E-16
  5.800E+01  2.35040E-01  8.01863E-01 -8.16150E-03  5.97452E-01  2.22045E-16
  5.850E+01  2.38751E-01  8.06601E-01 -8.34426E-03  5.91037E-01  0.00000E+00
  5.900E+01  2.42481E-01  8.11285E-01 -8.52918E-03  5.84589E-01 -2.22045E-16
  5.950E+01  2.46231E-01  8.15916E-01 -8.71623E-03  5.78105E-01  2.22045E-16
  6.000E+01  2.50000E-01  8.20492E-01 -8.90537E-03  5.71588E-01  0.00000E+00
  6.050E+01  2.53788E-01  8.25016E-01 -9.09659E-03  5.65037E-01  0.00000E+00
  6.100E+01  2.57595E-01  8.29485E-01 -9.28993E-03  5.58452E-01  0.00000E+00
  6.150E+01  2.61421E-01  8.33899E-01 -9.48541E-03  5.51835E-01  2.22045E-16
  6.200E+01  2.65264E-01  8.38259E-01 -9.68309E-03  5.45187E-01  2.22045E-16
  6.250E+01  2.69126E-01  8.42563E-01 -9.88295E-03  5.38507E-01  2.22045E-16
  6.300E+01  2.73005E-01  8.46812E-01 -1.00850E-02  5.31797E-01 -2.22045E-16
  6.350E+01  2.76901E-01  8.51005E-01 -1.02891E-02  5.25057E-01  0.00000E+00
  6.400E+01  2.80814E-01  8.55143E-01 -1.04955E-02  5.18286E-01  1.11022E-16
  6.450E+01  2.84744E-01  8.59225E-01 -1.07040E-02  5.11485E-01 -4.44089E-16
  6.500E+01  2.88691E-01  8.63252E-01 -1.09147E-02  5.04656E-01 -2.22045E-16
  6.550E+01  2.92653E-01  8.67221E-01 -1.11276E-02  4.97799E-01  1.11022E-16
  6.600E+01  2.96632E-01  8.71134E-01 -1.13428E-02  4.90915E-01  0.00000E+00
  6.650E+01  3.00625E-01  8.74989E-01 -1.15602E-02  4.84004E-01  3.33067E-16
  6.700E+01  3.04634E-01  8.78788E-01 -1.17798E-02  4.77067E-01 -2.22045E-16
  6.750E+01  3.08658E-01  8.82530E-01 -1.20016E-02  4.70103E-01  0.00000E+00
  6.800E+01  3.12697E-01  8.86215E-01 -1.22257E-02  4.63113E-01  1.11022E-16
  6.850E+01  3.16749E-01  8.89843E-01 -1.24522E-02  4.56098E-01 -4.44089E-16
  6.900E+01  3.20816E-01  8.93412E-01 -1.26810E-02  4.49059E-01  0.00000E+00
  6.950E+01  3.24896E-01  8.96923E-01 -1.29120E-02  4.41997E-01 -4.44089E-16
  7.000E+01  3.28990E-01  9.00376E-01 -1.31452E-02  4.34914E-01  0.00000E+00
  7.050E+01  3.33097E-01  9.03771E-01 -1.33806E-02  4.27808E-01 -2.22045E-16
  7.100E+01  3.37216E-01  9.07108E-01 -1.36182E-02  4.20678E-01 -2.22045E-16
  7.150E+01  3.41348E-01  9.10388E-01 -1.38589E-02  4.13524E-01  0.00000E+00
  7.200E+01  3.45492E-01  9.13609E-01 -1.41025E-02  4.06349E-01  2.22045E-16
  7.250E+01  3.49647E-01  9.16770E-01 -1.43467E-02  3.99158E-01  0.00000E+00
  7.300E+01  3.53814E-01  9.19871E-01 -1.45935E-02  3.91950E-01  0.00000E+00
  7.350E+01  3.57992E-01  9.22914E-01 -1.48435E-02  3.84719E-01  0.00000E+00
  7.400E+01  3.62181E-01  9.25899E-01 -1.50961E-02  3.77469E-01  0.00000E+00
  7.450E+01  3.66381E-01  9.28825E-01 -1.53509E-02  3.70200E-01  1.11022E-16
  7.500E+01  3.70590E-01  9.31692E-01 -1.56081E-02  3.62914E-01  1.11022E-16
  7.550E+01  3.74810E-01  9.34499E-01 -1.58676E-02  3.55612E-01  0.00000E+00
  7.600E+01  3.79039E-01  9.37246E-01 -1.61295E-02  3.48296E-01 -2.22045E-16
  7.650E+01  3.83277E-01  9.39934E-01 -1.63941E-02  3.40964E-01  0.00000E+00
  7.700E+01  3.87524E-01  9.42562E-01 -1.66613E-02  3.33616E-01 -4.44089E-16
  7.750E+01  3.91780E-01  9.45131E-01 -1.69311E-02  3.26253E-01  2.22045E-16
  7.800E+01  3.96044E-01  9.47640E-01 -1.72034E-02  3.18875E-01 -2.22045E-16
  7.850E+01  4.00316E-01  9.50090E-01 -1.74783E-02  3.11485E-01 -4.44089E-16
  7.900E+01  4.04596E-01  9.52480E-01 -1.77558E-02  3.04083E-01  1.11022E-16
  7.950E+01  4.08882E-01  9.54810E-01 -1.80358E-02  2.96670E-01  1.11022E-16
  8.000E+01  4.13176E-01  9.57080E-01 -1.83185E-02  2.89245E-01  0.00000E+00
  8.050E+01  4.17476E-01  9.59290E-01 -1.86040E-02  2.81810E-01  0.00000E+00
  8.100E+01  4.21783E-01  9.61440E-01 -1.88921E-02  2.74364E-01  4.44089E-16
  8.150E+01  4.26095E-01  9.63531E-01 -1.91831E-02  2.66907E-01  4.44089E-16
  8.200E+01  4.30413E-01  9.65562E-01 -1.94768E-02  2.59443E-01  3.33067E-16
  8.250E+01  4.34737E-01  9.67533E-01 -1.97732E-02  2.51970E-01 -2.22045E-16
  8.300E+01  4.39065E-01  9.69444E-01 -2.00724E-02  2.44490E-01  2.22045E-16
  8.350E+01  4.43398E-01  9.71295E-01 -2.03744E-02  2.37003E-01  2.22045E-16
  8.400E+01  4.47736E-01  9.73087E-01 -2.06792E-02  2.29510E-01  0.00000E+00
  8.450E+01  4.52077E-01  9.74818E-01 -2.09871E-02  2.22010E-01  1.11022E-16
  8.500E+01  4.56422E-01  9.76491E-01 -2.12978E-02  2.14505E-01 -2.22045E-16
  8.550E+01  4.60770E-01  9.78103E-01 -2.16116E-02  2.06996E-01  1.11022E-16
  8.600E+01  4.65122E-01  9.79656E-01 -2.19282E-02  1.99482E-01  0.00000E+00
  8.650E+01  4.69476E-01  9.81149E-01 -2.22479E-02  1.91966E-01 -2.22045E-16
  8.700E+01  4.73832E-01  9.82583E-01 -2.25705E-02  1.84448E-01  0.00000E+00
  8.750E+01  4.78190E-01  9.83957E-01 -2.28962E-02  1.76928E-01  3.33067E-16
  8.800E+01  4.82550E-01  9.85273E-01 -2.32251E-02  1.69406E-01  2.22045E-16
  8.850E+01  4.86912E-01  9.86529E-01 -2.35572E-02  1.61883E-01  0.00000E+00
  8.900E+01  4.91274E-01  9.87726E-01 -2.38925E-02  1.54359E-01  5.55112E-16
  8.950E+01  4.95637E-01  9.88864E-01 -2.42310E-02  1.46837E-01  0.00000E+00
  9.000E+01  5.00000E-01  9.89943E-01 -2.45727E-02  1.39315E-01 -2.22045E-16
  9.050E+01  5.04363E-01  9.90964E-01 -2.49176E-02  1.31797E-01 -2.22045E-16
  9.100E+01  5.08726E-01  9.91925E-01 -2.52658E-02  1.24280E-01  0.00000E+00
  9.150E+01  5.13088E-01  9.92829E-01 -2.56175E-02  1.16767E-01  1.11022E-16
  9.200E+01  5.17450E-01  9.93674E-01 -2.59726E-02  1.09257E-01  6.66134E-16
  9.250E+01  5.21810E-01  9.94461E-01 -2.63313E-02  1.01751E-01  1.11022E-16
  9.300E+01  5.26168E-01  9.95191E-01 -2.66934E-02  9.42507E-02 -2.22045E-16
  9.350E+01  5.30524E-01  9.95862E-01 -2.70591E-02  8.67561E-02  1.11022E-16
  9.400E+01  5.34878E-01  9.96476E-01 -2.74282E-02  7.92684E-02  1.11022E-16
  9.450E+01  5.39230E-01  9.97032E-01 -2.78010E-02  7.17879E-02 -2.22045E-16
  9.500E+01  5.43578E-01  9.97532E-01 -2.81775E-02  6.43149E-02  0.00000E+00
  9.550E+01  5.47923E-01  9.97974E-01 -2.85578E-02  5.68500E-02 -2.22045E-16
  9.600E+01  5.52264E-01  9.98360E-01 -2.89419E-02  4.93938E-02 -6.66134E-16
  9.650E+01  5.56602E-01  9.98689E-01 -2.93299E-02  4.19473E-02  1.11022E-16
  9.700E+01  5.60935E-01  9.98962E-01 -2.97218E-02  3.45113E-02  0.00000E+00
  9.750E+01  5.65263E-01  9.99179E-01 -3.01175E-02  2.70869E-02  0.00000E+00
  9.800E+01  5.69587E-01  9.99341E-01 -3.05172E-02  1.96744E-02  0.00000E+00
  9.850E+01  5.73905E-01  9.99446E-01 -3.09210E-02  1.22742E-02  4.44089E-16
  9.900E+01  5.78217E-01  9.99497E-01 -3.13289E-02  4.88668E-03  0.00000E+00
  9.950E+01  5.82524E-01  9.99493E-01 -3.17412E-02 -2.48746E-03  1.11022E-16
  1.000E+02  5.86824E-01  9.99434E-01 -3.21577E-02 -9.84734E-03  4.44089E-16
  1.005E+02  5.91118E-01  9.99321E-01 -3.25785E-02 -1.71919E-02 -4.44089E-16
  1.010E+02  5.95404E-01  9.99154E-01 -3.30035E-02 -2.45204E-02  1.11022E-16
  1.015E+02  5.99684E-01  9.98934E-01 -3.34330E-02 -3.18321E-02 -2.22045E-16
  1.020E+02  6.03956E-01  9.98660E-01 -3.38670E-02 -3.91266E-02  1.11022E-16
  1.025E+02  6.08220E-01  9.98334E-01 -3.43056E-02 -4.64036E-02  0.00000E+00
  1.030E+02  6.12476E-01  9.97954E-01 -3.47489E-02 -5.36625E-02  2.22045E-16
  1.035E+02  6.16723E-01  9.97523E-01 -3.51971E-02 -6.09025E-02  2.22045E-16
  1.040E+02  6.20961E-01  9.97040E-01 -3.56500E-02 -6.81224E-02  4.44089E-16
  1.045E+02  6.25190E-01  9.96505E-01 -3.61078E-02 -7.53214E-02  0.00000E+00
  1.050E+02  6.29410E-01  9.95920E-01 -3.65704E-02 -8.24987E-02  0.00000E+00
  1.055E+02  6.33619E-01  9.95284E-01 -3.70381E-02 -8.96540E-02 -4.44089E-16
  1.060E+02  6.37819E-01  9.94598E-01 -3.75110E-02 -9.67867E-02  3.33067E-16
  1.065E+02  6.42008E-01  9.93862E-01 -3.79892E-02 -1.03896E-01  0.00000E+00
  1.070E+02  6.46186E-01  9.93077E-01 -3.84728E-02 -1.10982E-01  0.00000E+00
  1.075E+02  6.50353E-01  9.92244E-01 -3.89618E-02 -1.18044E-01 -6.66134E-16
  1.080E+02  6.54508E-01  9.91362E-01 -3.94563E-02 -1.25079E-01  2.22045E-16
  1.085E+02  6.58652E-01  9.90432E-01 -3.99562E-02 -1.32087E-01  1.11022E-16
  1.090E+02  6.62784E-01  9.89456E-01 -4.04618E-02 -1.39069E-01  2.22045E-16
  1.095E+02  6.66903E-01  9.88432E-01 -4.09732E-02 -1.46022E-01  3.33067E-16
  1.100E+02  6.71010E-01  9.87363E-01 -4.14907E-02 -1.52948E-01  2.22045E-16
  1.105E+02  6.75104E-01  9.86248E-01 -4.20143E-02 -1.59845E-01 -2.22045E-16
  1.110E+02  6.79184E-01  9.85087E-01 -4.25440E-02 -1.66712E-01 -2.22045E-16
  1.115E+02  6.83251E-01  9.83883E-01 -4.30800E-02 -1.73548E-01  1.11022E-16
  1.120E+02  6.87303E-01  9.82634E-01 -4.36222E-02 -1.80352E-01  1.11022E-16
  1.125E+02  6.91342E-01  9.81343E-01 -4.41708E-02 -1.87123E-01  1.11022E-16
  1.130E+02  6.95366E-01  9.80009E-01 -4.47260E-02 -1.93862E-01  0.00000E+00
  1.135E+02  6.99375E-01  9.78633E-01 -4.52881E-02 -2.00567E-01  3.33067E-16
  1.140E+02  7.03368E-01  9.77215E-01 -4.58573E-02 -2.07238E-01 -2.22045E-16
  1.145E+02  7.07347E-01  9.75757E-01 -4.64335E-02 -2.13874E-01  2.22045E-16
  1.150E+02  7.11309E-01  9.74259E-01 -4.70168E-02 -2.20474E-01 -2.22045E-16
  1.155E+02  7.15256E-01  9.72722E-01 -4.76073E-02 -2.27036E-01  1.11022E-16
  1.160E+02  7.19186E-01  9.71147E-01 -4.82051E-02 -2.33561E-01 -4.44089E-16
  1.165E+02  7.23099E-01  9.69534E-01 -4.88105E-02 -2.40046E-01  4.44089E-16
  1.170E+02  7.26995E-01  9.67884E-01 -4.94238E-02 -2.46493E-01  3.33067E-16
  1.175E+02  7.30874E-01  9.66197E-01 -5.00452E-02 -2.52900E-01 -2.22045E-16
  1.180E+02  7.34736E-01  9.64476E-01 -5.06749E-02 -2.59266E-01  0.00000E+00
  1.185E+02  7.38579E-01  9.62719E-01 -5.13127E-02 -2.65590E-01 -2.22045E-16
  1.190E+02  7.42405E-01  9.60930E-01 -5.19588E-02 -2.71871E-01  0.00000E+00
  1.195E+02  7.46212E-01  9.59108E-01 -5.26135E-02 -2.78108E-01  0.00000E+00
  1.200E+02  7.50000E-01  9.57254E-01 -5.32769E-02 -2.84300E-01  0.00000E+00
  1.205E+02  7.53769E-01  9.55369E-01 -5.39494E-02 -2.90447E-01  2.22045E-16
  1.210E+02  7.57519E-01  9.53454E-01 -5.46314E-02 -2.96549E-01  2.22045E-16
  1.215E+02  7.61249E-01  9.51510E-01 -5.53230E-02 -3.02603E-01  1.11022E-16
  1.220E+02  7.64960E-01  9.49537E-01 -5.60242E-02 -3.08610E-01  2.22045E-16
  1.225E+02  7.68650E-01  9.47538E-01 -5.67350E-02 -3.14566E-01  1.11022E-16
  1.230E+02  7.72320E-01  9.45514E-01 -5.74559E-02 -3.20472E-01  3.33067E-16
  1.235E+02  7.75968E-01  9.43464E-01 -5.81869E-02 -3.26327E-01 -2.22045E-16
  1.240E+02  7.79596E-01  9.41391E-01 -5.89286E-02 -3.32130E-01 -2.22045E-16
  1.245E+02  7.83203E-01  9.39295E-01 -5.96815E-02 -3.37880E-01  0.00000E+00
  1.250E+02  7.86788E-01  9.37177E-01 -6.04455E-02 -3.43577E-01  2.22045E-16
  1.255E+02  7.90351E-01  9.35039E-01 -6.12210E-02 -3.49218E-01  0.00000E+00
  1.260E+02  7.93893E-01  9.32883E-01 -6.20080E-02 -3.54802E-01  2.22045E-16
  1.265E+02  7.97411E-01  9.30709E-01 -6.28066E-02 -3.60329E-01 -4.44089E-16
  1.270E+02  8.00908E-01  9.28518E-01 -6.36173E-02 -3.65796E-01 -2.22045E-16
  1.275E+02  8.04381E-01  9.26313E-01 -6.44407E-02 -3.71204E-01  2.22045E-16
  1.280E+02  8.07831E-01  9.24093E-01 -6.52771E-02 -3.76551E-01  3.33067E-16
  1.285E+02  8.11257E-01  9.21861E-01 -6.61270E-02 -3.81837E-01 -4.44089E-16
  1.290E+02  8.14660E-01  9.19618E-01 -6.69905E-02 -3.87060E-01  0.00000E+00
  1.295E+02  8.18039E-01  9.17366E-01 -6.78676E-02 -3.92217E-01 -2.22045E-16
  1.300E+02  8.21394E-01  9.15106E-01 -6.87588E-02 -3.97308E-01 -2.22045E-16
  1.305E+02  8.24724E-01  9.12840E-01 -6.96643E-02 -4.02330E-01  2.22045E-16
  1.310E+02  8.28030E-01  9.10570E-01 -7.05849E-02 -4.07284E-01  2.22045E-16
  1.315E+02  8.31310E-01  9.08296E-01 -7.15212E-02 -4.12168E-01  0.00000E+00
  1.320E+02  8.34565E-01  9.06021E-01 -7.24736E-02 -4.16981E-01  0.00000E+00
  1.325E+02  8.37795E-01  9.03747E-01 -7.34424E-02 -4.21721E-01  1.11022E-16
  1.330E+02  8.40999E-01  9.01474E-01 -7.44277E-02 -4.26385E-01  0.00000E+00
  1.335E+02  8.44177E-01  8.99207E-01 -7.54300E-02 -4.30972E-01 -4.44089E-16
  1.340E+02  8.47329E-01  8.96946E-01 -7.64496E-02 -4.35480E-01  0.00000E+00
  1.345E+02  8.50455E-01  8.94694E-01 -7.74873E-02 -4.39907E-01  0.00000E+00
  1.350E+02  8.53553E-01  8.92451E-01 -7.85440E-02 -4.44254E-01  1.11022E-16
  1.355E+02  8.56625E-01  8.90221E-01 -7.96203E-02 -4.48517E-01  2.22045E-16
  1.360E+02  8.59670E-01  8.88005E-01 -8.07165E-02 -4.52694E-01  0.00000E+00
  1.365E+02  8.62687E-01  8.85806E-01 -8.18331E-02 -4.56784E-01  0.00000E+00
  1.370E+02  8.65677E-01  8.83627E-01 -8.29703E-02 -4.60782E-01  2.22045E-16
  1.375E+02  8.68639E-01  8.81469E-01 -8.41287E-02 -4.64687E-01  3.33067E-16
  1.380E+02  8.71572E-01  8.79337E-01 -8.53092E-02 -4.68497E-01  2.22045E-16
  1.385E+02  8.74478E-01  8.77231E-01 -8.65127E-02 -4.72209E-01  4.44089E-16
  1.390E+02  8.77355E-01  8.75154E-01 -8.77404E-02 -4.75823E-01 -2.22045E-16
  1.395E+02  8.80203E-01  8.73108E-01 -8.89928E-02 -4.79336E-01  0.00000E+00
  1.400E+02  8.83022E-01  8.71097E-01 -9.02704E-02 -4.82743E-01  0.00000E+00
  1.405E+02  8.85812E-01  8.69126E-01 -9.15735E-02 -4.86040E-01  0.00000E+00
  1.410E+02  8.88573E-01  8.67196E-01 -9.29027E-02 -4.89225E-01  0.00000E+00
  1.415E+02  8.91304E-01  8.65311E-01 -9.42590E-02 -4.92294E-01 -2.22045E-16
  1.420E+02  8.94005E-01  8.63473E-01 -9.56438E-02 -4.95244E-01  1.11022E-16
  1.425E+02  8.96677E-01  8.61685E-01 -9.70586E-02 -4.98075E-01  0.00000E+00
  1.430E+02  8.99318E-01  8.59950E-01 -9.85047E-02 -5.00782E-01 -2.22045E-16
  1.435E+02  9.01928E-01  8.58273E-01 -9.99832E-02 -5.03359E-01  2.22045E-16
  1.440E+02  9.04508E-01  8.56660E-01 -1.01493E-01 -5.05800E-01  1.11022E-16
  1.445E+02  9.07058E-01  8.55114E-01 -1.03032E-01 -5.08098E-01  2.22045E-16
  1.450E+02  9.09576E-01  8.53638E-01 -1.04608E-01 -5.10253E-01  0.00000E+00
  1.455E+02  9.12063E-01  8.52235E-01 -1.06221E-01 -5.12263E-01  2.22045E-16
  1.460E+02  9.14519E-01  8.50908E-01 -1.07871E-01 -5.14120E-01 -2.22045E-16
  1.465E+02  9.16943E-01  8.49664E-01 -1.09560E-01 -5.15818E-01 -2.22045E-16
  1.470E+02  9.19335E-01  8.48508E-01 -1.11287E-01 -5.17349E-01 -2.22045E-16
  1.475E+02  9.21696E-01  8.47445E-01 -1.13055E-01 -5.18705E-01  0.00000E+00
  1.480E+02  9.24024E-01  8.46481E-01 -1.14864E-01 -5.19881E-01 -2.22045E-16
  1.485E+02  9.26320E-01  8.45619E-01 -1.16717E-01 -5.20871E-01  3.33067E-16
  1.490E+02  9.28584E-01  8.44863E-01 -1.18616E-01 -5.21667E-01  0.00000E+00
  1.495E+02  9.30815E-01  8.44220E-01 -1.20562E-01 -5.22261E-01  0.00000E+00
  1.500E+02  9.33013E-01  8.43696E-01 -1.22558E-01 -5.22644E-01  0.00000E+00
  1.505E+02  9.35178E-01  8.43297E-01 -1.24603E-01 -5.22805E-01 -4.44089E-16
  1.510E+02  9.37310E-01  8.43029E-01 -1.26699E-01 -5.22732E-01  3.33067E-16
  1.515E+02  9.39409E-01  8.42900E-01 -1.28848E-01 -5.22415E-01  0.00000E+00
  1.520E+02  9.41474E-01  8.42915E-01 -1.31053E-01 -5.21842E-01  0.00000E+00
  1.525E+02  9.43505E-01  8.43080E-01 -1.33316E-01 -5.21002E-01  4.44089E-16
  1.530E+02  9.45503E-01  8.43401E-01 -1.35639E-01 -5.19882E-01  0.00000E+00
  1.535E+02  9.47467E-01  8.43885E-01 -1.38024E-01 -5.18466E-01 -2.22045E-16
  1.540E+02  9.49397E-01  8.44541E-01 -1.40472E-01 -5.16737E-01  0.00000E+00
  1.545E+02  9.51293E-01  8.45377E-01 -1.42986E-01 -5.14677E-01  0.00000E+00
  1.550E+02  9.53154E-01  8.46400E-01 -1.45567E-01 -5.12266E-01 -2.22045E-16
  1.555E+02  9.54981E-01  8.47618E-01 -1.48218E-01 -5.09485E-01  2.22045E-16
  1.560E+02  9.56773E-01  8.49036E-01 -1.50941E-01 -5.06314E-01  0.00000E+00
  1.565E+02  9.58530E-01  8.50663E-01 -1.53740E-01 -5.02730E-01  0.00000E+00
  1.570E+02  9.60252E-01  8.52504E-01 -1.56616E-01 -4.98706E-01  2.22045E-16
  1.575E+02  9.61940E-01  8.54570E-01 -1.59572E-01 -4.94214E-01  1.11022E-16
  1.580E+02  9.63592E-01  8.56867E-01 -1.62608E-01 -4.89222E-01  0.00000E+00
  1.585E+02  9.65209E-01  8.59404E-01 -1.65726E-01 -4.83695E-01  2.22045E-16
  1.590E+02  9.66790E-01  8.62186E-01 -1.68928E-01 -4.77598E-01  0.00000E+00
  1.595E+02  9.68336E-01  8.65217E-01 -1.72216E-01 -4.70893E-01  5.55112E-16
  1.600E+02  9.69846E-01  8.68503E-01 -1.75594E-01 -4.63540E-01 -4.44089E-16
  1.605E+02  9.71321E-01  8.72047E-01 -1.79062E-01 -4.55491E-01  1.11022E-16
  1.610E+02  9.72759E-01  8.75851E-01 -1.82620E-01 -4.46694E-01  1.11022E-16
  1.615E+02  9.74162E-01  8.79919E-01 -1.86266E-01 -4.37091E-01  0.00000E+00
  1.620E+02  9.75528E-01  8.84249E-01 -1.90001E-01 -4.26619E-01 -2.22045E-16
  1.625E+02  9.76858E-01  8.88837E-01 -1.93822E-01 -4.15213E-01  0.00000E+00
  1.630E+02  9.78152E-01  8.93675E-01 -1.97728E-01 -4.02802E-01 -6.66134E-16
  1.635E+02  9.79410E-01  8.98749E-01 -2.01716E-01 -3.89307E-01  2.22045E-16
  1.640E+02  9.80631E-01  9.04044E-01 -2.05782E-01 -3.74643E-01  1.11022E-16
  1.645E+02  9.81815E-01  9.09538E-01 -2.09918E-01 -3.58714E-01  1.11022E-16
  1.650E+02  9.82963E-01  9.15202E-01 -2.14112E-01 -3.41412E-01  0.00000E+00
  1.655E+02  9.84074E-01  9.20998E-01 -2.18351E-01 -3.22624E-01  2.22045E-16
  1.660E+02  9.85148E-01  9.26876E-01 -2.22620E-01 -3.02227E-01  2.22045E-16
  1.665E+02  9.86185E-01  9.32773E-01 -2.26899E-01 -2.80092E-01  0.00000E+00
  1.670E+02  9.87185E-01  9.38609E-01 -2.31165E-01 -2.56078E-01 -2.22045E-16
  1.675E+02  9.88148E-01  9.44286E-01 -2.35390E-01 -2.30035E-01 -2.22045E-16
  1.680E+02  9.89074E-01  9.49685E-01 -2.39533E-01 -2.01799E-01  1.11022E-16
  1.685E+02  9.89962E-01  9.54661E-01 -2.43547E-01 -1.71194E-01 -4.44089E-16
  1.690E+02  9.90814E-01  9.59037E-01 -2.47373E-01 -1.38039E-01 -2.22045E-16
  1.695E+02  9.91627E-01  9.62597E-01 -2.50944E-01 -1.02151E-01  0.00000E+00
  1.700E+02  9.92404E-01  9.65080E-01 -2.54179E-01 -6.33488E-02  0.00000E+00
  1.705E+02  9.93143E-01  9.66178E-01 -2.56983E-01 -2.14585E-02 -2.22045E-16
  1.710E+02  9.93844E-01  9.65522E-01 -2.59242E-01  2.36819E-02  0.00000E+00
  1.715E+02  9.94508E-01  9.62683E-01 -2.60820E-01  7.22132E-02  0.00000E+00
  1.720E+02  9.95134E-01  9.57159E-01 -2.61555E-01  1.24241E-01 -4.44089E-16
  1.725E+02  9.95722E-01  9.48372E-01 -2.61263E-01  1.79811E-01 -2.22045E-16
  1.730E+02  9.96273E-01  9.35665E-01 -2.59736E-01  2.38889E-01  3.33067E-16
  1.735E+02  9.96786E-01  9.18306E-01 -2.56744E-01  3.01325E-01  0.00000E+00
  1.740E+02  9.97261E-01  8.95496E-01 -2.52041E-01  3.66828E-01  0.00000E+00
  1.745E+02  9.97698E-01  8.66390E-01 -2.45362E-01  4.34933E-01  0.00000E+00
  1.750E+02  9.98097E-01  8.30127E-01 -2.36435E-01  5.04964E-01  1.11022E-16
  1.755E+02  9.98459E-01  7.85873E-01 -2.24994E-01  5.76005E-01  2.22045E-16
  1.760E+02  9.98782E-01  7.32885E-01 -2.10802E-01  6.46871E-01  2.22045E-16
  1.765E+02  9.99067E-01  6.70592E-01 -1.93677E-01  7.16098E-01  0.00000E+00
  1.770E+02  9.99315E-01  5.98683E-01 -1.73524E-01  7.81964E-01  0.00000E+00
  1.775E+02  9.99524E-01  5.17205E-01 -1.50360E-01  8.42550E-01  0.00000E+00
  1.780E+02  9.99695E-01  4.26638E-01 -1.24340E-01  8.95835E-01 -2.22045E-16
  1.785E+02  9.99829E-01  3.27951E-01 -9.57669E-02  9.39828E-01  3.33067E-16
  1.790E+02  9.99924E-01  2.22610E-01 -6.50992E-02  9.72732E-01  1.11022E-16
  1.795E+02  9.99981E-01  1.12536E-01 -3.29385E-02  9.93102E-01  1.11022E-16
  1.800E+02  1.00000E+00  1.58512E-15 -4.64098E-16  1.00000E+00  0.00000E+00
