 #  Scattering amplitudes (in cm)      MU=(1-cos(TH))/2
 #  Z =  47,   projectile: electron
 #  Kinetic energy = 5.95000E+06 eV
 #
 # TH (deg)      MU          Re(F)        Im(F)        Re(G)        Im(G)        ERRF         ERRG 
 #-----------------------------------------------------------------------------------------------------------------
  0.000E+00  0.00000E+00  1.07263E-06  1.12319E-07  0.00000E+00  0.00000E+00  2.27018E-09  0.00000E+00
  1.000E-04  7.61557E-13  1.07262E-06  1.12319E-07  8.62014E-13  9.02677E-14  2.26932E-09  4.26179E-07
  1.250E-04  1.18994E-12  1.07262E-06  1.12319E-07  1.07752E-12  1.12835E-13  2.26883E-09  4.26134E-07
  1.500E-04  1.71346E-12  1.07262E-06  1.12319E-07  1.29301E-12  1.35402E-13  2.26824E-09  4.26079E-07
  1.750E-04  2.33225E-12  1.07261E-06  1.12319E-07  1.50851E-12  1.57968E-13  2.26753E-09  4.26014E-07
  2.000E-04  3.04617E-12  1.07261E-06  1.12318E-07  1.72401E-12  1.80535E-13  2.26672E-09  4.25939E-07
  2.250E-04  3.85530E-12  1.07260E-06  1.12318E-07  1.93950E-12  2.03102E-13  2.26581E-09  4.25854E-07
  2.500E-04  4.75964E-12  1.07260E-06  1.12318E-07  2.15498E-12  2.25669E-13  2.26478E-09  4.25759E-07
  2.750E-04  5.75917E-12  1.07259E-06  1.12318E-07  2.37047E-12  2.48236E-13  2.26365E-09  4.25653E-07
  3.000E-04  6.85391E-12  1.07259E-06  1.12318E-07  2.58595E-12  2.70802E-13  2.26241E-09  4.25538E-07
  3.250E-04  8.04379E-12  1.07258E-06  1.12318E-07  2.80143E-12  2.93369E-13  2.26106E-09  4.25413E-07
  3.500E-04  9.32893E-12  1.07257E-06  1.12318E-07  3.01690E-12  3.15936E-13  2.25960E-09  4.25278E-07
  3.750E-04  1.07092E-11  1.07256E-06  1.12318E-07  3.23236E-12  3.38502E-13  2.25804E-09  4.25133E-07
  4.000E-04  1.21847E-11  1.07255E-06  1.12318E-07  3.44783E-12  3.61069E-13  2.25637E-09  4.24978E-07
  4.250E-04  1.37554E-11  1.07254E-06  1.12318E-07  3.66328E-12  3.83635E-13  2.25459E-09  4.24813E-07
  4.500E-04  1.54213E-11  1.07253E-06  1.12318E-07  3.87873E-12  4.06202E-13  2.25271E-09  4.24638E-07
  4.750E-04  1.71823E-11  1.07252E-06  1.12318E-07  4.09417E-12  4.28768E-13  2.25072E-09  4.24453E-07
  5.000E-04  1.90386E-11  1.07251E-06  1.12318E-07  4.30961E-12  4.51334E-13  2.24862E-09  4.24258E-07
  5.250E-04  2.09900E-11  1.07250E-06  1.12317E-07  4.52504E-12  4.73901E-13  2.24642E-09  4.24053E-07
  5.500E-04  2.30367E-11  1.07248E-06  1.12317E-07  4.74046E-12  4.96467E-13  2.24411E-09  4.23838E-07
  5.750E-04  2.51785E-11  1.07247E-06  1.12317E-07  4.95587E-12  5.19033E-13  2.24169E-09  4.23614E-07
  6.000E-04  2.74156E-11  1.07246E-06  1.12317E-07  5.17127E-12  5.41599E-13  2.23917E-09  4.23379E-07
  6.250E-04  2.97478E-11  1.07244E-06  1.12317E-07  5.38667E-12  5.64165E-13  2.23654E-09  4.23135E-07
  6.500E-04  3.21752E-11  1.07243E-06  1.12317E-07  5.60206E-12  5.86731E-13  2.23381E-09  4.22880E-07
  6.750E-04  3.46979E-11  1.07241E-06  1.12317E-07  5.81744E-12  6.09297E-13  2.23097E-09  4.22616E-07
  7.000E-04  3.73157E-11  1.07239E-06  1.12317E-07  6.03280E-12  6.31862E-13  2.22802E-09  4.22342E-07
  7.250E-04  4.00286E-11  1.07238E-06  1.12316E-07  6.24816E-12  6.54428E-13  2.22497E-09  4.22058E-07
  7.500E-04  4.28368E-11  1.07236E-06  1.12316E-07  6.46351E-12  6.76994E-13  2.22182E-09  4.21764E-07
  7.750E-04  4.57402E-11  1.07234E-06  1.12316E-07  6.67884E-12  6.99559E-13  2.21856E-09  4.21461E-07
  8.000E-04  4.87388E-11  1.07232E-06  1.12316E-07  6.89417E-12  7.22124E-13  2.21519E-09  4.21147E-07
  8.250E-04  5.18325E-11  1.07230E-06  1.12316E-07  7.10948E-12  7.44690E-13  2.21173E-09  4.20824E-07
  8.500E-04  5.50215E-11  1.07228E-06  1.12316E-07  7.32478E-12  7.67255E-13  2.20815E-09  4.20491E-07
  8.750E-04  5.83057E-11  1.07226E-06  1.12315E-07  7.54007E-12  7.89820E-13  2.20448E-09  4.20148E-07
  9.000E-04  6.16850E-11  1.07224E-06  1.12315E-07  7.75535E-12  8.12385E-13  2.20070E-09  4.19796E-07
  9.250E-04  6.51595E-11  1.07222E-06  1.12315E-07  7.97061E-12  8.34950E-13  2.19682E-09  4.19434E-07
  9.500E-04  6.87293E-11  1.07220E-06  1.12315E-07  8.18586E-12  8.57514E-13  2.19283E-09  4.19062E-07
  9.750E-04  7.23943E-11  1.07217E-06  1.12315E-07  8.40110E-12  8.80079E-13  2.18874E-09  4.18680E-07
  1.000E-03  7.61544E-11  1.07215E-06  1.12314E-07  8.61632E-12  9.02643E-13  2.18455E-09  4.18289E-07
  1.250E-03  1.18991E-10  1.07188E-06  1.12312E-07  1.07677E-11  1.12828E-12  2.13709E-09  4.13848E-07
  1.500E-03  1.71347E-10  1.07155E-06  1.12309E-07  1.29173E-11  1.35390E-12  2.07975E-09  4.08462E-07
  1.750E-03  2.33223E-10  1.07116E-06  1.12306E-07  1.50647E-11  1.57950E-12  2.01294E-09  4.02156E-07
  2.000E-03  3.04617E-10  1.07071E-06  1.12302E-07  1.72096E-11  1.80508E-12  1.93712E-09  3.94957E-07
  2.250E-03  3.85531E-10  1.07021E-06  1.12297E-07  1.93516E-11  2.03063E-12  1.85281E-09  3.86899E-07
  2.500E-03  4.75965E-10  1.06964E-06  1.12292E-07  2.14904E-11  2.25616E-12  1.76060E-09  3.78018E-07
  2.750E-03  5.75917E-10  1.06902E-06  1.12286E-07  2.36256E-11  2.48165E-12  1.66113E-09  3.68354E-07
  3.000E-03  6.85389E-10  1.06833E-06  1.12280E-07  2.57570E-11  2.70711E-12  1.55507E-09  3.57950E-07
  3.250E-03  8.04380E-10  1.06759E-06  1.12274E-07  2.78840E-11  2.93253E-12  1.44317E-09  3.46854E-07
  3.500E-03  9.32891E-10  1.06679E-06  1.12266E-07  3.00065E-11  3.15790E-12  1.32617E-09  3.35115E-07
  3.750E-03  1.07092E-09  1.06594E-06  1.12259E-07  3.21240E-11  3.38324E-12  1.20489E-09  3.22784E-07
  4.000E-03  1.21847E-09  1.06503E-06  1.12251E-07  3.42363E-11  3.60852E-12  1.08015E-09  3.09917E-07
  4.250E-03  1.37554E-09  1.06406E-06  1.12242E-07  3.63430E-11  3.83375E-12  9.52791E-10  2.96569E-07
  4.500E-03  1.54213E-09  1.06303E-06  1.12232E-07  3.84438E-11  4.05893E-12  8.23674E-10  2.82800E-07
  4.750E-03  1.71823E-09  1.06195E-06  1.12223E-07  4.05383E-11  4.28405E-12  6.93665E-10  2.68667E-07
  5.000E-03  1.90386E-09  1.06082E-06  1.12212E-07  4.26263E-11  4.50911E-12  5.63633E-10  2.54233E-07
  5.250E-03  2.09900E-09  1.05963E-06  1.12201E-07  4.47075E-11  4.73411E-12  4.34438E-10  2.39558E-07
  5.500E-03  2.30367E-09  1.05839E-06  1.12190E-07  4.67815E-11  4.95904E-12  3.06931E-10  2.24705E-07
  5.750E-03  2.51785E-09  1.05709E-06  1.12178E-07  4.88481E-11  5.18390E-12  1.81943E-10  2.09735E-07
  6.000E-03  2.74156E-09  1.05574E-06  1.12166E-07  5.09069E-11  5.40868E-12  6.02804E-11  1.94710E-07
  6.250E-03  2.97478E-09  1.05434E-06  1.12153E-07  5.29577E-11  5.63339E-12  5.72776E-11  1.79692E-07
  6.500E-03  3.21752E-09  1.05289E-06  1.12139E-07  5.50002E-11  5.85802E-12  1.69992E-10  1.64740E-07
  6.750E-03  3.46978E-09  1.05139E-06  1.12125E-07  5.70341E-11  6.08257E-12  2.77164E-10  1.49913E-07
  7.000E-03  3.73156E-09  1.04984E-06  1.12110E-07  5.90591E-11  6.30703E-12  3.78140E-10  1.35270E-07
  7.250E-03  4.00286E-09  1.04824E-06  1.12095E-07  6.10751E-11  6.53140E-12  4.72319E-10  1.20866E-07
  7.500E-03  4.28368E-09  1.04659E-06  1.12080E-07  6.30817E-11  6.75569E-12  5.59157E-10  1.06755E-07
  7.750E-03  4.57402E-09  1.04489E-06  1.12064E-07  6.50787E-11  6.97987E-12  6.38167E-10  9.29882E-08
  8.000E-03  4.87388E-09  1.04315E-06  1.12047E-07  6.70658E-11  7.20396E-12  7.08926E-10  7.96142E-08
  8.250E-03  5.18326E-09  1.04135E-06  1.12030E-07  6.90429E-11  7.42794E-12  7.71078E-10  6.66792E-08
  8.500E-03  5.50215E-09  1.03952E-06  1.12012E-07  7.10096E-11  7.65183E-12  8.24335E-10  5.42262E-08
  8.750E-03  5.83057E-09  1.03764E-06  1.11994E-07  7.29658E-11  7.87560E-12  8.68479E-10  4.22947E-08
  9.000E-03  6.16850E-09  1.03571E-06  1.11975E-07  7.49113E-11  8.09926E-12  9.03361E-10  3.09209E-08
  9.250E-03  6.51596E-09  1.03374E-06  1.11956E-07  7.68459E-11  8.32282E-12  9.28909E-10  2.01376E-08
  9.500E-03  6.87293E-09  1.03173E-06  1.11936E-07  7.87693E-11  8.54625E-12  9.45119E-10  9.97373E-09
  9.750E-03  7.23942E-09  1.02968E-06  1.11916E-07  8.06813E-11  8.76956E-12  9.52063E-10  4.54315E-10
  1.000E-02  7.61544E-09  1.02759E-06  1.11895E-07  8.25819E-11  8.99276E-12  9.49880E-10  8.39942E-09
  1.250E-02  1.18991E-08  1.00461E-06  1.11660E-07  1.00919E-10  1.12173E-11  5.03296E-10  5.85110E-08
  1.500E-02  1.71347E-08  9.78522E-07  1.11374E-07  1.17958E-10  1.34263E-11  2.94136E-10  4.71405E-08
  1.750E-02  2.33223E-08  9.50176E-07  1.11041E-07  1.33631E-10  1.56171E-11  7.59765E-10  6.21196E-09
  2.000E-02  3.04617E-08  9.20364E-07  1.10660E-07  1.47930E-10  1.77869E-11  5.41770E-10  2.66025E-08
  2.250E-02  3.85531E-08  8.89773E-07  1.10234E-07  1.60890E-10  1.99333E-11  1.29520E-10  3.03998E-08
  2.500E-02  4.75965E-08  8.58964E-07  1.09765E-07  1.72577E-10  2.20538E-11  6.59936E-10  9.72023E-09
  2.750E-02  5.75917E-08  8.28377E-07  1.09254E-07  1.83074E-10  2.41464E-11  5.98064E-10  1.43706E-08
  3.000E-02  6.85389E-08  7.98333E-07  1.08704E-07  1.92474E-10  2.62089E-11  1.17657E-11  2.25574E-08
  3.250E-02  8.04380E-08  7.69058E-07  1.08117E-07  2.00867E-10  2.82397E-11  5.78889E-10  1.11364E-08
  3.500E-02  9.32891E-08  7.40694E-07  1.07495E-07  2.08341E-10  3.02370E-11  6.54656E-10  7.73147E-09
  3.750E-02  1.07092E-07  7.13323E-07  1.06840E-07  2.14973E-10  3.21994E-11  1.48795E-10  1.77406E-08
  4.000E-02  1.21847E-07  6.86982E-07  1.06154E-07  2.20837E-10  3.41256E-11  4.93270E-10  1.18141E-08
  4.250E-02  1.37554E-07  6.61675E-07  1.05440E-07  2.25996E-10  3.60144E-11  7.02131E-10  3.35557E-09
  4.500E-02  1.54213E-07  6.37387E-07  1.04699E-07  2.30506E-10  3.78648E-11  2.86057E-10  1.42139E-08
  4.750E-02  1.71823E-07  6.14088E-07  1.03933E-07  2.34418E-10  3.96761E-11  3.93587E-10  1.20864E-08
  5.000E-02  1.90386E-07  5.91741E-07  1.03144E-07  2.37777E-10  4.14474E-11  7.33916E-10  1.26287E-10
  5.250E-02  2.09900E-07  5.70307E-07  1.02335E-07  2.40622E-10  4.31783E-11  4.22825E-10  1.13158E-08
  5.500E-02  2.30367E-07  5.49744E-07  1.01507E-07  2.42991E-10  4.48682E-11  2.75965E-10  1.20606E-08
  5.750E-02  2.51785E-07  5.30013E-07  1.00661E-07  2.44919E-10  4.65169E-11  7.44805E-10  2.41312E-09
  6.000E-02  2.74156E-07  5.11074E-07  9.97998E-08  2.46435E-10  4.81242E-11  5.56025E-10  8.75241E-09
  6.250E-02  2.97478E-07  4.92891E-07  9.89247E-08  2.47571E-10  4.96898E-11  1.39350E-10  1.17767E-08
  6.500E-02  3.21752E-07  4.75430E-07  9.80374E-08  2.48352E-10  5.12139E-11  7.30362E-10  4.47219E-09
  6.750E-02  3.46978E-07  4.58658E-07  9.71391E-08  2.48806E-10  5.26964E-11  6.81174E-10  6.38119E-09
  7.000E-02  3.73156E-07  4.42546E-07  9.62315E-08  2.48957E-10  5.41375E-11  1.54199E-11  1.12501E-08
  7.250E-02  4.00286E-07  4.27064E-07  9.53158E-08  2.48828E-10  5.55375E-11  6.86785E-10  6.15074E-09
  7.500E-02  4.28368E-07  4.12188E-07  9.43934E-08  2.48442E-10  5.68966E-11  7.92763E-10  4.13321E-09
  7.750E-02  4.57402E-07  3.97890E-07  9.34654E-08  2.47818E-10  5.82152E-11  1.85860E-10  1.04876E-08
  8.000E-02  4.87388E-07  3.84149E-07  9.25330E-08  2.46978E-10  5.94936E-11  6.11069E-10  7.49368E-09
  8.250E-02  5.18325E-07  3.70942E-07  9.15974E-08  2.45940E-10  6.07325E-11  8.84549E-10  1.98102E-09
  8.500E-02  5.50215E-07  3.58248E-07  9.06596E-08  2.44721E-10  6.19322E-11  3.67863E-10  9.49510E-09
  8.750E-02  5.83057E-07  3.46046E-07  8.97205E-08  2.43339E-10  6.30934E-11  5.01300E-10  8.51662E-09
  9.000E-02  6.16850E-07  3.34319E-07  8.87812E-08  2.41809E-10  6.42167E-11  9.49879E-10  7.64774E-11
  9.250E-02  6.51596E-07  3.23046E-07  8.78424E-08  2.40146E-10  6.53027E-11  5.55716E-10  8.28261E-09
  9.500E-02  6.87293E-07  3.12211E-07  8.69051E-08  2.38364E-10  6.63520E-11  3.57006E-10  9.22000E-09
  9.750E-02  7.23942E-07  3.01797E-07  8.59700E-08  2.36477E-10  6.73654E-11  9.82096E-10  2.02244E-09
  1.000E-01  7.61543E-07  2.91787E-07  8.50379E-08  2.34496E-10  6.83436E-11  7.42197E-10  6.86694E-09
  1.250E-01  1.18991E-06  2.10777E-07  7.60068E-08  2.11740E-10  7.63572E-11  5.08152E-10  8.73607E-09
  1.500E-01  1.71347E-06  1.56182E-07  6.77735E-08  1.88276E-10  8.17036E-11  4.86425E-11  9.53429E-09
  1.750E-01  2.33223E-06  1.19055E-07  6.05100E-08  1.67441E-10  8.51055E-11  6.13979E-10  9.01933E-09
  2.000E-01  3.04617E-06  9.33324E-08  5.42121E-08  1.50016E-10  8.71408E-11  1.38187E-09  7.14963E-09
  2.250E-01  3.85531E-06  7.50181E-08  4.87888E-08  1.35652E-10  8.82268E-11  2.10112E-09  4.15121E-09
  2.500E-01  4.75964E-06  6.15458E-08  4.41175E-08  1.23657E-10  8.86444E-11  2.59949E-09  4.64898E-10
  2.750E-01  5.75916E-06  5.12944E-08  4.00753E-08  1.13366E-10  8.85754E-11  2.72570E-09  3.35530E-09
  3.000E-01  6.85388E-06  4.32483E-08  3.65534E-08  1.04273E-10  8.81363E-11  2.38109E-09  6.74115E-09
  3.250E-01  8.04378E-06  3.67689E-08  3.34615E-08  9.60388E-11  8.74053E-11  1.54195E-09  9.19009E-09
  3.500E-01  9.32888E-06  3.14479E-08  3.07276E-08  8.84592E-11  8.64387E-11  2.71998E-10  1.03281E-08
  3.750E-01  1.07092E-05  2.70162E-08  2.82949E-08  8.14217E-11  8.52812E-11  1.27693E-09  9.95826E-09
  4.000E-01  1.21846E-05  2.32893E-08  2.61188E-08  7.48691E-11  8.39712E-11  2.87840E-09  8.09177E-09
  4.250E-01  1.37553E-05  2.01346E-08  2.41641E-08  6.87731E-11  8.25430E-11  4.26014E-09  4.95618E-09
  4.500E-01  1.54212E-05  1.74521E-08  2.24024E-08  6.31171E-11  8.10273E-11  5.14603E-09  9.74223E-10
  4.750E-01  1.71822E-05  1.51635E-08  2.08104E-08  5.78871E-11  7.94513E-11  5.30577E-09  3.28787E-09
  5.000E-01  1.90385E-05  1.32059E-08  1.93685E-08  5.30671E-11  7.78385E-11  4.60377E-09  7.19810E-09
  5.250E-01  2.09899E-05  1.15272E-08  1.80598E-08  4.86376E-11  7.62089E-11  3.03730E-09  1.01522E-08
  5.500E-01  2.30365E-05  1.00843E-08  1.68700E-08  4.45756E-11  7.45786E-11  7.55014E-10  1.16684E-08
  5.750E-01  2.51783E-05  8.84094E-09  1.57863E-08  4.08559E-11  7.29606E-11  1.95027E-09  1.14674E-08
  6.000E-01  2.74153E-05  7.76661E-09  1.47976E-08  3.74516E-11  7.13649E-11  4.67615E-09  9.52405E-09
  6.250E-01  2.97475E-05  6.83567E-09  1.38939E-08  3.43359E-11  6.97989E-11  6.96896E-09  6.07982E-09
  6.500E-01  3.21749E-05  6.02651E-09  1.30663E-08  3.14822E-11  6.82677E-11  8.39743E-09  1.61436E-09
  6.750E-01  3.46974E-05  5.32098E-09  1.23072E-08  2.88655E-11  6.67749E-11  8.62979E-09  3.22193E-09
  7.000E-01  3.73152E-05  4.70378E-09  1.16094E-08  2.64623E-11  6.53226E-11  7.50080E-09  7.70373E-09
  7.250E-01  4.00281E-05  4.16207E-09  1.09669E-08  2.42508E-11  6.39116E-11  5.05611E-09  1.11407E-08
  7.500E-01  4.28362E-05  3.68504E-09  1.03741E-08  2.22116E-11  6.25423E-11  1.56425E-09  1.29845E-08
  7.750E-01  4.57395E-05  3.26360E-09  9.82619E-09  2.03269E-11  6.12142E-11  2.50830E-09  1.29166E-08
  8.000E-01  4.87380E-05  2.89009E-09  9.31880E-09  1.85810E-11  5.99265E-11  6.55754E-09  1.09017E-08
  8.250E-01  5.18317E-05  2.55804E-09  8.84808E-09  1.69599E-11  5.86780E-11  9.93039E-09  7.19985E-09
  8.500E-01  5.50205E-05  2.26199E-09  8.41062E-09  1.54513E-11  5.74675E-11  1.20283E-08  2.33283E-09
  8.750E-01  5.83045E-05  1.99731E-09  8.00335E-09  1.40443E-11  5.62935E-11  1.24100E-08  2.98983E-09
  9.000E-01  6.16838E-05  1.76005E-09  7.62356E-09  1.27293E-11  5.51547E-11  1.08752E-08  7.97483E-09
  9.250E-01  6.51582E-05  1.54688E-09  7.26883E-09  1.14980E-11  5.40495E-11  7.51657E-09  1.18638E-08
  9.500E-01  6.87277E-05  1.35491E-09  6.93699E-09  1.03429E-11  5.29766E-11  2.72557E-09  1.40490E-08
  9.750E-01  7.23925E-05  1.18169E-09  6.62611E-09  9.25764E-12  5.19345E-11  2.84837E-09  1.41679E-08
  1.000E+00  7.61524E-05  1.02509E-09  6.33446E-09  8.23636E-12  5.09220E-11  2.60875E-12  1.08307E-10
  1.100E+00  9.21439E-05  5.31746E-10  5.33120E-09  4.69805E-12  4.71441E-11  1.30342E-11  7.35096E-12
  1.200E+00  1.09658E-04  1.93720E-10  4.53523E-09  1.86469E-12  4.37527E-11  3.13174E-13  5.65181E-11
  1.300E+00  1.28695E-04 -4.04820E-11  3.89367E-09 -4.27264E-13  4.06949E-11  8.45781E-12  1.30582E-12
  1.400E+00  1.49255E-04 -2.03277E-10  3.36973E-09 -2.29222E-12  3.79293E-11  6.67159E-13  3.22055E-11
  1.500E+00  1.71338E-04 -3.15971E-10  2.93705E-09 -3.81484E-12  3.54216E-11  5.76050E-12  3.93044E-12
  1.600E+00  1.94942E-04 -3.93027E-10  2.57627E-09 -5.06033E-12  3.31431E-11  1.08415E-12  1.94669E-11
  1.700E+00  2.20070E-04 -4.44499E-10  2.27288E-09 -6.08010E-12  3.10686E-11  4.04663E-12  4.46052E-12
  1.800E+00  2.46720E-04 -4.77490E-10  2.01578E-09 -6.91525E-12  2.91760E-11  1.23711E-12  1.22428E-11
  1.900E+00  2.74892E-04 -4.97088E-10  1.79636E-09 -7.59888E-12  2.74456E-11  2.89625E-12  4.24072E-12
  2.000E+00  3.04586E-04 -5.06964E-10  1.60789E-09 -8.15775E-12  2.58600E-11  1.25921E-12  7.90050E-12
  2.100E+00  3.35803E-04 -5.09795E-10  1.44504E-09 -8.61354E-12  2.44038E-11  2.09242E-12  3.77329E-12
  2.200E+00  3.68542E-04 -5.07536E-10  1.30354E-09 -8.98389E-12  2.30632E-11  1.21468E-12  5.17477E-12
  2.300E+00  4.02802E-04 -5.01629E-10  1.17995E-09 -9.28317E-12  2.18263E-11  1.51356E-12  3.25373E-12
  2.400E+00  4.38585E-04 -4.93140E-10  1.07149E-09 -9.52310E-12  2.06824E-11  1.13741E-12  3.40739E-12
  2.500E+00  4.75889E-04 -4.82856E-10  9.75860E-10 -9.71333E-12  1.96222E-11  1.08742E-12  2.75881E-12
  2.600E+00  5.14715E-04 -4.71364E-10  8.91201E-10 -9.86177E-12  1.86374E-11  1.04399E-12  2.23303E-12
  2.700E+00  5.55063E-04 -4.59100E-10  8.15954E-10 -9.97497E-12  1.77207E-11  7.68643E-13  2.31493E-12
  2.800E+00  5.96931E-04 -4.46389E-10  7.48826E-10 -1.00584E-11  1.68658E-11  9.45344E-13  1.43937E-12
  2.900E+00  6.40321E-04 -4.33469E-10  6.88733E-10 -1.01165E-11  1.60669E-11  5.27271E-13  1.92842E-12
  3.000E+00  6.85233E-04 -4.20520E-10  6.34764E-10 -1.01531E-11  1.53191E-11  8.47044E-13  8.97088E-13
  3.100E+00  7.31665E-04 -4.07672E-10  5.86146E-10 -1.01714E-11  1.46179E-11  3.43661E-13  1.59737E-12
  3.200E+00  7.79618E-04 -3.95019E-10  5.42224E-10 -1.01741E-11  1.39593E-11  7.51634E-13  5.24118E-13
  3.300E+00  8.29092E-04 -3.82629E-10  5.02437E-10 -1.01633E-11  1.33397E-11  2.03436E-13  1.31654E-12
  3.400E+00  8.80086E-04 -3.70550E-10  4.66304E-10 -1.01412E-11  1.27560E-11  6.61454E-13  2.68194E-13
  3.500E+00  9.32601E-04 -3.58814E-10  4.33411E-10 -1.01093E-11  1.22054E-11  9.68161E-14  1.07898E-12
  3.600E+00  9.86636E-04 -3.47440E-10  4.03400E-10 -1.00690E-11  1.16853E-11  5.77438E-13  9.37921E-14
  3.700E+00  1.04219E-03 -3.36441E-10  3.75959E-10 -1.00215E-11  1.11934E-11  1.58479E-14  8.79349E-13
  3.800E+00  1.09927E-03 -3.25820E-10  3.50818E-10 -9.96789E-12  1.07276E-11  4.99226E-13  2.33451E-14
  3.900E+00  1.15786E-03 -3.15577E-10  3.27740E-10 -9.90907E-12  1.02860E-11  4.46654E-14  7.11625E-13
  4.000E+00  1.21797E-03 -3.05709E-10  3.06516E-10 -9.84580E-12  9.86697E-12  4.27717E-13  9.92306E-14
  4.100E+00  1.27961E-03 -2.96207E-10  2.86965E-10 -9.77876E-12  9.46892E-12  8.87778E-14  5.71326E-13
  4.200E+00  1.34276E-03 -2.87065E-10  2.68924E-10 -9.70855E-12  9.09044E-12  3.62515E-13  1.46306E-13
  4.300E+00  1.40743E-03 -2.78270E-10  2.52251E-10 -9.63567E-12  8.73021E-12  1.20118E-13  4.54046E-13
  4.400E+00  1.47362E-03 -2.69813E-10  2.36819E-10 -9.56058E-12  8.38708E-12  3.03557E-13  1.72761E-13
  4.500E+00  1.54133E-03 -2.61682E-10  2.22515E-10 -9.48367E-12  8.05993E-12  1.41351E-13  3.57187E-13
  4.600E+00  1.61056E-03 -2.53864E-10  2.09239E-10 -9.40527E-12  7.74779E-12  2.50978E-13  1.84721E-13
  4.700E+00  1.68131E-03 -2.46348E-10  1.96900E-10 -9.32570E-12  7.44973E-12  1.54295E-13  2.76553E-13
  4.800E+00  1.75357E-03 -2.39122E-10  1.85419E-10 -9.24521E-12  7.16491E-12  2.03531E-13  1.85588E-13
  4.900E+00  1.82735E-03 -2.32173E-10  1.74723E-10 -9.16405E-12  6.89254E-12  1.60386E-13  2.10293E-13
  5.000E+00  1.90265E-03 -2.25490E-10  1.64746E-10 -9.08240E-12  6.63190E-12  1.62248E-13  1.80071E-13
  5.100E+00  1.97947E-03 -2.19063E-10  1.55431E-10 -9.00045E-12  6.38232E-12  1.61837E-13  1.56678E-13
  5.200E+00  2.05780E-03 -2.12879E-10  1.46724E-10 -8.91836E-12  6.14318E-12  1.24742E-13  1.69840E-13
  5.300E+00  2.13765E-03 -2.06929E-10  1.38577E-10 -8.83627E-12  5.91391E-12  1.58655E-13  1.12644E-13
  5.400E+00  2.21902E-03 -2.01201E-10  1.30946E-10 -8.75429E-12  5.69396E-12  9.29022E-14  1.56628E-13
  5.500E+00  2.30190E-03 -1.95687E-10  1.23793E-10 -8.67254E-12  5.48284E-12  1.53091E-13  7.77858E-14
  5.600E+00  2.38630E-03 -1.90378E-10  1.17081E-10 -8.59110E-12  5.28008E-12  6.48249E-14  1.41275E-13
  5.700E+00  2.47222E-03 -1.85263E-10  1.10778E-10 -8.51006E-12  5.08525E-12  1.44820E-13  4.95945E-14
  5.800E+00  2.55965E-03 -1.80335E-10  1.04853E-10 -8.42949E-12  4.89794E-12  4.08928E-14  1.25985E-13
  5.900E+00  2.64859E-03 -1.75585E-10  9.92797E-11 -8.34944E-12  4.71777E-12  1.35222E-13  2.80369E-14
  6.000E+00  2.73905E-03 -1.71005E-10  9.40329E-11 -8.26998E-12  4.54439E-12  2.06646E-14  1.10543E-13
  6.100E+00  2.83103E-03 -1.66589E-10  8.90898E-11 -8.19115E-12  4.37745E-12  1.23966E-13  1.10980E-14
  6.200E+00  2.92452E-03 -1.62329E-10  8.44294E-11 -8.11299E-12  4.21666E-12  4.29634E-15  9.51752E-14
  6.300E+00  3.01952E-03 -1.58217E-10  8.00324E-11 -8.03553E-12  4.06172E-12  1.11946E-13  1.68514E-15
  6.400E+00  3.11604E-03 -1.54249E-10  7.58810E-11 -7.95880E-12  3.91234E-12  9.73463E-15  8.17766E-14
  6.500E+00  3.21407E-03 -1.50417E-10  7.19591E-11 -7.88284E-12  3.76827E-12  1.00510E-13  1.05409E-14
  6.600E+00  3.31362E-03 -1.46716E-10  6.82515E-11 -7.80764E-12  3.62927E-12  2.08129E-14  6.88001E-14
  6.700E+00  3.41468E-03 -1.43141E-10  6.47444E-11 -7.73325E-12  3.49511E-12  8.87010E-14  1.66806E-14
  6.800E+00  3.51725E-03 -1.39685E-10  6.14249E-11 -7.65966E-12  3.36556E-12  2.92351E-14  5.62443E-14
  6.900E+00  3.62133E-03 -1.36344E-10  5.82812E-11 -7.58689E-12  3.24042E-12  7.65001E-14  2.09979E-14
  7.000E+00  3.72692E-03 -1.33114E-10  5.53023E-11 -7.51494E-12  3.11950E-12  3.55399E-14  4.59167E-14
  7.100E+00  3.83403E-03 -1.29989E-10  5.24781E-11 -7.44383E-12  3.00262E-12  6.48478E-14  2.30373E-14
  7.200E+00  3.94265E-03 -1.26966E-10  4.97991E-11 -7.37355E-12  2.88961E-12  3.97752E-14  3.70779E-14
  7.300E+00  4.05278E-03 -1.24039E-10  4.72565E-11 -7.30412E-12  2.78029E-12  5.43534E-14  2.37092E-14
  7.400E+00  4.16442E-03 -1.21206E-10  4.48422E-11 -7.23552E-12  2.67451E-12  4.27482E-14  2.87239E-14
  7.500E+00  4.27757E-03 -1.18462E-10  4.25487E-11 -7.16776E-12  2.57213E-12  4.43968E-14  2.32243E-14
  7.600E+00  4.39223E-03 -1.15805E-10  4.03689E-11 -7.10083E-12  2.47301E-12  4.45215E-14  2.15832E-14
  7.700E+00  4.50840E-03 -1.13229E-10  3.82962E-11 -7.03474E-12  2.37702E-12  3.52842E-14  2.22584E-14
  7.800E+00  4.62608E-03 -1.10734E-10  3.63244E-11 -6.96948E-12  2.28402E-12  4.42567E-14  1.62296E-14
  7.900E+00  4.74527E-03 -1.08314E-10  3.44480E-11 -6.90504E-12  2.19391E-12  2.69270E-14  2.06512E-14
  8.000E+00  4.86597E-03 -1.05967E-10  3.26615E-11 -6.84141E-12  2.10656E-12  4.34269E-14  1.15015E-14
  8.100E+00  4.98817E-03 -1.03691E-10  3.09600E-11 -6.77860E-12  2.02187E-12  1.93520E-14  1.82778E-14
  8.200E+00  5.11188E-03 -1.01483E-10  2.93388E-11 -6.71659E-12  1.93974E-12  4.22172E-14  7.65510E-15
  8.300E+00  5.23711E-03 -9.93397E-11  2.77935E-11 -6.65538E-12  1.86006E-12  1.24762E-14  1.66427E-14
  8.400E+00  5.36383E-03 -9.72592E-11  2.63200E-11 -6.59495E-12  1.78276E-12  3.92355E-14  4.78886E-15
  8.500E+00  5.49207E-03 -9.52392E-11  2.49145E-11 -6.53530E-12  1.70773E-12  6.60417E-15  1.44298E-14
  8.600E+00  5.62181E-03 -9.32773E-11  2.35735E-11 -6.47643E-12  1.63489E-12  3.68527E-14  1.78593E-15
  8.700E+00  5.75306E-03 -9.13714E-11  2.22935E-11 -6.41831E-12  1.56416E-12  2.15988E-15  1.18220E-14
  8.800E+00  5.88581E-03 -8.95194E-11  2.10713E-11 -6.36095E-12  1.49547E-12  3.39414E-14  1.13597E-15
  8.900E+00  6.02007E-03 -8.77196E-11  1.99040E-11 -6.30433E-12  1.42874E-12  2.06249E-15  1.03603E-14
  9.000E+00  6.15583E-03 -8.59698E-11  1.87889E-11 -6.24844E-12  1.36391E-12  3.12517E-14  7.23305E-16
  9.100E+00  6.29310E-03 -8.42684E-11  1.77231E-11 -6.19328E-12  1.30089E-12  5.58596E-15  7.77858E-15
  9.200E+00  6.43187E-03 -8.26137E-11  1.67044E-11 -6.13883E-12  1.23964E-12  2.68349E-14  8.64391E-16
  9.300E+00  6.57214E-03 -8.10041E-11  1.57303E-11 -6.08509E-12  1.18009E-12  8.17440E-15  6.25659E-15
  9.400E+00  6.71392E-03 -7.94378E-11  1.47986E-11 -6.03203E-12  1.12218E-12  2.33812E-14  1.32350E-15
  9.500E+00  6.85720E-03 -7.79136E-11  1.39073E-11 -5.97967E-12  1.06585E-12  1.02377E-14  4.85679E-15
  9.600E+00  7.00198E-03 -7.64298E-11  1.30544E-11 -5.92797E-12  1.01105E-12  2.03396E-14  1.58461E-15
  9.700E+00  7.14827E-03 -7.49852E-11  1.22381E-11 -5.87695E-12  9.57729E-13  1.14013E-14  3.25783E-15
  9.800E+00  7.29605E-03 -7.35784E-11  1.14565E-11 -5.82657E-12  9.05839E-13  1.69615E-14  1.36720E-15
  9.900E+00  7.44534E-03 -7.22081E-11  1.07082E-11 -5.77684E-12  8.55331E-13  1.27386E-14  2.97572E-15
  1.000E+01  7.59612E-03 -7.08732E-11  9.99140E-12 -5.72775E-12  8.06160E-13  1.43806E-14  1.16604E-15
  1.025E+01  7.97965E-03 -6.76829E-11  8.32823E-12 -5.60773E-12  6.88800E-13  1.67743E-14  6.92831E-16
  1.050E+01  8.37255E-03 -6.46891E-11  6.83258E-12 -5.49148E-12  5.78893E-13  1.29017E-14  6.59448E-16
  1.075E+01  8.77480E-03 -6.18766E-11  5.48613E-12 -5.37884E-12  4.75865E-13  5.38850E-15  1.25678E-16
  1.100E+01  9.18641E-03 -5.92313E-11  4.27282E-12 -5.26968E-12  3.79198E-13  2.57140E-15  1.43868E-15
  1.125E+01  9.60736E-03 -5.67407E-11  3.17856E-12 -5.16386E-12  2.88419E-13  7.90424E-15  1.83180E-15
  1.150E+01  1.00376E-02 -5.43931E-11  2.19094E-12 -5.06126E-12  2.03099E-13  8.58086E-15  1.53212E-15
  1.175E+01  1.04773E-02 -5.21783E-11  1.29901E-12 -4.96174E-12  1.22847E-13  6.45410E-15  6.28256E-16
  1.200E+01  1.09262E-02 -5.00865E-11  4.93085E-13 -4.86519E-12  4.73064E-14  1.87396E-15  1.80499E-15
  1.225E+01  1.13844E-02 -4.81091E-11 -2.35407E-13 -4.77148E-12 -2.38503E-14  2.51601E-15  2.88350E-15
  1.250E+01  1.18520E-02 -4.62382E-11 -8.94096E-13 -4.68052E-12 -9.09216E-14  3.96739E-15  2.76618E-15
  1.275E+01  1.23288E-02 -4.44663E-11 -1.48976E-12 -4.59219E-12 -1.54182E-13  3.97680E-15  8.85258E-16
  1.300E+01  1.28150E-02 -4.27869E-11 -2.02846E-12 -4.50639E-12 -2.13883E-13  2.54875E-15  1.02070E-15
  1.325E+01  1.33104E-02 -4.11938E-11 -2.51558E-12 -4.42303E-12 -2.70256E-13  1.53257E-16  2.45363E-15
  1.350E+01  1.38150E-02 -3.96813E-11 -2.95595E-12 -4.34200E-12 -3.23516E-13  1.32798E-15  3.14797E-15
  1.375E+01  1.43290E-02 -3.82442E-11 -3.35392E-12 -4.26323E-12 -3.73859E-13  1.99026E-15  2.27339E-15
  1.400E+01  1.48521E-02 -3.68778E-11 -3.71337E-12 -4.18663E-12 -4.21467E-13  1.23353E-15  7.30171E-16
  1.425E+01  1.53845E-02 -3.55775E-11 -4.03779E-12 -4.11211E-12 -4.66508E-13  5.28904E-16  1.40801E-15
  1.450E+01  1.59262E-02 -3.43394E-11 -4.33033E-12 -4.03960E-12 -5.09138E-13  8.93506E-16  2.71680E-15
  1.475E+01  1.64770E-02 -3.31596E-11 -4.59383E-12 -3.96903E-12 -5.49501E-13  1.10966E-15  2.62264E-15
  1.500E+01  1.70371E-02 -3.20347E-11 -4.83085E-12 -3.90032E-12 -5.87731E-13  1.19165E-16  2.65987E-15
  1.525E+01  1.76063E-02 -3.09613E-11 -5.04372E-12 -3.83340E-12 -6.23953E-13  1.15238E-16  9.79283E-16
  1.550E+01  1.81848E-02 -2.99364E-11 -5.23453E-12 -3.76822E-12 -6.58283E-13  7.80520E-16  5.91835E-16
  1.575E+01  1.87724E-02 -2.89574E-11 -5.40518E-12 -3.70471E-12 -6.90828E-13  1.94303E-15  1.83228E-15
  1.600E+01  1.93692E-02 -2.80214E-11 -5.55739E-12 -3.64281E-12 -7.21688E-13  6.27341E-16  2.32783E-15
  1.625E+01  1.99751E-02 -2.71263E-11 -5.69275E-12 -3.58246E-12 -7.50958E-13  2.02650E-16  1.50292E-15
  1.650E+01  2.05901E-02 -2.62695E-11 -5.81267E-12 -3.52362E-12 -7.78724E-13  1.57185E-15  6.24084E-16
  1.675E+01  2.12143E-02 -2.54492E-11 -5.91844E-12 -3.46622E-12 -8.05069E-13  1.90591E-15  8.06616E-16
  1.700E+01  2.18476E-02 -2.46632E-11 -6.01126E-12 -3.41022E-12 -8.30069E-13  1.10977E-15  1.56451E-15
  1.725E+01  2.24900E-02 -2.39099E-11 -6.09220E-12 -3.35557E-12 -8.53795E-13  1.79579E-16  2.08714E-15
  1.750E+01  2.31415E-02 -2.31873E-11 -6.16225E-12 -3.30223E-12 -8.76314E-13  6.97715E-16  1.84168E-15
  1.775E+01  2.38021E-02 -2.24940E-11 -6.22230E-12 -3.25016E-12 -8.97690E-13  1.69498E-15  7.15334E-16
  1.800E+01  2.44717E-02 -2.18284E-11 -6.27318E-12 -3.19930E-12 -9.17981E-13  2.47160E-15  5.21171E-16
  1.825E+01  2.51504E-02 -2.11891E-11 -6.31566E-12 -3.14963E-12 -9.37242E-13  1.60245E-15  1.18178E-15
  1.850E+01  2.58382E-02 -2.05748E-11 -6.35040E-12 -3.10110E-12 -9.55526E-13  0.00000E+00  1.64128E-15
  1.875E+01  2.65349E-02 -1.99843E-11 -6.37805E-12 -3.05368E-12 -9.72881E-13  7.58671E-16  9.57723E-16
  1.900E+01  2.72407E-02 -1.94164E-11 -6.39920E-12 -3.00733E-12 -9.89353E-13  1.77279E-15  6.21171E-16
  1.925E+01  2.79555E-02 -1.88699E-11 -6.41437E-12 -2.96202E-12 -1.00499E-12  2.01443E-15  3.02271E-16
  1.950E+01  2.86793E-02 -1.83438E-11 -6.42405E-12 -2.91771E-12 -1.01982E-12  1.40192E-15  7.35698E-16
  1.975E+01  2.94120E-02 -1.78373E-11 -6.42871E-12 -2.87438E-12 -1.03390E-12  1.36639E-16  1.14638E-15
  2.000E+01  3.01537E-02 -1.73493E-11 -6.42875E-12 -2.83199E-12 -1.04725E-12  7.99321E-16  8.37607E-16
  2.025E+01  3.09043E-02 -1.68790E-11 -6.42455E-12 -2.79052E-12 -1.05991E-12  1.68908E-15  2.72087E-16
  2.050E+01  3.16639E-02 -1.64256E-11 -6.41646E-12 -2.74993E-12 -1.07192E-12  1.64788E-15  6.63087E-16
  2.075E+01  3.24324E-02 -1.59883E-11 -6.40481E-12 -2.71021E-12 -1.08330E-12  1.11336E-15  6.46585E-16
  2.100E+01  3.32098E-02 -1.55663E-11 -6.38990E-12 -2.67132E-12 -1.09408E-12  0.00000E+00  6.30680E-16
  2.125E+01  3.39961E-02 -1.51591E-11 -6.37201E-12 -2.63325E-12 -1.10429E-12  5.89630E-16  3.69206E-16
  2.150E+01  3.47912E-02 -1.47659E-11 -6.35138E-12 -2.59596E-12 -1.11396E-12  1.38226E-15  0.00000E+00
  2.175E+01  3.55952E-02 -1.43862E-11 -6.32825E-12 -2.55944E-12 -1.12311E-12  1.35056E-15  1.17255E-16
  2.200E+01  3.64081E-02 -1.40193E-11 -6.30284E-12 -2.52366E-12 -1.13176E-12  9.89961E-16  2.28996E-16
  2.225E+01  3.72297E-02 -1.36647E-11 -6.27535E-12 -2.48860E-12 -1.13994E-12  0.00000E+00  3.35508E-16
  2.250E+01  3.80602E-02 -1.33218E-11 -6.24597E-12 -2.45424E-12 -1.14767E-12  7.36062E-16  4.37056E-16
  2.275E+01  3.88995E-02 -1.29903E-11 -6.21486E-12 -2.42057E-12 -1.15496E-12  1.23421E-15  3.20334E-16
  2.300E+01  3.97476E-02 -1.26695E-11 -6.18219E-12 -2.38756E-12 -1.16184E-12  1.40877E-15  0.00000E+00
  2.325E+01  4.06044E-02 -1.23592E-11 -6.14809E-12 -2.35520E-12 -1.16832E-12  5.90846E-16  1.02050E-16
  2.350E+01  4.14700E-02 -1.20587E-11 -6.11272E-12 -2.32346E-12 -1.17443E-12  1.92784E-16  1.99600E-16
  2.375E+01  4.23443E-02 -1.17678E-11 -6.07619E-12 -2.29233E-12 -1.18017E-12  5.66261E-16  1.95246E-16
  2.400E+01  4.32273E-02 -1.14861E-11 -6.03862E-12 -2.26180E-12 -1.18556E-12  5.54552E-16  3.82061E-16
  2.425E+01  4.41190E-02 -1.12131E-11 -6.00012E-12 -2.23184E-12 -1.19062E-12  7.24283E-16  3.73894E-16
  2.450E+01  4.50194E-02 -1.09486E-11 -5.96078E-12 -2.20245E-12 -1.19536E-12  5.32224E-16  0.00000E+00
  2.475E+01  4.59284E-02 -1.06922E-11 -5.92070E-12 -2.17361E-12 -1.19980E-12  1.73858E-16  1.79157E-16
  2.500E+01  4.68461E-02 -1.04436E-11 -5.87996E-12 -2.14530E-12 -1.20394E-12  1.70417E-16  0.00000E+00
  2.550E+01  4.87074E-02 -9.96857E-12 -5.79683E-12 -2.09023E-12 -1.21140E-12  8.19212E-16  5.05021E-16
  2.600E+01  5.06030E-02 -9.52134E-12 -5.71194E-12 -2.03713E-12 -1.21782E-12  0.00000E+00  4.84967E-16
  2.650E+01  5.25328E-02 -9.09984E-12 -5.62579E-12 -1.98592E-12 -1.22330E-12  3.03633E-16  0.00000E+00
  2.700E+01  5.44967E-02 -8.70224E-12 -5.53879E-12 -1.93649E-12 -1.22789E-12  1.46310E-16  1.49410E-16
  2.750E+01  5.64946E-02 -8.32683E-12 -5.45131E-12 -1.88876E-12 -1.23168E-12  2.82218E-16  2.87588E-16
  2.800E+01  5.85262E-02 -7.97206E-12 -5.36363E-12 -1.84266E-12 -1.23472E-12  2.72381E-16  0.00000E+00
  2.850E+01  6.05914E-02 -7.63652E-12 -5.27603E-12 -1.79809E-12 -1.23708E-12  1.31536E-16  1.33459E-16
  2.900E+01  6.26901E-02 -7.31891E-12 -5.18871E-12 -1.75500E-12 -1.23880E-12  1.27126E-16  1.28699E-16
  2.950E+01  6.48222E-02 -7.01802E-12 -5.10188E-12 -1.71332E-12 -1.23993E-12  1.22945E-16  3.72555E-16
  3.000E+01  6.69873E-02 -6.73277E-12 -5.01569E-12 -1.67298E-12 -1.24052E-12  0.00000E+00  2.39802E-16
  3.050E+01  6.91854E-02 -6.46215E-12 -4.93028E-12 -1.63393E-12 -1.24061E-12  1.15207E-16  0.00000E+00
  3.100E+01  7.14163E-02 -6.20521E-12 -4.84576E-12 -1.59610E-12 -1.24023E-12  2.23249E-16  4.47860E-16
  3.150E+01  7.36799E-02 -5.96110E-12 -4.76222E-12 -1.55944E-12 -1.23942E-12  2.16432E-16  0.00000E+00
  3.200E+01  7.59760E-02 -5.72902E-12 -4.67975E-12 -1.52391E-12 -1.23822E-12  0.00000E+00  1.04783E-16
  3.250E+01  7.83043E-02 -5.50823E-12 -4.59839E-12 -1.48946E-12 -1.23664E-12  0.00000E+00  4.05779E-16
  3.300E+01  8.06647E-02 -5.29806E-12 -4.51821E-12 -1.45604E-12 -1.23472E-12  2.96796E-16  0.00000E+00
  3.350E+01  8.30571E-02 -5.09786E-12 -4.43925E-12 -1.42362E-12 -1.23249E-12  1.92240E-16  3.80904E-16
  3.400E+01  8.54812E-02 -4.90706E-12 -4.36154E-12 -1.39214E-12 -1.22996E-12  9.34351E-17  4.61635E-16
  3.450E+01  8.79369E-02 -4.72511E-12 -4.28511E-12 -1.36157E-12 -1.22716E-12  2.72611E-16  1.79114E-16
  3.500E+01  9.04240E-02 -4.55149E-12 -4.20996E-12 -1.33189E-12 -1.22410E-12  0.00000E+00  8.69092E-17
  3.550E+01  9.29422E-02 -4.38575E-12 -4.13611E-12 -1.30304E-12 -1.22082E-12  3.44294E-16  1.68752E-16
  3.600E+01  9.54915E-02 -4.22742E-12 -4.06356E-12 -1.27501E-12 -1.21731E-12  8.38294E-17  1.63903E-16
  3.650E+01  9.80716E-02 -4.07611E-12 -3.99232E-12 -1.24775E-12 -1.21361E-12  2.45041E-16  3.98145E-16
  3.700E+01  1.00682E-01 -3.93143E-12 -3.92238E-12 -1.22124E-12 -1.20972E-12  1.59243E-16  4.64422E-16
  3.750E+01  1.03323E-01 -3.79304E-12 -3.85374E-12 -1.19546E-12 -1.20565E-12  4.65885E-16  4.51619E-16
  3.800E+01  1.05995E-01 -3.66058E-12 -3.78639E-12 -1.17037E-12 -1.20143E-12  3.03017E-16  0.00000E+00
  3.850E+01  1.08696E-01 -3.53374E-12 -3.72032E-12 -1.14595E-12 -1.19706E-12  2.95750E-16  0.00000E+00
  3.900E+01  1.11427E-01 -3.41224E-12 -3.65551E-12 -1.12217E-12 -1.19256E-12  2.88773E-16  2.77483E-16
  3.950E+01  1.14188E-01 -3.29579E-12 -3.59194E-12 -1.09902E-12 -1.18792E-12  1.41036E-16  1.35115E-16
  4.000E+01  1.16978E-01 -3.18415E-12 -3.52960E-12 -1.07647E-12 -1.18317E-12  4.13449E-16  2.63259E-16
  4.050E+01  1.19797E-01 -3.07706E-12 -3.46848E-12 -1.05450E-12 -1.17832E-12  2.69441E-16  0.00000E+00
  4.100E+01  1.22645E-01 -2.97429E-12 -3.40855E-12 -1.03309E-12 -1.17336E-12  1.31743E-16  1.25051E-16
  4.150E+01  1.25522E-01 -2.87565E-12 -3.34981E-12 -1.01222E-12 -1.16832E-12  1.28878E-16  1.21946E-16
  4.200E+01  1.28428E-01 -2.78092E-12 -3.29221E-12 -9.91877E-13 -1.16319E-12  1.26120E-16  2.37910E-16
  4.250E+01  1.31361E-01 -2.68991E-12 -3.23575E-12 -9.72035E-13 -1.15798E-12  2.46928E-16  0.00000E+00
  4.300E+01  1.34323E-01 -2.60245E-12 -3.18040E-12 -9.52682E-13 -1.15271E-12  2.41810E-16  1.13296E-16
  4.350E+01  1.37313E-01 -2.51836E-12 -3.12615E-12 -9.33802E-13 -1.14737E-12  1.18439E-16  1.10618E-16
  4.400E+01  1.40330E-01 -2.43750E-12 -3.07296E-12 -9.15379E-13 -1.14197E-12  2.32123E-16  1.08034E-16
  4.450E+01  1.43375E-01 -2.35970E-12 -3.02083E-12 -8.97398E-13 -1.13651E-12  0.00000E+00  1.05541E-16
  4.500E+01  1.46447E-01 -2.28483E-12 -2.96973E-12 -8.79845E-13 -1.13101E-12  4.46224E-16  1.03134E-16
  4.550E+01  1.49545E-01 -2.21276E-12 -2.91964E-12 -8.62708E-13 -1.12546E-12  1.09421E-16  0.00000E+00
  4.600E+01  1.52671E-01 -2.14336E-12 -2.87053E-12 -8.45972E-13 -1.11988E-12  0.00000E+00  9.85628E-17
  4.650E+01  1.55823E-01 -2.07650E-12 -2.82239E-12 -8.29626E-13 -1.11425E-12  2.10737E-16  0.00000E+00
  4.700E+01  1.59001E-01 -2.01207E-12 -2.77519E-12 -8.13657E-13 -1.10860E-12  1.03446E-16  9.42933E-17
  4.750E+01  1.62205E-01 -1.94998E-12 -2.72891E-12 -7.98055E-13 -1.10292E-12  3.04762E-16  9.22634E-17
  4.800E+01  1.65435E-01 -1.89011E-12 -2.68355E-12 -7.82808E-13 -1.09721E-12  0.00000E+00  1.80599E-16
  4.850E+01  1.68690E-01 -1.83237E-12 -2.63906E-12 -7.67905E-13 -1.09148E-12  0.00000E+00  0.00000E+00
  4.900E+01  1.71970E-01 -1.77668E-12 -2.59545E-12 -7.53336E-13 -1.08573E-12  1.92749E-16  8.65587E-17
  4.950E+01  1.75276E-01 -1.72293E-12 -2.55268E-12 -7.39093E-13 -1.07996E-12  0.00000E+00  2.54330E-16
  5.000E+01  1.78606E-01 -1.67106E-12 -2.51073E-12 -7.25164E-13 -1.07418E-12  1.86354E-16  0.00000E+00
  5.050E+01  1.81961E-01 -1.62097E-12 -2.46959E-12 -7.11541E-13 -1.06839E-12  0.00000E+00  8.13777E-17
  5.100E+01  1.85340E-01 -1.57261E-12 -2.42925E-12 -6.98216E-13 -1.06259E-12  1.80364E-16  7.97562E-17
  5.150E+01  1.88743E-01 -1.52589E-12 -2.38967E-12 -6.85180E-13 -1.05678E-12  0.00000E+00  1.56368E-16
  5.200E+01  1.92169E-01 -1.48076E-12 -2.35086E-12 -6.72424E-13 -1.05097E-12  8.73731E-17  2.29977E-16
  5.250E+01  1.95619E-01 -1.43714E-12 -2.31278E-12 -6.59942E-13 -1.04515E-12  8.60344E-17  7.51799E-17
  5.300E+01  1.99092E-01 -1.39498E-12 -2.27542E-12 -6.47725E-13 -1.03934E-12  8.47372E-17  0.00000E+00
  5.350E+01  2.02589E-01 -1.35422E-12 -2.23877E-12 -6.35767E-13 -1.03352E-12  1.66960E-16  0.00000E+00
  5.400E+01  2.06107E-01 -1.31480E-12 -2.20281E-12 -6.24059E-13 -1.02770E-12  0.00000E+00  0.00000E+00
  5.450E+01  2.09649E-01 -1.27667E-12 -2.16752E-12 -6.12597E-13 -1.02189E-12  0.00000E+00  2.09052E-16
  5.500E+01  2.13212E-01 -1.23978E-12 -2.13288E-12 -6.01372E-13 -1.01608E-12  7.99344E-17  1.36815E-16
  5.550E+01  2.16797E-01 -1.20409E-12 -2.09890E-12 -5.90379E-13 -1.01027E-12  7.88233E-17  6.71670E-17
  5.600E+01  2.20404E-01 -1.16954E-12 -2.06554E-12 -5.79611E-13 -1.00447E-12  7.77454E-17  1.31923E-16
  5.650E+01  2.24032E-01 -1.13610E-12 -2.03280E-12 -5.69064E-13 -9.98684E-13  7.66997E-17  6.47896E-17
  5.700E+01  2.27680E-01 -1.10372E-12 -2.00066E-12 -5.58730E-13 -9.92902E-13  0.00000E+00  1.27300E-16
  5.750E+01  2.31350E-01 -1.07236E-12 -1.96910E-12 -5.48605E-13 -9.87130E-13  7.47005E-17  1.87625E-16
  5.800E+01  2.35040E-01 -1.04198E-12 -1.93812E-12 -5.38683E-13 -9.81369E-13  7.37449E-17  0.00000E+00
  5.850E+01  2.38751E-01 -1.01256E-12 -1.90770E-12 -5.28960E-13 -9.75619E-13  1.45635E-16  6.04140E-17
  5.900E+01  2.42481E-01 -9.84046E-13 -1.87784E-12 -5.19429E-13 -9.69881E-13  1.43833E-16  1.18786E-16
  5.950E+01  2.46231E-01 -9.56416E-13 -1.84851E-12 -5.10087E-13 -9.64155E-13  0.00000E+00  5.83987E-17
  6.000E+01  2.50000E-01 -9.29634E-13 -1.81970E-12 -5.00928E-13 -9.58444E-13  1.40387E-16  0.00000E+00
  6.050E+01  2.53788E-01 -9.03669E-13 -1.79141E-12 -4.91949E-13 -9.52746E-13  6.93689E-17  5.64879E-17
  6.100E+01  2.57595E-01 -8.78494E-13 -1.76361E-12 -4.83145E-13 -9.47064E-13  1.37137E-16  0.00000E+00
  6.150E+01  2.61421E-01 -8.54079E-13 -1.73631E-12 -4.74511E-13 -9.41396E-13  6.77907E-17  5.46748E-17
  6.200E+01  2.65264E-01 -8.30400E-13 -1.70949E-12 -4.66044E-13 -9.35744E-13  0.00000E+00  5.38029E-17
  6.250E+01  2.69126E-01 -8.07430E-13 -1.68314E-12 -4.57739E-13 -9.30109E-13  6.63017E-17  5.29531E-17
  6.300E+01  2.73005E-01 -7.85145E-13 -1.65726E-12 -4.49593E-13 -9.24490E-13  6.55889E-17  1.04249E-16
  6.350E+01  2.76901E-01 -7.63520E-13 -1.63182E-12 -4.41602E-13 -9.18888E-13  6.48965E-17  1.02633E-16
  6.400E+01  2.80814E-01 -7.42533E-13 -1.60682E-12 -4.33762E-13 -9.13304E-13  6.42240E-17  0.00000E+00
  6.450E+01  2.84744E-01 -7.22162E-13 -1.58225E-12 -4.26070E-13 -9.07737E-13  0.00000E+00  0.00000E+00
  6.500E+01  2.88691E-01 -7.02386E-13 -1.55810E-12 -4.18522E-13 -9.02188E-13  0.00000E+00  9.80212E-17
  6.550E+01  2.92653E-01 -6.83186E-13 -1.53436E-12 -4.11116E-13 -8.96658E-13  1.24638E-16  1.44837E-16
  6.600E+01  2.96632E-01 -6.64543E-13 -1.51103E-12 -4.03847E-13 -8.91146E-13  0.00000E+00  9.51300E-17
  6.650E+01  3.00625E-01 -6.46439E-13 -1.48810E-12 -3.96714E-13 -8.85653E-13  0.00000E+00  0.00000E+00
  6.700E+01  3.04634E-01 -6.28855E-13 -1.46555E-12 -3.89712E-13 -8.80179E-13  1.21145E-16  4.61876E-17
  6.750E+01  3.08658E-01 -6.11773E-13 -1.44338E-12 -3.82839E-13 -8.74724E-13  6.00232E-17  9.10465E-17
  6.800E+01  3.12697E-01 -5.95178E-13 -1.42158E-12 -3.76092E-13 -8.69289E-13  1.18979E-16  0.00000E+00
  6.850E+01  3.16749E-01 -5.79052E-13 -1.40014E-12 -3.69468E-13 -8.63873E-13  0.00000E+00  8.84812E-17
  6.900E+01  3.20816E-01 -5.63383E-13 -1.37906E-12 -3.62965E-13 -8.58476E-13  1.16937E-16  8.72428E-17
  6.950E+01  3.24896E-01 -5.48157E-13 -1.35832E-12 -3.56580E-13 -8.53100E-13  1.15959E-16  4.30165E-17
  7.000E+01  3.28990E-01 -5.33358E-13 -1.33794E-12 -3.50310E-13 -8.47743E-13  0.00000E+00  8.48505E-17
  7.050E+01  3.33097E-01 -5.18973E-13 -1.31788E-12 -3.44153E-13 -8.42407E-13  5.70441E-17  0.00000E+00
  7.100E+01  3.37216E-01 -5.04987E-13 -1.29815E-12 -3.38106E-13 -8.37090E-13  5.65968E-17  0.00000E+00
  7.150E+01  3.41348E-01 -4.91387E-13 -1.27873E-12 -3.32168E-13 -8.31794E-13  0.00000E+00  0.00000E+00
  7.200E+01  3.45492E-01 -4.78162E-13 -1.25963E-12 -3.26336E-13 -8.26518E-13  0.00000E+00  0.00000E+00
  7.250E+01  3.49647E-01 -4.65306E-13 -1.24085E-12 -3.20607E-13 -8.21261E-13  5.53328E-17  0.00000E+00
  7.300E+01  3.53814E-01 -4.52804E-13 -1.22237E-12 -3.14980E-13 -8.16025E-13  5.49360E-17  0.00000E+00
  7.350E+01  3.57992E-01 -4.40642E-13 -1.20418E-12 -3.09452E-13 -8.10810E-13  5.45514E-17  0.00000E+00
  7.400E+01  3.62181E-01 -4.28810E-13 -1.18628E-12 -3.04021E-13 -8.05615E-13  5.41785E-17  0.00000E+00
  7.450E+01  3.66381E-01 -4.17299E-13 -1.16866E-12 -2.98686E-13 -8.00439E-13  5.38171E-17  0.00000E+00
  7.500E+01  3.70590E-01 -4.06101E-13 -1.15132E-12 -2.93445E-13 -7.95284E-13  0.00000E+00  0.00000E+00
  7.550E+01  3.74810E-01 -3.95206E-13 -1.13425E-12 -2.88294E-13 -7.90150E-13  5.31275E-17  0.00000E+00
  7.600E+01  3.79039E-01 -3.84606E-13 -1.11746E-12 -2.83234E-13 -7.85035E-13  5.27987E-17  0.00000E+00
  7.650E+01  3.83277E-01 -3.74290E-13 -1.10092E-12 -2.78262E-13 -7.79941E-13  5.24804E-17  0.00000E+00
  7.700E+01  3.87524E-01 -3.64249E-13 -1.08464E-12 -2.73375E-13 -7.74867E-13  5.21725E-17  0.00000E+00
  7.750E+01  3.91780E-01 -3.54476E-13 -1.06862E-12 -2.68573E-13 -7.69812E-13  5.18747E-17  0.00000E+00
  7.800E+01  3.96044E-01 -3.44964E-13 -1.05284E-12 -2.63854E-13 -7.64778E-13  1.03173E-16  0.00000E+00
  7.850E+01  4.00316E-01 -3.35704E-13 -1.03731E-12 -2.59217E-13 -7.59764E-13  1.53925E-16  0.00000E+00
  7.900E+01  4.04596E-01 -3.26690E-13 -1.02201E-12 -2.54658E-13 -7.54770E-13  0.00000E+00  0.00000E+00
  7.950E+01  4.08882E-01 -3.17915E-13 -1.00695E-12 -2.50178E-13 -7.49795E-13  5.07802E-17  0.00000E+00
  8.000E+01  4.13176E-01 -3.09370E-13 -9.92119E-13 -2.45775E-13 -7.44841E-13  0.00000E+00  0.00000E+00
  8.050E+01  4.17476E-01 -3.01051E-13 -9.77512E-13 -2.41446E-13 -7.39906E-13  0.00000E+00  0.00000E+00
  8.100E+01  4.21783E-01 -2.92949E-13 -9.63126E-13 -2.37191E-13 -7.34990E-13  1.00112E-16  0.00000E+00
  8.150E+01  4.26095E-01 -2.85059E-13 -9.48957E-13 -2.33009E-13 -7.30094E-13  0.00000E+00  0.00000E+00
  8.200E+01  4.30413E-01 -2.77375E-13 -9.35001E-13 -2.28897E-13 -7.25218E-13  0.00000E+00  0.00000E+00
  8.250E+01  4.34737E-01 -2.69892E-13 -9.21254E-13 -2.24855E-13 -7.20361E-13  4.94104E-17  0.00000E+00
  8.300E+01  4.39065E-01 -2.62603E-13 -9.07713E-13 -2.20881E-13 -7.15523E-13  0.00000E+00  0.00000E+00
  8.350E+01  4.43398E-01 -2.55504E-13 -8.94374E-13 -2.16975E-13 -7.10704E-13  4.90217E-17  0.00000E+00
  8.400E+01  4.47736E-01 -2.48588E-13 -8.81233E-13 -2.13134E-13 -7.05904E-13  4.88394E-17  0.00000E+00
  8.450E+01  4.52077E-01 -2.41852E-13 -8.68286E-13 -2.09357E-13 -7.01123E-13  0.00000E+00  0.00000E+00
  8.500E+01  4.56422E-01 -2.35288E-13 -8.55529E-13 -2.05644E-13 -6.96361E-13  9.69975E-17  0.00000E+00
  8.550E+01  4.60770E-01 -2.28894E-13 -8.42960E-13 -2.01994E-13 -6.91618E-13  4.83401E-17  0.00000E+00
  8.600E+01  4.65122E-01 -2.22664E-13 -8.30575E-13 -1.98404E-13 -6.86893E-13  4.81890E-17  0.00000E+00
  8.650E+01  4.69476E-01 -2.16595E-13 -8.18372E-13 -1.94874E-13 -6.82187E-13  4.80455E-17  0.00000E+00
  8.700E+01  4.73832E-01 -2.10681E-13 -8.06346E-13 -1.91404E-13 -6.77499E-13  0.00000E+00  0.00000E+00
  8.750E+01  4.78190E-01 -2.04918E-13 -7.94495E-13 -1.87991E-13 -6.72829E-13  4.77808E-17  0.00000E+00
  8.800E+01  4.82550E-01 -1.99302E-13 -7.82816E-13 -1.84635E-13 -6.68178E-13  0.00000E+00  0.00000E+00
  8.850E+01  4.86912E-01 -1.93830E-13 -7.71305E-13 -1.81334E-13 -6.63545E-13  9.50906E-17  0.00000E+00
  8.900E+01  4.91274E-01 -1.88497E-13 -7.59960E-13 -1.78089E-13 -6.58929E-13  4.74383E-17  0.00000E+00
  8.950E+01  4.95637E-01 -1.83299E-13 -7.48777E-13 -1.74898E-13 -6.54331E-13  0.00000E+00  0.00000E+00
  9.000E+01  5.00000E-01 -1.78234E-13 -7.37756E-13 -1.71759E-13 -6.49751E-13  4.72456E-17  0.00000E+00
  9.050E+01  5.04363E-01 -1.73298E-13 -7.26892E-13 -1.68673E-13 -6.45189E-13  0.00000E+00  0.00000E+00
  9.100E+01  5.08726E-01 -1.68486E-13 -7.16182E-13 -1.65637E-13 -6.40644E-13  4.70806E-17  0.00000E+00
  9.150E+01  5.13088E-01 -1.63797E-13 -7.05625E-13 -1.62652E-13 -6.36116E-13  0.00000E+00  0.00000E+00
  9.200E+01  5.17450E-01 -1.59226E-13 -6.95218E-13 -1.59716E-13 -6.31605E-13  0.00000E+00  0.00000E+00
  9.250E+01  5.21810E-01 -1.54770E-13 -6.84957E-13 -1.56829E-13 -6.27112E-13  4.68847E-17  0.00000E+00
  9.300E+01  5.26168E-01 -1.50427E-13 -6.74841E-13 -1.53989E-13 -6.22635E-13  0.00000E+00  0.00000E+00
  9.350E+01  5.30524E-01 -1.46194E-13 -6.64868E-13 -1.51197E-13 -6.18175E-13  4.67878E-17  0.00000E+00
  9.400E+01  5.34878E-01 -1.42067E-13 -6.55035E-13 -1.48450E-13 -6.13732E-13  4.67494E-17  0.00000E+00
  9.450E+01  5.39230E-01 -1.38044E-13 -6.45340E-13 -1.45749E-13 -6.09305E-13  0.00000E+00  0.00000E+00
  9.500E+01  5.43578E-01 -1.34123E-13 -6.35780E-13 -1.43092E-13 -6.04895E-13  2.33462E-17  0.00000E+00
  9.550E+01  5.47923E-01 -1.30300E-13 -6.26353E-13 -1.40479E-13 -6.00501E-13  4.66738E-17  0.00000E+00
  9.600E+01  5.52264E-01 -1.26573E-13 -6.17058E-13 -1.37909E-13 -5.96123E-13  2.33309E-17  0.00000E+00
  9.650E+01  5.56602E-01 -1.22940E-13 -6.07891E-13 -1.35382E-13 -5.91761E-13  4.66565E-17  0.00000E+00
  9.700E+01  5.60935E-01 -1.19398E-13 -5.98852E-13 -1.32896E-13 -5.87415E-13  0.00000E+00  0.00000E+00
  9.750E+01  5.65263E-01 -1.15946E-13 -5.89938E-13 -1.30451E-13 -5.83085E-13  2.33326E-17  0.00000E+00
  9.800E+01  5.69587E-01 -1.12580E-13 -5.81148E-13 -1.28046E-13 -5.78770E-13  0.00000E+00  0.00000E+00
  9.850E+01  5.73905E-01 -1.09298E-13 -5.72478E-13 -1.25681E-13 -5.74471E-13  2.33501E-17  0.00000E+00
  9.900E+01  5.78217E-01 -1.06099E-13 -5.63928E-13 -1.23355E-13 -5.70187E-13  0.00000E+00  0.00000E+00
  9.950E+01  5.82524E-01 -1.02979E-13 -5.55495E-13 -1.21068E-13 -5.65919E-13  2.33807E-17  0.00000E+00
  1.000E+02  5.86824E-01 -9.99384E-14 -5.47177E-13 -1.18818E-13 -5.61666E-13  2.34009E-17  0.00000E+00
  1.005E+02  5.91118E-01 -9.69737E-14 -5.38973E-13 -1.16605E-13 -5.57427E-13  2.34244E-17  0.00000E+00
  1.010E+02  5.95404E-01 -9.40834E-14 -5.30882E-13 -1.14429E-13 -5.53204E-13  2.34511E-17  0.00000E+00
  1.015E+02  5.99684E-01 -9.12657E-14 -5.22901E-13 -1.12288E-13 -5.48995E-13  7.04436E-17  0.00000E+00
  1.020E+02  6.03956E-01 -8.85187E-14 -5.15029E-13 -1.10183E-13 -5.44801E-13  2.35146E-17  0.00000E+00
  1.025E+02  6.08220E-01 -8.58406E-14 -5.07264E-13 -1.08113E-13 -5.40622E-13  7.06539E-17  0.00000E+00
  1.030E+02  6.12476E-01 -8.32295E-14 -4.99605E-13 -1.06077E-13 -5.36457E-13  0.00000E+00  0.00000E+00
  1.035E+02  6.16723E-01 -8.06840E-14 -4.92049E-13 -1.04075E-13 -5.32306E-13  2.36348E-17  0.00000E+00
  1.040E+02  6.20961E-01 -7.82024E-14 -4.84596E-13 -1.02106E-13 -5.28169E-13  4.73632E-17  0.00000E+00
  1.045E+02  6.25190E-01 -7.57832E-14 -4.77243E-13 -1.00169E-13 -5.24046E-13  7.11953E-17  0.00000E+00
  1.050E+02  6.29410E-01 -7.34249E-14 -4.69991E-13 -9.82647E-14 -5.19937E-13  4.75707E-17  2.06541E-17
  1.055E+02  6.33619E-01 -7.11258E-14 -4.62836E-13 -9.63919E-14 -5.15842E-13  7.15270E-17  0.00000E+00
  1.060E+02  6.37819E-01 -6.88846E-14 -4.55778E-13 -9.45502E-14 -5.11760E-13  9.56113E-17  2.03514E-17
  1.065E+02  6.42008E-01 -6.66997E-14 -4.48815E-13 -9.27391E-14 -5.07692E-13  4.79336E-17  0.00000E+00
  1.070E+02  6.46186E-01 -6.45697E-14 -4.41946E-13 -9.09582E-14 -5.03637E-13  4.80686E-17  4.01167E-17
  1.075E+02  6.50353E-01 -6.24935E-14 -4.35169E-13 -8.92069E-14 -4.99596E-13  4.82106E-17  0.00000E+00
  1.080E+02  6.54508E-01 -6.04697E-14 -4.28483E-13 -8.74849E-14 -4.95567E-13  2.41799E-17  1.97747E-17
  1.085E+02  6.58652E-01 -5.84971E-14 -4.21888E-13 -8.57916E-14 -4.91552E-13  7.27743E-17  1.96363E-17
  1.090E+02  6.62784E-01 -5.65743E-14 -4.15381E-13 -8.41267E-14 -4.87549E-13  1.21700E-16  0.00000E+00
  1.095E+02  6.66903E-01 -5.47001E-14 -4.08962E-13 -8.24896E-14 -4.83559E-13  4.88509E-17  1.93662E-17
  1.100E+02  6.71010E-01 -5.28733E-14 -4.02628E-13 -8.08800E-14 -4.79582E-13  7.35441E-17  0.00000E+00
  1.105E+02  6.75104E-01 -5.10927E-14 -3.96380E-13 -7.92974E-14 -4.75618E-13  0.00000E+00  1.91045E-17
  1.110E+02  6.79184E-01 -4.93573E-14 -3.90215E-13 -7.77414E-14 -4.71666E-13  9.88180E-17  3.79537E-17
  1.115E+02  6.83251E-01 -4.76660E-14 -3.84133E-13 -7.62116E-14 -4.67726E-13  1.24026E-16  3.77023E-17
  1.120E+02  6.87303E-01 -4.60178E-14 -3.78133E-13 -7.47076E-14 -4.63798E-13  2.49097E-17  0.00000E+00
  1.125E+02  6.91342E-01 -4.44116E-14 -3.72213E-13 -7.32290E-14 -4.59882E-13  7.50544E-17  3.72115E-17
  1.130E+02  6.95366E-01 -4.28464E-14 -3.66373E-13 -7.17755E-14 -4.55979E-13  0.00000E+00  1.84860E-17
  1.135E+02  6.99375E-01 -4.13210E-14 -3.60611E-13 -7.03465E-14 -4.52087E-13  7.57412E-17  3.67361E-17
  1.140E+02  7.03368E-01 -3.98345E-14 -3.54926E-13 -6.89419E-14 -4.48206E-13  5.07353E-17  3.65040E-17
  1.145E+02  7.07347E-01 -3.83861E-14 -3.49317E-13 -6.75611E-14 -4.44338E-13  5.09848E-17  1.81377E-17
  1.150E+02  7.11309E-01 -3.69748E-14 -3.43784E-13 -6.62039E-14 -4.40481E-13  3.84320E-17  3.60506E-17
  1.155E+02  7.15256E-01 -3.55999E-14 -3.38325E-13 -6.48698E-14 -4.36635E-13  0.00000E+00  3.58293E-17
  1.160E+02  7.19186E-01 -3.42604E-14 -3.32939E-13 -6.35586E-14 -4.32800E-13  9.06223E-17  3.56114E-17
  1.165E+02  7.23099E-01 -3.29554E-14 -3.27626E-13 -6.22698E-14 -4.28977E-13  6.50850E-17  3.53969E-17
  1.170E+02  7.26995E-01 -3.16840E-14 -3.22385E-13 -6.10031E-14 -4.25165E-13  5.23608E-17  0.00000E+00
  1.175E+02  7.30874E-01 -3.04454E-14 -3.17213E-13 -5.97583E-14 -4.21363E-13  3.94971E-17  5.24669E-17
  1.180E+02  7.34736E-01 -2.92389E-14 -3.12112E-13 -5.85349E-14 -4.17573E-13  1.32435E-17  1.73867E-17
  1.185E+02  7.38579E-01 -2.80637E-14 -3.07079E-13 -5.73327E-14 -4.13793E-13  7.99415E-17  1.72860E-17
  1.190E+02  7.42405E-01 -2.69191E-14 -3.02114E-13 -5.61513E-14 -4.10023E-13  1.34061E-17  6.87473E-17
  1.195E+02  7.46212E-01 -2.58044E-14 -2.97217E-13 -5.49904E-14 -4.06264E-13  5.39639E-17  1.70892E-17
  1.200E+02  7.50000E-01 -2.47188E-14 -2.92385E-13 -5.38497E-14 -4.02516E-13  5.43134E-17  6.79727E-17
  1.205E+02  7.53769E-01 -2.36615E-14 -2.87620E-13 -5.27289E-14 -3.98778E-13  4.10046E-17  5.06958E-17
  1.210E+02  7.57519E-01 -2.26319E-14 -2.82918E-13 -5.16278E-14 -3.95049E-13  8.25638E-17  3.36110E-17
  1.215E+02  7.61249E-01 -2.16293E-14 -2.78281E-13 -5.05459E-14 -3.91331E-13  4.15669E-17  5.01415E-17
  1.220E+02  7.64960E-01 -2.06531E-14 -2.73706E-13 -4.94830E-14 -3.87623E-13  4.18599E-17  0.00000E+00
  1.225E+02  7.68650E-01 -1.97028E-14 -2.69194E-13 -4.84388E-14 -3.83925E-13  2.81073E-17  4.96043E-17
  1.230E+02  7.72320E-01 -1.87776E-14 -2.64744E-13 -4.74131E-14 -3.80236E-13  5.66267E-17  6.57892E-17
  1.235E+02  7.75968E-01 -1.78770E-14 -2.60355E-13 -4.64056E-14 -3.76557E-13  5.70501E-17  1.63612E-17
  1.240E+02  7.79596E-01 -1.70003E-14 -2.56026E-13 -4.54159E-14 -3.72888E-13  0.00000E+00  6.51059E-17
  1.245E+02  7.83203E-01 -1.61469E-14 -2.51756E-13 -4.44438E-14 -3.69228E-13  1.08621E-16  1.61930E-17
  1.250E+02  7.86788E-01 -1.53162E-14 -2.47545E-13 -4.34891E-14 -3.65577E-13  2.91946E-17  6.44436E-17
  1.255E+02  7.90351E-01 -1.45078E-14 -2.43392E-13 -4.25515E-14 -3.61936E-13  8.82889E-17  4.80901E-17
  1.260E+02  7.93893E-01 -1.37211E-14 -2.39296E-13 -4.16307E-14 -3.58303E-13  1.11265E-16  0.00000E+00
  1.265E+02  7.97411E-01 -1.29557E-14 -2.35258E-13 -4.07265E-14 -3.54680E-13  2.24386E-17  6.34884E-17
  1.270E+02  8.00908E-01 -1.22111E-14 -2.31276E-13 -3.98386E-14 -3.51065E-13  1.50859E-16  0.00000E+00
  1.275E+02  8.04381E-01 -1.14865E-14 -2.27349E-13 -3.89668E-14 -3.47460E-13  6.08641E-17  4.71572E-17
  1.280E+02  8.07831E-01 -1.07816E-14 -2.23477E-13 -3.81108E-14 -3.43863E-13  9.97713E-17  4.69330E-17
  1.285E+02  8.11257E-01 -1.00957E-14 -2.19660E-13 -3.72704E-14 -3.40274E-13  1.23890E-16  3.11415E-17
  1.290E+02  8.14660E-01 -9.42862E-15 -2.15896E-13 -3.64454E-14 -3.36694E-13  3.90662E-17  4.64951E-17
  1.295E+02  8.18039E-01 -8.77983E-15 -2.12185E-13 -3.56354E-14 -3.33123E-13  1.49817E-16  1.54271E-17
  1.300E+02  8.21394E-01 -8.14895E-15 -2.08527E-13 -3.48403E-14 -3.29560E-13  7.16288E-17  6.14278E-17
  1.305E+02  8.24724E-01 -7.53551E-15 -2.04921E-13 -3.40599E-14 -3.26005E-13  1.20513E-16  1.52879E-17
  1.310E+02  8.28030E-01 -6.93902E-15 -2.01367E-13 -3.32939E-14 -3.22458E-13  1.54120E-16  1.52200E-17
  1.315E+02  8.31310E-01 -6.35902E-15 -1.97863E-13 -3.25421E-14 -3.18919E-13  4.50494E-17  6.06125E-17
  1.320E+02  8.34565E-01 -5.79506E-15 -1.94410E-13 -3.18043E-14 -3.15388E-13  1.86120E-16  0.00000E+00
  1.325E+02  8.37795E-01 -5.24682E-15 -1.91006E-13 -3.10802E-14 -3.11865E-13  6.68412E-17  4.50677E-17
  1.330E+02  8.40999E-01 -4.71397E-15 -1.87652E-13 -3.03697E-14 -3.08349E-13  1.56146E-16  1.49589E-17
  1.335E+02  8.44177E-01 -4.19617E-15 -1.84347E-13 -2.96726E-14 -3.04841E-13  1.62024E-16  2.97923E-17
  1.340E+02  8.47329E-01 -3.69306E-15 -1.81091E-13 -2.89885E-14 -3.01341E-13  5.17013E-17  4.45035E-17
  1.345E+02  8.50455E-01 -3.20419E-15 -1.77882E-13 -2.83174E-14 -2.97848E-13  1.93761E-16  0.00000E+00
  1.350E+02  8.53553E-01 -2.72915E-15 -1.74721E-13 -2.76590E-14 -2.94363E-13  6.16141E-17  4.41422E-17
  1.355E+02  8.56625E-01 -2.26755E-15 -1.71607E-13 -2.70131E-14 -2.90885E-13  1.55713E-16  1.46553E-17
  1.360E+02  8.59670E-01 -1.81911E-15 -1.68539E-13 -2.63795E-14 -2.87414E-13  1.59680E-16  4.37927E-17
  1.365E+02  8.62687E-01 -1.38356E-15 -1.65517E-13 -2.57581E-14 -2.83950E-13  5.91278E-17  1.45407E-17
  1.370E+02  8.65677E-01 -9.60642E-16 -1.62540E-13 -2.51485E-14 -2.80493E-13  1.94338E-16  1.44848E-17
  1.375E+02  8.68639E-01 -5.50047E-16 -1.59610E-13 -2.45507E-14 -2.77043E-13  5.40835E-17  2.88597E-17
  1.380E+02  8.71572E-01 -1.51413E-16 -1.56724E-13 -2.39645E-14 -2.73599E-13  1.55157E-16  0.00000E+00
  1.385E+02  8.74478E-01  2.35641E-16 -1.53882E-13 -2.33896E-14 -2.70163E-13  1.41351E-16  1.43226E-17
  1.390E+02  8.77355E-01  6.11463E-16 -1.51084E-13 -2.28259E-14 -2.66733E-13  6.80498E-17  1.42703E-17
  1.395E+02  8.80203E-01  9.76329E-16 -1.48329E-13 -2.22731E-14 -2.63309E-13  1.73076E-16  0.00000E+00
  1.400E+02  8.83022E-01  1.33045E-15 -1.45618E-13 -2.17312E-14 -2.59892E-13  2.71392E-17  5.66734E-17
  1.405E+02  8.85812E-01  1.67400E-15 -1.42949E-13 -2.11998E-14 -2.56482E-13  1.47346E-16  1.41187E-17
  1.410E+02  8.88573E-01  2.00721E-15 -1.40324E-13 -2.06790E-14 -2.53077E-13  1.03658E-16  2.81397E-17
  1.415E+02  8.91304E-01  2.33037E-15 -1.37740E-13 -2.01684E-14 -2.49679E-13  8.19138E-17  2.80437E-17
  1.420E+02  8.94005E-01  2.64384E-15 -1.35198E-13 -1.96678E-14 -2.46287E-13  1.34788E-16  0.00000E+00
  1.425E+02  8.96677E-01  2.94800E-15 -1.32697E-13 -1.91773E-14 -2.42901E-13  1.31254E-17  4.17850E-17
  1.430E+02  8.99318E-01  3.24313E-15 -1.30236E-13 -1.86964E-14 -2.39520E-13  1.38258E-16  1.38828E-17
  1.435E+02  9.01928E-01  3.52947E-15 -1.27816E-13 -1.82252E-14 -2.36146E-13  3.23197E-17  2.76761E-17
  1.440E+02  9.04508E-01  3.80683E-15 -1.25437E-13 -1.77634E-14 -2.32777E-13  1.14599E-16  1.37941E-17
  1.445E+02  9.07058E-01  4.07515E-15 -1.23098E-13 -1.73108E-14 -2.29414E-13  7.74068E-17  0.00000E+00
  1.450E+02  9.09576E-01  4.33539E-15 -1.20799E-13 -1.68673E-14 -2.26056E-13  7.84363E-17  4.11257E-17
  1.455E+02  9.12063E-01  4.58784E-15 -1.18539E-13 -1.64328E-14 -2.22704E-13  1.07877E-16  1.36670E-17
  1.460E+02  9.14519E-01  4.83257E-15 -1.16317E-13 -1.60070E-14 -2.19358E-13  3.45270E-17  2.72522E-17
  1.465E+02  9.16943E-01  5.06965E-15 -1.14134E-13 -1.55899E-14 -2.16016E-13  1.39989E-16  6.79300E-17
  1.470E+02  9.19335E-01  5.29916E-15 -1.11990E-13 -1.51812E-14 -2.12680E-13  1.18258E-17  2.70933E-17
  1.475E+02  9.21696E-01  5.52129E-15 -1.09884E-13 -1.47808E-14 -2.09349E-13  1.55858E-16  4.05241E-17
  1.480E+02  9.24024E-01  5.73629E-15 -1.07816E-13 -1.43885E-14 -2.06023E-13  7.90117E-17  4.04104E-17
  1.485E+02  9.26320E-01  5.94446E-15 -1.05786E-13 -1.40042E-14 -2.02702E-13  1.10930E-16  0.00000E+00
  1.490E+02  9.28584E-01  6.14604E-15 -1.03792E-13 -1.36278E-14 -1.99386E-13  1.87485E-16  8.03790E-17
  1.495E+02  9.30815E-01  6.34123E-15 -1.01835E-13 -1.32591E-14 -1.96075E-13  5.07032E-17  2.67215E-17
  1.500E+02  9.33013E-01  6.53012E-15 -9.99154E-14 -1.28979E-14 -1.92768E-13  2.57121E-16  3.99772E-17
  1.505E+02  9.35178E-01  6.71281E-15 -9.80319E-14 -1.25441E-14 -1.89466E-13  9.12783E-17  6.64569E-17
  1.510E+02  9.37310E-01  6.88940E-15 -9.61849E-14 -1.21976E-14 -1.86169E-13  2.38084E-16  1.32577E-17
  1.515E+02  9.39409E-01  7.06009E-15 -9.43741E-14 -1.18581E-14 -1.82876E-13  2.28095E-16  6.61237E-17
  1.520E+02  9.41474E-01  7.22509E-15 -9.25991E-14 -1.15256E-14 -1.79588E-13  1.22502E-16  6.59622E-17
  1.525E+02  9.43505E-01  7.38463E-15 -9.08594E-14 -1.12000E-14 -1.76303E-13  3.17600E-16  5.26433E-17
  1.530E+02  9.45503E-01  7.53891E-15 -8.91548E-14 -1.08810E-14 -1.73023E-13  1.12076E-16  9.19091E-17
  1.535E+02  9.47467E-01  7.68804E-15 -8.74850E-14 -1.05686E-14 -1.69748E-13  2.98489E-16  2.61991E-17
  1.540E+02  9.49397E-01  7.83207E-15 -8.58501E-14 -1.02625E-14 -1.66476E-13  2.30741E-16  7.84196E-17
  1.545E+02  9.51293E-01  7.97109E-15 -8.42501E-14 -9.96274E-15 -1.63208E-13  1.46321E-16  1.04327E-16
  1.550E+02  9.53154E-01  8.10521E-15 -8.26847E-14 -9.66908E-15 -1.59944E-13  4.45385E-16  2.60252E-17
  1.555E+02  9.54981E-01  8.23462E-15 -8.11535E-14 -9.38141E-15 -1.56684E-13  1.05443E-16  1.03879E-16
  1.560E+02  9.56773E-01  8.35953E-15 -7.96563E-14 -9.09960E-15 -1.53428E-13  3.82090E-16  1.42536E-16
  1.565E+02  9.58530E-01  8.48012E-15 -7.81927E-14 -8.82350E-15 -1.50175E-13  3.25645E-16  3.87941E-17
  1.570E+02  9.60252E-01  8.59651E-15 -7.67624E-14 -8.55299E-15 -1.46926E-13  1.57331E-16  1.93583E-16
  1.575E+02  9.61940E-01  8.70873E-15 -7.53656E-14 -8.28794E-15 -1.43680E-13  4.30979E-16  7.08418E-17
  1.580E+02  9.63592E-01  8.81681E-15 -7.40022E-14 -8.02820E-15 -1.40438E-13  1.29551E-16  1.73553E-16
  1.585E+02  9.65209E-01  8.92085E-15 -7.26722E-14 -7.77366E-15 -1.37199E-13  4.10699E-16  2.37388E-16
  1.590E+02  9.66790E-01  9.02099E-15 -7.13751E-14 -7.52419E-15 -1.33964E-13  3.66616E-16  3.20210E-17
  1.595E+02  9.68336E-01  9.11742E-15 -7.01108E-14 -7.27964E-15 -1.30731E-13  1.52127E-16  2.81284E-16
  1.600E+02  9.69846E-01  9.21031E-15 -6.88788E-14 -7.03991E-15 -1.27502E-13  4.28590E-16  1.59544E-16
  1.605E+02  9.71321E-01  9.29977E-15 -6.76790E-14 -6.80486E-15 -1.24276E-13  1.04316E-16  2.29354E-16
  1.610E+02  9.72759E-01  9.38583E-15 -6.65114E-14 -6.57435E-15 -1.21053E-13  3.87860E-16  3.49826E-16
  1.615E+02  9.74162E-01  9.46848E-15 -6.53760E-14 -6.34828E-15 -1.17832E-13  3.21755E-16  6.35028E-18
  1.620E+02  9.75528E-01  9.54778E-15 -6.42729E-14 -6.12651E-15 -1.14615E-13  5.43645E-17  4.05784E-16
  1.625E+02  9.76858E-01  9.62384E-15 -6.32018E-14 -5.90891E-15 -1.11400E-13  3.67368E-16  2.72223E-16
  1.630E+02  9.78152E-01  9.69682E-15 -6.21624E-14 -5.69538E-15 -1.08187E-13  1.48926E-16  2.84465E-16
  1.635E+02  9.79410E-01  9.76691E-15 -6.11543E-14 -5.48577E-15 -1.04978E-13  2.07496E-16  4.98680E-16
  1.640E+02  9.80631E-01  9.83418E-15 -6.01774E-14 -5.27998E-15 -1.01771E-13  2.48438E-16  3.15183E-17
  1.645E+02  9.81815E-01  9.89867E-15 -5.92317E-14 -5.07787E-15 -9.85658E-14  1.93574E-17  5.35091E-16
  1.650E+02  9.82963E-01  9.96036E-15 -5.83172E-14 -4.87933E-15 -9.53634E-14  2.15635E-16  4.02369E-16
  1.655E+02  9.84074E-01  1.00192E-14 -5.74342E-14 -4.68424E-15 -9.21632E-14  1.38933E-16  3.39072E-16
  1.660E+02  9.85148E-01  1.00754E-14 -5.65823E-14 -4.49247E-15 -8.89652E-14  6.02700E-17  6.96135E-16
  1.665E+02  9.86185E-01  1.01290E-14 -5.57613E-14 -4.30392E-15 -8.57693E-14  1.82972E-16  6.89056E-17
  1.670E+02  9.87185E-01  1.01801E-14 -5.49708E-14 -4.11845E-15 -8.25755E-14  8.22715E-17  7.19564E-16
  1.675E+02  9.88148E-01  1.02290E-14 -5.42108E-14 -3.93595E-15 -7.93836E-14  6.24075E-17  5.62526E-16
  1.680E+02  9.89074E-01  1.02756E-14 -5.34810E-14 -3.75630E-15 -7.61935E-14  2.10335E-16  4.24577E-16
  1.685E+02  9.89962E-01  1.03198E-14 -5.27819E-14 -3.57939E-15 -7.30053E-14  1.27563E-16  9.16919E-16
  1.690E+02  9.90814E-01  1.03616E-14 -5.21133E-14 -3.40509E-15 -6.98188E-14  8.59309E-17  1.18400E-16
  1.695E+02  9.91627E-01  1.04011E-14 -5.14754E-14 -3.23330E-15 -6.66340E-14  3.03797E-16  9.46335E-16
  1.700E+02  9.92404E-01  1.04384E-14 -5.08678E-14 -3.06389E-15 -6.34507E-14  2.19111E-16  7.58896E-16
  1.705E+02  9.93143E-01  1.04737E-14 -5.02901E-14 -2.89675E-15 -6.02689E-14  1.76932E-16  5.53163E-16
  1.710E+02  9.93844E-01  1.05070E-14 -4.97422E-14 -2.73176E-15 -5.70886E-14  3.57044E-16  1.20482E-15
  1.715E+02  9.94508E-01  1.05384E-14 -4.92240E-14 -2.56881E-15 -5.39096E-14  1.35042E-16  1.73763E-16
  1.720E+02  9.95134E-01  1.05678E-14 -4.87357E-14 -2.40779E-15 -5.07318E-14  3.63056E-16  1.20308E-15
  1.725E+02  9.95722E-01  1.05951E-14 -4.82776E-14 -2.24856E-15 -4.75553E-14  3.20134E-16  9.79187E-16
  1.730E+02  9.96273E-01  1.06204E-14 -4.78497E-14 -2.09104E-15 -4.43799E-14  3.22471E-16  6.93680E-16
  1.735E+02  9.96786E-01  1.06436E-14 -4.74518E-14 -1.93509E-15 -4.12055E-14  5.56592E-16  1.55370E-15
  1.740E+02  9.97261E-01  1.06651E-14 -4.70834E-14 -1.78061E-15 -3.80321E-14  1.86716E-16  1.97976E-16
  1.745E+02  9.97698E-01  1.06849E-14 -4.67442E-14 -1.62749E-15 -3.48596E-14  5.63465E-16  1.60159E-15
  1.750E+02  9.98097E-01  1.07031E-14 -4.64344E-14 -1.47560E-15 -3.16880E-14  6.60957E-16  1.28564E-15
  1.755E+02  9.98459E-01  1.07195E-14 -4.61540E-14 -1.32483E-15 -2.85170E-14  4.27008E-16  9.82379E-16
  1.760E+02  9.98782E-01  1.07341E-14 -4.59035E-14 -1.17508E-15 -2.53468E-14  9.05477E-16  2.13699E-15
  1.765E+02  9.99067E-01  1.07467E-14 -4.56830E-14 -1.02623E-15 -2.21771E-14  2.87067E-16  2.53146E-16
  1.770E+02  9.99315E-01  1.07573E-14 -4.54924E-14 -8.78163E-16 -1.90080E-14  1.05618E-15  2.30238E-15
  1.775E+02  9.99524E-01  1.07664E-14 -4.53311E-14 -7.30773E-16 -1.58393E-14  9.14800E-16  1.84518E-15
  1.780E+02  9.99695E-01  1.07739E-14 -4.51988E-14 -5.83946E-16 -1.26710E-14  6.75673E-16  1.67823E-15
  1.785E+02  9.99829E-01  1.07800E-14 -4.50953E-14 -4.37569E-16 -9.50301E-15  1.64400E-15  3.51636E-15
  1.790E+02  9.99924E-01  1.07847E-14 -4.50206E-14 -2.91527E-16 -6.33522E-15  3.87347E-16  1.23368E-16
  1.795E+02  9.99981E-01  1.07876E-14 -4.49755E-14 -1.45709E-16 -3.16758E-15  2.71365E-15  6.72928E-15
  1.800E+02  1.00000E+00  1.07889E-14 -4.49602E-14 -2.04456E-30 -4.44518E-29  5.24945E-14  4.23596E-12
