 #  Scattering amplitudes (in cm)      MU=(1-cos(TH))/2
 #  Z =  79,   projectile: electron
 #  Kinetic energy = 5.95000E+06 eV
 #
 # TH (deg)      MU          Re(F)        Im(F)        Re(G)        Im(G)        ERRF         ERRG 
 #-----------------------------------------------------------------------------------------------------------------
  0.000E+00  0.00000E+00  1.26873E-06  2.01549E-07  0.00000E+00  0.00000E+00  1.50919E-09  0.00000E+00
  1.000E-04  7.61557E-13  1.26873E-06  2.01548E-07  1.01961E-12  1.61981E-13  1.50873E-09  2.20465E-07
  1.250E-04  1.18994E-12  1.26872E-06  2.01548E-07  1.27451E-12  2.02476E-13  1.50848E-09  2.20446E-07
  1.500E-04  1.71346E-12  1.26872E-06  2.01548E-07  1.52941E-12  2.42971E-13  1.50816E-09  2.20424E-07
  1.750E-04  2.33225E-12  1.26872E-06  2.01548E-07  1.78431E-12  2.83466E-13  1.50780E-09  2.20397E-07
  2.000E-04  3.04617E-12  1.26871E-06  2.01548E-07  2.03920E-12  3.23962E-13  1.50737E-09  2.20366E-07
  2.250E-04  3.85530E-12  1.26871E-06  2.01548E-07  2.29409E-12  3.64457E-13  1.50689E-09  2.20331E-07
  2.500E-04  4.75964E-12  1.26870E-06  2.01548E-07  2.54898E-12  4.04952E-13  1.50635E-09  2.20292E-07
  2.750E-04  5.75917E-12  1.26870E-06  2.01548E-07  2.80387E-12  4.45447E-13  1.50575E-09  2.20249E-07
  3.000E-04  6.85391E-12  1.26869E-06  2.01548E-07  3.05875E-12  4.85942E-13  1.50510E-09  2.20202E-07
  3.250E-04  8.04379E-12  1.26869E-06  2.01548E-07  3.31363E-12  5.26436E-13  1.50439E-09  2.20151E-07
  3.500E-04  9.32893E-12  1.26868E-06  2.01548E-07  3.56850E-12  5.66931E-13  1.50363E-09  2.20096E-07
  3.750E-04  1.07092E-11  1.26867E-06  2.01548E-07  3.82337E-12  6.07426E-13  1.50280E-09  2.20036E-07
  4.000E-04  1.21847E-11  1.26866E-06  2.01547E-07  4.07824E-12  6.47921E-13  1.50193E-09  2.19973E-07
  4.250E-04  1.37554E-11  1.26866E-06  2.01547E-07  4.33310E-12  6.88415E-13  1.50099E-09  2.19905E-07
  4.500E-04  1.54213E-11  1.26865E-06  2.01547E-07  4.58796E-12  7.28910E-13  1.50000E-09  2.19833E-07
  4.750E-04  1.71823E-11  1.26864E-06  2.01547E-07  4.84281E-12  7.69404E-13  1.49895E-09  2.19757E-07
  5.000E-04  1.90386E-11  1.26863E-06  2.01547E-07  5.09765E-12  8.09898E-13  1.49785E-09  2.19678E-07
  5.250E-04  2.09900E-11  1.26862E-06  2.01547E-07  5.35249E-12  8.50393E-13  1.49669E-09  2.19594E-07
  5.500E-04  2.30367E-11  1.26860E-06  2.01547E-07  5.60732E-12  8.90887E-13  1.49547E-09  2.19506E-07
  5.750E-04  2.51785E-11  1.26859E-06  2.01546E-07  5.86214E-12  9.31381E-13  1.49420E-09  2.19414E-07
  6.000E-04  2.74156E-11  1.26858E-06  2.01546E-07  6.11696E-12  9.71875E-13  1.49287E-09  2.19317E-07
  6.250E-04  2.97478E-11  1.26857E-06  2.01546E-07  6.37177E-12  1.01237E-12  1.49149E-09  2.19217E-07
  6.500E-04  3.21752E-11  1.26855E-06  2.01546E-07  6.62657E-12  1.05286E-12  1.49005E-09  2.19113E-07
  6.750E-04  3.46979E-11  1.26854E-06  2.01546E-07  6.88136E-12  1.09336E-12  1.48855E-09  2.19005E-07
  7.000E-04  3.73157E-11  1.26853E-06  2.01545E-07  7.13615E-12  1.13385E-12  1.48700E-09  2.18892E-07
  7.250E-04  4.00286E-11  1.26851E-06  2.01545E-07  7.39093E-12  1.17434E-12  1.48540E-09  2.18776E-07
  7.500E-04  4.28368E-11  1.26850E-06  2.01545E-07  7.64569E-12  1.21484E-12  1.48374E-09  2.18655E-07
  7.750E-04  4.57402E-11  1.26848E-06  2.01545E-07  7.90045E-12  1.25533E-12  1.48202E-09  2.18531E-07
  8.000E-04  4.87388E-11  1.26846E-06  2.01544E-07  8.15520E-12  1.29582E-12  1.48025E-09  2.18402E-07
  8.250E-04  5.18325E-11  1.26845E-06  2.01544E-07  8.40994E-12  1.33631E-12  1.47842E-09  2.18270E-07
  8.500E-04  5.50215E-11  1.26843E-06  2.01544E-07  8.66466E-12  1.37681E-12  1.47653E-09  2.18133E-07
  8.750E-04  5.83057E-11  1.26841E-06  2.01544E-07  8.91938E-12  1.41730E-12  1.47460E-09  2.17993E-07
  9.000E-04  6.16850E-11  1.26839E-06  2.01543E-07  9.17409E-12  1.45779E-12  1.47260E-09  2.17848E-07
  9.250E-04  6.51595E-11  1.26837E-06  2.01543E-07  9.42878E-12  1.49828E-12  1.47056E-09  2.17699E-07
  9.500E-04  6.87293E-11  1.26836E-06  2.01543E-07  9.68347E-12  1.53878E-12  1.46845E-09  2.17547E-07
  9.750E-04  7.23943E-11  1.26834E-06  2.01542E-07  9.93814E-12  1.57927E-12  1.46630E-09  2.17390E-07
  1.000E-03  7.61544E-11  1.26831E-06  2.01542E-07  1.01928E-11  1.61976E-12  1.46408E-09  2.17230E-07
  1.250E-03  1.18991E-10  1.26808E-06  2.01539E-07  1.27387E-11  2.02466E-12  1.43901E-09  2.15405E-07
  1.500E-03  1.71347E-10  1.26780E-06  2.01534E-07  1.52829E-11  2.42954E-12  1.40864E-09  2.13189E-07
  1.750E-03  2.33223E-10  1.26746E-06  2.01529E-07  1.78254E-11  2.83439E-12  1.37315E-09  2.10589E-07
  2.000E-03  3.04617E-10  1.26707E-06  2.01523E-07  2.03656E-11  3.23921E-12  1.33273E-09  2.07614E-07
  2.250E-03  3.85531E-10  1.26663E-06  2.01516E-07  2.29034E-11  3.64399E-12  1.28760E-09  2.04276E-07
  2.500E-03  4.75965E-10  1.26614E-06  2.01509E-07  2.54383E-11  4.04872E-12  1.23802E-09  2.00586E-07
  2.750E-03  5.75917E-10  1.26560E-06  2.01500E-07  2.79702E-11  4.45341E-12  1.18425E-09  1.96558E-07
  3.000E-03  6.85389E-10  1.26501E-06  2.01491E-07  3.04986E-11  4.85804E-12  1.12660E-09  1.92206E-07
  3.250E-03  8.04380E-10  1.26436E-06  2.01481E-07  3.30234E-11  5.26262E-12  1.06536E-09  1.87545E-07
  3.500E-03  9.32891E-10  1.26367E-06  2.01470E-07  3.55441E-11  5.66714E-12  1.00088E-09  1.82592E-07
  3.750E-03  1.07092E-09  1.26292E-06  2.01459E-07  3.80605E-11  6.07158E-12  9.33503E-10  1.77365E-07
  4.000E-03  1.21847E-09  1.26213E-06  2.01446E-07  4.05724E-11  6.47596E-12  8.63601E-10  1.71882E-07
  4.250E-03  1.37554E-09  1.26129E-06  2.01433E-07  4.30793E-11  6.88026E-12  7.91548E-10  1.66163E-07
  4.500E-03  1.54213E-09  1.26039E-06  2.01419E-07  4.55811E-11  7.28447E-12  7.17731E-10  1.60227E-07
  4.750E-03  1.71823E-09  1.25945E-06  2.01405E-07  4.80774E-11  7.68860E-12  6.42549E-10  1.54095E-07
  5.000E-03  1.90386E-09  1.25846E-06  2.01389E-07  5.05679E-11  8.09264E-12  5.66400E-10  1.47788E-07
  5.250E-03  2.09900E-09  1.25742E-06  2.01373E-07  5.30524E-11  8.49659E-12  4.89692E-10  1.41328E-07
  5.500E-03  2.30367E-09  1.25633E-06  2.01356E-07  5.55306E-11  8.90043E-12  4.12829E-10  1.34737E-07
  5.750E-03  2.51785E-09  1.25519E-06  2.01338E-07  5.80022E-11  9.30417E-12  3.36215E-10  1.28038E-07
  6.000E-03  2.74156E-09  1.25401E-06  2.01319E-07  6.04669E-11  9.70780E-12  2.60250E-10  1.21252E-07
  6.250E-03  2.97478E-09  1.25278E-06  2.01300E-07  6.29245E-11  1.01113E-11  1.85328E-10  1.14402E-07
  6.500E-03  3.21752E-09  1.25150E-06  2.01279E-07  6.53747E-11  1.05147E-11  1.11836E-10  1.07511E-07
  6.750E-03  3.46978E-09  1.25017E-06  2.01258E-07  6.78172E-11  1.09180E-11  4.01469E-11  1.00602E-07
  7.000E-03  3.73156E-09  1.24880E-06  2.01237E-07  7.02519E-11  1.13211E-11  2.93778E-11  9.36954E-08
  7.250E-03  4.00286E-09  1.24739E-06  2.01214E-07  7.26784E-11  1.17241E-11  9.63907E-11  8.68148E-08
  7.500E-03  4.28368E-09  1.24592E-06  2.01190E-07  7.50964E-11  1.21270E-11  1.60564E-10  7.99812E-08
  7.750E-03  4.57402E-09  1.24442E-06  2.01166E-07  7.75058E-11  1.25297E-11  2.21587E-10  7.32158E-08
  8.000E-03  4.87388E-09  1.24287E-06  2.01141E-07  7.99063E-11  1.29323E-11  2.79171E-10  6.65390E-08
  8.250E-03  5.18326E-09  1.24127E-06  2.01116E-07  8.22977E-11  1.33347E-11  3.33048E-10  5.99708E-08
  8.500E-03  5.50215E-09  1.23964E-06  2.01089E-07  8.46796E-11  1.37370E-11  3.82977E-10  5.35304E-08
  8.750E-03  5.83057E-09  1.23795E-06  2.01062E-07  8.70520E-11  1.41391E-11  4.28739E-10  4.72362E-08
  9.000E-03  6.16850E-09  1.23623E-06  2.01034E-07  8.94146E-11  1.45410E-11  4.70145E-10  4.11056E-08
  9.250E-03  6.51596E-09  1.23447E-06  2.01005E-07  9.17672E-11  1.49428E-11  5.07029E-10  3.51553E-08
  9.500E-03  6.87293E-09  1.23266E-06  2.00975E-07  9.41094E-11  1.53444E-11  5.39259E-10  2.94008E-08
  9.750E-03  7.23942E-09  1.23081E-06  2.00945E-07  9.64413E-11  1.57458E-11  5.66728E-10  2.38567E-08
  1.000E-02  7.61544E-09  1.22893E-06  2.00914E-07  9.87624E-11  1.61471E-11  5.89359E-10  1.85365E-08
  1.250E-02  1.18991E-08  1.20795E-06  2.00559E-07  1.21346E-10  2.01483E-11  5.54127E-10  2.02606E-08
  1.500E-02  1.71347E-08  1.18357E-06  2.00129E-07  1.42677E-10  2.41261E-11  1.59837E-10  3.10697E-08
  1.750E-02  2.33223E-08  1.15638E-06  1.99625E-07  1.62632E-10  2.80762E-11  2.95059E-10  2.01437E-08
  2.000E-02  3.04617E-08  1.12698E-06  1.99049E-07  1.81139E-10  3.19945E-11  5.08050E-10  8.17771E-10
  2.250E-02  3.85531E-08  1.09592E-06  1.98403E-07  1.98166E-10  3.58769E-11  3.57259E-10  1.36380E-08
  2.500E-02  4.75965E-08  1.06374E-06  1.97689E-07  2.13719E-10  3.97198E-11  3.28444E-11  1.61326E-08
  2.750E-02  5.75917E-08  1.03089E-06  1.96910E-07  2.27831E-10  4.35196E-11  3.84411E-10  7.92858E-09
  3.000E-02  6.85389E-08  9.97768E-07  1.96068E-07  2.40557E-10  4.72730E-11  4.56072E-10  3.77861E-09
  3.250E-02  8.04380E-08  9.64690E-07  1.95167E-07  2.51964E-10  5.09770E-11  2.04570E-10  1.10487E-08
  3.500E-02  9.32891E-08  9.31924E-07  1.94209E-07  2.62129E-10  5.46288E-11  1.89129E-10  9.98511E-09
  3.750E-02  1.07092E-07  8.99676E-07  1.93197E-07  2.71134E-10  5.82259E-11  4.46647E-10  2.47821E-09
  4.000E-02  1.21847E-07  8.68105E-07  1.92134E-07  2.79061E-10  6.17660E-11  3.85892E-10  5.74799E-09
  4.250E-02  1.37554E-07  8.37327E-07  1.91023E-07  2.85990E-10  6.52470E-11  4.86899E-11  9.20351E-09
  4.500E-02  1.54213E-07  8.07425E-07  1.89868E-07  2.91999E-10  6.86671E-11  3.27011E-10  6.10754E-09
  4.750E-02  1.71823E-07  7.78453E-07  1.88670E-07  2.97162E-10  7.20248E-11  4.73139E-10  8.37927E-10
  5.000E-02  1.90386E-07  7.50446E-07  1.87434E-07  3.01548E-10  7.53187E-11  2.81338E-10  6.62663E-09
  5.250E-02  2.09900E-07  7.23418E-07  1.86161E-07  3.05222E-10  7.85478E-11  1.17027E-10  7.44091E-09
  5.500E-02  2.30367E-07  6.97372E-07  1.84855E-07  3.08244E-10  8.17110E-11  4.39820E-10  3.09496E-09
  5.750E-02  2.51785E-07  6.72301E-07  1.83519E-07  3.10670E-10  8.48077E-11  4.52764E-10  3.09848E-09
  6.000E-02  2.74156E-07  6.48190E-07  1.82155E-07  3.12551E-10  8.78372E-11  1.38732E-10  6.78447E-09
  6.250E-02  2.97478E-07  6.25017E-07  1.80766E-07  3.13934E-10  9.07993E-11  2.84268E-10  5.57370E-09
  6.500E-02  3.21752E-07  6.02758E-07  1.79354E-07  3.14864E-10  9.36938E-11  5.13576E-10  5.57833E-10
  6.750E-02  3.46978E-07  5.81386E-07  1.77922E-07  3.15381E-10  9.65205E-11  3.77662E-10  4.61222E-09
  7.000E-02  3.73156E-07  5.60872E-07  1.76472E-07  3.15522E-10  9.92795E-11  3.61337E-11  6.34713E-09
  7.250E-02  4.00286E-07  5.41186E-07  1.75006E-07  3.15321E-10  1.01971E-10  4.36739E-10  3.58355E-09
  7.500E-02  4.28368E-07  5.22298E-07  1.73526E-07  3.14809E-10  1.04596E-10  5.33424E-10  1.58369E-09
  7.750E-02  4.57402E-07  5.04178E-07  1.72035E-07  3.14017E-10  1.07153E-10  2.46237E-10  5.46661E-09
  8.000E-02  4.87388E-07  4.86794E-07  1.70534E-07  3.12970E-10  1.09645E-10  2.29171E-10  5.39463E-09
  8.250E-02  5.18325E-07  4.70117E-07  1.69025E-07  3.11693E-10  1.12071E-10  5.54159E-10  1.53752E-09
  8.500E-02  5.50215E-07  4.54118E-07  1.67509E-07  3.10210E-10  1.14432E-10  4.87809E-10  3.29612E-09
  8.750E-02  5.83057E-07  4.38769E-07  1.65989E-07  3.08541E-10  1.16728E-10  6.49960E-11  5.68941E-09
  9.000E-02  6.16850E-07  4.24043E-07  1.64466E-07  3.06705E-10  1.18962E-10  4.19488E-10  4.01974E-09
  9.250E-02  6.51596E-07  4.09912E-07  1.62941E-07  3.04720E-10  1.21133E-10  6.15966E-10  4.47850E-10
  9.500E-02  6.87293E-07  3.96352E-07  1.61416E-07  3.02603E-10  1.23242E-10  3.71852E-10  4.50991E-09
  9.750E-02  7.23942E-07  3.83338E-07  1.59892E-07  3.00369E-10  1.25291E-10  1.50734E-10  5.31156E-09
  1.000E-01  7.61543E-07  3.70845E-07  1.58370E-07  2.98031E-10  1.27280E-10  5.81829E-10  2.34574E-09
  1.250E-01  1.18991E-06  2.70065E-07  1.43463E-07  2.71299E-10  1.44126E-10  3.03941E-10  4.68726E-09
  1.500E-01  1.71347E-06  2.01684E-07  1.29559E-07  2.43126E-10  1.56190E-10  2.59017E-10  4.77984E-09
  1.750E-01  2.33223E-06  1.54022E-07  1.16940E-07  2.16616E-10  1.64474E-10  8.59865E-10  2.69146E-09
  2.000E-01  3.04617E-06  1.19745E-07  1.05636E-07  1.92467E-10  1.69801E-10  1.14965E-09  5.92354E-10
  2.250E-01  3.85531E-06  9.42844E-08  9.55609E-08  1.70487E-10  1.72808E-10  8.74811E-10  3.55858E-09
  2.500E-01  4.75964E-06  7.48104E-08  8.65858E-08  1.50304E-10  1.73976E-10  5.07035E-11  4.84327E-09
  2.750E-01  5.75916E-06  5.95574E-08  7.85807E-08  1.31624E-10  1.73682E-10  9.91583E-10  3.84407E-09
  3.000E-01  6.85388E-06  4.74028E-08  7.14272E-08  1.14285E-10  1.72224E-10  1.72759E-09  1.00064E-09
  3.250E-01  8.04378E-06  3.76073E-08  6.50235E-08  9.82237E-11  1.69850E-10  1.69265E-09  2.38179E-09
  3.500E-01  9.32888E-06  2.96601E-08  5.92831E-08  8.34251E-11  1.66768E-10  7.51542E-10  4.70942E-09
  3.750E-01  1.07092E-05  2.31901E-08  5.41319E-08  6.98850E-11  1.63155E-10  7.62702E-10  4.83918E-09
  4.000E-01  1.21846E-05  1.79150E-08  4.95056E-08  5.75858E-11  1.59160E-10  2.14496E-09  2.64174E-09
  4.250E-01  1.37553E-05  1.36120E-08  4.53475E-08  4.64875E-11  1.54905E-10  2.63872E-09  8.96428E-10
  4.500E-01  1.54212E-05  1.01020E-08  4.16073E-08  3.65276E-11  1.50490E-10  1.83962E-09  4.10881E-09
  4.750E-01  1.71822E-05  7.23853E-09  3.82397E-08  2.76256E-11  1.45994E-10  3.07394E-11  5.43421E-09
  5.000E-01  1.90385E-05  4.90195E-09  3.52039E-08  1.96900E-11  1.41479E-10  2.15156E-09  4.17846E-09
  5.250E-01  2.09899E-05  2.99413E-09  3.24634E-08  1.26246E-11  1.36990E-10  3.45681E-09  8.76865E-10
  5.500E-01  2.30365E-05  1.43495E-09  2.99855E-08  6.33353E-12  1.32559E-10  3.16637E-09  2.93193E-09
  5.750E-01  2.51783E-05  1.59216E-10  2.77407E-08  7.25786E-13  1.28211E-10  1.23119E-09  5.42528E-09
  6.000E-01  2.74153E-05 -8.85908E-10  2.57031E-08 -4.28261E-12  1.23959E-10  1.55411E-09  5.37078E-09
  6.250E-01  2.97475E-05 -1.74311E-09  2.38496E-08 -8.76706E-12  1.19813E-10  3.86707E-09  2.73498E-09
  6.500E-01  3.21749E-05 -2.44679E-09  2.21599E-08 -1.27940E-11  1.15779E-10  4.48177E-09  1.27348E-09
  6.750E-01  3.46974E-05 -3.02460E-09  2.06162E-08 -1.64208E-11  1.11857E-10  2.90866E-09  4.75870E-09
  7.000E-01  3.73152E-05 -3.49877E-09  1.92027E-08 -1.96968E-11  1.08047E-10  2.79913E-10  6.03527E-09
  7.250E-01  4.00281E-05 -3.88720E-09  1.79056E-08 -2.26637E-11  1.04348E-10  3.63678E-09  4.44341E-09
  7.500E-01  4.28362E-05 -4.20431E-09  1.67130E-08 -2.53568E-11  1.00757E-10  5.49177E-09  6.87596E-10
  7.750E-01  4.57395E-05 -4.46175E-09  1.56143E-08 -2.78057E-11  9.72714E-11  4.77744E-09  3.47400E-09
  8.000E-01  4.87380E-05 -4.66899E-09  1.46002E-08 -3.00353E-11  9.38885E-11  1.62269E-09  6.05294E-09
  8.250E-01  5.18317E-05 -4.83377E-09  1.36626E-08 -3.20666E-11  9.06053E-11  2.60770E-09  5.78102E-09
  8.500E-01  5.50205E-05 -4.96244E-09  1.27944E-08 -3.39175E-11  8.74189E-11  5.89493E-09  2.73343E-09
  8.750E-01  5.83045E-05 -5.06027E-09  1.19891E-08 -3.56031E-11  8.43268E-11  6.52585E-09  1.68141E-09
  9.000E-01  6.16838E-05 -5.13164E-09  1.12413E-08 -3.71368E-11  8.13265E-11  3.97620E-09  5.37265E-09
  9.250E-01  6.51582E-05 -5.18026E-09  1.05460E-08 -3.85299E-11  7.84158E-11  7.34119E-10  6.55780E-09
  9.500E-01  6.87277E-05 -5.20926E-09  9.89873E-09 -3.97927E-11  7.55925E-11  5.43273E-09  4.62367E-09
  9.750E-01  7.23925E-05 -5.22132E-09  9.29554E-09 -4.09344E-11  7.28546E-11  7.79249E-09  4.41664E-10
  1.000E+00  7.61524E-05 -5.21873E-09  8.73291E-09 -4.19633E-11  7.02003E-11  2.98258E-12  1.09498E-11
  1.100E+00  9.21439E-05 -5.09821E-09  6.82845E-09 -4.50943E-11  6.03811E-11  3.40894E-12  6.13740E-12
  1.200E+00  1.09658E-04 -4.86488E-09  5.36476E-09 -4.69433E-11  5.17515E-11  3.35601E-12  2.94184E-12
  1.300E+00  1.28695E-04 -4.57564E-09  4.22865E-09 -4.78330E-11  4.41915E-11  3.02014E-12  8.76992E-13
  1.400E+00  1.49255E-04 -4.26516E-09  3.33897E-09 -4.80185E-11  3.75781E-11  2.53216E-12  3.95082E-13
  1.500E+00  1.71338E-04 -3.95407E-09  2.63646E-09 -4.76974E-11  3.17909E-11  1.98063E-12  1.11019E-12
  1.600E+00  1.94942E-04 -3.65406E-09  2.07729E-09 -4.70187E-11  2.67177E-11  1.42464E-12  1.44155E-12
  1.700E+00  2.20070E-04 -3.37124E-09  1.62886E-09 -4.60923E-11  2.22586E-11  9.06683E-13  1.51337E-12
  1.800E+00  2.46720E-04 -3.10824E-09  1.26671E-09 -4.49978E-11  1.83269E-11  4.50775E-13  1.41867E-12
  1.900E+00  2.74892E-04 -2.86567E-09  9.72409E-10 -4.37927E-11  1.48491E-11  7.42705E-14  1.22407E-12
  2.000E+00  3.04586E-04 -2.64304E-09  7.31928E-10 -4.25178E-11  1.17634E-11  2.16634E-13  9.81228E-13
  2.100E+00  3.35803E-04 -2.43923E-09  5.34514E-10 -4.12027E-11  9.01798E-12  4.22703E-13  7.24942E-13
  2.200E+00  3.68542E-04 -2.25289E-09  3.71845E-10 -3.98686E-11  6.56962E-12  5.48529E-13  4.80208E-13
  2.300E+00  4.02802E-04 -2.08256E-09  2.37417E-10 -3.85310E-11  4.38184E-12  6.04014E-13  2.61771E-13
  2.400E+00  4.38585E-04 -1.92684E-09  1.26102E-10 -3.72013E-11  2.42382E-12  5.98853E-13  8.05683E-14
  2.500E+00  4.75889E-04 -1.78438E-09  3.38164E-11 -3.58876E-11  6.69270E-13  5.46693E-13  6.01297E-14
  2.600E+00  5.14715E-04 -1.65395E-09 -4.27151E-11 -3.45962E-11 -9.04397E-13  4.61443E-13  1.59913E-13
  2.700E+00  5.55063E-04 -1.53441E-09 -1.06144E-10 -3.33315E-11 -2.31671E-12  3.55298E-13  2.21139E-13
  2.800E+00  5.96931E-04 -1.42475E-09 -1.58629E-10 -3.20967E-11 -3.58470E-12  2.39800E-13  2.50320E-13
  2.900E+00  6.40321E-04 -1.32403E-09 -2.01944E-10 -3.08942E-11 -4.72327E-12  1.25623E-13  2.51354E-13
  3.000E+00  6.85233E-04 -1.23144E-09 -2.37550E-10 -2.97255E-11 -5.74556E-12  2.04564E-14  2.30897E-13
  3.100E+00  7.31665E-04 -1.14621E-09 -2.66660E-10 -2.85915E-11 -6.66320E-12  6.82583E-14  1.96167E-13
  3.200E+00  7.79618E-04 -1.06768E-09 -2.90284E-10 -2.74929E-11 -7.48650E-12  1.38093E-13  1.52261E-13
  3.300E+00  8.29092E-04 -9.95254E-10 -3.09267E-10 -2.64296E-11 -8.22466E-12  1.85355E-13  1.04884E-13
  3.400E+00  8.80086E-04 -9.28376E-10 -3.24320E-10 -2.54016E-11 -8.88589E-12  2.11113E-13  5.85857E-14
  3.500E+00  9.32601E-04 -8.66560E-10 -3.36040E-10 -2.44084E-11 -9.47753E-12  2.16596E-13  1.67094E-14
  3.600E+00  9.86636E-04 -8.09364E-10 -3.44932E-10 -2.34495E-11 -1.00062E-11  2.04275E-13  1.89595E-14
  3.700E+00  1.04219E-03 -7.56391E-10 -3.51425E-10 -2.25242E-11 -1.04777E-11  1.76577E-13  4.58954E-14
  3.800E+00  1.09927E-03 -7.07279E-10 -3.55883E-10 -2.16317E-11 -1.08975E-11  1.39668E-13  6.47018E-14
  3.900E+00  1.15786E-03 -6.61704E-10 -3.58613E-10 -2.07711E-11 -1.12703E-11  9.64808E-14  7.42760E-14
  4.000E+00  1.21797E-03 -6.19371E-10 -3.59880E-10 -1.99413E-11 -1.16003E-11  5.14072E-14  7.62295E-14
  4.100E+00  1.27961E-03 -5.80013E-10 -3.59908E-10 -1.91416E-11 -1.18916E-11  8.02062E-15  7.19254E-14
  4.200E+00  1.34276E-03 -5.43387E-10 -3.58891E-10 -1.83708E-11 -1.21476E-11  3.00632E-14  6.27775E-14
  4.300E+00  1.40743E-03 -5.09273E-10 -3.56993E-10 -1.76279E-11 -1.23715E-11  6.09419E-14  4.94840E-14
  4.400E+00  1.47362E-03 -4.77473E-10 -3.54354E-10 -1.69120E-11 -1.25661E-11  8.32051E-14  3.46433E-14
  4.500E+00  1.54133E-03 -4.47804E-10 -3.51097E-10 -1.62221E-11 -1.27341E-11  9.64654E-14  1.91785E-14
  4.600E+00  1.61056E-03 -4.20100E-10 -3.47324E-10 -1.55570E-11 -1.28778E-11  1.00356E-13  4.39607E-15
  4.700E+00  1.68131E-03 -3.94211E-10 -3.43126E-10 -1.49160E-11 -1.29993E-11  9.58558E-14  8.00316E-15
  4.800E+00  1.75357E-03 -3.69998E-10 -3.38579E-10 -1.42981E-11 -1.31005E-11  8.41042E-14  1.79849E-14
  4.900E+00  1.82735E-03 -3.47337E-10 -3.33749E-10 -1.37023E-11 -1.31833E-11  6.74023E-14  2.51563E-14
  5.000E+00  1.90265E-03 -3.26112E-10 -3.28693E-10 -1.31278E-11 -1.32492E-11  4.69644E-14  2.92906E-14
  5.100E+00  1.97947E-03 -3.06218E-10 -3.23460E-10 -1.25737E-11 -1.32997E-11  2.51208E-14  3.03848E-14
  5.200E+00  2.05780E-03 -2.87559E-10 -3.18091E-10 -1.20393E-11 -1.33362E-11  3.54850E-15  2.86173E-14
  5.300E+00  2.13765E-03 -2.70046E-10 -3.12624E-10 -1.15236E-11 -1.33597E-11  1.55824E-14  2.51964E-14
  5.400E+00  2.21902E-03 -2.53598E-10 -3.07088E-10 -1.10260E-11 -1.33715E-11  3.17133E-14  2.00032E-14
  5.500E+00  2.30190E-03 -2.38140E-10 -3.01511E-10 -1.05458E-11 -1.33725E-11  4.33458E-14  1.39847E-14
  5.600E+00  2.38630E-03 -2.23605E-10 -2.95914E-10 -1.00822E-11 -1.33636E-11  5.10668E-14  7.52786E-15
  5.700E+00  2.47222E-03 -2.09929E-10 -2.90318E-10 -9.63463E-12 -1.33458E-11  5.29668E-14  1.31373E-15
  5.800E+00  2.55965E-03 -1.97053E-10 -2.84739E-10 -9.20237E-12 -1.33197E-11  5.07508E-14  4.13699E-15
  5.900E+00  2.64859E-03 -1.84925E-10 -2.79191E-10 -8.78484E-12 -1.32861E-11  4.51961E-14  8.44051E-15
  6.000E+00  2.73905E-03 -1.73494E-10 -2.73686E-10 -8.38147E-12 -1.32457E-11  3.64136E-14  1.15789E-14
  6.100E+00  2.83103E-03 -1.62716E-10 -2.68234E-10 -7.99168E-12 -1.31990E-11  2.51795E-14  1.33601E-14
  6.200E+00  2.92452E-03 -1.52547E-10 -2.62844E-10 -7.61496E-12 -1.31466E-11  1.36880E-14  1.39122E-14
  6.300E+00  3.01952E-03 -1.42949E-10 -2.57521E-10 -7.25078E-12 -1.30889E-11  1.87775E-15  1.34074E-14
  6.400E+00  3.11604E-03 -1.33886E-10 -2.52273E-10 -6.89867E-12 -1.30265E-11  8.68792E-15  1.17818E-14
  6.500E+00  3.21407E-03 -1.25323E-10 -2.47104E-10 -6.55815E-12 -1.29598E-11  1.80095E-14  9.24702E-15
  6.600E+00  3.31362E-03 -1.17231E-10 -2.42018E-10 -6.22878E-12 -1.28891E-11  2.43834E-14  6.45281E-15
  6.700E+00  3.41468E-03 -1.09578E-10 -2.37018E-10 -5.91014E-12 -1.28149E-11  2.86154E-14  3.27746E-15
  6.800E+00  3.51725E-03 -1.02341E-10 -2.32105E-10 -5.60183E-12 -1.27374E-11  3.00846E-14  3.37213E-16
  6.900E+00  3.62133E-03 -9.54912E-11 -2.27282E-10 -5.30344E-12 -1.26569E-11  2.88552E-14  2.29089E-15
  7.000E+00  3.72692E-03 -8.90076E-11 -2.22550E-10 -5.01462E-12 -1.25739E-11  2.56223E-14  4.35778E-15
  7.100E+00  3.83403E-03 -8.28682E-11 -2.17910E-10 -4.73500E-12 -1.24884E-11  2.05589E-14  5.82015E-15
  7.200E+00  3.94265E-03 -7.70523E-11 -2.13362E-10 -4.46425E-12 -1.24008E-11  1.44591E-14  6.76951E-15
  7.300E+00  4.05278E-03 -7.15415E-11 -2.08906E-10 -4.20204E-12 -1.23113E-11  7.56955E-15  6.95545E-15
  7.400E+00  4.16442E-03 -6.63181E-11 -2.04542E-10 -3.94806E-12 -1.22200E-11  9.39064E-16  6.56141E-15
  7.500E+00  4.27757E-03 -6.13654E-11 -2.00269E-10 -3.70202E-12 -1.21272E-11  5.26284E-15  5.75266E-15
  7.600E+00  4.39223E-03 -5.66685E-11 -1.96086E-10 -3.46363E-12 -1.20331E-11  1.04583E-14  4.63971E-15
  7.700E+00  4.50840E-03 -5.22126E-11 -1.91993E-10 -3.23261E-12 -1.19378E-11  1.44432E-14  3.13564E-15
  7.800E+00  4.62608E-03 -4.79845E-11 -1.87989E-10 -3.00871E-12 -1.18414E-11  1.67665E-14  1.56316E-15
  7.900E+00  4.74527E-03 -4.39717E-11 -1.84073E-10 -2.79168E-12 -1.17442E-11  1.76179E-14  7.08269E-17
  8.000E+00  4.86597E-03 -4.01621E-11 -1.80242E-10 -2.58128E-12 -1.16462E-11  1.69789E-14  1.34588E-15
  8.100E+00  4.98817E-03 -3.65449E-11 -1.76496E-10 -2.37727E-12 -1.15475E-11  1.50857E-14  2.32113E-15
  8.200E+00  5.11188E-03 -3.31096E-11 -1.72834E-10 -2.17943E-12 -1.14483E-11  1.20013E-14  3.21455E-15
  8.300E+00  5.23711E-03 -2.98465E-11 -1.69254E-10 -1.98756E-12 -1.13487E-11  8.32029E-15  3.61531E-15
  8.400E+00  5.36383E-03 -2.67463E-11 -1.65754E-10 -1.80146E-12 -1.12488E-11  4.34957E-15  3.62097E-15
  8.500E+00  5.49207E-03 -2.38007E-11 -1.62333E-10 -1.62092E-12 -1.11485E-11  4.52871E-16  3.56432E-15
  8.600E+00  5.62181E-03 -2.10014E-11 -1.58989E-10 -1.44576E-12 -1.10482E-11  3.20578E-15  3.01857E-15
  8.700E+00  5.75306E-03 -1.83408E-11 -1.55721E-10 -1.27581E-12 -1.09477E-11  6.30234E-15  2.42485E-15
  8.800E+00  5.88581E-03 -1.58117E-11 -1.52527E-10 -1.11088E-12 -1.08472E-11  8.59584E-15  1.58842E-15
  8.900E+00  6.02007E-03 -1.34075E-11 -1.49406E-10 -9.50821E-13 -1.07468E-11  9.99705E-15  7.75935E-16
  9.000E+00  6.15583E-03 -1.11217E-11 -1.46355E-10 -7.95466E-13 -1.06464E-11  1.04638E-14  4.06219E-17
  9.100E+00  6.29310E-03 -8.94841E-12 -1.43374E-10 -6.44663E-13 -1.05462E-11  1.00454E-14  7.67671E-16
  9.200E+00  6.43187E-03 -6.88190E-12 -1.40460E-10 -4.98266E-13 -1.04462E-11  8.86637E-15  1.34584E-15
  9.300E+00  6.57214E-03 -4.91685E-12 -1.37613E-10 -3.56133E-13 -1.03465E-11  7.05339E-15  1.74645E-15
  9.400E+00  6.71392E-03 -3.04824E-12 -1.34830E-10 -2.18129E-13 -1.02471E-11  4.87604E-15  1.98997E-15
  9.500E+00  6.85720E-03 -1.27130E-12 -1.32111E-10 -8.41226E-14 -1.01480E-11  2.49996E-15  2.02572E-15
  9.600E+00  7.00198E-03  4.18470E-13 -1.29453E-10  4.60122E-14 -1.00493E-11  1.41384E-16  1.90387E-15
  9.700E+00  7.14827E-03  2.02530E-12 -1.26855E-10  1.72396E-13 -9.95096E-12  2.01752E-15  1.63008E-15
  9.800E+00  7.29605E-03  3.55324E-12 -1.24316E-10  2.95147E-13 -9.85309E-12  3.80312E-15  1.25515E-15
  9.900E+00  7.44534E-03  5.00609E-12 -1.21834E-10  4.14376E-13 -9.75569E-12  5.11334E-15  8.28665E-16
  1.000E+01  7.59612E-03  6.38744E-12 -1.19408E-10  5.30192E-13 -9.65878E-12  5.91768E-15  3.81303E-16
  1.025E+01  7.97965E-03  9.54995E-12 -1.13579E-10  8.05477E-13 -9.41883E-12  1.59224E-15  1.20084E-15
  1.050E+01  8.37255E-03  1.23350E-11 -1.08070E-10  1.06160E-12 -9.18243E-12  2.75557E-15  1.14242E-15
  1.075E+01  8.77480E-03  1.47851E-11 -1.02862E-10  1.29997E-12 -8.94984E-12  4.39395E-15  3.56440E-16
  1.100E+01  9.18641E-03  1.69377E-11 -9.79364E-11  1.52186E-12 -8.72125E-12  2.97260E-15  5.00835E-16
  1.125E+01  9.60736E-03  1.88255E-11 -9.32760E-11  1.72845E-12 -8.49681E-12  6.37916E-17  7.85319E-16
  1.150E+01  1.00376E-02  2.04774E-11 -8.88648E-11  1.92081E-12 -8.27664E-12  2.16477E-15  4.89315E-16
  1.175E+01  1.04773E-02  2.19190E-11 -8.46875E-11  2.09993E-12 -8.06079E-12  2.56725E-15  0.00000E+00
  1.200E+01  1.09262E-02  2.31728E-11 -8.07301E-11  2.26671E-12 -7.84932E-12  1.34109E-15  2.98584E-16
  1.225E+01  1.13844E-02  2.42588E-11 -7.69791E-11  2.42201E-12 -7.64224E-12  3.74932E-16  4.57660E-16
  1.250E+01  1.18520E-02  2.51948E-11 -7.34223E-11  2.56658E-12 -7.43956E-12  1.49014E-15  1.64547E-16
  1.275E+01  1.23288E-02  2.59966E-11 -7.00480E-11  2.70114E-12 -7.24126E-12  1.28270E-15  1.05259E-16
  1.300E+01  1.28150E-02  2.66782E-11 -6.68455E-11  2.82636E-12 -7.04731E-12  4.74034E-16  2.02155E-16
  1.325E+01  1.33104E-02  2.72521E-11 -6.38045E-11  2.94283E-12 -6.85767E-12  2.27909E-16  2.42832E-16
  1.350E+01  1.38150E-02  2.77295E-11 -6.09157E-11  3.05112E-12 -6.67228E-12  5.26340E-16  4.67041E-17
  1.375E+01  1.43290E-02  2.81204E-11 -5.81702E-11  3.15175E-12 -6.49110E-12  5.06827E-16  0.00000E+00
  1.400E+01  1.48521E-02  2.84337E-11 -5.55597E-11  3.24522E-12 -6.31405E-12  2.44181E-16  0.00000E+00
  1.425E+01  1.53845E-02  2.86775E-11 -5.30765E-11  3.33196E-12 -6.14106E-12  1.56957E-16  1.66803E-16
  1.450E+01  1.59262E-02  2.88589E-11 -5.07134E-11  3.41240E-12 -5.97206E-12  7.57147E-17  8.04103E-17
  1.475E+01  1.64770E-02  2.89843E-11 -4.84636E-11  3.48692E-12 -5.80698E-12  2.19276E-16  1.55144E-16
  1.500E+01  1.70371E-02  2.90597E-11 -4.63208E-11  3.55589E-12 -5.64573E-12  1.41202E-16  1.49753E-16
  1.525E+01  1.76063E-02  2.90901E-11 -4.42791E-11  3.61964E-12 -5.48823E-12  3.41163E-16  7.23146E-17
  1.550E+01  1.81848E-02  2.90803E-11 -4.23329E-11  3.67849E-12 -5.33441E-12  6.59797E-17  2.09632E-16
  1.575E+01  1.87724E-02  2.90345E-11 -4.04770E-11  3.73273E-12 -5.18417E-12  3.83007E-16  6.75569E-17
  1.600E+01  1.93692E-02  2.89565E-11 -3.87065E-11  3.78264E-12 -5.03744E-12  3.70743E-16  1.30692E-16
  1.625E+01  1.99751E-02  2.88498E-11 -3.70170E-11  3.82847E-12 -4.89414E-12  2.39365E-16  2.52952E-16
  1.650E+01  2.05901E-02  2.87175E-11 -3.54040E-11  3.87046E-12 -4.75419E-12  2.31924E-16  1.22453E-16
  1.675E+01  2.12143E-02  2.85624E-11 -3.38635E-11  3.90883E-12 -4.61750E-12  3.37229E-16  1.18612E-16
  1.700E+01  2.18476E-02  2.83870E-11 -3.23918E-11  3.94380E-12 -4.48399E-12  4.36059E-16  3.44827E-16
  1.725E+01  2.24900E-02  2.81936E-11 -3.09853E-11  3.97555E-12 -4.35359E-12  4.23074E-16  0.00000E+00
  1.750E+01  2.31415E-02  2.79843E-11 -2.96407E-11  4.00429E-12 -4.22622E-12  0.00000E+00  3.24228E-16
  1.775E+01  2.38021E-02  2.77611E-11 -2.83547E-11  4.03017E-12 -4.10181E-12  3.98755E-16  1.04862E-16
  1.800E+01  2.44717E-02  2.75255E-11 -2.71245E-11  4.05336E-12 -3.98027E-12  6.77880E-16  1.01784E-16
  1.825E+01  2.51504E-02  2.72792E-11 -2.59472E-11  4.07401E-12 -3.86154E-12  5.64655E-16  1.97667E-16
  1.850E+01  2.58382E-02  2.70235E-11 -2.48203E-11  4.09227E-12 -3.74554E-12  0.00000E+00  2.88013E-16
  1.875E+01  2.65349E-02  2.67597E-11 -2.37412E-11  4.10826E-12 -3.63221E-12  1.77954E-16  9.32894E-17
  1.900E+01  2.72407E-02  2.64889E-11 -2.27076E-11  4.12212E-12 -3.52147E-12  7.79074E-16  9.06832E-17
  1.925E+01  2.79555E-02  2.62123E-11 -2.17173E-11  4.13397E-12 -3.41327E-12  3.36983E-16  1.76360E-16
  1.950E+01  2.86793E-02  2.59306E-11 -2.07682E-11  4.14391E-12 -3.30753E-12  1.64035E-16  1.71549E-16
  1.975E+01  2.94120E-02  2.56449E-11 -1.98584E-11  4.15206E-12 -3.20419E-12  6.39001E-16  1.66923E-16
  2.000E+01  3.01537E-02  2.53558E-11 -1.89859E-11  4.15851E-12 -3.10319E-12  7.78140E-16  1.62473E-16
  2.025E+01  3.09043E-02  2.50640E-11 -1.81491E-11  4.16336E-12 -3.00447E-12  1.51660E-16  1.58190E-16
  2.050E+01  3.16639E-02  2.47703E-11 -1.73463E-11  4.16669E-12 -2.90798E-12  4.43518E-16  0.00000E+00
  2.075E+01  3.24324E-02  2.44751E-11 -1.65759E-11  4.16858E-12 -2.81364E-12  4.32475E-16  1.50095E-16
  2.100E+01  3.32098E-02  2.41790E-11 -1.58364E-11  4.16913E-12 -2.72142E-12  5.62442E-16  1.46268E-16
  2.125E+01  3.39961E-02  2.38825E-11 -1.51264E-11  4.16840E-12 -2.63126E-12  0.00000E+00  1.42578E-16
  2.150E+01  3.47912E-02  2.35859E-11 -1.44446E-11  4.16646E-12 -2.54309E-12  8.03341E-16  1.39019E-16
  2.175E+01  3.55952E-02  2.32897E-11 -1.37897E-11  4.16338E-12 -2.45688E-12  6.53530E-16  1.35586E-16
  2.200E+01  3.64081E-02  2.29941E-11 -1.31605E-11  4.15922E-12 -2.37257E-12  3.82896E-16  2.64543E-16
  2.225E+01  3.72297E-02  2.26996E-11 -1.25559E-11  4.15404E-12 -2.29012E-12  0.00000E+00  0.00000E+00
  2.250E+01  3.80602E-02  2.24064E-11 -1.19748E-11  4.14790E-12 -2.20947E-12  3.65386E-16  1.25980E-16
  2.275E+01  3.88995E-02  2.21147E-11 -1.14161E-11  4.14085E-12 -2.13059E-12  5.95117E-16  1.22993E-16
  2.300E+01  3.97476E-02  2.18247E-11 -1.08790E-11  4.13294E-12 -2.05343E-12  3.49030E-16  0.00000E+00
  2.325E+01  4.06044E-02  2.15368E-11 -1.03624E-11  4.12422E-12 -1.97794E-12  2.27503E-16  2.34625E-16
  2.350E+01  4.14700E-02  2.12509E-11 -9.86551E-12  4.11474E-12 -1.90408E-12  4.44975E-16  0.00000E+00
  2.375E+01  4.23443E-02  2.09673E-11 -9.38750E-12  4.10453E-12 -1.83181E-12  3.26451E-16  1.11998E-16
  2.400E+01  4.32273E-02  2.06862E-11 -8.92754E-12  4.09365E-12 -1.76110E-12  0.00000E+00  2.18935E-16
  2.425E+01  4.41190E-02  2.04076E-11 -8.48490E-12  4.08211E-12 -1.69191E-12  1.04192E-16  2.14036E-16
  2.450E+01  4.50194E-02  2.01317E-11 -8.05885E-12  4.06998E-12 -1.62419E-12  0.00000E+00  1.04645E-16
  2.475E+01  4.59284E-02  1.98585E-11 -7.64870E-12  4.05727E-12 -1.55792E-12  0.00000E+00  0.00000E+00
  2.500E+01  4.68461E-02  1.95882E-11 -7.25381E-12  4.04402E-12 -1.49305E-12  0.00000E+00  0.00000E+00
  2.550E+01  4.87074E-02  1.90563E-11 -6.50730E-12  4.01603E-12 -1.36740E-12  0.00000E+00  0.00000E+00
  2.600E+01  5.06030E-02  1.85364E-11 -5.81471E-12  3.98625E-12 -1.24697E-12  0.00000E+00  0.00000E+00
  2.650E+01  5.25328E-02  1.80289E-11 -5.17181E-12  3.95487E-12 -1.13154E-12  0.00000E+00  0.00000E+00
  2.700E+01  5.44967E-02  1.75339E-11 -4.57477E-12  3.92210E-12 -1.02085E-12  0.00000E+00  0.00000E+00
  2.750E+01  5.64946E-02  1.70516E-11 -4.02009E-12  3.88809E-12 -9.14689E-13  0.00000E+00  0.00000E+00
  2.800E+01  5.85262E-02  1.65819E-11 -3.50455E-12  3.85302E-12 -8.12851E-13  0.00000E+00  0.00000E+00
  2.850E+01  6.05914E-02  1.61247E-11 -3.02523E-12  3.81701E-12 -7.15137E-13  0.00000E+00  0.00000E+00
  2.900E+01  6.26901E-02  1.56800E-11 -2.57945E-12  3.78019E-12 -6.21360E-13  0.00000E+00  0.00000E+00
  2.950E+01  6.48222E-02  1.52476E-11 -2.16476E-12  3.74267E-12 -5.31343E-13  0.00000E+00  0.00000E+00
  3.000E+01  6.69873E-02  1.48274E-11 -1.77891E-12  3.70457E-12 -4.44920E-13  0.00000E+00  0.00000E+00
  3.050E+01  6.91854E-02  1.44190E-11 -1.41983E-12  3.66598E-12 -3.61932E-13  0.00000E+00  0.00000E+00
  3.100E+01  7.14163E-02  1.40224E-11 -1.08563E-12  3.62698E-12 -2.82229E-13  0.00000E+00  0.00000E+00
  3.150E+01  7.36799E-02  1.36371E-11 -7.74545E-13  3.58764E-12 -2.05669E-13  0.00000E+00  0.00000E+00
  3.200E+01  7.59760E-02  1.32631E-11 -4.84971E-13  3.54805E-12 -1.32117E-13  0.00000E+00  0.00000E+00
  3.250E+01  7.83043E-02  1.28999E-11 -2.15411E-13  3.50826E-12 -6.14460E-14  0.00000E+00  0.00000E+00
  3.300E+01  8.06647E-02  1.25473E-11  3.54990E-14  3.46833E-12  6.46655E-15  0.00000E+00  0.00000E+00
  3.350E+01  8.30571E-02  1.22051E-11  2.69019E-13  3.42831E-12  7.17357E-14  0.00000E+00  0.00000E+00
  3.400E+01  8.54812E-02  1.18729E-11  4.86325E-13  3.38826E-12  1.34471E-13  0.00000E+00  0.00000E+00
  3.450E+01  8.79369E-02  1.15505E-11  6.88485E-13  3.34821E-12  1.94776E-13  0.00000E+00  0.00000E+00
  3.500E+01  9.04240E-02  1.12376E-11  8.76526E-13  3.30821E-12  2.52751E-13  0.00000E+00  0.00000E+00
  3.550E+01  9.29422E-02  1.09339E-11  1.05136E-12  3.26828E-12  3.08489E-13  0.00000E+00  0.00000E+00
  3.600E+01  9.54915E-02  1.06391E-11  1.21387E-12  3.22847E-12  3.62080E-13  0.00000E+00  0.00000E+00
  3.650E+01  9.80716E-02  1.03530E-11  1.36484E-12  3.18879E-12  4.13609E-13  0.00000E+00  0.00000E+00
  3.700E+01  1.00682E-01  1.00753E-11  1.50502E-12  3.14929E-12  4.63158E-13  0.00000E+00  0.00000E+00
  3.750E+01  1.03323E-01  9.80578E-12  1.63508E-12  3.10997E-12  5.10804E-13  0.00000E+00  0.00000E+00
  3.800E+01  1.05995E-01  9.54412E-12  1.75569E-12  3.07087E-12  5.56620E-13  0.00000E+00  0.00000E+00
  3.850E+01  1.08696E-01  9.29011E-12  1.86743E-12  3.03199E-12  6.00678E-13  0.00000E+00  0.00000E+00
  3.900E+01  1.11427E-01  9.04350E-12  1.97086E-12  2.99337E-12  6.43044E-13  0.00000E+00  0.00000E+00
  3.950E+01  1.14188E-01  8.80407E-12  2.06652E-12  2.95501E-12  6.83783E-13  0.00000E+00  0.00000E+00
  4.000E+01  1.16978E-01  8.57157E-12  2.15487E-12  2.91692E-12  7.22955E-13  0.00000E+00  0.00000E+00
  4.050E+01  1.19797E-01  8.34581E-12  2.23637E-12  2.87913E-12  7.60620E-13  0.00000E+00  0.00000E+00
  4.100E+01  1.22645E-01  8.12656E-12  2.31144E-12  2.84163E-12  7.96832E-13  0.00000E+00  0.00000E+00
  4.150E+01  1.25522E-01  7.91361E-12  2.38047E-12  2.80445E-12  8.31645E-13  0.00000E+00  0.00000E+00
  4.200E+01  1.28428E-01  7.70676E-12  2.44383E-12  2.76759E-12  8.65111E-13  0.00000E+00  0.00000E+00
  4.250E+01  1.31361E-01  7.50583E-12  2.50187E-12  2.73105E-12  8.97278E-13  0.00000E+00  0.00000E+00
  4.300E+01  1.34323E-01  7.31061E-12  2.55492E-12  2.69484E-12  9.28193E-13  0.00000E+00  0.00000E+00
  4.350E+01  1.37313E-01  7.12094E-12  2.60327E-12  2.65897E-12  9.57901E-13  0.00000E+00  0.00000E+00
  4.400E+01  1.40330E-01  6.93663E-12  2.64720E-12  2.62345E-12  9.86443E-13  0.00000E+00  0.00000E+00
  4.450E+01  1.43375E-01  6.75751E-12  2.68698E-12  2.58827E-12  1.01386E-12  0.00000E+00  0.00000E+00
  4.500E+01  1.46447E-01  6.58342E-12  2.72285E-12  2.55344E-12  1.04020E-12  0.00000E+00  0.00000E+00
  4.550E+01  1.49545E-01  6.41420E-12  2.75505E-12  2.51897E-12  1.06549E-12  0.00000E+00  0.00000E+00
  4.600E+01  1.52671E-01  6.24970E-12  2.78381E-12  2.48485E-12  1.08976E-12  0.00000E+00  0.00000E+00
  4.650E+01  1.55823E-01  6.08977E-12  2.80932E-12  2.45109E-12  1.11307E-12  0.00000E+00  0.00000E+00
  4.700E+01  1.59001E-01  5.93426E-12  2.83178E-12  2.41769E-12  1.13542E-12  0.00000E+00  0.00000E+00
  4.750E+01  1.62205E-01  5.78304E-12  2.85137E-12  2.38465E-12  1.15687E-12  0.00000E+00  0.00000E+00
  4.800E+01  1.65435E-01  5.63597E-12  2.86825E-12  2.35197E-12  1.17744E-12  0.00000E+00  0.00000E+00
  4.850E+01  1.68690E-01  5.49292E-12  2.88259E-12  2.31964E-12  1.19716E-12  0.00000E+00  0.00000E+00
  4.900E+01  1.71970E-01  5.35378E-12  2.89453E-12  2.28768E-12  1.21605E-12  0.00000E+00  0.00000E+00
  4.950E+01  1.75276E-01  5.21841E-12  2.90423E-12  2.25607E-12  1.23415E-12  0.00000E+00  0.00000E+00
  5.000E+01  1.78606E-01  5.08671E-12  2.91182E-12  2.22482E-12  1.25148E-12  0.00000E+00  0.00000E+00
  5.050E+01  1.81961E-01  4.95856E-12  2.91742E-12  2.19393E-12  1.26807E-12  0.00000E+00  0.00000E+00
  5.100E+01  1.85340E-01  4.83385E-12  2.92115E-12  2.16340E-12  1.28394E-12  0.00000E+00  0.00000E+00
  5.150E+01  1.88743E-01  4.71248E-12  2.92311E-12  2.13321E-12  1.29911E-12  0.00000E+00  0.00000E+00
  5.200E+01  1.92169E-01  4.59434E-12  2.92342E-12  2.10338E-12  1.31360E-12  0.00000E+00  0.00000E+00
  5.250E+01  1.95619E-01  4.47935E-12  2.92217E-12  2.07390E-12  1.32745E-12  0.00000E+00  0.00000E+00
  5.300E+01  1.99092E-01  4.36740E-12  2.91946E-12  2.04477E-12  1.34066E-12  0.00000E+00  0.00000E+00
  5.350E+01  2.02589E-01  4.25840E-12  2.91538E-12  2.01598E-12  1.35325E-12  0.00000E+00  0.00000E+00
  5.400E+01  2.06107E-01  4.15227E-12  2.91002E-12  1.98754E-12  1.36526E-12  0.00000E+00  0.00000E+00
  5.450E+01  2.09649E-01  4.04891E-12  2.90344E-12  1.95943E-12  1.37669E-12  0.00000E+00  0.00000E+00
  5.500E+01  2.13212E-01  3.94826E-12  2.89572E-12  1.93167E-12  1.38756E-12  0.00000E+00  0.00000E+00
  5.550E+01  2.16797E-01  3.85023E-12  2.88693E-12  1.90424E-12  1.39790E-12  0.00000E+00  0.00000E+00
  5.600E+01  2.20404E-01  3.75474E-12  2.87713E-12  1.87714E-12  1.40771E-12  0.00000E+00  0.00000E+00
  5.650E+01  2.24032E-01  3.66171E-12  2.86641E-12  1.85037E-12  1.41701E-12  0.00000E+00  0.00000E+00
  5.700E+01  2.27680E-01  3.57109E-12  2.85480E-12  1.82393E-12  1.42583E-12  0.00000E+00  0.00000E+00
  5.750E+01  2.31350E-01  3.48279E-12  2.84237E-12  1.79782E-12  1.43416E-12  0.00000E+00  0.00000E+00
  5.800E+01  2.35040E-01  3.39675E-12  2.82918E-12  1.77202E-12  1.44204E-12  0.00000E+00  0.00000E+00
  5.850E+01  2.38751E-01  3.31290E-12  2.81526E-12  1.74655E-12  1.44946E-12  0.00000E+00  0.00000E+00
  5.900E+01  2.42481E-01  3.23119E-12  2.80066E-12  1.72139E-12  1.45645E-12  0.00000E+00  0.00000E+00
  5.950E+01  2.46231E-01  3.15155E-12  2.78544E-12  1.69654E-12  1.46302E-12  0.00000E+00  0.00000E+00
  6.000E+01  2.50000E-01  3.07393E-12  2.76963E-12  1.67199E-12  1.46918E-12  0.00000E+00  0.00000E+00
  6.050E+01  2.53788E-01  2.99825E-12  2.75327E-12  1.64776E-12  1.47494E-12  0.00000E+00  0.00000E+00
  6.100E+01  2.57595E-01  2.92449E-12  2.73641E-12  1.62383E-12  1.48032E-12  0.00000E+00  0.00000E+00
  6.150E+01  2.61421E-01  2.85256E-12  2.71908E-12  1.60019E-12  1.48532E-12  0.00000E+00  0.00000E+00
  6.200E+01  2.65264E-01  2.78244E-12  2.70131E-12  1.57686E-12  1.48996E-12  0.00000E+00  0.00000E+00
  6.250E+01  2.69126E-01  2.71406E-12  2.68313E-12  1.55382E-12  1.49424E-12  0.00000E+00  0.00000E+00
  6.300E+01  2.73005E-01  2.64739E-12  2.66458E-12  1.53106E-12  1.49818E-12  0.00000E+00  0.00000E+00
  6.350E+01  2.76901E-01  2.58236E-12  2.64567E-12  1.50860E-12  1.50179E-12  0.00000E+00  0.00000E+00
  6.400E+01  2.80814E-01  2.51894E-12  2.62645E-12  1.48642E-12  1.50507E-12  0.00000E+00  0.00000E+00
  6.450E+01  2.84744E-01  2.45709E-12  2.60694E-12  1.46451E-12  1.50804E-12  0.00000E+00  0.00000E+00
  6.500E+01  2.88691E-01  2.39675E-12  2.58717E-12  1.44289E-12  1.51071E-12  0.00000E+00  0.00000E+00
  6.550E+01  2.92653E-01  2.33790E-12  2.56714E-12  1.42154E-12  1.51308E-12  0.00000E+00  0.00000E+00
  6.600E+01  2.96632E-01  2.28048E-12  2.54689E-12  1.40047E-12  1.51516E-12  0.00000E+00  0.00000E+00
  6.650E+01  3.00625E-01  2.22447E-12  2.52643E-12  1.37966E-12  1.51696E-12  0.00000E+00  0.00000E+00
  6.700E+01  3.04634E-01  2.16982E-12  2.50579E-12  1.35911E-12  1.51849E-12  0.00000E+00  0.00000E+00
  6.750E+01  3.08658E-01  2.11650E-12  2.48499E-12  1.33883E-12  1.51975E-12  0.00000E+00  0.00000E+00
  6.800E+01  3.12697E-01  2.06447E-12  2.46404E-12  1.31881E-12  1.52075E-12  0.00000E+00  0.00000E+00
  6.850E+01  3.16749E-01  2.01369E-12  2.44297E-12  1.29905E-12  1.52151E-12  0.00000E+00  0.00000E+00
  6.900E+01  3.20816E-01  1.96415E-12  2.42178E-12  1.27954E-12  1.52202E-12  0.00000E+00  0.00000E+00
  6.950E+01  3.24896E-01  1.91579E-12  2.40049E-12  1.26028E-12  1.52230E-12  0.00000E+00  0.00000E+00
  7.000E+01  3.28990E-01  1.86860E-12  2.37911E-12  1.24126E-12  1.52234E-12  0.00000E+00  0.00000E+00
  7.050E+01  3.33097E-01  1.82254E-12  2.35765E-12  1.22249E-12  1.52216E-12  0.00000E+00  0.00000E+00
  7.100E+01  3.37216E-01  1.77758E-12  2.33615E-12  1.20397E-12  1.52177E-12  0.00000E+00  0.00000E+00
  7.150E+01  3.41348E-01  1.73370E-12  2.31461E-12  1.18568E-12  1.52116E-12  0.00000E+00  0.00000E+00
  7.200E+01  3.45492E-01  1.69086E-12  2.29303E-12  1.16763E-12  1.52035E-12  0.00000E+00  0.00000E+00
  7.250E+01  3.49647E-01  1.64905E-12  2.27141E-12  1.14981E-12  1.51933E-12  0.00000E+00  0.00000E+00
  7.300E+01  3.53814E-01  1.60822E-12  2.24978E-12  1.13223E-12  1.51812E-12  0.00000E+00  0.00000E+00
  7.350E+01  3.57992E-01  1.56837E-12  2.22815E-12  1.11487E-12  1.51672E-12  0.00000E+00  0.00000E+00
  7.400E+01  3.62181E-01  1.52946E-12  2.20653E-12  1.09774E-12  1.51514E-12  0.00000E+00  0.00000E+00
  7.450E+01  3.66381E-01  1.49146E-12  2.18492E-12  1.08083E-12  1.51338E-12  0.00000E+00  0.00000E+00
  7.500E+01  3.70590E-01  1.45437E-12  2.16334E-12  1.06414E-12  1.51144E-12  0.00000E+00  0.00000E+00
  7.550E+01  3.74810E-01  1.41815E-12  2.14178E-12  1.04767E-12  1.50933E-12  0.00000E+00  0.00000E+00
  7.600E+01  3.79039E-01  1.38278E-12  2.12025E-12  1.03141E-12  1.50706E-12  0.00000E+00  0.00000E+00
  7.650E+01  3.83277E-01  1.34825E-12  2.09878E-12  1.01537E-12  1.50463E-12  0.00000E+00  0.00000E+00
  7.700E+01  3.87524E-01  1.31452E-12  2.07735E-12  9.99535E-13  1.50204E-12  0.00000E+00  0.00000E+00
  7.750E+01  3.91780E-01  1.28159E-12  2.05598E-12  9.83909E-13  1.49929E-12  0.00000E+00  0.00000E+00
  7.800E+01  3.96044E-01  1.24943E-12  2.03468E-12  9.68488E-13  1.49640E-12  0.00000E+00  0.00000E+00
  7.850E+01  4.00316E-01  1.21802E-12  2.01344E-12  9.53270E-13  1.49337E-12  0.00000E+00  0.00000E+00
  7.900E+01  4.04596E-01  1.18734E-12  1.99227E-12  9.38251E-13  1.49019E-12  0.00000E+00  0.00000E+00
  7.950E+01  4.08882E-01  1.15738E-12  1.97119E-12  9.23431E-13  1.48687E-12  0.00000E+00  0.00000E+00
  8.000E+01  4.13176E-01  1.12812E-12  1.95018E-12  9.08806E-13  1.48343E-12  0.00000E+00  0.00000E+00
  8.050E+01  4.17476E-01  1.09954E-12  1.92926E-12  8.94375E-13  1.47985E-12  0.00000E+00  0.00000E+00
  8.100E+01  4.21783E-01  1.07163E-12  1.90844E-12  8.80134E-13  1.47614E-12  0.00000E+00  0.00000E+00
  8.150E+01  4.26095E-01  1.04436E-12  1.88771E-12  8.66083E-13  1.47232E-12  0.00000E+00  0.00000E+00
  8.200E+01  4.30413E-01  1.01773E-12  1.86708E-12  8.52217E-13  1.46837E-12  0.00000E+00  0.00000E+00
  8.250E+01  4.34737E-01  9.91721E-13  1.84655E-12  8.38537E-13  1.46430E-12  0.00000E+00  0.00000E+00
  8.300E+01  4.39065E-01  9.66313E-13  1.82613E-12  8.25038E-13  1.46013E-12  0.00000E+00  0.00000E+00
  8.350E+01  4.43398E-01  9.41494E-13  1.80581E-12  8.11719E-13  1.45584E-12  0.00000E+00  0.00000E+00
  8.400E+01  4.47736E-01  9.17250E-13  1.78560E-12  7.98578E-13  1.45144E-12  0.00000E+00  0.00000E+00
  8.450E+01  4.52077E-01  8.93569E-13  1.76551E-12  7.85613E-13  1.44694E-12  0.00000E+00  0.00000E+00
  8.500E+01  4.56422E-01  8.70435E-13  1.74554E-12  7.72821E-13  1.44233E-12  0.00000E+00  0.00000E+00
  8.550E+01  4.60770E-01  8.47837E-13  1.72568E-12  7.60202E-13  1.43763E-12  0.00000E+00  0.00000E+00
  8.600E+01  4.65122E-01  8.25762E-13  1.70594E-12  7.47751E-13  1.43283E-12  0.00000E+00  0.00000E+00
  8.650E+01  4.69476E-01  8.04198E-13  1.68633E-12  7.35469E-13  1.42793E-12  0.00000E+00  0.00000E+00
  8.700E+01  4.73832E-01  7.83133E-13  1.66684E-12  7.23352E-13  1.42295E-12  0.00000E+00  0.00000E+00
  8.750E+01  4.78190E-01  7.62555E-13  1.64747E-12  7.11399E-13  1.41787E-12  0.00000E+00  0.00000E+00
  8.800E+01  4.82550E-01  7.42453E-13  1.62824E-12  6.99608E-13  1.41270E-12  0.00000E+00  0.00000E+00
  8.850E+01  4.86912E-01  7.22816E-13  1.60913E-12  6.87977E-13  1.40745E-12  0.00000E+00  0.00000E+00
  8.900E+01  4.91274E-01  7.03632E-13  1.59015E-12  6.76503E-13  1.40212E-12  0.00000E+00  0.00000E+00
  8.950E+01  4.95637E-01  6.84893E-13  1.57131E-12  6.65186E-13  1.39671E-12  0.00000E+00  0.00000E+00
  9.000E+01  5.00000E-01  6.66586E-13  1.55259E-12  6.54024E-13  1.39121E-12  0.00000E+00  0.00000E+00
  9.050E+01  5.04363E-01  6.48703E-13  1.53401E-12  6.43014E-13  1.38565E-12  0.00000E+00  0.00000E+00
  9.100E+01  5.08726E-01  6.31234E-13  1.51557E-12  6.32154E-13  1.38000E-12  0.00000E+00  0.00000E+00
  9.150E+01  5.13088E-01  6.14169E-13  1.49726E-12  6.21444E-13  1.37429E-12  0.00000E+00  0.00000E+00
  9.200E+01  5.17450E-01  5.97499E-13  1.47908E-12  6.10881E-13  1.36850E-12  0.00000E+00  0.00000E+00
  9.250E+01  5.21810E-01  5.81215E-13  1.46105E-12  6.00464E-13  1.36264E-12  0.00000E+00  0.00000E+00
  9.300E+01  5.26168E-01  5.65308E-13  1.44315E-12  5.90190E-13  1.35672E-12  0.00000E+00  0.00000E+00
  9.350E+01  5.30524E-01  5.49769E-13  1.42538E-12  5.80059E-13  1.35073E-12  0.00000E+00  0.00000E+00
  9.400E+01  5.34878E-01  5.34592E-13  1.40776E-12  5.70068E-13  1.34468E-12  0.00000E+00  0.00000E+00
  9.450E+01  5.39230E-01  5.19766E-13  1.39027E-12  5.60217E-13  1.33857E-12  0.00000E+00  0.00000E+00
  9.500E+01  5.43578E-01  5.05284E-13  1.37293E-12  5.50502E-13  1.33239E-12  0.00000E+00  0.00000E+00
  9.550E+01  5.47923E-01  4.91139E-13  1.35572E-12  5.40923E-13  1.32616E-12  0.00000E+00  0.00000E+00
  9.600E+01  5.52264E-01  4.77322E-13  1.33865E-12  5.31479E-13  1.31987E-12  0.00000E+00  0.00000E+00
  9.650E+01  5.56602E-01  4.63827E-13  1.32172E-12  5.22167E-13  1.31353E-12  0.00000E+00  0.00000E+00
  9.700E+01  5.60935E-01  4.50646E-13  1.30493E-12  5.12986E-13  1.30713E-12  0.00000E+00  0.00000E+00
  9.750E+01  5.65263E-01  4.37772E-13  1.28828E-12  5.03934E-13  1.30067E-12  0.00000E+00  0.00000E+00
  9.800E+01  5.69587E-01  4.25198E-13  1.27177E-12  4.95011E-13  1.29417E-12  0.00000E+00  0.00000E+00
  9.850E+01  5.73905E-01  4.12919E-13  1.25540E-12  4.86214E-13  1.28761E-12  0.00000E+00  0.00000E+00
  9.900E+01  5.78217E-01  4.00926E-13  1.23917E-12  4.77542E-13  1.28101E-12  0.00000E+00  0.00000E+00
  9.950E+01  5.82524E-01  3.89213E-13  1.22307E-12  4.68994E-13  1.27436E-12  0.00000E+00  0.00000E+00
  1.000E+02  5.86824E-01  3.77775E-13  1.20712E-12  4.60568E-13  1.26766E-12  0.00000E+00  0.00000E+00
  1.005E+02  5.91118E-01  3.66605E-13  1.19131E-12  4.52263E-13  1.26092E-12  0.00000E+00  0.00000E+00
  1.010E+02  5.95404E-01  3.55698E-13  1.17563E-12  4.44077E-13  1.25413E-12  0.00000E+00  0.00000E+00
  1.015E+02  5.99684E-01  3.45047E-13  1.16009E-12  4.36009E-13  1.24731E-12  0.00000E+00  0.00000E+00
  1.020E+02  6.03956E-01  3.34647E-13  1.14469E-12  4.28058E-13  1.24044E-12  0.00000E+00  0.00000E+00
  1.025E+02  6.08220E-01  3.24493E-13  1.12943E-12  4.20222E-13  1.23352E-12  0.00000E+00  0.00000E+00
  1.030E+02  6.12476E-01  3.14577E-13  1.11431E-12  4.12500E-13  1.22657E-12  0.00000E+00  0.00000E+00
  1.035E+02  6.16723E-01  3.04897E-13  1.09932E-12  4.04891E-13  1.21959E-12  0.00000E+00  0.00000E+00
  1.040E+02  6.20961E-01  2.95446E-13  1.08447E-12  3.97393E-13  1.21256E-12  0.00000E+00  0.00000E+00
  1.045E+02  6.25190E-01  2.86219E-13  1.06976E-12  3.90005E-13  1.20550E-12  0.00000E+00  0.00000E+00
  1.050E+02  6.29410E-01  2.77211E-13  1.05518E-12  3.82726E-13  1.19840E-12  0.00000E+00  0.00000E+00
  1.055E+02  6.33619E-01  2.68418E-13  1.04074E-12  3.75554E-13  1.19127E-12  0.00000E+00  0.00000E+00
  1.060E+02  6.37819E-01  2.59835E-13  1.02643E-12  3.68489E-13  1.18411E-12  0.00000E+00  0.00000E+00
  1.065E+02  6.42008E-01  2.51456E-13  1.01226E-12  3.61528E-13  1.17691E-12  0.00000E+00  0.00000E+00
  1.070E+02  6.46186E-01  2.43278E-13  9.98220E-13  3.54672E-13  1.16968E-12  0.00000E+00  0.00000E+00
  1.075E+02  6.50353E-01  2.35297E-13  9.84314E-13  3.47918E-13  1.16242E-12  0.00000E+00  0.00000E+00
  1.080E+02  6.54508E-01  2.27507E-13  9.70541E-13  3.41265E-13  1.15513E-12  0.00000E+00  0.00000E+00
  1.085E+02  6.58652E-01  2.19905E-13  9.56901E-13  3.34713E-13  1.14781E-12  0.00000E+00  0.00000E+00
  1.090E+02  6.62784E-01  2.12487E-13  9.43392E-13  3.28260E-13  1.14047E-12  0.00000E+00  0.00000E+00
  1.095E+02  6.66903E-01  2.05248E-13  9.30014E-13  3.21905E-13  1.13309E-12  0.00000E+00  0.00000E+00
  1.100E+02  6.71010E-01  1.98184E-13  9.16767E-13  3.15646E-13  1.12569E-12  0.00000E+00  0.00000E+00
  1.105E+02  6.75104E-01  1.91292E-13  9.03650E-13  3.09483E-13  1.11827E-12  0.00000E+00  0.00000E+00
  1.110E+02  6.79184E-01  1.84568E-13  8.90663E-13  3.03415E-13  1.11082E-12  0.00000E+00  0.00000E+00
  1.115E+02  6.83251E-01  1.78008E-13  8.77805E-13  2.97440E-13  1.10334E-12  0.00000E+00  0.00000E+00
  1.120E+02  6.87303E-01  1.71609E-13  8.65074E-13  2.91558E-13  1.09584E-12  0.00000E+00  0.00000E+00
  1.125E+02  6.91342E-01  1.65366E-13  8.52471E-13  2.85767E-13  1.08832E-12  0.00000E+00  0.00000E+00
  1.130E+02  6.95366E-01  1.59278E-13  8.39995E-13  2.80066E-13  1.08077E-12  0.00000E+00  0.00000E+00
  1.135E+02  6.99375E-01  1.53339E-13  8.27646E-13  2.74454E-13  1.07320E-12  0.00000E+00  0.00000E+00
  1.140E+02  7.03368E-01  1.47547E-13  8.15422E-13  2.68930E-13  1.06561E-12  0.00000E+00  0.00000E+00
  1.145E+02  7.07347E-01  1.41899E-13  8.03324E-13  2.63493E-13  1.05800E-12  0.00000E+00  0.00000E+00
  1.150E+02  7.11309E-01  1.36391E-13  7.91350E-13  2.58142E-13  1.05038E-12  0.00000E+00  0.00000E+00
  1.155E+02  7.15256E-01  1.31021E-13  7.79500E-13  2.52877E-13  1.04273E-12  0.00000E+00  0.00000E+00
  1.160E+02  7.19186E-01  1.25785E-13  7.67772E-13  2.47695E-13  1.03506E-12  0.00000E+00  0.00000E+00
  1.165E+02  7.23099E-01  1.20680E-13  7.56167E-13  2.42596E-13  1.02737E-12  0.00000E+00  0.00000E+00
  1.170E+02  7.26995E-01  1.15704E-13  7.44684E-13  2.37580E-13  1.01967E-12  0.00000E+00  0.00000E+00
  1.175E+02  7.30874E-01  1.10853E-13  7.33323E-13  2.32644E-13  1.01195E-12  0.00000E+00  0.00000E+00
  1.180E+02  7.34736E-01  1.06125E-13  7.22082E-13  2.27789E-13  1.00421E-12  0.00000E+00  0.00000E+00
  1.185E+02  7.38579E-01  1.01517E-13  7.10962E-13  2.23012E-13  9.96458E-13  0.00000E+00  0.00000E+00
  1.190E+02  7.42405E-01  9.70260E-14  6.99960E-13  2.18314E-13  9.88689E-13  0.00000E+00  0.00000E+00
  1.195E+02  7.46212E-01  9.26501E-14  6.89076E-13  2.13693E-13  9.80904E-13  0.00000E+00  0.00000E+00
  1.200E+02  7.50000E-01  8.83865E-14  6.78310E-13  2.09149E-13  9.73104E-13  0.00000E+00  0.00000E+00
  1.205E+02  7.53769E-01  8.42325E-14  6.67662E-13  2.04679E-13  9.65291E-13  0.00000E+00  0.00000E+00
  1.210E+02  7.57519E-01  8.01856E-14  6.57131E-13  2.00285E-13  9.57463E-13  0.00000E+00  0.00000E+00
  1.215E+02  7.61249E-01  7.62435E-14  6.46716E-13  1.95964E-13  9.49622E-13  0.00000E+00  0.00000E+00
  1.220E+02  7.64960E-01  7.24038E-14  6.36416E-13  1.91715E-13  9.41768E-13  0.00000E+00  0.00000E+00
  1.225E+02  7.68650E-01  6.86644E-14  6.26231E-13  1.87538E-13  9.33901E-13  0.00000E+00  0.00000E+00
  1.230E+02  7.72320E-01  6.50229E-14  6.16159E-13  1.83433E-13  9.26022E-13  2.42571E-17  0.00000E+00
  1.235E+02  7.75968E-01  6.14771E-14  6.06201E-13  1.79397E-13  9.18131E-13  0.00000E+00  0.00000E+00
  1.240E+02  7.79596E-01  5.80248E-14  5.96355E-13  1.75431E-13  9.10229E-13  0.00000E+00  0.00000E+00
  1.245E+02  7.83203E-01  5.46638E-14  5.86622E-13  1.71533E-13  9.02316E-13  0.00000E+00  0.00000E+00
  1.250E+02  7.86788E-01  5.13921E-14  5.77001E-13  1.67702E-13  8.94391E-13  1.24995E-17  0.00000E+00
  1.255E+02  7.90351E-01  4.82076E-14  5.67491E-13  1.63938E-13  8.86457E-13  0.00000E+00  0.00000E+00
  1.260E+02  7.93893E-01  4.51085E-14  5.58091E-13  1.60240E-13  8.78512E-13  2.54032E-17  0.00000E+00
  1.265E+02  7.97411E-01  4.20928E-14  5.48800E-13  1.56607E-13  8.70558E-13  0.00000E+00  0.00000E+00
  1.270E+02  8.00908E-01  3.91585E-14  5.39617E-13  1.53038E-13  8.62595E-13  2.58309E-17  0.00000E+00
  1.275E+02  8.04381E-01  3.63038E-14  5.30544E-13  1.49532E-13  8.54622E-13  1.30269E-17  0.00000E+00
  1.280E+02  8.07831E-01  3.35267E-14  5.21578E-13  1.46089E-13  8.46641E-13  2.62831E-17  0.00000E+00
  1.285E+02  8.11257E-01  3.08254E-14  5.12720E-13  1.42708E-13  8.38651E-13  2.65186E-17  0.00000E+00
  1.290E+02  8.14660E-01  2.81983E-14  5.03968E-13  1.39388E-13  8.30653E-13  6.69016E-18  0.00000E+00
  1.295E+02  8.18039E-01  2.56437E-14  4.95323E-13  1.36128E-13  8.22647E-13  0.00000E+00  0.00000E+00
  1.300E+02  8.21394E-01  2.31599E-14  4.86782E-13  1.32927E-13  8.14634E-13  6.81621E-18  0.00000E+00
  1.305E+02  8.24724E-01  2.07452E-14  4.78346E-13  1.29785E-13  8.06613E-13  6.88184E-18  0.00000E+00
  1.310E+02  8.28030E-01  1.83979E-14  4.70014E-13  1.26701E-13  7.98585E-13  1.38985E-17  0.00000E+00
  1.315E+02  8.31310E-01  1.61165E-14  4.61786E-13  1.23674E-13  7.90550E-13  7.01844E-18  0.00000E+00
  1.320E+02  8.34565E-01  1.38993E-14  4.53661E-13  1.20703E-13  7.82509E-13  0.00000E+00  0.00000E+00
  1.325E+02  8.37795E-01  1.17449E-14  4.45639E-13  1.17789E-13  7.74461E-13  0.00000E+00  0.00000E+00
  1.330E+02  8.40999E-01  9.65182E-15  4.37718E-13  1.14928E-13  7.66408E-13  3.61868E-18  0.00000E+00
  1.335E+02  8.44177E-01  7.61865E-15  4.29899E-13  1.12123E-13  7.58348E-13  0.00000E+00  0.00000E+00
  1.340E+02  8.47329E-01  5.64394E-15  4.22180E-13  1.09370E-13  7.50283E-13  3.69658E-18  0.00000E+00
  1.345E+02  8.50455E-01  3.72625E-15  4.14561E-13  1.06670E-13  7.42212E-13  1.86854E-18  0.00000E+00
  1.350E+02  8.53553E-01  1.86412E-15  4.07043E-13  1.04023E-13  7.34136E-13  2.83398E-18  0.00000E+00
  1.355E+02  8.56625E-01  5.61811E-17  3.99623E-13  1.01426E-13  7.26055E-13  1.88079E-18  0.00000E+00
  1.360E+02  8.59670E-01 -1.69884E-15  3.92303E-13  9.88802E-14  7.17970E-13  4.83128E-18  0.00000E+00
  1.365E+02  8.62687E-01 -3.40217E-15  3.85081E-13  9.63842E-14  7.09879E-13  5.86486E-18  0.00000E+00
  1.370E+02  8.65677E-01 -5.05503E-15  3.77955E-13  9.39373E-14  7.01785E-13  3.95595E-18  0.00000E+00
  1.375E+02  8.68639E-01 -6.65863E-15  3.70927E-13  9.15389E-14  6.93686E-13  2.00159E-18  0.00000E+00
  1.380E+02  8.71572E-01 -8.21427E-15  3.63995E-13  8.91882E-14  6.85583E-13  4.05162E-18  0.00000E+00
  1.385E+02  8.74478E-01 -9.72320E-15  3.57159E-13  8.68847E-14  6.77476E-13  0.00000E+00  0.00000E+00
  1.390E+02  8.77355E-01 -1.11866E-14  3.50419E-13  8.46276E-14  6.69365E-13  8.30447E-18  0.00000E+00
  1.395E+02  8.80203E-01 -1.26057E-14  3.43774E-13  8.24163E-14  6.61250E-13  1.26134E-17  0.00000E+00
  1.400E+02  8.83022E-01 -1.39814E-14  3.37224E-13  8.02500E-14  6.53133E-13  8.51601E-18  0.00000E+00
  1.405E+02  8.85812E-01 -1.53148E-14  3.30768E-13  7.81282E-14  6.45012E-13  8.62580E-18  0.00000E+00
  1.410E+02  8.88573E-01 -1.66069E-14  3.24405E-13  7.60501E-14  6.36887E-13  1.74767E-17  0.00000E+00
  1.415E+02  8.91304E-01 -1.78588E-14  3.18134E-13  7.40152E-14  6.28760E-13  0.00000E+00  0.00000E+00
  1.420E+02  8.94005E-01 -1.90718E-14  3.11957E-13  7.20227E-14  6.20630E-13  8.97195E-18  0.00000E+00
  1.425E+02  8.96677E-01 -2.02468E-14  3.05872E-13  7.00720E-14  6.12497E-13  1.81862E-17  0.00000E+00
  1.430E+02  8.99318E-01 -2.13848E-14  2.99879E-13  6.81624E-14  6.04362E-13  9.21716E-18  0.00000E+00
  1.435E+02  9.01928E-01 -2.24865E-14  2.93978E-13  6.62934E-14  5.96224E-13  9.34427E-18  0.00000E+00
  1.440E+02  9.04508E-01 -2.35529E-14  2.88167E-13  6.44643E-14  5.88084E-13  0.00000E+00  0.00000E+00
  1.445E+02  9.07058E-01 -2.45852E-14  2.82445E-13  6.26744E-14  5.79942E-13  1.92158E-17  0.00000E+00
  1.450E+02  9.09576E-01 -2.55839E-14  2.76814E-13  6.09232E-14  5.71797E-13  3.89780E-17  0.00000E+00
  1.455E+02  9.12063E-01 -2.65501E-14  2.71272E-13  5.92100E-14  5.63650E-13  1.97686E-17  0.00000E+00
  1.460E+02  9.14519E-01 -2.74849E-14  2.65821E-13  5.75342E-14  5.55502E-13  2.00548E-17  0.00000E+00
  1.465E+02  9.16943E-01 -2.83890E-14  2.60459E-13  5.58951E-14  5.47352E-13  2.03476E-17  0.00000E+00
  1.470E+02  9.19335E-01 -2.92632E-14  2.55184E-13  5.42922E-14  5.39199E-13  4.12946E-17  0.00000E+00
  1.475E+02  9.21696E-01 -3.01081E-14  2.49996E-13  5.27248E-14  5.31046E-13  2.09539E-17  0.00000E+00
  1.480E+02  9.24024E-01 -3.09246E-14  2.44896E-13  5.11924E-14  5.22891E-13  0.00000E+00  0.00000E+00
  1.485E+02  9.26320E-01 -3.17135E-14  2.39883E-13  4.96943E-14  5.14734E-13  2.15882E-17  0.00000E+00
  1.490E+02  9.28584E-01 -3.24757E-14  2.34957E-13  4.82300E-14  5.06576E-13  2.19160E-17  0.00000E+00
  1.495E+02  9.30815E-01 -3.32119E-14  2.30118E-13  4.67988E-14  4.98417E-13  2.22509E-17  0.00000E+00
  1.500E+02  9.33013E-01 -3.39228E-14  2.25366E-13  4.54001E-14  4.90256E-13  0.00000E+00  0.00000E+00
  1.505E+02  9.35178E-01 -3.46091E-14  2.20698E-13  4.40334E-14  4.82095E-13  0.00000E+00  0.00000E+00
  1.510E+02  9.37310E-01 -3.52714E-14  2.16116E-13  4.26981E-14  4.73932E-13  2.32991E-17  0.00000E+00
  1.515E+02  9.39409E-01 -3.59103E-14  2.11618E-13  4.13935E-14  4.65769E-13  2.36633E-17  0.00000E+00
  1.520E+02  9.41474E-01 -3.65266E-14  2.07205E-13  4.01192E-14  4.57604E-13  0.00000E+00  0.00000E+00
  1.525E+02  9.43505E-01 -3.71210E-14  2.02876E-13  3.88745E-14  4.49439E-13  4.88271E-17  0.00000E+00
  1.530E+02  9.45503E-01 -3.76941E-14  1.98632E-13  3.76588E-14  4.41272E-13  4.95992E-17  0.00000E+00
  1.535E+02  9.47467E-01 -3.82467E-14  1.94471E-13  3.64716E-14  4.33105E-13  5.03857E-17  0.00000E+00
  1.540E+02  9.49397E-01 -3.87791E-14  1.90394E-13  3.53123E-14  4.24938E-13  2.55933E-17  0.00000E+00
  1.545E+02  9.51293E-01 -3.92919E-14  1.86399E-13  3.41804E-14  4.16770E-13  2.60009E-17  0.00000E+00
  1.550E+02  9.53154E-01 -3.97856E-14  1.82487E-13  3.30752E-14  4.08601E-13  1.05662E-16  0.00000E+00
  1.555E+02  9.54981E-01 -4.02610E-14  1.78657E-13  3.19962E-14  4.00431E-13  2.68372E-17  0.00000E+00
  1.560E+02  9.56773E-01 -4.07185E-14  1.74909E-13  3.09429E-14  3.92262E-13  0.00000E+00  0.00000E+00
  1.565E+02  9.58530E-01 -4.11587E-14  1.71243E-13  2.99147E-14  3.84091E-13  0.00000E+00  0.00000E+00
  1.570E+02  9.60252E-01 -4.15823E-14  1.67659E-13  2.89109E-14  3.75921E-13  2.81411E-17  0.00000E+00
  1.575E+02  9.61940E-01 -4.19896E-14  1.64156E-13  2.79312E-14  3.67750E-13  2.85882E-17  0.00000E+00
  1.580E+02  9.63592E-01 -4.23809E-14  1.60734E-13  2.69749E-14  3.59578E-13  2.90410E-17  0.00000E+00
  1.585E+02  9.65209E-01 -4.27569E-14  1.57392E-13  2.60414E-14  3.51407E-13  0.00000E+00  0.00000E+00
  1.590E+02  9.66790E-01 -4.31179E-14  1.54131E-13  2.51303E-14  3.43235E-13  0.00000E+00  0.00000E+00
  1.595E+02  9.68336E-01 -4.34646E-14  1.50949E-13  2.42409E-14  3.35063E-13  0.00000E+00  0.00000E+00
  1.600E+02  9.69846E-01 -4.37973E-14  1.47848E-13  2.33728E-14  3.26890E-13  0.00000E+00  0.00000E+00
  1.605E+02  9.71321E-01 -4.41165E-14  1.44827E-13  2.25254E-14  3.18718E-13  0.00000E+00  0.00000E+00
  1.610E+02  9.72759E-01 -4.44227E-14  1.41886E-13  2.16981E-14  3.10545E-13  0.00000E+00  0.00000E+00
  1.615E+02  9.74162E-01 -4.47160E-14  1.39024E-13  2.08905E-14  3.02373E-13  0.00000E+00  0.00000E+00
  1.620E+02  9.75528E-01 -4.49969E-14  1.36240E-13  2.01019E-14  2.94200E-13  0.00000E+00  0.00000E+00
  1.625E+02  9.76858E-01 -4.52658E-14  1.33535E-13  1.93318E-14  2.86027E-13  0.00000E+00  0.00000E+00
  1.630E+02  9.78152E-01 -4.55230E-14  1.30908E-13  1.85798E-14  2.77854E-13  6.76027E-17  0.00000E+00
  1.635E+02  9.79410E-01 -4.57691E-14  1.28360E-13  1.78453E-14  2.69681E-13  0.00000E+00  0.00000E+00
  1.640E+02  9.80631E-01 -4.60043E-14  1.25890E-13  1.71277E-14  2.61508E-13  6.95520E-17  0.00000E+00
  1.645E+02  9.81815E-01 -4.62290E-14  1.23499E-13  1.64265E-14  2.53335E-13  0.00000E+00  0.00000E+00
  1.650E+02  9.82963E-01 -4.64435E-14  1.21185E-13  1.57411E-14  2.45162E-13  7.14905E-17  0.00000E+00
  1.655E+02  9.84074E-01 -4.66478E-14  1.18949E-13  1.50712E-14  2.36989E-13  7.24521E-17  0.00000E+00
  1.660E+02  9.85148E-01 -4.68424E-14  1.16790E-13  1.44161E-14  2.28816E-13  0.00000E+00  0.00000E+00
  1.665E+02  9.86185E-01 -4.70277E-14  1.14707E-13  1.37753E-14  2.20643E-13  0.00000E+00  0.00000E+00
  1.670E+02  9.87185E-01 -4.72039E-14  1.12702E-13  1.31483E-14  2.12470E-13  0.00000E+00  0.00000E+00
  1.675E+02  9.88148E-01 -4.73714E-14  1.10775E-13  1.25346E-14  2.04297E-13  1.52407E-16  9.70836E-18
  1.680E+02  9.89074E-01 -4.75304E-14  1.08925E-13  1.19336E-14  1.96124E-13  7.71079E-17  9.69658E-18
  1.685E+02  9.89962E-01 -4.76810E-14  1.07151E-13  1.13449E-14  1.87952E-13  1.55990E-16  0.00000E+00
  1.690E+02  9.90814E-01 -4.78235E-14  1.05454E-13  1.07678E-14  1.79779E-13  7.88629E-17  0.00000E+00
  1.695E+02  9.91627E-01 -4.79579E-14  1.03832E-13  1.02020E-14  1.71607E-13  7.97102E-17  0.00000E+00
  1.700E+02  9.92404E-01 -4.80847E-14  1.02286E-13  9.64684E-15  1.63434E-13  1.61069E-16  0.00000E+00
  1.705E+02  9.93143E-01 -4.82040E-14  1.00817E-13  9.10187E-15  1.55262E-13  8.13331E-17  3.85805E-17
  1.710E+02  9.93844E-01 -4.83163E-14  9.94242E-14  8.56655E-15  1.47090E-13  0.00000E+00  0.00000E+00
  1.715E+02  9.94508E-01 -4.84215E-14  9.81079E-14  8.04037E-15  1.38917E-13  8.28460E-17  3.85118E-17
  1.720E+02  9.95134E-01 -4.85198E-14  9.68674E-14  7.52282E-15  1.30745E-13  0.00000E+00  0.00000E+00
  1.725E+02  9.95722E-01 -4.86113E-14  9.57021E-14  7.01338E-15  1.22573E-13  8.42349E-17  3.84509E-17
  1.730E+02  9.96273E-01 -4.86960E-14  9.46117E-14  6.51155E-15  1.14401E-13  8.48790E-17  9.60585E-18
  1.735E+02  9.96786E-01 -4.87742E-14  9.35966E-14  6.01682E-15  1.06229E-13  8.54869E-17  5.75966E-17
  1.740E+02  9.97261E-01 -4.88461E-14  9.26572E-14  5.52868E-15  9.80576E-14  0.00000E+00  3.83741E-17
  1.745E+02  9.97698E-01 -4.89119E-14  9.17938E-14  5.04662E-15  8.98859E-14  8.65864E-17  8.62926E-17
  1.750E+02  9.98097E-01 -4.89718E-14  9.10065E-14  4.57013E-15  8.17142E-14  8.70746E-17  5.74986E-17
  1.755E+02  9.98459E-01 -4.90258E-14  9.02945E-14  4.09870E-15  7.35426E-14  8.75203E-17  8.62074E-17
  1.760E+02  9.98782E-01 -4.90737E-14  8.96571E-14  3.63182E-15  6.53711E-14  8.79229E-17  1.43619E-16
  1.765E+02  9.99067E-01 -4.91156E-14  8.90941E-14  3.16898E-15  5.71996E-14  8.82815E-17  7.65682E-17
  1.770E+02  9.99315E-01 -4.91516E-14  8.86054E-14  2.70969E-15  4.90281E-14  1.77190E-16  2.29631E-16
  1.775E+02  9.99524E-01 -4.91819E-14  8.81920E-14  2.25344E-15  4.08567E-14  8.88618E-17  0.00000E+00
  1.780E+02  9.99695E-01 -4.92069E-14  8.78545E-14  1.79973E-15  3.26853E-14  8.90806E-17  4.87725E-16
  1.785E+02  9.99829E-01 -4.92265E-14  8.75932E-14  1.34804E-15  2.45140E-14  2.67751E-16  2.29478E-16
  1.790E+02  9.99924E-01 -4.92406E-14  8.74078E-14  8.97859E-16  1.63426E-14  0.00000E+00  1.30978E-15
  1.795E+02  9.99981E-01 -4.92495E-14  8.72970E-14  4.48680E-16  8.17130E-15  2.68328E-16  2.44729E-15
  1.800E+02  1.00000E+00 -4.92518E-14  8.72607E-14  6.29530E-30  1.14671E-28  4.20493E-15  6.00502E-12
