 #  Scattering amplitudes (in cm)      MU=(1-cos(TH))/2
 #  Z =  47,   projectile: electron
 #  Kinetic energy = 2.90000E+06 eV
 #
 # TH (deg)      MU          Re(F)        Im(F)        Re(G)        Im(G)        ERRF         ERRG 
 #-----------------------------------------------------------------------------------------------------------------
  0.000E+00  0.00000E+00  5.66134E-07  5.97813E-08  0.00000E+00  0.00000E+00  1.24940E-07  0.00000E+00
  1.000E-04  7.61557E-13  5.66133E-07  5.97813E-08  4.20027E-13  4.43600E-14  1.24930E-07  9.28394E-07
  1.250E-04  1.18994E-12  5.66133E-07  5.97813E-08  5.25034E-13  5.54500E-14  1.24924E-07  9.28373E-07
  1.500E-04  1.71346E-12  5.66132E-07  5.97813E-08  6.30040E-13  6.65400E-14  1.24917E-07  9.28347E-07
  1.750E-04  2.33225E-12  5.66132E-07  5.97813E-08  7.35046E-13  7.76300E-14  1.24909E-07  9.28317E-07
  2.000E-04  3.04617E-12  5.66131E-07  5.97813E-08  8.40051E-13  8.87200E-14  1.24899E-07  9.28281E-07
  2.250E-04  3.85530E-12  5.66130E-07  5.97813E-08  9.45057E-13  9.98100E-14  1.24888E-07  9.28241E-07
  2.500E-04  4.75964E-12  5.66129E-07  5.97813E-08  1.05006E-12  1.10900E-13  1.24876E-07  9.28196E-07
  2.750E-04  5.75917E-12  5.66129E-07  5.97812E-08  1.15507E-12  1.21990E-13  1.24862E-07  9.28147E-07
  3.000E-04  6.85391E-12  5.66128E-07  5.97812E-08  1.26007E-12  1.33080E-13  1.24847E-07  9.28092E-07
  3.250E-04  8.04379E-12  5.66126E-07  5.97812E-08  1.36507E-12  1.44170E-13  1.24831E-07  9.28033E-07
  3.500E-04  9.32893E-12  5.66125E-07  5.97812E-08  1.47008E-12  1.55260E-13  1.24814E-07  9.27970E-07
  3.750E-04  1.07092E-11  5.66124E-07  5.97812E-08  1.57508E-12  1.66350E-13  1.24795E-07  9.27901E-07
  4.000E-04  1.21847E-11  5.66123E-07  5.97812E-08  1.68008E-12  1.77440E-13  1.24775E-07  9.27828E-07
  4.250E-04  1.37554E-11  5.66121E-07  5.97812E-08  1.78508E-12  1.88530E-13  1.24754E-07  9.27750E-07
  4.500E-04  1.54213E-11  5.66120E-07  5.97812E-08  1.89008E-12  1.99620E-13  1.24731E-07  9.27668E-07
  4.750E-04  1.71823E-11  5.66118E-07  5.97812E-08  1.99508E-12  2.10710E-13  1.24707E-07  9.27580E-07
  5.000E-04  1.90386E-11  5.66116E-07  5.97811E-08  2.10007E-12  2.21800E-13  1.24682E-07  9.27488E-07
  5.250E-04  2.09900E-11  5.66115E-07  5.97811E-08  2.20507E-12  2.32890E-13  1.24656E-07  9.27392E-07
  5.500E-04  2.30367E-11  5.66113E-07  5.97811E-08  2.31007E-12  2.43979E-13  1.24628E-07  9.27290E-07
  5.750E-04  2.51785E-11  5.66111E-07  5.97811E-08  2.41506E-12  2.55069E-13  1.24599E-07  9.27184E-07
  6.000E-04  2.74156E-11  5.66109E-07  5.97811E-08  2.52006E-12  2.66159E-13  1.24569E-07  9.27073E-07
  6.250E-04  2.97478E-11  5.66107E-07  5.97811E-08  2.62505E-12  2.77249E-13  1.24538E-07  9.26958E-07
  6.500E-04  3.21752E-11  5.66104E-07  5.97810E-08  2.73004E-12  2.88339E-13  1.24505E-07  9.26838E-07
  6.750E-04  3.46979E-11  5.66102E-07  5.97810E-08  2.83503E-12  2.99429E-13  1.24471E-07  9.26713E-07
  7.000E-04  3.73157E-11  5.66100E-07  5.97810E-08  2.94002E-12  3.10519E-13  1.24435E-07  9.26583E-07
  7.250E-04  4.00286E-11  5.66097E-07  5.97810E-08  3.04501E-12  3.21609E-13  1.24399E-07  9.26449E-07
  7.500E-04  4.28368E-11  5.66095E-07  5.97809E-08  3.14999E-12  3.32698E-13  1.24361E-07  9.26310E-07
  7.750E-04  4.57402E-11  5.66092E-07  5.97809E-08  3.25498E-12  3.43788E-13  1.24321E-07  9.26166E-07
  8.000E-04  4.87388E-11  5.66089E-07  5.97809E-08  3.35996E-12  3.54878E-13  1.24281E-07  9.26017E-07
  8.250E-04  5.18325E-11  5.66087E-07  5.97809E-08  3.46494E-12  3.65968E-13  1.24239E-07  9.25864E-07
  8.500E-04  5.50215E-11  5.66084E-07  5.97808E-08  3.56992E-12  3.77058E-13  1.24196E-07  9.25706E-07
  8.750E-04  5.83057E-11  5.66081E-07  5.97808E-08  3.67490E-12  3.88147E-13  1.24152E-07  9.25544E-07
  9.000E-04  6.16850E-11  5.66078E-07  5.97808E-08  3.77987E-12  3.99237E-13  1.24106E-07  9.25377E-07
  9.250E-04  6.51595E-11  5.66074E-07  5.97808E-08  3.88485E-12  4.10327E-13  1.24059E-07  9.25205E-07
  9.500E-04  6.87293E-11  5.66071E-07  5.97807E-08  3.98982E-12  4.21416E-13  1.24011E-07  9.25028E-07
  9.750E-04  7.23943E-11  5.66068E-07  5.97807E-08  4.09479E-12  4.32506E-13  1.23961E-07  9.24847E-07
  1.000E-03  7.61544E-11  5.66064E-07  5.97807E-08  4.19976E-12  4.43596E-13  1.23911E-07  9.24661E-07
  1.250E-03  1.18991E-10  5.66025E-07  5.97803E-08  5.24934E-12  5.54491E-13  1.23333E-07  9.22544E-07
  1.500E-03  1.71347E-10  5.65978E-07  5.97799E-08  6.29868E-12  6.65385E-13  1.22630E-07  9.19961E-07
  1.750E-03  2.33223E-10  5.65921E-07  5.97794E-08  7.34773E-12  7.76276E-13  1.21800E-07  9.16914E-07
  2.000E-03  3.04617E-10  5.65856E-07  5.97788E-08  8.39644E-12  8.87164E-13  1.20847E-07  9.13406E-07
  2.250E-03  3.85531E-10  5.65782E-07  5.97781E-08  9.44476E-12  9.98048E-13  1.19771E-07  9.09441E-07
  2.500E-03  4.75965E-10  5.65700E-07  5.97774E-08  1.04927E-11  1.10893E-12  1.18573E-07  9.05023E-07
  2.750E-03  5.75917E-10  5.65609E-07  5.97766E-08  1.15401E-11  1.21981E-12  1.17257E-07  9.00156E-07
  3.000E-03  6.85389E-10  5.65509E-07  5.97757E-08  1.25869E-11  1.33068E-12  1.15822E-07  8.94845E-07
  3.250E-03  8.04380E-10  5.65401E-07  5.97747E-08  1.36333E-11  1.44154E-12  1.14273E-07  8.89094E-07
  3.500E-03  9.32891E-10  5.65284E-07  5.97737E-08  1.46789E-11  1.55240E-12  1.12611E-07  8.82910E-07
  3.750E-03  1.07092E-09  5.65159E-07  5.97725E-08  1.57239E-11  1.66326E-12  1.10838E-07  8.76299E-07
  4.000E-03  1.21847E-09  5.65025E-07  5.97713E-08  1.67682E-11  1.77411E-12  1.08957E-07  8.69267E-07
  4.250E-03  1.37554E-09  5.64883E-07  5.97701E-08  1.78118E-11  1.88495E-12  1.06972E-07  8.61821E-07
  4.500E-03  1.54213E-09  5.64732E-07  5.97687E-08  1.88545E-11  1.99578E-12  1.04884E-07  8.53968E-07
  4.750E-03  1.71823E-09  5.64572E-07  5.97673E-08  1.98963E-11  2.10661E-12  1.02697E-07  8.45715E-07
  5.000E-03  1.90386E-09  5.64404E-07  5.97657E-08  2.09373E-11  2.21743E-12  1.00415E-07  8.37072E-07
  5.250E-03  2.09900E-09  5.64228E-07  5.97642E-08  2.19773E-11  2.32823E-12  9.80407E-08  8.28046E-07
  5.500E-03  2.30367E-09  5.64043E-07  5.97625E-08  2.30163E-11  2.43903E-12  9.55775E-08  8.18646E-07
  5.750E-03  2.51785E-09  5.63850E-07  5.97607E-08  2.40542E-11  2.54983E-12  9.30293E-08  8.08881E-07
  6.000E-03  2.74156E-09  5.63648E-07  5.97589E-08  2.50911E-11  2.66061E-12  9.03998E-08  7.98760E-07
  6.250E-03  2.97478E-09  5.63438E-07  5.97570E-08  2.61268E-11  2.77138E-12  8.76929E-08  7.88294E-07
  6.500E-03  3.21752E-09  5.63220E-07  5.97550E-08  2.71614E-11  2.88214E-12  8.49127E-08  7.77493E-07
  6.750E-03  3.46978E-09  5.62993E-07  5.97530E-08  2.81947E-11  2.99288E-12  8.20633E-08  7.66366E-07
  7.000E-03  3.73156E-09  5.62758E-07  5.97508E-08  2.92268E-11  3.10362E-12  7.91488E-08  7.54924E-07
  7.250E-03  4.00286E-09  5.62515E-07  5.97486E-08  3.02575E-11  3.21435E-12  7.61737E-08  7.43179E-07
  7.500E-03  4.28368E-09  5.62264E-07  5.97463E-08  3.12869E-11  3.32506E-12  7.31422E-08  7.31142E-07
  7.750E-03  4.57402E-09  5.62005E-07  5.97440E-08  3.23149E-11  3.43576E-12  7.00589E-08  7.18823E-07
  8.000E-03  4.87388E-09  5.61737E-07  5.97415E-08  3.33415E-11  3.54644E-12  6.69283E-08  7.06236E-07
  8.250E-03  5.18326E-09  5.61461E-07  5.97390E-08  3.43665E-11  3.65711E-12  6.37549E-08  6.93391E-07
  8.500E-03  5.50215E-09  5.61178E-07  5.97364E-08  3.53901E-11  3.76777E-12  6.05436E-08  6.80301E-07
  8.750E-03  5.83057E-09  5.60886E-07  5.97337E-08  3.64120E-11  3.87842E-12  5.72988E-08  6.66979E-07
  9.000E-03  6.16850E-09  5.60586E-07  5.97310E-08  3.74324E-11  3.98904E-12  5.40255E-08  6.53436E-07
  9.250E-03  6.51596E-09  5.60278E-07  5.97281E-08  3.84510E-11  4.09966E-12  5.07283E-08  6.39686E-07
  9.500E-03  6.87293E-09  5.59963E-07  5.97252E-08  3.94680E-11  4.21025E-12  4.74121E-08  6.25742E-07
  9.750E-03  7.23942E-09  5.59639E-07  5.97223E-08  4.04833E-11  4.32083E-12  4.40817E-08  6.11615E-07
  1.000E-02  7.61544E-09  5.59308E-07  5.97192E-08  4.14967E-11  4.43140E-12  4.07419E-08  5.97321E-07
  1.250E-02  1.18991E-08  5.55574E-07  5.96844E-08  5.15249E-11  5.53602E-12  7.88074E-09  4.48059E-07
  1.500E-02  1.71347E-08  5.51109E-07  5.96419E-08  6.13332E-11  6.63849E-12  2.08347E-08  2.96740E-07
  1.750E-02  2.33223E-08  5.45969E-07  5.95919E-08  7.08883E-11  7.73841E-12  4.15846E-08  1.56168E-07
  2.000E-02  3.04617E-08  5.40211E-07  5.95343E-08  8.01611E-11  8.83536E-12  5.19329E-08  3.71613E-08
  2.250E-02  3.85531E-08  5.33901E-07  5.94694E-08  8.91281E-11  9.92894E-12  5.11945E-08  5.25851E-08
  2.500E-02  4.75965E-08  5.27104E-07  5.93971E-08  9.77706E-11  1.10187E-11  4.05100E-08  1.09212E-07
  2.750E-02  5.75917E-08  5.19886E-07  5.93175E-08  1.06075E-10  1.21044E-11  2.26142E-08  1.32907E-07
  3.000E-02  6.85389E-08  5.12313E-07  5.92309E-08  1.14033E-10  1.31855E-11  1.33361E-09  1.27598E-07
  3.250E-02  8.04380E-08  5.04447E-07  5.91372E-08  1.21639E-10  1.42617E-11  1.90998E-08  1.00166E-07
  3.500E-02  9.32891E-08  4.96349E-07  5.90366E-08  1.28892E-10  1.53326E-11  3.48021E-08  5.93214E-08
  3.750E-02  1.07092E-07  4.88075E-07  5.89293E-08  1.35797E-10  1.63980E-11  4.29222E-08  1.42887E-08
  4.000E-02  1.21847E-07  4.79676E-07  5.88153E-08  1.42357E-10  1.74573E-11  4.21373E-08  2.65008E-08
  4.250E-02  1.37554E-07  4.71198E-07  5.86948E-08  1.48581E-10  1.85104E-11  3.28644E-08  5.65141E-08
  4.500E-02  1.54213E-07  4.62682E-07  5.85680E-08  1.54478E-10  1.95569E-11  1.71500E-08  7.18727E-08
  4.750E-02  1.71823E-07  4.54165E-07  5.84350E-08  1.60058E-10  2.05966E-11  1.74548E-09  7.16584E-08
  5.000E-02  1.90386E-07  4.45679E-07  5.82960E-08  1.65334E-10  2.16290E-11  1.99903E-08  5.77443E-08
  5.250E-02  2.09900E-07  4.37249E-07  5.81510E-08  1.70318E-10  2.26540E-11  3.39313E-08  3.42017E-08
  5.500E-02  2.30367E-07  4.28899E-07  5.80004E-08  1.75021E-10  2.36713E-11  4.08070E-08  6.39965E-09
  5.750E-02  2.51785E-07  4.20647E-07  5.78441E-08  1.79456E-10  2.46806E-11  3.92865E-08  2.00393E-08
  6.000E-02  2.74156E-07  4.12507E-07  5.76824E-08  1.83635E-10  2.56817E-11  2.97278E-08  4.02473E-08
  6.250E-02  2.97478E-07  4.04492E-07  5.75155E-08  1.87570E-10  2.66744E-11  1.41033E-08  5.09159E-08
  6.500E-02  3.21752E-07  3.96612E-07  5.73435E-08  1.91272E-10  2.76584E-11  4.39486E-09  5.07724E-08
  6.750E-02  3.46978E-07  3.88871E-07  5.71666E-08  1.94753E-10  2.86336E-11  2.19939E-08  4.06624E-08
  7.000E-02  3.73156E-07  3.81276E-07  5.69849E-08  1.98021E-10  2.95997E-11  3.50986E-08  2.32482E-08
  7.250E-02  4.00286E-07  3.73830E-07  5.67986E-08  2.01088E-10  3.05566E-11  4.10171E-08  2.39590E-09
  7.500E-02  4.28368E-07  3.66533E-07  5.66079E-08  2.03961E-10  3.15042E-11  3.85102E-08  1.76220E-08
  7.750E-02  4.57402E-07  3.59386E-07  5.64128E-08  2.06650E-10  3.24422E-11  2.80509E-08  3.29533E-08
  8.000E-02  4.87388E-07  3.52389E-07  5.62137E-08  2.09163E-10  3.33705E-11  1.17389E-08  4.08704E-08
  8.250E-02  5.18325E-07  3.45540E-07  5.60106E-08  2.11508E-10  3.42890E-11  7.11435E-09  4.02280E-08
  8.500E-02  5.50215E-07  3.38838E-07  5.58037E-08  2.13690E-10  3.51976E-11  2.46514E-08  3.15997E-08
  8.750E-02  5.83057E-07  3.32279E-07  5.55931E-08  2.15717E-10  3.60961E-11  3.72515E-08  1.70835E-08
  9.000E-02  6.16850E-07  3.25862E-07  5.53790E-08  2.17596E-10  3.69844E-11  4.22733E-08  1.73700E-10
  9.250E-02  6.51596E-07  3.19584E-07  5.51616E-08  2.19332E-10  3.78626E-11  3.86055E-08  1.66320E-08
  9.500E-02  6.87293E-07  3.13442E-07  5.49409E-08  2.20931E-10  3.87303E-11  2.69112E-08  2.90616E-08
  9.750E-02  7.23942E-07  3.07432E-07  5.47172E-08  2.22397E-10  3.95877E-11  9.51249E-09  3.51582E-08
  1.000E-01  7.61543E-07  3.01552E-07  5.44906E-08  2.23737E-10  4.04346E-11  1.00669E-08  3.39570E-08
  1.250E-01  1.18991E-06  2.49222E-07  5.20926E-08  2.31139E-10  4.83193E-11  4.63510E-08  3.68468E-09
  1.500E-01  1.71347E-06  2.06853E-07  4.95380E-08  2.30215E-10  5.51402E-11  1.77318E-09  2.75552E-08
  1.750E-01  2.33223E-06  1.72438E-07  4.69246E-08  2.23900E-10  6.09369E-11  5.52793E-08  4.00610E-09
  2.000E-01  3.04617E-06  1.44469E-07  4.43262E-08  2.14382E-10  6.57864E-11  1.86667E-08  2.41227E-08
  2.250E-01  3.85531E-06  1.21743E-07  4.17963E-08  2.03242E-10  6.97864E-11  6.20934E-08  1.03082E-08
  2.500E-01  4.75964E-06  1.03273E-07  3.93715E-08  1.91566E-10  7.30426E-11  4.13718E-08  2.07962E-08
  2.750E-01  5.75916E-06  8.82449E-08  3.70745E-08  1.80060E-10  7.56602E-11  6.31954E-08  1.59320E-08
  3.000E-01  6.85388E-06  7.59862E-08  3.49177E-08  1.69143E-10  7.77376E-11  6.86431E-08  1.65444E-08
  3.250E-01  8.04378E-06  6.59477E-08  3.29055E-08  1.59032E-10  7.93636E-11  5.52254E-08  2.06315E-08
  3.500E-01  9.32888E-06  5.76836E-08  3.10365E-08  1.49804E-10  8.06150E-11  9.73212E-08  1.11069E-08
  3.750E-01  1.07092E-05  5.08349E-08  2.93056E-08  1.41449E-10  8.15571E-11  3.61413E-08  2.39410E-08
  4.000E-01  1.21846E-05  4.51153E-08  2.77049E-08  1.33904E-10  8.22438E-11  1.23102E-07  4.69885E-09
  4.250E-01  1.37553E-05  4.02970E-08  2.62256E-08  1.27079E-10  8.27189E-11  5.80626E-09  2.54918E-08
  4.500E-01  1.54212E-05  3.62007E-08  2.48578E-08  1.20877E-10  8.30178E-11  1.41552E-07  2.21100E-09
  4.750E-01  1.71822E-05  3.26853E-08  2.35919E-08  1.15203E-10  8.31684E-11  3.41032E-08  2.51200E-08
  5.000E-01  1.90385E-05  2.96404E-08  2.24186E-08  1.09970E-10  8.31927E-11  1.48853E-07  9.07828E-09
  5.250E-01  2.09899E-05  2.69795E-08  2.13291E-08  1.05103E-10  8.31084E-11  8.05242E-08  2.28529E-08
  5.500E-01  2.30365E-05  2.46351E-08  2.03154E-08  1.00541E-10  8.29293E-11  1.42161E-07  1.53836E-08
  5.750E-01  2.51783E-05  2.25541E-08  1.93704E-08  9.62324E-11  8.26668E-11  1.29421E-07  1.88596E-08
  6.000E-01  2.74153E-05  2.06948E-08  1.84875E-08  9.21388E-11  8.23302E-11  1.19775E-07  2.06709E-08
  6.250E-01  2.97475E-05  1.90241E-08  1.76609E-08  8.82302E-11  8.19273E-11  1.76095E-07  1.34128E-08
  6.500E-01  3.21749E-05  1.75157E-08  1.68856E-08  8.44845E-11  8.14650E-11  8.12799E-08  2.45587E-08
  6.750E-01  3.46974E-05  1.61484E-08  1.61571E-08  8.08857E-11  8.09496E-11  2.15466E-07  6.86865E-09
  7.000E-01  3.73152E-05  1.49049E-08  1.54715E-08  7.74223E-11  8.03865E-11  2.77032E-08  2.67482E-08
  7.250E-01  4.00281E-05  1.37708E-08  1.48253E-08  7.40865E-11  7.97811E-11  2.42413E-07  3.44440E-10
  7.500E-01  4.28362E-05  1.27343E-08  1.42154E-08  7.08728E-11  7.91382E-11  3.83484E-08  2.70384E-08
  7.750E-01  4.57395E-05  1.17853E-08  1.36392E-08  6.77776E-11  7.84625E-11  2.52214E-07  7.73961E-09
  8.000E-01  4.87380E-05  1.09151E-08  1.30942E-08  6.47980E-11  7.77583E-11  1.12659E-07  2.53446E-08
  8.250E-01  5.18317E-05  1.01161E-08  1.25783E-08  6.19320E-11  7.70298E-11  2.41070E-07  1.47938E-08
  8.500E-01  5.50205E-05  9.38190E-09  1.20895E-08  5.91778E-11  7.62809E-11  1.89543E-07  2.17161E-08
  8.750E-01  5.83045E-05  8.70658E-09  1.16260E-08  5.65334E-11  7.55153E-11  2.06639E-07  2.09798E-08
  9.000E-01  6.16838E-05  8.08493E-09  1.11863E-08  5.39969E-11  7.47363E-11  2.62178E-07  1.63452E-08
  9.250E-01  6.51582E-05  7.51227E-09  1.07689E-08  5.15662E-11  7.39471E-11  1.48514E-07  2.58062E-08
  9.500E-01  6.87277E-05  6.98443E-09  1.03724E-08  4.92388E-11  7.31505E-11  3.23144E-07  9.56574E-09
  9.750E-01  7.23925E-05  6.49757E-09  9.99558E-09  4.70119E-11  7.23492E-11  6.85571E-08  2.88591E-08
  1.000E+00  7.61524E-05  6.04820E-09  9.63728E-09  4.48828E-11  7.15455E-11  9.95306E-12  8.94577E-13
  1.100E+00  9.21439E-05  4.56662E-09  8.36878E-09  3.72769E-11  6.83453E-11  4.73851E-12  1.38325E-12
  1.200E+00  1.09658E-04  3.47659E-09  7.32191E-09  3.09585E-11  6.52357E-11  1.31964E-13  1.21357E-12
  1.300E+00  1.28695E-04  2.66424E-09  6.45108E-09  2.57009E-11  6.22705E-11  2.86303E-12  7.55261E-13
  1.400E+00  1.49255E-04  2.05029E-09  5.72076E-09  2.12986E-11  5.94723E-11  4.00130E-12  2.67693E-13
  1.500E+00  1.71338E-04  1.57958E-09  5.10318E-09  1.75795E-11  5.68451E-11  3.58695E-12  1.00693E-13
  1.600E+00  1.94942E-04  1.21367E-09  4.57667E-09  1.44059E-11  5.43823E-11  2.22433E-12  2.95696E-13
  1.700E+00  2.20070E-04  9.25585E-10  4.12430E-09  1.16710E-11  5.20732E-11  5.81697E-13  3.29652E-13
  1.800E+00  2.46720E-04  6.96217E-10  3.73278E-09  9.29282E-12  4.99054E-11  7.92637E-13  2.52360E-13
  1.900E+00  2.74892E-04  5.11855E-10  3.39164E-09  7.20874E-12  4.78668E-11  1.57413E-12  1.25236E-13
  2.000E+00  3.04586E-04  3.62509E-10  3.09258E-09  5.37070E-12  4.59462E-11  1.68676E-12  1.37045E-15
  2.100E+00  3.35803E-04  2.40779E-10  2.82895E-09  3.74137E-12  4.41337E-11  1.26016E-12  8.43978E-14
  2.200E+00  3.68542E-04  1.41096E-10  2.59538E-09  2.29131E-12  4.24208E-11  5.45337E-13  1.19091E-13
  2.300E+00  4.02802E-04  5.91998E-11  2.38753E-09  9.96874E-13  4.07999E-11  1.81834E-13  1.07664E-13
  2.400E+00  4.38585E-04 -8.21993E-12  2.20179E-09 -1.61276E-13  3.92643E-11  7.02099E-13  6.66673E-14
  2.500E+00  4.75889E-04 -6.37688E-11  2.03520E-09 -1.19925E-12  3.78083E-11  9.02306E-13  1.63480E-14
  2.600E+00  5.14715E-04 -1.09524E-10  1.88529E-09 -2.13069E-12  3.64267E-11  7.85706E-13  2.59630E-14
  2.700E+00  5.55063E-04 -1.47157E-10  1.74996E-09 -2.96730E-12  3.51148E-11  4.48012E-13  4.97012E-14
  2.800E+00  5.96931E-04 -1.78028E-10  1.62744E-09 -3.71924E-12  3.38682E-11  3.28489E-14  5.24499E-14
  2.900E+00  6.40321E-04 -2.03249E-10  1.51624E-09 -4.39540E-12  3.26831E-11  3.20076E-13  3.84408E-14
  3.000E+00  6.85233E-04 -2.23738E-10  1.41504E-09 -5.00362E-12  3.15558E-11  5.13366E-13  1.58203E-14
  3.100E+00  7.31665E-04 -2.40254E-10  1.32274E-09 -5.55083E-12  3.04829E-11  5.14741E-13  6.62190E-15
  3.200E+00  7.79618E-04 -2.53428E-10  1.23837E-09 -6.04319E-12  2.94611E-11  3.55209E-13  2.21628E-14
  3.300E+00  8.29092E-04 -2.63790E-10  1.16108E-09 -6.48621E-12  2.84876E-11  1.09702E-13  2.75266E-14
  3.400E+00  8.80086E-04 -2.71781E-10  1.09014E-09 -6.88476E-12  2.75595E-11  1.32735E-13  2.31727E-14
  3.500E+00  9.32601E-04 -2.77773E-10  1.02490E-09 -7.24324E-12  2.66741E-11  2.97419E-13  1.27166E-14
  3.600E+00  9.86636E-04 -2.82080E-10  9.64794E-10 -7.56556E-12  2.58291E-11  3.44706E-13  1.67849E-16
  3.700E+00  1.04219E-03 -2.84964E-10  9.09320E-10 -7.85522E-12  2.50219E-11  2.76863E-13  9.83704E-15
  3.800E+00  1.09927E-03 -2.86651E-10  8.58034E-10 -8.11535E-12  2.42506E-11  1.31508E-13  1.49830E-14
  3.900E+00  1.15786E-03 -2.87329E-10  8.10545E-10 -8.34877E-12  2.35129E-11  3.57273E-14  1.44541E-14
  4.000E+00  1.21797E-03 -2.87159E-10  7.66502E-10 -8.55800E-12  2.28071E-11  1.69238E-13  9.46351E-15
  4.100E+00  1.27961E-03 -2.86277E-10  7.25594E-10 -8.74531E-12  2.21313E-11  2.31788E-13  2.37748E-15
  4.200E+00  1.34276E-03 -2.84799E-10  6.87542E-10 -8.91273E-12  2.14837E-11  2.12709E-13  4.15859E-15
  4.300E+00  1.40743E-03 -2.82825E-10  6.52099E-10 -9.06208E-12  2.08629E-11  1.29031E-13  8.09995E-15
  4.400E+00  1.47362E-03 -2.80437E-10  6.19041E-10 -9.19501E-12  2.02674E-11  1.51010E-14  8.89407E-15
  4.500E+00  1.54133E-03 -2.77709E-10  5.88167E-10 -9.31300E-12  1.96957E-11  9.00488E-14  6.90076E-15
  4.600E+00  1.61056E-03 -2.74702E-10  5.59297E-10 -9.41738E-12  1.91466E-11  1.53739E-13  2.84155E-15
  4.700E+00  1.68131E-03 -2.71467E-10  5.32268E-10 -9.50936E-12  1.86188E-11  1.61062E-13  1.35944E-15
  4.800E+00  1.75357E-03 -2.68050E-10  5.06934E-10 -9.59001E-12  1.81113E-11  1.16417E-13  4.46384E-15
  4.900E+00  1.82735E-03 -2.64489E-10  4.83161E-10 -9.66033E-12  1.76230E-11  3.97076E-14  5.70518E-15
  5.000E+00  1.90265E-03 -2.60815E-10  4.60830E-10 -9.72120E-12  1.71528E-11  4.09519E-14  4.87479E-15
  5.100E+00  1.97947E-03 -2.57058E-10  4.39830E-10 -9.77343E-12  1.66998E-11  9.94413E-14  2.87406E-15
  5.200E+00  2.05780E-03 -2.53240E-10  4.20062E-10 -9.81775E-12  1.62633E-11  1.19710E-13  7.89072E-17
  5.300E+00  2.13765E-03 -2.49383E-10  4.01435E-10 -9.85481E-12  1.58422E-11  9.96732E-14  2.42819E-15
  5.400E+00  2.21902E-03 -2.45503E-10  3.83868E-10 -9.88523E-12  1.54360E-11  4.99687E-14  3.50515E-15
  5.500E+00  2.30190E-03 -2.41615E-10  3.67285E-10 -9.90955E-12  1.50439E-11  1.08006E-14  3.44587E-15
  5.600E+00  2.38630E-03 -2.37731E-10  3.51617E-10 -9.92827E-12  1.46651E-11  6.07678E-14  2.30415E-15
  5.700E+00  2.47222E-03 -2.33863E-10  3.36800E-10 -9.94185E-12  1.42991E-11  8.68597E-14  5.88149E-16
  5.800E+00  2.55965E-03 -2.30018E-10  3.22777E-10 -9.95070E-12  1.39453E-11  8.21380E-14  1.00890E-15
  5.900E+00  2.64859E-03 -2.26204E-10  3.09494E-10 -9.95520E-12  1.36031E-11  5.20375E-14  2.06994E-15
  6.000E+00  2.73905E-03 -2.22428E-10  2.96903E-10 -9.95570E-12  1.32719E-11  8.86783E-15  2.47020E-15
  6.100E+00  2.83103E-03 -2.18695E-10  2.84959E-10 -9.95253E-12  1.29514E-11  3.41590E-14  1.93291E-15
  6.200E+00  2.92452E-03 -2.15009E-10  2.73621E-10 -9.94597E-12  1.26410E-11  6.11816E-14  7.69751E-16
  6.300E+00  3.01952E-03 -2.11374E-10  2.62849E-10 -9.93629E-12  1.23402E-11  6.57129E-14  6.38445E-16
  6.400E+00  3.11604E-03 -2.07792E-10  2.52609E-10 -9.92374E-12  1.20487E-11  4.90280E-14  1.23622E-15
  6.500E+00  3.21407E-03 -2.04265E-10  2.42867E-10 -9.90854E-12  1.17660E-11  1.83841E-14  1.59659E-15
  6.600E+00  3.31362E-03 -2.00796E-10  2.33595E-10 -9.89091E-12  1.14919E-11  1.58866E-14  1.25715E-15
  6.700E+00  3.41468E-03 -1.97386E-10  2.24763E-10 -9.87104E-12  1.12259E-11  4.09743E-14  1.12512E-15
  6.800E+00  3.51725E-03 -1.94035E-10  2.16345E-10 -9.84910E-12  1.09677E-11  5.07516E-14  9.09469E-17
  6.900E+00  3.62133E-03 -1.90744E-10  2.08318E-10 -9.82527E-12  1.07169E-11  4.33376E-14  4.41287E-16
  7.000E+00  3.72692E-03 -1.87514E-10  2.00659E-10 -9.79968E-12  1.04734E-11  2.32167E-14  8.56840E-16
  7.100E+00  3.83403E-03 -1.84344E-10  1.93346E-10 -9.77249E-12  1.02368E-11  4.88032E-15  9.15425E-16
  7.200E+00  3.94265E-03 -1.81235E-10  1.86362E-10 -9.74382E-12  1.00068E-11  2.58528E-14  5.66023E-16
  7.300E+00  4.05278E-03 -1.78187E-10  1.79686E-10 -9.71380E-12  9.78326E-12  3.80252E-14  7.85984E-17
  7.400E+00  4.16442E-03 -1.75198E-10  1.73303E-10 -9.68252E-12  9.56582E-12  3.71275E-14  4.58573E-16
  7.500E+00  4.27757E-03 -1.72268E-10  1.67196E-10 -9.65010E-12  9.35429E-12  2.38905E-14  4.46082E-16
  7.600E+00  4.39223E-03 -1.69397E-10  1.61351E-10 -9.61664E-12  9.14846E-12  6.32289E-15  7.23481E-16
  7.700E+00  4.50840E-03 -1.66584E-10  1.55754E-10 -9.58222E-12  8.94811E-12  1.48441E-14  7.04279E-16
  7.800E+00  4.62608E-03 -1.63828E-10  1.50391E-10 -9.54692E-12  8.75304E-12  2.73125E-14  1.37164E-16
  7.900E+00  4.74527E-03 -1.61129E-10  1.45252E-10 -9.51082E-12  8.56308E-12  2.97098E-14  0.00000E+00
  8.000E+00  4.86597E-03 -1.58485E-10  1.40324E-10 -9.47400E-12  8.37802E-12  2.34584E-14  5.20798E-16
  8.100E+00  4.98817E-03 -1.55895E-10  1.35596E-10 -9.43651E-12  8.19771E-12  1.01421E-14  5.07649E-16
  8.200E+00  5.11188E-03 -1.53359E-10  1.31059E-10 -9.39843E-12  8.02198E-12  7.27266E-15  6.18731E-16
  8.300E+00  5.23711E-03 -1.50875E-10  1.26703E-10 -9.35981E-12  7.85067E-12  1.82593E-14  3.62088E-16
  8.400E+00  5.36383E-03 -1.48442E-10  1.22519E-10 -9.32070E-12  7.68363E-12  2.32582E-14  1.17756E-16
  8.500E+00  5.49207E-03 -1.46060E-10  1.18499E-10 -9.28115E-12  7.52072E-12  2.07634E-14  2.29841E-16
  8.600E+00  5.62181E-03 -1.43728E-10  1.14635E-10 -9.24122E-12  7.36180E-12  1.18670E-14  2.24371E-16
  8.700E+00  5.75306E-03 -1.41443E-10  1.10920E-10 -9.20094E-12  7.20674E-12  4.02659E-15  1.09545E-16
  8.800E+00  5.88581E-03 -1.39206E-10  1.07346E-10 -9.16035E-12  7.05541E-12  1.16064E-14  2.13993E-16
  8.900E+00  6.02007E-03 -1.37016E-10  1.03908E-10 -9.11949E-12  6.90769E-12  1.74039E-14  0.00000E+00
  9.000E+00  6.15583E-03 -1.34870E-10  1.00598E-10 -9.07840E-12  6.76347E-12  1.71186E-14  2.04311E-16
  9.100E+00  6.29310E-03 -1.32769E-10  9.74111E-11 -9.03712E-12  6.62263E-12  1.25790E-14  2.99567E-16
  9.200E+00  6.43187E-03 -1.30711E-10  9.43415E-11 -8.99566E-12  6.48507E-12  5.18531E-15  9.76317E-17
  9.300E+00  6.57214E-03 -1.28696E-10  9.13839E-11 -8.95407E-12  6.35069E-12  6.83894E-15  1.90961E-16
  9.400E+00  6.71392E-03 -1.26722E-10  8.85334E-11 -8.91236E-12  6.21939E-12  1.22347E-14  0.00000E+00
  9.500E+00  6.85720E-03 -1.24788E-10  8.57853E-11 -8.87056E-12  6.09107E-12  1.39508E-14  1.82766E-16
  9.600E+00  7.00198E-03 -1.22894E-10  8.31350E-11 -8.82871E-12  5.96565E-12  1.20608E-14  3.57725E-16
  9.700E+00  7.14827E-03 -1.21038E-10  8.05784E-11 -8.78680E-12  5.84303E-12  6.58485E-15  1.75081E-16
  9.800E+00  7.29605E-03 -1.19220E-10  7.81115E-11 -8.74488E-12  5.72314E-12  3.87184E-15  3.42834E-16
  9.900E+00  7.44534E-03 -1.17439E-10  7.57304E-11 -8.70295E-12  5.60589E-12  8.54275E-15  1.67865E-16
  1.000E+01  7.59612E-03 -1.15693E-10  7.34314E-11 -8.66104E-12  5.49121E-12  1.09479E-14  3.28842E-16
  1.025E+01  7.97965E-03 -1.11481E-10  6.80217E-11 -8.55644E-12  5.21525E-12  5.48417E-15  0.00000E+00
  1.050E+01  8.37255E-03 -1.07475E-10  6.30555E-11 -8.45226E-12  4.95379E-12  7.91881E-15  2.97350E-16
  1.075E+01  8.77480E-03 -1.03664E-10  5.84896E-11 -8.34870E-12  4.70582E-12  6.19645E-15  2.83252E-16
  1.100E+01  9.18641E-03 -1.00036E-10  5.42854E-11 -8.24591E-12  4.47044E-12  5.45753E-15  2.70120E-16
  1.125E+01  9.60736E-03 -9.65800E-11  5.04089E-11 -8.14405E-12  4.24681E-12  6.56843E-15  1.28934E-16
  1.150E+01  1.00376E-02 -9.32867E-11  4.68297E-11 -8.04320E-12  4.03418E-12  3.30478E-15  1.23210E-16
  1.175E+01  1.04773E-02 -9.01467E-11  4.35209E-11 -7.94348E-12  3.83184E-12  6.43363E-15  1.17854E-16
  1.200E+01  1.09262E-02 -8.71511E-11  4.04584E-11 -7.84494E-12  3.63915E-12  2.16301E-15  0.00000E+00
  1.225E+01  1.13844E-02 -8.42918E-11  3.76204E-11 -7.74766E-12  3.45552E-12  6.24434E-15  1.08124E-16
  1.250E+01  1.18520E-02 -8.15611E-11  3.49876E-11 -7.65168E-12  3.28039E-12  2.17407E-15  2.07396E-16
  1.275E+01  1.23288E-02 -7.89517E-11  3.25427E-11 -7.55703E-12  3.11326E-12  5.70628E-15  3.98137E-16
  1.300E+01  1.28150E-02 -7.64571E-11  3.02698E-11 -7.46374E-12  2.95367E-12  2.84076E-15  0.00000E+00
  1.325E+01  1.33104E-02 -7.40708E-11  2.81548E-11 -7.37184E-12  2.80117E-12  5.18828E-15  1.83829E-16
  1.350E+01  1.38150E-02 -7.17870E-11  2.61850E-11 -7.28133E-12  2.65536E-12  3.76498E-15  0.00000E+00
  1.375E+01  1.43290E-02 -6.96001E-11  2.43487E-11 -7.19223E-12  2.51586E-12  4.51700E-15  1.70249E-16
  1.400E+01  1.48521E-02 -6.75050E-11  2.26354E-11 -7.10453E-12  2.38234E-12  4.56859E-15  1.64008E-16
  1.425E+01  1.53845E-02 -6.54969E-11  2.10356E-11 -7.01824E-12  2.25446E-12  3.75338E-15  1.58097E-16
  1.450E+01  1.59262E-02 -6.35711E-11  1.95406E-11 -6.93334E-12  2.13193E-12  5.28273E-15  1.52496E-16
  1.475E+01  1.64770E-02 -6.17234E-11  1.81425E-11 -6.84983E-12  2.01445E-12  2.89842E-15  1.47181E-16
  1.500E+01  1.70371E-02 -5.99498E-11  1.68340E-11 -6.76770E-12  1.90177E-12  5.86412E-15  1.42135E-16
  1.525E+01  1.76063E-02 -5.82465E-11  1.56087E-11 -6.68694E-12  1.79364E-12  1.98123E-15  0.00000E+00
  1.550E+01  1.81848E-02 -5.66100E-11  1.44604E-11 -6.60752E-12  1.68982E-12  6.31937E-15  1.32779E-16
  1.575E+01  1.87724E-02 -5.50369E-11  1.33836E-11 -6.52944E-12  1.59011E-12  1.02945E-15  0.00000E+00
  1.600E+01  1.93692E-02 -5.35242E-11  1.23733E-11 -6.45266E-12  1.49429E-12  6.55703E-15  1.24301E-16
  1.625E+01  1.99751E-02 -5.20689E-11  1.14248E-11 -6.37719E-12  1.40218E-12  4.60041E-16  0.00000E+00
  1.650E+01  2.05901E-02 -5.06681E-11  1.05338E-11 -6.30299E-12  1.31360E-12  6.70160E-15  0.00000E+00
  1.675E+01  2.12143E-02 -4.93194E-11  9.69652E-12 -6.23004E-12  1.22839E-12  1.39498E-15  0.00000E+00
  1.700E+01  2.18476E-02 -4.80201E-11  8.90920E-12 -6.15833E-12  1.14637E-12  6.51253E-15  0.00000E+00
  1.725E+01  2.24900E-02 -4.67681E-11  8.16854E-12 -6.08783E-12  1.06741E-12  2.48025E-15  0.00000E+00
  1.750E+01  2.31415E-02 -4.55611E-11  7.47146E-12 -6.01852E-12  9.91357E-13  6.19198E-15  0.00000E+00
  1.775E+01  2.38021E-02 -4.43971E-11  6.81511E-12 -5.95038E-12  9.18088E-13  3.54920E-15  0.00000E+00
  1.800E+01  2.44717E-02 -4.32740E-11  6.19687E-12 -5.88339E-12  8.47474E-13  5.62989E-15  0.00000E+00
  1.825E+01  2.51504E-02 -4.21901E-11  5.61429E-12 -5.81752E-12  7.79398E-13  4.58495E-15  0.00000E+00
  1.850E+01  2.58382E-02 -4.11436E-11  5.06512E-12 -5.75276E-12  7.13747E-13  4.92584E-15  0.00000E+00
  1.875E+01  2.65349E-02 -4.01328E-11  4.54726E-12 -5.68908E-12  6.50417E-13  5.47501E-15  0.00000E+00
  1.900E+01  2.72407E-02 -3.91562E-11  4.05877E-12 -5.62646E-12  5.89308E-13  4.06259E-15  0.00000E+00
  1.925E+01  2.79555E-02 -3.82123E-11  3.59784E-12 -5.56488E-12  5.30324E-13  6.20925E-15  0.00000E+00
  1.950E+01  2.86793E-02 -3.72997E-11  3.16279E-12 -5.50431E-12  4.73377E-13  3.05422E-15  0.00000E+00
  1.975E+01  2.94120E-02 -3.64170E-11  2.75206E-12 -5.44475E-12  4.18382E-13  6.78521E-15  0.00000E+00
  2.000E+01  3.01537E-02 -3.55631E-11  2.36419E-12 -5.38616E-12  3.65258E-13  1.91278E-15  0.00000E+00
  2.025E+01  3.09043E-02 -3.47366E-11  1.99784E-12 -5.32853E-12  3.13929E-13  7.17772E-15  0.00000E+00
  2.050E+01  3.16639E-02 -3.39366E-11  1.65173E-12 -5.27184E-12  2.64322E-13  6.78996E-16  0.00000E+00
  2.075E+01  3.24324E-02 -3.31618E-11  1.32470E-12 -5.21607E-12  2.16368E-13  7.39044E-15  0.00000E+00
  2.100E+01  3.32098E-02 -3.24113E-11  1.01562E-12 -5.16119E-12  1.70002E-13  5.89225E-16  0.00000E+00
  2.125E+01  3.39961E-02 -3.16840E-11  7.23489E-13 -5.10720E-12  1.25161E-13  7.32981E-15  0.00000E+00
  2.150E+01  3.47912E-02 -3.09791E-11  4.47330E-13 -5.05406E-12  8.17859E-14  1.83408E-15  0.00000E+00
  2.175E+01  3.55952E-02 -3.02957E-11  1.86245E-13 -5.00178E-12  3.98203E-14  7.11439E-15  0.00000E+00
  2.200E+01  3.64081E-02 -2.96329E-11 -6.06088E-14 -4.95032E-12 -7.89675E-16  3.06679E-15  0.00000E+00
  2.225E+01  3.72297E-02 -2.89900E-11 -2.94022E-13 -4.89966E-12 -4.00953E-14  6.64122E-15  0.00000E+00
  2.250E+01  3.80602E-02 -2.83661E-11 -5.14737E-13 -4.84981E-12 -7.81455E-14  4.26654E-15  0.00000E+00
  2.275E+01  3.88995E-02 -2.77606E-11 -7.23447E-13 -4.80072E-12 -1.14987E-13  6.02089E-15  0.00000E+00
  2.300E+01  3.97476E-02 -2.71727E-11 -9.20806E-13 -4.75240E-12 -1.50664E-13  5.31328E-15  0.00000E+00
  2.325E+01  4.06044E-02 -2.66018E-11 -1.10743E-12 -4.70482E-12 -1.85220E-13  5.13453E-15  0.00000E+00
  2.350E+01  4.14700E-02 -2.60473E-11 -1.28389E-12 -4.65797E-12 -2.18694E-13  6.22530E-15  0.00000E+00
  2.375E+01  4.23443E-02 -2.55085E-11 -1.45072E-12 -4.61184E-12 -2.51126E-13  4.09714E-15  0.00000E+00
  2.400E+01  4.32273E-02 -2.49849E-11 -1.60845E-12 -4.56640E-12 -2.82553E-13  7.03569E-15  0.00000E+00
  2.425E+01  4.41190E-02 -2.44760E-11 -1.75753E-12 -4.52165E-12 -3.13011E-13  2.96810E-15  0.00000E+00
  2.450E+01  4.50194E-02 -2.39811E-11 -1.89844E-12 -4.47757E-12 -3.42532E-13  7.53583E-15  0.00000E+00
  2.475E+01  4.59284E-02 -2.34999E-11 -2.03158E-12 -4.43415E-12 -3.71150E-13  1.69869E-15  0.00000E+00
  2.500E+01  4.68461E-02 -2.30317E-11 -2.15737E-12 -4.39137E-12 -3.98897E-13  7.90903E-15  0.00000E+00
  2.550E+01  4.87074E-02 -2.21330E-11 -2.38835E-12 -4.30770E-12 -4.51891E-13  8.04897E-15  0.00000E+00
  2.600E+01  5.06030E-02 -2.12815E-11 -2.59416E-12 -4.22644E-12 -5.01738E-13  7.90617E-15  0.00000E+00
  2.650E+01  5.25328E-02 -2.04740E-11 -2.77726E-12 -4.14751E-12 -5.48645E-13  7.58749E-15  0.00000E+00
  2.700E+01  5.44967E-02 -1.97077E-11 -2.93988E-12 -4.07082E-12 -5.92800E-13  7.00626E-15  0.00000E+00
  2.750E+01  5.64946E-02 -1.89799E-11 -3.08398E-12 -3.99628E-12 -6.34380E-13  6.24455E-15  0.00000E+00
  2.800E+01  5.85262E-02 -1.82881E-11 -3.21132E-12 -3.92380E-12 -6.73544E-13  5.25799E-15  0.00000E+00
  2.850E+01  6.05914E-02 -1.76300E-11 -3.32350E-12 -3.85330E-12 -7.10443E-13  4.11942E-15  0.00000E+00
  2.900E+01  6.26901E-02 -1.70035E-11 -3.42194E-12 -3.78472E-12 -7.45214E-13  2.83061E-15  0.00000E+00
  2.950E+01  6.48222E-02 -1.64068E-11 -3.50791E-12 -3.71797E-12 -7.77985E-13  1.46235E-15  0.00000E+00
  3.000E+01  6.69873E-02 -1.58379E-11 -3.58259E-12 -3.65299E-12 -8.08875E-13  3.07575E-17  0.00000E+00
  3.050E+01  6.91854E-02 -1.52953E-11 -3.64701E-12 -3.58972E-12 -8.37995E-13  1.45906E-15  0.00000E+00
  3.100E+01  7.14163E-02 -1.47774E-11 -3.70212E-12 -3.52809E-12 -8.65446E-13  2.94211E-15  0.00000E+00
  3.150E+01  7.36799E-02 -1.42828E-11 -3.74876E-12 -3.46804E-12 -8.91324E-13  4.30686E-15  0.00000E+00
  3.200E+01  7.59760E-02 -1.38101E-11 -3.78771E-12 -3.40952E-12 -9.15718E-13  5.59468E-15  0.00000E+00
  3.250E+01  7.83043E-02 -1.33581E-11 -3.81966E-12 -3.35246E-12 -9.38711E-13  6.73488E-15  0.00000E+00
  3.300E+01  8.06647E-02 -1.29256E-11 -3.84524E-12 -3.29683E-12 -9.60380E-13  7.61123E-15  0.00000E+00
  3.350E+01  8.30571E-02 -1.25116E-11 -3.86504E-12 -3.24256E-12 -9.80797E-13  8.43512E-15  0.00000E+00
  3.400E+01  8.54812E-02 -1.21151E-11 -3.87957E-12 -3.18962E-12 -1.00003E-12  8.87265E-15  0.00000E+00
  3.450E+01  8.79369E-02 -1.17351E-11 -3.88932E-12 -3.13795E-12 -1.01814E-12  9.18964E-15  0.00000E+00
  3.500E+01  9.04240E-02 -1.13707E-11 -3.89472E-12 -3.08751E-12 -1.03519E-12  9.16755E-15  0.00000E+00
  3.550E+01  9.29422E-02 -1.10212E-11 -3.89615E-12 -3.03827E-12 -1.05124E-12  8.87781E-15  0.00000E+00
  3.600E+01  9.54915E-02 -1.06857E-11 -3.89398E-12 -2.99018E-12 -1.06633E-12  8.34162E-15  0.00000E+00
  3.650E+01  9.80716E-02 -1.03636E-11 -3.88853E-12 -2.94320E-12 -1.08051E-12  7.57838E-15  0.00000E+00
  3.700E+01  1.00682E-01 -1.00541E-11 -3.88011E-12 -2.89730E-12 -1.09383E-12  6.56484E-15  0.00000E+00
  3.750E+01  1.03323E-01 -9.75670E-12 -3.86900E-12 -2.85244E-12 -1.10634E-12  5.36035E-15  0.00000E+00
  3.800E+01  1.05995E-01 -9.47072E-12 -3.85544E-12 -2.80859E-12 -1.11807E-12  3.90169E-15  0.00000E+00
  3.850E+01  1.08696E-01 -9.19563E-12 -3.83966E-12 -2.76572E-12 -1.12907E-12  2.36040E-15  0.00000E+00
  3.900E+01  1.11427E-01 -8.93089E-12 -3.82187E-12 -2.72379E-12 -1.13936E-12  7.43257E-16  0.00000E+00
  3.950E+01  1.14188E-01 -8.67601E-12 -3.80226E-12 -2.68278E-12 -1.14898E-12  8.70972E-16  0.00000E+00
  4.000E+01  1.16978E-01 -8.43053E-12 -3.78101E-12 -2.64266E-12 -1.15797E-12  2.62346E-15  0.00000E+00
  4.050E+01  1.19797E-01 -8.19401E-12 -3.75828E-12 -2.60340E-12 -1.16636E-12  4.15753E-15  0.00000E+00
  4.100E+01  1.22645E-01 -7.96603E-12 -3.73422E-12 -2.56498E-12 -1.17416E-12  5.62253E-15  0.00000E+00
  4.150E+01  1.25522E-01 -7.74622E-12 -3.70897E-12 -2.52736E-12 -1.18142E-12  6.95615E-15  0.00000E+00
  4.200E+01  1.28428E-01 -7.53418E-12 -3.68265E-12 -2.49053E-12 -1.18815E-12  8.10154E-15  0.00000E+00
  4.250E+01  1.31361E-01 -7.32958E-12 -3.65537E-12 -2.45446E-12 -1.19438E-12  9.07029E-15  0.00000E+00
  4.300E+01  1.34323E-01 -7.13209E-12 -3.62723E-12 -2.41913E-12 -1.20013E-12  9.81109E-15  0.00000E+00
  4.350E+01  1.37313E-01 -6.94138E-12 -3.59834E-12 -2.38453E-12 -1.20543E-12  1.01554E-14  0.00000E+00
  4.400E+01  1.40330E-01 -6.75718E-12 -3.56878E-12 -2.35061E-12 -1.21029E-12  1.02463E-14  0.00000E+00
  4.450E+01  1.43375E-01 -6.57920E-12 -3.53865E-12 -2.31738E-12 -1.21474E-12  1.00991E-14  0.00000E+00
  4.500E+01  1.46447E-01 -6.40717E-12 -3.50800E-12 -2.28481E-12 -1.21879E-12  9.61352E-15  0.00000E+00
  4.550E+01  1.49545E-01 -6.24085E-12 -3.47691E-12 -2.25287E-12 -1.22246E-12  8.86542E-15  0.00000E+00
  4.600E+01  1.52671E-01 -6.07999E-12 -3.44544E-12 -2.22156E-12 -1.22576E-12  7.76001E-15  0.00000E+00
  4.650E+01  1.55823E-01 -5.92437E-12 -3.41365E-12 -2.19086E-12 -1.22872E-12  6.47970E-15  0.00000E+00
  4.700E+01  1.59001E-01 -5.77377E-12 -3.38160E-12 -2.16074E-12 -1.23134E-12  5.08748E-15  0.00000E+00
  4.750E+01  1.62205E-01 -5.62799E-12 -3.34932E-12 -2.13119E-12 -1.23365E-12  3.43367E-15  0.00000E+00
  4.800E+01  1.65435E-01 -5.48683E-12 -3.31688E-12 -2.10221E-12 -1.23565E-12  1.63482E-15  0.00000E+00
  4.850E+01  1.68690E-01 -5.35012E-12 -3.28431E-12 -2.07376E-12 -1.23736E-12  3.01091E-16  0.00000E+00
  4.900E+01  1.71970E-01 -5.21768E-12 -3.25164E-12 -2.04585E-12 -1.23878E-12  1.87360E-15  0.00000E+00
  4.950E+01  1.75276E-01 -5.08933E-12 -3.21891E-12 -2.01845E-12 -1.23994E-12  3.77965E-15  0.00000E+00
  5.000E+01  1.78606E-01 -4.96492E-12 -3.18616E-12 -1.99155E-12 -1.24085E-12  5.43051E-15  0.00000E+00
  5.050E+01  1.81961E-01 -4.84429E-12 -3.15341E-12 -1.96513E-12 -1.24150E-12  7.11989E-15  0.00000E+00
  5.100E+01  1.85340E-01 -4.72731E-12 -3.12068E-12 -1.93920E-12 -1.24192E-12  8.47721E-15  0.00000E+00
  5.150E+01  1.88743E-01 -4.61383E-12 -3.08802E-12 -1.91372E-12 -1.24212E-12  9.69985E-15  0.00000E+00
  5.200E+01  1.92169E-01 -4.50373E-12 -3.05543E-12 -1.88870E-12 -1.24209E-12  1.05266E-14  0.00000E+00
  5.250E+01  1.95619E-01 -4.39688E-12 -3.02294E-12 -1.86412E-12 -1.24186E-12  1.10639E-14  0.00000E+00
  5.300E+01  1.99092E-01 -4.29315E-12 -2.99057E-12 -1.83997E-12 -1.24143E-12  1.13253E-14  0.00000E+00
  5.350E+01  2.02589E-01 -4.19244E-12 -2.95833E-12 -1.81624E-12 -1.24080E-12  1.13233E-14  0.00000E+00
  5.400E+01  2.06107E-01 -4.09463E-12 -2.92623E-12 -1.79291E-12 -1.24000E-12  1.09021E-14  0.00000E+00
  5.450E+01  2.09649E-01 -3.99961E-12 -2.89430E-12 -1.76999E-12 -1.23901E-12  1.02456E-14  0.00000E+00
  5.500E+01  2.13212E-01 -3.90730E-12 -2.86255E-12 -1.74745E-12 -1.23785E-12  9.20115E-15  0.00000E+00
  5.550E+01  2.16797E-01 -3.81760E-12 -2.83099E-12 -1.72529E-12 -1.23653E-12  7.94596E-15  0.00000E+00
  5.600E+01  2.20404E-01 -3.73040E-12 -2.79962E-12 -1.70351E-12 -1.23505E-12  6.40976E-15  0.00000E+00
  5.650E+01  2.24032E-01 -3.64563E-12 -2.76847E-12 -1.68209E-12 -1.23342E-12  4.68220E-15  0.00000E+00
  5.700E+01  2.27680E-01 -3.56320E-12 -2.73753E-12 -1.66102E-12 -1.23165E-12  2.77102E-15  0.00000E+00
  5.750E+01  2.31350E-01 -3.48303E-12 -2.70681E-12 -1.64029E-12 -1.22973E-12  7.59398E-16  0.00000E+00
  5.800E+01  2.35040E-01 -3.40504E-12 -2.67632E-12 -1.61990E-12 -1.22769E-12  1.27392E-15  0.00000E+00
  5.850E+01  2.38751E-01 -3.32916E-12 -2.64607E-12 -1.59985E-12 -1.22551E-12  3.32832E-15  0.00000E+00
  5.900E+01  2.42481E-01 -3.25532E-12 -2.61607E-12 -1.58011E-12 -1.22321E-12  5.18417E-15  0.00000E+00
  5.950E+01  2.46231E-01 -3.18346E-12 -2.58632E-12 -1.56069E-12 -1.22079E-12  6.99344E-15  0.00000E+00
  6.000E+01  2.50000E-01 -3.11349E-12 -2.55681E-12 -1.54158E-12 -1.21825E-12  8.61573E-15  0.00000E+00
  6.050E+01  2.53788E-01 -3.04537E-12 -2.52756E-12 -1.52277E-12 -1.21561E-12  1.01285E-14  0.00000E+00
  6.100E+01  2.57595E-01 -2.97903E-12 -2.49857E-12 -1.50425E-12 -1.21285E-12  1.11190E-14  0.00000E+00
  6.150E+01  2.61421E-01 -2.91442E-12 -2.46984E-12 -1.48602E-12 -1.21000E-12  1.20867E-14  0.00000E+00
  6.200E+01  2.65264E-01 -2.85147E-12 -2.44138E-12 -1.46808E-12 -1.20704E-12  1.24896E-14  0.00000E+00
  6.250E+01  2.69126E-01 -2.79015E-12 -2.41318E-12 -1.45041E-12 -1.20400E-12  1.26156E-14  0.00000E+00
  6.300E+01  2.73005E-01 -2.73039E-12 -2.38525E-12 -1.43300E-12 -1.20086E-12  1.22087E-14  0.00000E+00
  6.350E+01  2.76901E-01 -2.67214E-12 -2.35759E-12 -1.41587E-12 -1.19763E-12  1.18116E-14  0.00000E+00
  6.400E+01  2.80814E-01 -2.61536E-12 -2.33019E-12 -1.39899E-12 -1.19432E-12  1.06450E-14  0.00000E+00
  6.450E+01  2.84744E-01 -2.56000E-12 -2.30307E-12 -1.38236E-12 -1.19092E-12  9.37568E-15  0.00000E+00
  6.500E+01  2.88691E-01 -2.50602E-12 -2.27621E-12 -1.36598E-12 -1.18745E-12  7.87953E-15  0.00000E+00
  6.550E+01  2.92653E-01 -2.45338E-12 -2.24963E-12 -1.34984E-12 -1.18390E-12  6.03751E-15  0.00000E+00
  6.600E+01  2.96632E-01 -2.40204E-12 -2.22331E-12 -1.33394E-12 -1.18028E-12  4.10882E-15  0.00000E+00
  6.650E+01  3.00625E-01 -2.35195E-12 -2.19727E-12 -1.31827E-12 -1.17659E-12  1.84909E-15  0.00000E+00
  6.700E+01  3.04634E-01 -2.30308E-12 -2.17149E-12 -1.30283E-12 -1.17283E-12  4.88280E-16  0.00000E+00
  6.750E+01  3.08658E-01 -2.25540E-12 -2.14599E-12 -1.28761E-12 -1.16901E-12  2.53890E-15  0.00000E+00
  6.800E+01  3.12697E-01 -2.20886E-12 -2.12074E-12 -1.27262E-12 -1.16513E-12  4.67075E-15  0.00000E+00
  6.850E+01  3.16749E-01 -2.16343E-12 -2.09576E-12 -1.25783E-12 -1.16118E-12  6.76344E-15  0.00000E+00
  6.900E+01  3.20816E-01 -2.11908E-12 -2.07105E-12 -1.24326E-12 -1.15718E-12  8.70101E-15  0.00000E+00
  6.950E+01  3.24896E-01 -2.07579E-12 -2.04660E-12 -1.22889E-12 -1.15312E-12  1.03716E-14  0.00000E+00
  7.000E+01  3.28990E-01 -2.03352E-12 -2.02242E-12 -1.21472E-12 -1.14900E-12  1.17828E-14  0.00000E+00
  7.050E+01  3.33097E-01 -1.99224E-12 -1.99850E-12 -1.20075E-12 -1.14484E-12  1.28272E-14  0.00000E+00
  7.100E+01  3.37216E-01 -1.95192E-12 -1.97483E-12 -1.18697E-12 -1.14062E-12  1.35144E-14  0.00000E+00
  7.150E+01  3.41348E-01 -1.91252E-12 -1.95141E-12 -1.17338E-12 -1.13636E-12  1.38537E-14  0.00000E+00
  7.200E+01  3.45492E-01 -1.87403E-12 -1.92825E-12 -1.15998E-12 -1.13204E-12  1.37419E-14  0.00000E+00
  7.250E+01  3.49647E-01 -1.83644E-12 -1.90535E-12 -1.14677E-12 -1.12769E-12  1.33007E-14  0.00000E+00
  7.300E+01  3.53814E-01 -1.79971E-12 -1.88271E-12 -1.13373E-12 -1.12329E-12  1.23177E-14  0.00000E+00
  7.350E+01  3.57992E-01 -1.76380E-12 -1.86031E-12 -1.12087E-12 -1.11885E-12  1.10236E-14  0.00000E+00
  7.400E+01  3.62181E-01 -1.72871E-12 -1.83815E-12 -1.10818E-12 -1.11437E-12  9.53338E-15  0.00000E+00
  7.450E+01  3.66381E-01 -1.69440E-12 -1.81624E-12 -1.09566E-12 -1.10985E-12  7.63575E-15  0.00000E+00
  7.500E+01  3.70590E-01 -1.66086E-12 -1.79457E-12 -1.08330E-12 -1.10529E-12  5.44579E-15  0.00000E+00
  7.550E+01  3.74810E-01 -1.62807E-12 -1.77314E-12 -1.07111E-12 -1.10070E-12  3.18109E-15  0.00000E+00
  7.600E+01  3.79039E-01 -1.59601E-12 -1.75196E-12 -1.05908E-12 -1.09608E-12  6.31884E-16  0.00000E+00
  7.650E+01  3.83277E-01 -1.56466E-12 -1.73101E-12 -1.04720E-12 -1.09142E-12  1.67380E-15  0.00000E+00
  7.700E+01  3.87524E-01 -1.53399E-12 -1.71029E-12 -1.03549E-12 -1.08672E-12  4.26121E-15  0.00000E+00
  7.750E+01  3.91780E-01 -1.50399E-12 -1.68981E-12 -1.02392E-12 -1.08200E-12  6.50610E-15  0.00000E+00
  7.800E+01  3.96044E-01 -1.47465E-12 -1.66955E-12 -1.01250E-12 -1.07725E-12  8.62097E-15  0.00000E+00
  7.850E+01  4.00316E-01 -1.44594E-12 -1.64952E-12 -1.00122E-12 -1.07247E-12  1.07109E-14  0.00000E+00
  7.900E+01  4.04596E-01 -1.41785E-12 -1.62972E-12 -9.90093E-13 -1.06766E-12  1.23715E-14  0.00000E+00
  7.950E+01  4.08882E-01 -1.39036E-12 -1.61014E-12 -9.79104E-13 -1.06283E-12  1.37118E-14  0.00000E+00
  8.000E+01  4.13176E-01 -1.36347E-12 -1.59078E-12 -9.68253E-13 -1.05797E-12  1.46373E-14  0.00000E+00
  8.050E+01  4.17476E-01 -1.33714E-12 -1.57164E-12 -9.57537E-13 -1.05308E-12  1.52552E-14  0.00000E+00
  8.100E+01  4.21783E-01 -1.31137E-12 -1.55271E-12 -9.46956E-13 -1.04817E-12  1.52731E-14  0.00000E+00
  8.150E+01  4.26095E-01 -1.28615E-12 -1.53400E-12 -9.36506E-13 -1.04324E-12  1.49966E-14  0.00000E+00
  8.200E+01  4.30413E-01 -1.26145E-12 -1.51550E-12 -9.26184E-13 -1.03829E-12  1.41358E-14  0.00000E+00
  8.250E+01  4.34737E-01 -1.23728E-12 -1.49720E-12 -9.15989E-13 -1.03332E-12  1.29920E-14  0.00000E+00
  8.300E+01  4.39065E-01 -1.21360E-12 -1.47912E-12 -9.05919E-13 -1.02832E-12  1.14719E-14  0.00000E+00
  8.350E+01  4.43398E-01 -1.19042E-12 -1.46124E-12 -8.95971E-13 -1.02331E-12  9.58036E-15  0.00000E+00
  8.400E+01  4.47736E-01 -1.16772E-12 -1.44356E-12 -8.86143E-13 -1.01828E-12  7.12903E-15  0.00000E+00
  8.450E+01  4.52077E-01 -1.14549E-12 -1.42609E-12 -8.76434E-13 -1.01323E-12  4.79604E-15  0.00000E+00
  8.500E+01  4.56422E-01 -1.12371E-12 -1.40881E-12 -8.66841E-13 -1.00816E-12  2.10140E-15  0.00000E+00
  8.550E+01  4.60770E-01 -1.10237E-12 -1.39172E-12 -8.57362E-13 -1.00308E-12  5.70785E-16  0.00000E+00
  8.600E+01  4.65122E-01 -1.08147E-12 -1.37483E-12 -8.47996E-13 -9.97978E-13  3.31653E-15  0.00000E+00
  8.650E+01  4.69476E-01 -1.06100E-12 -1.35813E-12 -8.38740E-13 -9.92863E-13  6.04156E-15  0.00000E+00
  8.700E+01  4.73832E-01 -1.04094E-12 -1.34162E-12 -8.29592E-13 -9.87734E-13  8.55901E-15  0.00000E+00
  8.750E+01  4.78190E-01 -1.02128E-12 -1.32530E-12 -8.20552E-13 -9.82590E-13  1.09658E-14  0.00000E+00
  8.800E+01  4.82550E-01 -1.00202E-12 -1.30917E-12 -8.11616E-13 -9.77433E-13  1.29837E-14  0.00000E+00
  8.850E+01  4.86912E-01 -9.83140E-13 -1.29321E-12 -8.02784E-13 -9.72263E-13  1.45244E-14  0.00000E+00
  8.900E+01  4.91274E-01 -9.64637E-13 -1.27744E-12 -7.94054E-13 -9.67081E-13  1.59643E-14  0.00000E+00
  8.950E+01  4.95637E-01 -9.46502E-13 -1.26185E-12 -7.85424E-13 -9.61887E-13  1.66572E-14  0.00000E+00
  9.000E+01  5.00000E-01 -9.28726E-13 -1.24643E-12 -7.76892E-13 -9.56681E-13  1.69789E-14  0.00000E+00
  9.050E+01  5.04363E-01 -9.11300E-13 -1.23119E-12 -7.68457E-13 -9.51464E-13  1.69329E-14  0.00000E+00
  9.100E+01  5.08726E-01 -8.94217E-13 -1.21612E-12 -7.60117E-13 -9.46237E-13  1.63385E-14  0.00000E+00
  9.150E+01  5.13088E-01 -8.77468E-13 -1.20122E-12 -7.51871E-13 -9.41000E-13  1.51997E-14  0.00000E+00
  9.200E+01  5.17450E-01 -8.61046E-13 -1.18649E-12 -7.43717E-13 -9.35753E-13  1.36115E-14  0.00000E+00
  9.250E+01  5.21810E-01 -8.44943E-13 -1.17193E-12 -7.35654E-13 -9.30497E-13  1.15764E-14  0.00000E+00
  9.300E+01  5.26168E-01 -8.29152E-13 -1.15754E-12 -7.27680E-13 -9.25233E-13  9.18748E-15  0.00000E+00
  9.350E+01  5.30524E-01 -8.13666E-13 -1.14330E-12 -7.19794E-13 -9.19960E-13  6.53686E-15  0.00000E+00
  9.400E+01  5.34878E-01 -7.98479E-13 -1.12923E-12 -7.11994E-13 -9.14679E-13  3.62505E-15  0.00000E+00
  9.450E+01  5.39230E-01 -7.83584E-13 -1.11532E-12 -7.04280E-13 -9.09391E-13  5.42848E-16  0.00000E+00
  9.500E+01  5.43578E-01 -7.68974E-13 -1.10157E-12 -6.96650E-13 -9.04095E-13  2.34871E-15  0.00000E+00
  9.550E+01  5.47923E-01 -7.54643E-13 -1.08797E-12 -6.89102E-13 -8.98792E-13  5.41242E-15  0.00000E+00
  9.600E+01  5.52264E-01 -7.40584E-13 -1.07453E-12 -6.81635E-13 -8.93483E-13  8.28835E-15  0.00000E+00
  9.650E+01  5.56602E-01 -7.26792E-13 -1.06124E-12 -6.74248E-13 -8.88168E-13  1.09783E-14  0.00000E+00
  9.700E+01  5.60935E-01 -7.13261E-13 -1.04810E-12 -6.66940E-13 -8.82847E-13  1.34839E-14  0.00000E+00
  9.750E+01  5.65263E-01 -6.99986E-13 -1.03511E-12 -6.59710E-13 -8.77520E-13  1.56270E-14  0.00000E+00
  9.800E+01  5.69587E-01 -6.86961E-13 -1.02227E-12 -6.52556E-13 -8.72187E-13  1.72301E-14  0.00000E+00
  9.850E+01  5.73905E-01 -6.74180E-13 -1.00958E-12 -6.45477E-13 -8.66850E-13  1.82948E-14  0.00000E+00
  9.900E+01  5.78217E-01 -6.61638E-13 -9.97027E-13 -6.38472E-13 -8.61508E-13  1.88228E-14  0.00000E+00
  9.950E+01  5.82524E-01 -6.49330E-13 -9.84619E-13 -6.31540E-13 -8.56161E-13  1.91733E-14  0.00000E+00
  1.000E+02  5.86824E-01 -6.37251E-13 -9.72352E-13 -6.24680E-13 -8.50810E-13  1.84512E-14  0.00000E+00
  1.005E+02  5.91118E-01 -6.25397E-13 -9.60225E-13 -6.17891E-13 -8.45456E-13  1.75526E-14  0.00000E+00
  1.010E+02  5.95404E-01 -6.13762E-13 -9.48236E-13 -6.11171E-13 -8.40097E-13  1.61190E-14  0.00000E+00
  1.015E+02  5.99684E-01 -6.02343E-13 -9.36385E-13 -6.04520E-13 -8.34735E-13  1.41500E-14  0.00000E+00
  1.020E+02  6.03956E-01 -5.91134E-13 -9.24668E-13 -5.97936E-13 -8.29369E-13  1.16447E-14  0.00000E+00
  1.025E+02  6.08220E-01 -5.80131E-13 -9.13085E-13 -5.91419E-13 -8.24001E-13  8.60196E-15  0.00000E+00
  1.030E+02  6.12476E-01 -5.69330E-13 -9.01634E-13 -5.84968E-13 -8.18629E-13  5.73718E-15  0.00000E+00
  1.035E+02  6.16723E-01 -5.58726E-13 -8.90314E-13 -5.78581E-13 -8.13255E-13  2.33204E-15  0.00000E+00
  1.040E+02  6.20961E-01 -5.48316E-13 -8.79123E-13 -5.72258E-13 -8.07878E-13  1.07706E-15  0.00000E+00
  1.045E+02  6.25190E-01 -5.38096E-13 -8.68060E-13 -5.65997E-13 -8.02499E-13  4.49138E-15  0.00000E+00
  1.050E+02  6.29410E-01 -5.28061E-13 -8.57124E-13 -5.59798E-13 -7.97118E-13  7.91213E-15  0.00000E+00
  1.055E+02  6.33619E-01 -5.18210E-13 -8.46314E-13 -5.53660E-13 -7.91734E-13  1.11605E-14  0.00000E+00
  1.060E+02  6.37819E-01 -5.08536E-13 -8.35627E-13 -5.47582E-13 -7.86349E-13  1.40570E-14  0.00000E+00
  1.065E+02  6.42008E-01 -4.99037E-13 -8.25063E-13 -5.41563E-13 -7.80963E-13  1.64208E-14  0.00000E+00
  1.070E+02  6.46186E-01 -4.89709E-13 -8.14620E-13 -5.35603E-13 -7.75574E-13  1.84315E-14  0.00000E+00
  1.075E+02  6.50353E-01 -4.80549E-13 -8.04297E-13 -5.29699E-13 -7.70185E-13  2.00883E-14  0.00000E+00
  1.080E+02  6.54508E-01 -4.71553E-13 -7.94093E-13 -5.23852E-13 -7.64794E-13  2.12088E-14  0.00000E+00
  1.085E+02  6.58652E-01 -4.62720E-13 -7.84007E-13 -5.18061E-13 -7.59403E-13  2.16091E-14  0.00000E+00
  1.090E+02  6.62784E-01 -4.54044E-13 -7.74037E-13 -5.12325E-13 -7.54010E-13  2.12857E-14  0.00000E+00
  1.095E+02  6.66903E-01 -4.45524E-13 -7.64182E-13 -5.06643E-13 -7.48616E-13  2.05988E-14  0.00000E+00
  1.100E+02  6.71010E-01 -4.37155E-13 -7.54441E-13 -5.01014E-13 -7.43222E-13  1.89980E-14  0.00000E+00
  1.105E+02  6.75104E-01 -4.28935E-13 -7.44813E-13 -4.95437E-13 -7.37828E-13  1.72094E-14  0.00000E+00
  1.110E+02  6.79184E-01 -4.20862E-13 -7.35296E-13 -4.89913E-13 -7.32433E-13  1.44969E-14  0.00000E+00
  1.115E+02  6.83251E-01 -4.12932E-13 -7.25890E-13 -4.84439E-13 -7.27037E-13  1.14052E-14  0.00000E+00
  1.120E+02  6.87303E-01 -4.05143E-13 -7.16594E-13 -4.79016E-13 -7.21642E-13  8.11476E-15  0.00000E+00
  1.125E+02  6.91342E-01 -3.97491E-13 -7.07406E-13 -4.73642E-13 -7.16246E-13  4.62300E-15  0.00000E+00
  1.130E+02  6.95366E-01 -3.89976E-13 -6.98325E-13 -4.68317E-13 -7.10851E-13  5.56308E-16  0.00000E+00
  1.135E+02  6.99375E-01 -3.82592E-13 -6.89350E-13 -4.63040E-13 -7.05455E-13  3.16157E-15  0.00000E+00
  1.140E+02  7.03368E-01 -3.75339E-13 -6.80479E-13 -4.57811E-13 -7.00060E-13  7.08836E-15  0.00000E+00
  1.145E+02  7.07347E-01 -3.68214E-13 -6.71713E-13 -4.52628E-13 -6.94665E-13  1.08529E-14  0.00000E+00
  1.150E+02  7.11309E-01 -3.61213E-13 -6.63050E-13 -4.47492E-13 -6.89270E-13  1.44549E-14  0.00000E+00
  1.155E+02  7.15256E-01 -3.54337E-13 -6.54489E-13 -4.42401E-13 -6.83876E-13  1.71404E-14  0.00000E+00
  1.160E+02  7.19186E-01 -3.47581E-13 -6.46029E-13 -4.37354E-13 -6.78482E-13  1.98459E-14  0.00000E+00
  1.165E+02  7.23099E-01 -3.40944E-13 -6.37669E-13 -4.32352E-13 -6.73089E-13  2.21931E-14  0.00000E+00
  1.170E+02  7.26995E-01 -3.34423E-13 -6.29409E-13 -4.27393E-13 -6.67697E-13  2.36075E-14  0.00000E+00
  1.175E+02  7.30874E-01 -3.28016E-13 -6.21246E-13 -4.22478E-13 -6.62305E-13  2.42705E-14  0.00000E+00
  1.180E+02  7.34736E-01 -3.21721E-13 -6.13180E-13 -4.17604E-13 -6.56914E-13  2.45571E-14  0.00000E+00
  1.185E+02  7.38579E-01 -3.15536E-13 -6.05210E-13 -4.12772E-13 -6.51524E-13  2.36926E-14  0.00000E+00
  1.190E+02  7.42405E-01 -3.09460E-13 -5.97336E-13 -4.07981E-13 -6.46135E-13  2.24364E-14  0.00000E+00
  1.195E+02  7.46212E-01 -3.03490E-13 -5.89557E-13 -4.03231E-13 -6.40747E-13  2.03947E-14  0.00000E+00
  1.200E+02  7.50000E-01 -2.97624E-13 -5.81871E-13 -3.98520E-13 -6.35360E-13  1.77520E-14  0.00000E+00
  1.205E+02  7.53769E-01 -2.91861E-13 -5.74278E-13 -3.93849E-13 -6.29975E-13  1.44999E-14  0.00000E+00
  1.210E+02  7.57519E-01 -2.86198E-13 -5.66776E-13 -3.89217E-13 -6.24590E-13  1.10228E-14  0.00000E+00
  1.215E+02  7.61249E-01 -2.80633E-13 -5.59365E-13 -3.84622E-13 -6.19207E-13  6.92133E-15  0.00000E+00
  1.220E+02  7.64960E-01 -2.75166E-13 -5.52045E-13 -3.80066E-13 -6.13825E-13  2.58302E-15  0.00000E+00
  1.225E+02  7.68650E-01 -2.69794E-13 -5.44814E-13 -3.75546E-13 -6.08444E-13  1.69711E-15  0.00000E+00
  1.230E+02  7.72320E-01 -2.64516E-13 -5.37671E-13 -3.71063E-13 -6.03064E-13  6.11990E-15  0.00000E+00
  1.235E+02  7.75968E-01 -2.59331E-13 -5.30617E-13 -3.66616E-13 -5.97686E-13  1.04868E-14  0.00000E+00
  1.240E+02  7.79596E-01 -2.54235E-13 -5.23650E-13 -3.62205E-13 -5.92310E-13  1.44940E-14  0.00000E+00
  1.245E+02  7.83203E-01 -2.49229E-13 -5.16768E-13 -3.57828E-13 -5.86934E-13  1.82385E-14  0.00000E+00
  1.250E+02  7.86788E-01 -2.44309E-13 -5.09972E-13 -3.53487E-13 -5.81561E-13  2.14097E-14  0.00000E+00
  1.255E+02  7.90351E-01 -2.39476E-13 -5.03261E-13 -3.49179E-13 -5.76189E-13  2.39989E-14  0.00000E+00
  1.260E+02  7.93893E-01 -2.34727E-13 -4.96634E-13 -3.44904E-13 -5.70818E-13  2.59970E-14  0.00000E+00
  1.265E+02  7.97411E-01 -2.30061E-13 -4.90090E-13 -3.40663E-13 -5.65449E-13  2.72903E-14  0.00000E+00
  1.270E+02  8.00908E-01 -2.25477E-13 -4.83629E-13 -3.36454E-13 -5.60082E-13  2.76572E-14  0.00000E+00
  1.275E+02  8.04381E-01 -2.20973E-13 -4.77250E-13 -3.32277E-13 -5.54716E-13  2.73979E-14  0.00000E+00
  1.280E+02  8.07831E-01 -2.16548E-13 -4.70952E-13 -3.28132E-13 -5.49352E-13  2.63952E-14  0.00000E+00
  1.285E+02  8.11257E-01 -2.12200E-13 -4.64734E-13 -3.24018E-13 -5.43990E-13  2.43155E-14  0.00000E+00
  1.290E+02  8.14660E-01 -2.07929E-13 -4.58596E-13 -3.19935E-13 -5.38629E-13  2.16752E-14  0.00000E+00
  1.295E+02  8.18039E-01 -2.03733E-13 -4.52538E-13 -3.15882E-13 -5.33270E-13  1.82474E-14  0.00000E+00
  1.300E+02  8.21394E-01 -1.99611E-13 -4.46558E-13 -3.11859E-13 -5.27913E-13  1.44513E-14  0.00000E+00
  1.305E+02  8.24724E-01 -1.95561E-13 -4.40656E-13 -3.07865E-13 -5.22557E-13  9.95123E-15  0.00000E+00
  1.310E+02  8.28030E-01 -1.91583E-13 -4.34832E-13 -3.03899E-13 -5.17204E-13  5.28318E-15  0.00000E+00
  1.315E+02  8.31310E-01 -1.87675E-13 -4.29084E-13 -2.99963E-13 -5.11852E-13  3.32378E-16  0.00000E+00
  1.320E+02  8.34565E-01 -1.83836E-13 -4.23412E-13 -2.96054E-13 -5.06502E-13  4.68441E-15  0.00000E+00
  1.325E+02  8.37795E-01 -1.80065E-13 -4.17816E-13 -2.92173E-13 -5.01154E-13  9.65686E-15  0.00000E+00
  1.330E+02  8.40999E-01 -1.76362E-13 -4.12294E-13 -2.88320E-13 -4.95807E-13  1.42454E-14  0.00000E+00
  1.335E+02  8.44177E-01 -1.72724E-13 -4.06847E-13 -2.84493E-13 -4.90463E-13  1.86703E-14  0.00000E+00
  1.340E+02  8.47329E-01 -1.69151E-13 -4.01474E-13 -2.80692E-13 -4.85120E-13  2.26992E-14  0.00000E+00
  1.345E+02  8.50455E-01 -1.65643E-13 -3.96174E-13 -2.76918E-13 -4.79779E-13  2.59777E-14  0.00000E+00
  1.350E+02  8.53553E-01 -1.62197E-13 -3.90947E-13 -2.73169E-13 -4.74440E-13  2.86062E-14  0.00000E+00
  1.355E+02  8.56625E-01 -1.58813E-13 -3.85792E-13 -2.69445E-13 -4.69103E-13  3.03364E-14  0.00000E+00
  1.360E+02  8.59670E-01 -1.55489E-13 -3.80708E-13 -2.65746E-13 -4.63767E-13  3.11487E-14  0.00000E+00
  1.365E+02  8.62687E-01 -1.52226E-13 -3.75696E-13 -2.62072E-13 -4.58434E-13  3.13793E-14  0.00000E+00
  1.370E+02  8.65677E-01 -1.49022E-13 -3.70754E-13 -2.58422E-13 -4.53102E-13  3.02966E-14  0.00000E+00
  1.375E+02  8.68639E-01 -1.45877E-13 -3.65882E-13 -2.54795E-13 -4.47772E-13  2.84741E-14  0.00000E+00
  1.380E+02  8.71572E-01 -1.42789E-13 -3.61080E-13 -2.51191E-13 -4.42444E-13  2.58946E-14  0.00000E+00
  1.385E+02  8.74478E-01 -1.39758E-13 -3.56348E-13 -2.47611E-13 -4.37118E-13  2.24183E-14  0.00000E+00
  1.390E+02  8.77355E-01 -1.36782E-13 -3.51683E-13 -2.44053E-13 -4.31794E-13  1.82710E-14  0.00000E+00
  1.395E+02  8.80203E-01 -1.33861E-13 -3.47087E-13 -2.40518E-13 -4.26471E-13  1.36858E-14  0.00000E+00
  1.400E+02  8.83022E-01 -1.30994E-13 -3.42558E-13 -2.37004E-13 -4.21151E-13  8.40144E-15  0.00000E+00
  1.405E+02  8.85812E-01 -1.28180E-13 -3.38096E-13 -2.33511E-13 -4.15832E-13  3.03331E-15  0.00000E+00
  1.410E+02  8.88573E-01 -1.25419E-13 -3.33702E-13 -2.30040E-13 -4.10515E-13  2.67531E-15  0.00000E+00
  1.415E+02  8.91304E-01 -1.22711E-13 -3.29374E-13 -2.26590E-13 -4.05200E-13  8.21876E-15  0.00000E+00
  1.420E+02  8.94005E-01 -1.20053E-13 -3.25113E-13 -2.23160E-13 -3.99887E-13  1.35928E-14  0.00000E+00
  1.425E+02  8.96677E-01 -1.17446E-13 -3.20916E-13 -2.19751E-13 -3.94575E-13  1.87930E-14  0.00000E+00
  1.430E+02  8.99318E-01 -1.14887E-13 -3.16784E-13 -2.16361E-13 -3.89266E-13  2.31570E-14  0.00000E+00
  1.435E+02  9.01928E-01 -1.12377E-13 -3.12716E-13 -2.12990E-13 -3.83958E-13  2.71942E-14  0.00000E+00
  1.440E+02  9.04508E-01 -1.09916E-13 -3.08714E-13 -2.09639E-13 -3.78652E-13  3.06287E-14  0.00000E+00
  1.445E+02  9.07058E-01 -1.07504E-13 -3.04776E-13 -2.06306E-13 -3.73347E-13  3.30402E-14  0.00000E+00
  1.450E+02  9.09576E-01 -1.05139E-13 -3.00901E-13 -2.02992E-13 -3.68045E-13  3.42670E-14  0.00000E+00
  1.455E+02  9.12063E-01 -1.02819E-13 -2.97089E-13 -1.99697E-13 -3.62744E-13  3.46904E-14  0.00000E+00
  1.460E+02  9.14519E-01 -1.00545E-13 -2.93340E-13 -1.96419E-13 -3.57444E-13  3.41516E-14  0.00000E+00
  1.465E+02  9.16943E-01 -9.83160E-14 -2.89652E-13 -1.93158E-13 -3.52147E-13  3.24868E-14  0.00000E+00
  1.470E+02  9.19335E-01 -9.61319E-14 -2.86027E-13 -1.89915E-13 -3.46851E-13  2.99486E-14  0.00000E+00
  1.475E+02  9.21696E-01 -9.39922E-14 -2.82464E-13 -1.86688E-13 -3.41557E-13  2.66567E-14  0.00000E+00
  1.480E+02  9.24024E-01 -9.18961E-14 -2.78963E-13 -1.83479E-13 -3.36265E-13  2.24495E-14  0.00000E+00
  1.485E+02  9.26320E-01 -8.98429E-14 -2.75523E-13 -1.80285E-13 -3.30974E-13  1.75926E-14  0.00000E+00
  1.490E+02  9.28584E-01 -8.78319E-14 -2.72143E-13 -1.77108E-13 -3.25685E-13  1.17793E-14  0.00000E+00
  1.495E+02  9.30815E-01 -8.58624E-14 -2.68823E-13 -1.73946E-13 -3.20397E-13  6.15962E-15  0.00000E+00
  1.500E+02  9.33013E-01 -8.39341E-14 -2.65563E-13 -1.70800E-13 -3.15111E-13  0.00000E+00  0.00000E+00
  1.505E+02  9.35178E-01 -8.20468E-14 -2.62363E-13 -1.67668E-13 -3.09827E-13  6.11539E-15  0.00000E+00
  1.510E+02  9.37310E-01 -8.02002E-14 -2.59222E-13 -1.64552E-13 -3.04544E-13  1.21840E-14  0.00000E+00
  1.515E+02  9.39409E-01 -7.83938E-14 -2.56141E-13 -1.61450E-13 -2.99263E-13  1.78996E-14  0.00000E+00
  1.520E+02  9.41474E-01 -7.66268E-14 -2.53119E-13 -1.58362E-13 -2.93983E-13  2.27927E-14  0.00000E+00
  1.525E+02  9.43505E-01 -7.48986E-14 -2.50155E-13 -1.55288E-13 -2.88705E-13  2.76124E-14  0.00000E+00
  1.530E+02  9.45503E-01 -7.32087E-14 -2.47249E-13 -1.52228E-13 -2.83428E-13  3.11109E-14  0.00000E+00
  1.535E+02  9.47467E-01 -7.15567E-14 -2.44401E-13 -1.49181E-13 -2.78153E-13  3.40377E-14  0.00000E+00
  1.540E+02  9.49397E-01 -6.99424E-14 -2.41611E-13 -1.46148E-13 -2.72879E-13  3.60615E-14  0.00000E+00
  1.545E+02  9.51293E-01 -6.83657E-14 -2.38878E-13 -1.43127E-13 -2.67606E-13  3.68388E-14  0.00000E+00
  1.550E+02  9.53154E-01 -6.68261E-14 -2.36203E-13 -1.40119E-13 -2.62335E-13  3.64996E-14  0.00000E+00
  1.555E+02  9.54981E-01 -6.53231E-14 -2.33585E-13 -1.37123E-13 -2.57066E-13  3.53398E-14  0.00000E+00
  1.560E+02  9.56773E-01 -6.38561E-14 -2.31023E-13 -1.34139E-13 -2.51797E-13  3.28494E-14  0.00000E+00
  1.565E+02  9.58530E-01 -6.24246E-14 -2.28518E-13 -1.31166E-13 -2.46530E-13  2.94907E-14  0.00000E+00
  1.570E+02  9.60252E-01 -6.10282E-14 -2.26068E-13 -1.28205E-13 -2.41264E-13  2.52435E-14  0.00000E+00
  1.575E+02  9.61940E-01 -5.96668E-14 -2.23675E-13 -1.25256E-13 -2.36000E-13  2.02552E-14  0.00000E+00
  1.580E+02  9.63592E-01 -5.83403E-14 -2.21338E-13 -1.22317E-13 -2.30737E-13  1.50160E-14  0.00000E+00
  1.585E+02  9.65209E-01 -5.70484E-14 -2.19056E-13 -1.19389E-13 -2.25475E-13  9.01197E-15  0.00000E+00
  1.590E+02  9.66790E-01 -5.57908E-14 -2.16830E-13 -1.16471E-13 -2.20214E-13  2.91297E-15  0.00000E+00
  1.595E+02  9.68336E-01 -5.45668E-14 -2.14659E-13 -1.13563E-13 -2.14955E-13  3.28168E-15  0.00000E+00
  1.600E+02  9.69846E-01 -5.33760E-14 -2.12543E-13 -1.10666E-13 -2.09696E-13  9.56841E-15  0.00000E+00
  1.605E+02  9.71321E-01 -5.22179E-14 -2.10481E-13 -1.07777E-13 -2.04439E-13  1.50726E-14  0.00000E+00
  1.610E+02  9.72759E-01 -5.10927E-14 -2.08474E-13 -1.04899E-13 -1.99183E-13  2.06562E-14  0.00000E+00
  1.615E+02  9.74162E-01 -5.00001E-14 -2.06521E-13 -1.02029E-13 -1.93928E-13  2.52514E-14  0.00000E+00
  1.620E+02  9.75528E-01 -4.89401E-14 -2.04622E-13 -9.91681E-14 -1.88674E-13  2.90131E-14  0.00000E+00
  1.625E+02  9.76858E-01 -4.79124E-14 -2.02778E-13 -9.63158E-14 -1.83421E-13  3.19216E-14  0.00000E+00
  1.630E+02  9.78152E-01 -4.69164E-14 -2.00988E-13 -9.34719E-14 -1.78169E-13  3.39571E-14  0.00000E+00
  1.635E+02  9.79410E-01 -4.59517E-14 -1.99251E-13 -9.06360E-14 -1.72918E-13  3.47346E-14  0.00000E+00
  1.640E+02  9.80631E-01 -4.50179E-14 -1.97568E-13 -8.78080E-14 -1.67668E-13  3.49646E-14  0.00000E+00
  1.645E+02  9.81815E-01 -4.41150E-14 -1.95937E-13 -8.49876E-14 -1.62418E-13  3.40797E-14  0.00000E+00
  1.650E+02  9.82963E-01 -4.32431E-14 -1.94360E-13 -8.21745E-14 -1.57170E-13  3.18724E-14  0.00000E+00
  1.655E+02  9.84074E-01 -4.24021E-14 -1.92836E-13 -7.93685E-14 -1.51923E-13  2.88812E-14  0.00000E+00
  1.660E+02  9.85148E-01 -4.15918E-14 -1.91366E-13 -7.65694E-14 -1.46676E-13  2.50930E-14  0.00000E+00
  1.665E+02  9.86185E-01 -4.08117E-14 -1.89948E-13 -7.37769E-14 -1.41431E-13  2.08753E-14  0.00000E+00
  1.670E+02  9.87185E-01 -4.00614E-14 -1.88583E-13 -7.09907E-14 -1.36186E-13  1.56502E-14  0.00000E+00
  1.675E+02  9.88148E-01 -3.93406E-14 -1.87270E-13 -6.82106E-14 -1.30941E-13  1.03632E-14  0.00000E+00
  1.680E+02  9.89074E-01 -3.86492E-14 -1.86010E-13 -6.54364E-14 -1.25698E-13  5.01648E-15  0.00000E+00
  1.685E+02  9.89962E-01 -3.79874E-14 -1.84801E-13 -6.26679E-14 -1.20455E-13  3.88633E-16  0.00000E+00
  1.690E+02  9.90814E-01 -3.73552E-14 -1.83645E-13 -5.99047E-14 -1.15213E-13  5.65231E-15  0.00000E+00
  1.695E+02  9.91627E-01 -3.67526E-14 -1.82542E-13 -5.71467E-14 -1.09972E-13  1.05758E-14  0.00000E+00
  1.700E+02  9.92404E-01 -3.61790E-14 -1.81491E-13 -5.43936E-14 -1.04731E-13  1.49525E-14  0.00000E+00
  1.705E+02  9.93143E-01 -3.56342E-14 -1.80491E-13 -5.16451E-14 -9.94908E-14  1.87729E-14  0.00000E+00
  1.710E+02  9.93844E-01 -3.51177E-14 -1.79543E-13 -4.89011E-14 -9.42512E-14  2.20271E-14  0.00000E+00
  1.715E+02  9.94508E-01 -3.46295E-14 -1.78646E-13 -4.61614E-14 -8.90120E-14  2.41077E-14  0.00000E+00
  1.720E+02  9.95134E-01 -3.41698E-14 -1.77801E-13 -4.34255E-14 -8.37734E-14  2.55993E-14  0.00000E+00
  1.725E+02  9.95722E-01 -3.37388E-14 -1.77008E-13 -4.06934E-14 -7.85353E-14  2.60925E-14  0.00000E+00
  1.730E+02  9.96273E-01 -3.33366E-14 -1.76267E-13 -3.79648E-14 -7.32976E-14  2.57776E-14  0.00000E+00
  1.735E+02  9.96786E-01 -3.29628E-14 -1.75577E-13 -3.52394E-14 -6.80603E-14  2.48487E-14  0.00000E+00
  1.740E+02  9.97261E-01 -3.26169E-14 -1.74939E-13 -3.25171E-14 -6.28234E-14  2.28953E-14  0.00000E+00
  1.745E+02  9.97698E-01 -3.22985E-14 -1.74351E-13 -2.97976E-14 -5.75869E-14  2.05193E-14  0.00000E+00
  1.750E+02  9.98097E-01 -3.20076E-14 -1.73815E-13 -2.70806E-14 -5.23507E-14  1.75153E-14  0.00000E+00
  1.755E+02  9.98459E-01 -3.17445E-14 -1.73329E-13 -2.43659E-14 -4.71148E-14  1.42888E-14  0.00000E+00
  1.760E+02  9.98782E-01 -3.15095E-14 -1.72895E-13 -2.16533E-14 -4.18791E-14  1.10450E-14  0.00000E+00
  1.765E+02  9.99067E-01 -3.13029E-14 -1.72512E-13 -1.89426E-14 -3.66437E-14  7.37653E-15  0.00000E+00
  1.770E+02  9.99315E-01 -3.11245E-14 -1.72182E-13 -1.62335E-14 -3.14085E-14  4.10470E-15  0.00000E+00
  1.775E+02  9.99524E-01 -3.09736E-14 -1.71902E-13 -1.35258E-14 -2.61735E-14  8.28348E-16  0.00000E+00
  1.780E+02  9.99695E-01 -3.08497E-14 -1.71673E-13 -1.08193E-14 -2.09386E-14  1.23666E-15  0.00000E+00
  1.785E+02  9.99829E-01 -3.07526E-14 -1.71493E-13 -8.11364E-15 -1.57039E-14  3.29664E-15  0.00000E+00
  1.790E+02  9.99924E-01 -3.06823E-14 -1.71364E-13 -5.40872E-15 -1.04692E-14  4.32809E-15  0.00000E+00
  1.795E+02  9.99981E-01 -3.06399E-14 -1.71287E-13 -2.70424E-15 -5.23459E-15  4.12458E-15  6.37352E-16
  1.800E+02  1.00000E+00 -3.06250E-14 -1.71260E-13 -3.79493E-29 -7.34592E-29  2.29297E-15  7.24706E-13
