 #  Spin polarization functions (in cm)      MU=(1-cos(TH))/2
 #  Z =  47,   projectile: electron
 #  Kinetic energy = 2.90000E+06 eV
 #
 # TH (deg)      MU            U            S            T      1-U^2-T^2-S^2
 #------------------------------------------------------------------------------
  0.000E+00  0.00000E+00  0.00000E+00  0.00000E+00  1.00000E+00  0.00000E+00
  1.000E-04  7.61557E-13  1.48385E-06  2.41460E-11  1.00000E+00 -2.22045E-16
  1.250E-04  1.18994E-12  1.85481E-06  3.01824E-11  1.00000E+00  0.00000E+00
  1.500E-04  1.71346E-12  2.22577E-06  3.62187E-11  1.00000E+00  0.00000E+00
  1.750E-04  2.33225E-12  2.59674E-06  4.22549E-11  1.00000E+00  0.00000E+00
  2.000E-04  3.04617E-12  2.96770E-06  4.82911E-11  1.00000E+00 -2.22045E-16
  2.250E-04  3.85530E-12  3.33866E-06  5.43272E-11  1.00000E+00  2.22045E-16
  2.500E-04  4.75964E-12  3.70962E-06  6.03631E-11  1.00000E+00 -2.22045E-16
  2.750E-04  5.75917E-12  4.08058E-06  6.63989E-11  1.00000E+00  2.22045E-16
  3.000E-04  6.85391E-12  4.45155E-06  7.24346E-11  1.00000E+00  1.11022E-16
  3.250E-04  8.04379E-12  4.82251E-06  7.84701E-11  1.00000E+00  3.33067E-16
  3.500E-04  9.32893E-12  5.19347E-06  8.45054E-11  1.00000E+00  1.11022E-16
  3.750E-04  1.07092E-11  5.56443E-06  9.05406E-11  1.00000E+00  1.11022E-16
  4.000E-04  1.21847E-11  5.93540E-06  9.65755E-11  1.00000E+00 -2.22045E-16
  4.250E-04  1.37554E-11  6.30636E-06  1.02610E-10  1.00000E+00 -2.22045E-16
  4.500E-04  1.54213E-11  6.67732E-06  1.08645E-10  1.00000E+00  2.22045E-16
  4.750E-04  1.71823E-11  7.04828E-06  1.14679E-10  1.00000E+00  0.00000E+00
  5.000E-04  1.90386E-11  7.41924E-06  1.20713E-10  1.00000E+00  1.11022E-16
  5.250E-04  2.09900E-11  7.79021E-06  1.26747E-10  1.00000E+00  1.11022E-16
  5.500E-04  2.30367E-11  8.16117E-06  1.32781E-10  1.00000E+00  2.22045E-16
  5.750E-04  2.51785E-11  8.53213E-06  1.38814E-10  1.00000E+00  2.22045E-16
  6.000E-04  2.74156E-11  8.90309E-06  1.44847E-10  1.00000E+00 -2.22045E-16
  6.250E-04  2.97478E-11  9.27406E-06  1.50879E-10  1.00000E+00 -2.22045E-16
  6.500E-04  3.21752E-11  9.64502E-06  1.56912E-10  1.00000E+00  1.11022E-16
  6.750E-04  3.46979E-11  1.00160E-05  1.62944E-10  1.00000E+00  1.11022E-16
  7.000E-04  3.73157E-11  1.03869E-05  1.68975E-10  1.00000E+00  0.00000E+00
  7.250E-04  4.00286E-11  1.07579E-05  1.75006E-10  1.00000E+00  2.22045E-16
  7.500E-04  4.28368E-11  1.11289E-05  1.81037E-10  1.00000E+00  1.11022E-16
  7.750E-04  4.57402E-11  1.14998E-05  1.87068E-10  1.00000E+00  1.11022E-16
  8.000E-04  4.87388E-11  1.18708E-05  1.93098E-10  1.00000E+00  2.22045E-16
  8.250E-04  5.18325E-11  1.22418E-05  1.99128E-10  1.00000E+00 -2.22045E-16
  8.500E-04  5.50215E-11  1.26127E-05  2.05157E-10  1.00000E+00 -2.22045E-16
  8.750E-04  5.83057E-11  1.29837E-05  2.11186E-10  1.00000E+00  1.11022E-16
  9.000E-04  6.16850E-11  1.33546E-05  2.17214E-10  1.00000E+00 -2.22045E-16
  9.250E-04  6.51595E-11  1.37256E-05  2.23242E-10  1.00000E+00  2.22045E-16
  9.500E-04  6.87293E-11  1.40966E-05  2.29269E-10  1.00000E+00  3.33067E-16
  9.750E-04  7.23943E-11  1.44675E-05  2.35296E-10  1.00000E+00 -4.44089E-16
  1.000E-03  7.61544E-11  1.48385E-05  2.41323E-10  1.00000E+00 -2.22045E-16
  1.250E-03  1.18991E-10  1.85481E-05  3.01556E-10  1.00000E+00  2.22045E-16
  1.500E-03  1.71347E-10  2.22577E-05  3.61725E-10  1.00000E+00 -2.22045E-16
  1.750E-03  2.33223E-10  2.59674E-05  4.21817E-10  1.00000E+00 -2.22045E-16
  2.000E-03  3.04617E-10  2.96770E-05  4.81820E-10  1.00000E+00 -2.22045E-16
  2.250E-03  3.85531E-10  3.33866E-05  5.41720E-10  1.00000E+00  0.00000E+00
  2.500E-03  4.75965E-10  3.70962E-05  6.01506E-10  1.00000E+00 -2.22045E-16
  2.750E-03  5.75917E-10  4.08059E-05  6.61166E-10  1.00000E+00  2.22045E-16
  3.000E-03  6.85389E-10  4.45155E-05  7.20688E-10  1.00000E+00 -2.22045E-16
  3.250E-03  8.04380E-10  4.82251E-05  7.80061E-10  1.00000E+00  0.00000E+00
  3.500E-03  9.32891E-10  5.19348E-05  8.39274E-10  1.00000E+00  0.00000E+00
  3.750E-03  1.07092E-09  5.56444E-05  8.98314E-10  1.00000E+00  1.11022E-16
  4.000E-03  1.21847E-09  5.93541E-05  9.57173E-10  1.00000E+00  0.00000E+00
  4.250E-03  1.37554E-09  6.30637E-05  1.01584E-09  1.00000E+00 -2.22045E-16
  4.500E-03  1.54213E-09  6.67733E-05  1.07430E-09  1.00000E+00  1.11022E-16
  4.750E-03  1.71823E-09  7.04830E-05  1.13255E-09  1.00000E+00  1.11022E-16
  5.000E-03  1.90386E-09  7.41926E-05  1.19058E-09  1.00000E+00  3.33067E-16
  5.250E-03  2.09900E-09  7.79023E-05  1.24839E-09  1.00000E+00  3.33067E-16
  5.500E-03  2.30367E-09  8.16119E-05  1.30595E-09  1.00000E+00  0.00000E+00
  5.750E-03  2.51785E-09  8.53216E-05  1.36326E-09  1.00000E+00  1.11022E-16
  6.000E-03  2.74156E-09  8.90313E-05  1.42032E-09  1.00000E+00  1.11022E-16
  6.250E-03  2.97478E-09  9.27409E-05  1.47712E-09  1.00000E+00  1.11022E-16
  6.500E-03  3.21752E-09  9.64506E-05  1.53366E-09  1.00000E+00  3.33067E-16
  6.750E-03  3.46978E-09  1.00160E-04  1.58991E-09  1.00000E+00 -2.22045E-16
  7.000E-03  3.73156E-09  1.03870E-04  1.64589E-09  1.00000E+00  4.44089E-16
  7.250E-03  4.00286E-09  1.07580E-04  1.70159E-09  1.00000E+00  2.22045E-16
  7.500E-03  4.28368E-09  1.11289E-04  1.75699E-09  1.00000E+00  2.22045E-16
  7.750E-03  4.57402E-09  1.14999E-04  1.81211E-09  1.00000E+00  1.11022E-16
  8.000E-03  4.87388E-09  1.18709E-04  1.86692E-09  1.00000E+00  2.22045E-16
  8.250E-03  5.18326E-09  1.22418E-04  1.92144E-09  1.00000E+00  0.00000E+00
  8.500E-03  5.50215E-09  1.26128E-04  1.97565E-09  1.00000E+00  3.33067E-16
  8.750E-03  5.83057E-09  1.29838E-04  2.02957E-09  1.00000E+00 -2.22045E-16
  9.000E-03  6.16850E-09  1.33547E-04  2.08317E-09  1.00000E+00  0.00000E+00
  9.250E-03  6.51596E-09  1.37257E-04  2.13647E-09  1.00000E+00  2.22045E-16
  9.500E-03  6.87293E-09  1.40967E-04  2.18947E-09  1.00000E+00  0.00000E+00
  9.750E-03  7.23942E-09  1.44677E-04  2.24216E-09  1.00000E+00 -2.22045E-16
  1.000E-02  7.61544E-09  1.48386E-04  2.29454E-09  1.00000E+00  1.11022E-16
  1.250E-02  1.18991E-08  1.85484E-04  2.80235E-09  1.00000E+00  2.22045E-16
  1.500E-02  1.71347E-08  2.22581E-04  3.28532E-09  1.00000E+00 -2.22045E-16
  1.750E-02  2.33223E-08  2.59679E-04  3.75365E-09  1.00000E+00 -2.22045E-16
  2.000E-02  3.04617E-08  2.96777E-04  4.22161E-09  1.00000E+00  2.22045E-16
  2.250E-02  3.85531E-08  3.33875E-04  4.70546E-09  1.00000E+00  0.00000E+00
  2.500E-02  4.75965E-08  3.70973E-04  5.22112E-09  1.00000E+00  2.22045E-16
  2.750E-02  5.75917E-08  4.08071E-04  5.78171E-09  1.00000E+00 -2.22045E-16
  3.000E-02  6.85389E-08  4.45168E-04  6.39548E-09  1.00000E+00  3.33067E-16
  3.250E-02  8.04380E-08  4.82266E-04  7.06451E-09  1.00000E+00 -2.22045E-16
  3.500E-02  9.32891E-08  5.19363E-04  7.78445E-09  1.00000E+00  1.11022E-16
  3.750E-02  1.07092E-07  5.56459E-04  8.54528E-09  1.00000E+00 -4.44089E-16
  4.000E-02  1.21847E-07  5.93556E-04  9.33323E-09  1.00000E+00  0.00000E+00
  4.250E-02  1.37554E-07  6.30653E-04  1.01334E-08  1.00000E+00  0.00000E+00
  4.500E-02  1.54213E-07  6.67750E-04  1.09325E-08  1.00000E+00  2.22045E-16
  4.750E-02  1.71823E-07  7.04848E-04  1.17220E-08  1.00000E+00  2.22045E-16
  5.000E-02  1.90386E-07  7.41946E-04  1.24993E-08  1.00000E+00  1.11022E-16
  5.250E-02  2.09900E-07  7.79044E-04  1.32694E-08  1.00000E+00  1.11022E-16
  5.500E-02  2.30367E-07  8.16142E-04  1.40434E-08  1.00000E+00  0.00000E+00
  5.750E-02  2.51785E-07  8.53240E-04  1.48370E-08  1.00000E+00  0.00000E+00
  6.000E-02  2.74156E-07  8.90339E-04  1.56678E-08  1.00000E+00  2.22045E-16
  6.250E-02  2.97478E-07  9.27437E-04  1.65513E-08  1.00000E+00  1.11022E-16
  6.500E-02  3.21752E-07  9.64535E-04  1.74980E-08  1.00000E+00 -2.22045E-16
  6.750E-02  3.46978E-07  1.00163E-03  1.85116E-08  9.99999E-01  2.22045E-16
  7.000E-02  3.73156E-07  1.03873E-03  1.95871E-08  9.99999E-01  1.11022E-16
  7.250E-02  4.00286E-07  1.07583E-03  2.07124E-08  9.99999E-01  3.33067E-16
  7.500E-02  4.28368E-07  1.11292E-03  2.18701E-08  9.99999E-01  0.00000E+00
  7.750E-02  4.57402E-07  1.15002E-03  2.30412E-08  9.99999E-01  0.00000E+00
  8.000E-02  4.87388E-07  1.18712E-03  2.42088E-08  9.99999E-01  5.55112E-16
  8.250E-02  5.18325E-07  1.22422E-03  2.53620E-08  9.99999E-01 -2.22045E-16
  8.500E-02  5.50215E-07  1.26132E-03  2.64983E-08  9.99999E-01  4.44089E-16
  8.750E-02  5.83057E-07  1.29842E-03  2.76247E-08  9.99999E-01  0.00000E+00
  9.000E-02  6.16850E-07  1.33551E-03  2.87565E-08  9.99999E-01  0.00000E+00
  9.250E-02  6.51596E-07  1.37261E-03  2.99148E-08  9.99999E-01  1.11022E-16
  9.500E-02  6.87293E-07  1.40971E-03  3.11220E-08  9.99999E-01  0.00000E+00
  9.750E-02  7.23942E-07  1.44681E-03  3.23978E-08  9.99999E-01  1.11022E-16
  1.000E-01  7.61543E-07  1.48391E-03  3.37544E-08  9.99999E-01  2.22045E-16
  1.250E-01  1.18991E-06  1.85490E-03  4.92879E-08  9.99998E-01  0.00000E+00
  1.500E-01  1.71347E-06  2.22589E-03  6.85535E-08  9.99998E-01  3.33067E-16
  1.750E-01  2.33223E-06  2.59689E-03  9.07248E-08  9.99997E-01  3.33067E-16
  2.000E-01  3.04617E-06  2.96790E-03  1.16817E-07  9.99996E-01  0.00000E+00
  2.250E-01  3.85531E-06  3.33891E-03  1.48368E-07  9.99994E-01 -2.22045E-16
  2.500E-01  4.75964E-06  3.70994E-03  1.83551E-07  9.99993E-01  0.00000E+00
  2.750E-01  5.75916E-06  4.08098E-03  2.20582E-07  9.99992E-01  2.22045E-16
  3.000E-01  6.85388E-06  4.45203E-03  2.62368E-07  9.99990E-01  1.11022E-16
  3.250E-01  8.04378E-06  4.82308E-03  3.09868E-07  9.99988E-01  0.00000E+00
  3.500E-01  9.32888E-06  5.19415E-03  3.58197E-07  9.99987E-01 -4.44089E-16
  3.750E-01  1.07092E-05  5.56523E-03  4.07292E-07  9.99985E-01 -2.22045E-16
  4.000E-01  1.21846E-05  5.93631E-03  4.63328E-07  9.99982E-01  2.22045E-16
  4.250E-01  1.37553E-05  6.30740E-03  5.24281E-07  9.99980E-01 -2.22045E-16
  4.500E-01  1.54212E-05  6.67850E-03  5.83015E-07  9.99978E-01 -4.44089E-16
  4.750E-01  1.71822E-05  7.04962E-03  6.44403E-07  9.99975E-01  2.22045E-16
  5.000E-01  1.90385E-05  7.42073E-03  7.15819E-07  9.99972E-01  0.00000E+00
  5.250E-01  2.09899E-05  7.79185E-03  7.89245E-07  9.99970E-01  1.11022E-16
  5.500E-01  2.30365E-05  8.16299E-03  8.58452E-07  9.99967E-01  1.11022E-16
  5.750E-01  2.51783E-05  8.53413E-03  9.34625E-07  9.99964E-01 -2.22045E-16
  6.000E-01  2.74153E-05  8.90528E-03  1.02162E-06  9.99960E-01  1.11022E-16
  6.250E-01  2.97475E-05  9.27644E-03  1.10551E-06  9.99957E-01  1.11022E-16
  6.500E-01  3.21749E-05  9.64761E-03  1.18545E-06  9.99953E-01  3.33067E-16
  6.750E-01  3.46974E-05  1.00188E-02  1.27767E-06  9.99950E-01  0.00000E+00
  7.000E-01  3.73152E-05  1.03900E-02  1.37816E-06  9.99946E-01  3.33067E-16
  7.250E-01  4.00281E-05  1.07612E-02  1.46937E-06  9.99942E-01 -2.22045E-16
  7.500E-01  4.28362E-05  1.11324E-02  1.56068E-06  9.99938E-01  1.11022E-16
  7.750E-01  4.57395E-05  1.15036E-02  1.66882E-06  9.99934E-01  0.00000E+00
  8.000E-01  4.87380E-05  1.18748E-02  1.77848E-06  9.99929E-01  3.33067E-16
  8.250E-01  5.18317E-05  1.22461E-02  1.87488E-06  9.99925E-01  0.00000E+00
  8.500E-01  5.50205E-05  1.26174E-02  1.97893E-06  9.99920E-01  2.22045E-16
  8.750E-01  5.83045E-05  1.29886E-02  2.10127E-06  9.99916E-01 -2.22045E-16
  9.000E-01  6.16838E-05  1.33599E-02  2.21526E-06  9.99911E-01  3.33067E-16
  9.250E-01  6.51582E-05  1.37312E-02  2.31659E-06  9.99906E-01  0.00000E+00
  9.500E-01  6.87277E-05  1.41025E-02  2.43581E-06  9.99901E-01 -4.44089E-16
  9.750E-01  7.23925E-05  1.44738E-02  2.56905E-06  9.99895E-01 -2.22045E-16
  1.000E+00  7.61524E-05  1.48451E-02  2.68133E-06  9.99890E-01  0.00000E+00
  1.100E+00  9.21439E-05  1.63306E-02  3.18945E-06  9.99867E-01 -2.22045E-16
  1.200E+00  1.09658E-04  1.78161E-02  3.73529E-06  9.99841E-01  4.44089E-16
  1.300E+00  1.28695E-04  1.93019E-02  4.32178E-06  9.99814E-01 -2.22045E-16
  1.400E+00  1.49255E-04  2.07878E-02  4.95249E-06  9.99784E-01  3.33067E-16
  1.500E+00  1.71338E-04  2.22738E-02  5.62621E-06  9.99752E-01 -2.22045E-16
  1.600E+00  1.94942E-04  2.37600E-02  6.34327E-06  9.99718E-01  1.11022E-16
  1.700E+00  2.20070E-04  2.52463E-02  7.10215E-06  9.99681E-01 -4.44089E-16
  1.800E+00  2.46720E-04  2.67328E-02  7.89876E-06  9.99643E-01 -4.44089E-16
  1.900E+00  2.74892E-04  2.82194E-02  8.73239E-06  9.99602E-01 -2.22045E-16
  2.000E+00  3.04586E-04  2.97061E-02  9.59858E-06  9.99559E-01  0.00000E+00
  2.100E+00  3.35803E-04  3.11930E-02  1.04950E-05  9.99513E-01  0.00000E+00
  2.200E+00  3.68542E-04  3.26801E-02  1.14191E-05  9.99466E-01  1.11022E-16
  2.300E+00  4.02802E-04  3.41672E-02  1.23679E-05  9.99416E-01  0.00000E+00
  2.400E+00  4.38585E-04  3.56546E-02  1.33402E-05  9.99364E-01  2.22045E-16
  2.500E+00  4.75889E-04  3.71420E-02  1.43345E-05  9.99310E-01 -4.44089E-16
  2.600E+00  5.14715E-04  3.86296E-02  1.53489E-05  9.99254E-01 -2.22045E-16
  2.700E+00  5.55063E-04  4.01174E-02  1.63830E-05  9.99195E-01  0.00000E+00
  2.800E+00  5.96931E-04  4.16052E-02  1.74333E-05  9.99134E-01 -2.22045E-16
  2.900E+00  6.40321E-04  4.30932E-02  1.85046E-05  9.99071E-01  3.33067E-16
  3.000E+00  6.85233E-04  4.45814E-02  1.95910E-05  9.99006E-01  0.00000E+00
  3.100E+00  7.31665E-04  4.60696E-02  2.06933E-05  9.98938E-01  1.11022E-16
  3.200E+00  7.79618E-04  4.75580E-02  2.18136E-05  9.98868E-01 -2.22045E-16
  3.300E+00  8.29092E-04  4.90464E-02  2.29453E-05  9.98796E-01 -2.22045E-16
  3.400E+00  8.80086E-04  5.05350E-02  2.40907E-05  9.98722E-01  3.33067E-16
  3.500E+00  9.32601E-04  5.20237E-02  2.52516E-05  9.98646E-01  2.22045E-16
  3.600E+00  9.86636E-04  5.35125E-02  2.64236E-05  9.98567E-01  1.11022E-16
  3.700E+00  1.04219E-03  5.50014E-02  2.76065E-05  9.98486E-01  3.33067E-16
  3.800E+00  1.09927E-03  5.64904E-02  2.88032E-05  9.98403E-01  0.00000E+00
  3.900E+00  1.15786E-03  5.79795E-02  3.00073E-05  9.98318E-01  0.00000E+00
  4.000E+00  1.21797E-03  5.94687E-02  3.12172E-05  9.98230E-01  1.11022E-16
  4.100E+00  1.27961E-03  6.09579E-02  3.24391E-05  9.98140E-01  0.00000E+00
  4.200E+00  1.34276E-03  6.24473E-02  3.36652E-05  9.98048E-01  2.22045E-16
  4.300E+00  1.40743E-03  6.39367E-02  3.48967E-05  9.97954E-01  0.00000E+00
  4.400E+00  1.47362E-03  6.54262E-02  3.61369E-05  9.97857E-01  2.22045E-16
  4.500E+00  1.54133E-03  6.69158E-02  3.73766E-05  9.97759E-01  0.00000E+00
  4.600E+00  1.61056E-03  6.84054E-02  3.86144E-05  9.97658E-01  2.22045E-16
  4.700E+00  1.68131E-03  6.98951E-02  3.98571E-05  9.97554E-01 -2.22045E-16
  4.800E+00  1.75357E-03  7.13849E-02  4.10960E-05  9.97449E-01  2.22045E-16
  4.900E+00  1.82735E-03  7.28747E-02  4.23336E-05  9.97341E-01 -2.22045E-16
  5.000E+00  1.90265E-03  7.43646E-02  4.35733E-05  9.97231E-01  1.11022E-16
  5.100E+00  1.97947E-03  7.58545E-02  4.48043E-05  9.97119E-01  2.22045E-16
  5.200E+00  2.05780E-03  7.73445E-02  4.60272E-05  9.97004E-01 -2.22045E-16
  5.300E+00  2.13765E-03  7.88345E-02  4.72469E-05  9.96888E-01  0.00000E+00
  5.400E+00  2.21902E-03  8.03246E-02  4.84541E-05  9.96769E-01 -2.22045E-16
  5.500E+00  2.30190E-03  8.18147E-02  4.96512E-05  9.96648E-01  0.00000E+00
  5.600E+00  2.38630E-03  8.33048E-02  5.08423E-05  9.96524E-01 -2.22045E-16
  5.700E+00  2.47222E-03  8.47949E-02  5.20157E-05  9.96398E-01  1.11022E-16
  5.800E+00  2.55965E-03  8.62851E-02  5.31743E-05  9.96270E-01 -2.22045E-16
  5.900E+00  2.64859E-03  8.77753E-02  5.43241E-05  9.96140E-01  0.00000E+00
  6.000E+00  2.73905E-03  8.92655E-02  5.54531E-05  9.96008E-01  0.00000E+00
  6.100E+00  2.83103E-03  9.07558E-02  5.65652E-05  9.95873E-01  1.11022E-16
  6.200E+00  2.92452E-03  9.22460E-02  5.76645E-05  9.95736E-01  4.44089E-16
  6.300E+00  3.01952E-03  9.37362E-02  5.87349E-05  9.95597E-01  0.00000E+00
  6.400E+00  3.11604E-03  9.52265E-02  5.97838E-05  9.95456E-01  1.11022E-16
  6.500E+00  3.21407E-03  9.67167E-02  6.08184E-05  9.95312E-01 -2.22045E-16
  6.600E+00  3.31362E-03  9.82070E-02  6.18207E-05  9.95166E-01  1.11022E-16
  6.700E+00  3.41468E-03  9.96972E-02  6.28030E-05  9.95018E-01 -2.22045E-16
  6.800E+00  3.51725E-03  1.01187E-01  6.37659E-05  9.94867E-01  2.22045E-16
  6.900E+00  3.62133E-03  1.02678E-01  6.46843E-05  9.94715E-01 -2.22045E-16
  7.000E+00  3.72692E-03  1.04168E-01  6.55871E-05  9.94560E-01 -2.22045E-16
  7.100E+00  3.83403E-03  1.05658E-01  6.64549E-05  9.94403E-01  3.33067E-16
  7.200E+00  3.94265E-03  1.07148E-01  6.72971E-05  9.94243E-01 -2.22045E-16
  7.300E+00  4.05278E-03  1.08638E-01  6.81044E-05  9.94081E-01  1.11022E-16
  7.400E+00  4.16442E-03  1.10128E-01  6.88876E-05  9.93917E-01 -2.22045E-16
  7.500E+00  4.27757E-03  1.11618E-01  6.96199E-05  9.93751E-01  2.22045E-16
  7.600E+00  4.39223E-03  1.13108E-01  7.03245E-05  9.93583E-01  0.00000E+00
  7.700E+00  4.50840E-03  1.14598E-01  7.09932E-05  9.93412E-01  0.00000E+00
  7.800E+00  4.62608E-03  1.16088E-01  7.16215E-05  9.93239E-01  1.11022E-16
  7.900E+00  4.74527E-03  1.17578E-01  7.22222E-05  9.93064E-01  1.11022E-16
  8.000E+00  4.86597E-03  1.19068E-01  7.27780E-05  9.92886E-01 -2.22045E-16
  8.100E+00  4.98817E-03  1.20557E-01  7.32859E-05  9.92706E-01  0.00000E+00
  8.200E+00  5.11188E-03  1.22047E-01  7.37548E-05  9.92524E-01  0.00000E+00
  8.300E+00  5.23711E-03  1.23536E-01  7.41792E-05  9.92340E-01 -2.22045E-16
  8.400E+00  5.36383E-03  1.25026E-01  7.45621E-05  9.92153E-01 -2.22045E-16
  8.500E+00  5.49207E-03  1.26515E-01  7.49063E-05  9.91965E-01  0.00000E+00
  8.600E+00  5.62181E-03  1.28005E-01  7.52001E-05  9.91774E-01 -2.22045E-16
  8.700E+00  5.75306E-03  1.29494E-01  7.54405E-05  9.91580E-01 -2.22045E-16
  8.800E+00  5.88581E-03  1.30983E-01  7.56326E-05  9.91385E-01  0.00000E+00
  8.900E+00  6.02007E-03  1.32472E-01  7.57758E-05  9.91187E-01  2.22045E-16
  9.000E+00  6.15583E-03  1.33961E-01  7.58726E-05  9.90987E-01  4.44089E-16
  9.100E+00  6.29310E-03  1.35450E-01  7.59231E-05  9.90784E-01  1.11022E-16
  9.200E+00  6.43187E-03  1.36938E-01  7.59183E-05  9.90580E-01  1.11022E-16
  9.300E+00  6.57214E-03  1.38427E-01  7.58543E-05  9.90373E-01  0.00000E+00
  9.400E+00  6.71392E-03  1.39915E-01  7.57349E-05  9.90163E-01  0.00000E+00
  9.500E+00  6.85720E-03  1.41404E-01  7.55620E-05  9.89952E-01  0.00000E+00
  9.600E+00  7.00198E-03  1.42892E-01  7.53373E-05  9.89738E-01  0.00000E+00
  9.700E+00  7.14827E-03  1.44380E-01  7.50595E-05  9.89522E-01  0.00000E+00
  9.800E+00  7.29605E-03  1.45868E-01  7.47211E-05  9.89304E-01  3.33067E-16
  9.900E+00  7.44534E-03  1.47356E-01  7.43184E-05  9.89084E-01  0.00000E+00
  1.000E+01  7.59612E-03  1.48844E-01  7.38547E-05  9.88861E-01  1.11022E-16
  1.025E+01  7.97965E-03  1.52562E-01  7.24454E-05  9.88294E-01 -2.22045E-16
  1.050E+01  8.37255E-03  1.56280E-01  7.06453E-05  9.87713E-01  0.00000E+00
  1.075E+01  8.77480E-03  1.59996E-01  6.84361E-05  9.87118E-01  1.11022E-16
  1.100E+01  9.18641E-03  1.63712E-01  6.58292E-05  9.86508E-01  1.11022E-16
  1.125E+01  9.60736E-03  1.67426E-01  6.27760E-05  9.85885E-01 -2.22045E-16
  1.150E+01  1.00376E-02  1.71139E-01  5.93012E-05  9.85247E-01 -2.22045E-16
  1.175E+01  1.04773E-02  1.74850E-01  5.53583E-05  9.84595E-01  0.00000E+00
  1.200E+01  1.09262E-02  1.78561E-01  5.09541E-05  9.83929E-01  0.00000E+00
  1.225E+01  1.13844E-02  1.82269E-01  4.60765E-05  9.83249E-01  0.00000E+00
  1.250E+01  1.18520E-02  1.85976E-01  4.06937E-05  9.82554E-01  0.00000E+00
  1.275E+01  1.23288E-02  1.89682E-01  3.48265E-05  9.81846E-01  1.11022E-16
  1.300E+01  1.28150E-02  1.93386E-01  2.84233E-05  9.81123E-01 -2.22045E-16
  1.325E+01  1.33104E-02  1.97088E-01  2.15138E-05  9.80386E-01  0.00000E+00
  1.350E+01  1.38150E-02  2.00789E-01  1.40649E-05  9.79635E-01  2.22045E-16
  1.375E+01  1.43290E-02  2.04487E-01  6.07244E-06  9.78869E-01  0.00000E+00
  1.400E+01  1.48521E-02  2.08184E-01 -2.45483E-06  9.78090E-01 -2.22045E-16
  1.425E+01  1.53845E-02  2.11878E-01 -1.15608E-05  9.77296E-01 -2.22045E-16
  1.450E+01  1.59262E-02  2.15571E-01 -2.12078E-05  9.76488E-01  0.00000E+00
  1.475E+01  1.64770E-02  2.19261E-01 -3.14472E-05  9.75666E-01  0.00000E+00
  1.500E+01  1.70371E-02  2.22949E-01 -4.22603E-05  9.74830E-01  0.00000E+00
  1.525E+01  1.76063E-02  2.26635E-01 -5.36648E-05  9.73980E-01  3.33067E-16
  1.550E+01  1.81848E-02  2.30319E-01 -6.56888E-05  9.73115E-01 -2.22045E-16
  1.575E+01  1.87724E-02  2.34000E-01 -7.83004E-05  9.72237E-01  1.11022E-16
  1.600E+01  1.93692E-02  2.37678E-01 -9.15677E-05  9.71344E-01  0.00000E+00
  1.625E+01  1.99751E-02  2.41355E-01 -1.05442E-04  9.70437E-01  2.22045E-16
  1.650E+01  2.05901E-02  2.45028E-01 -1.19977E-04  9.69516E-01  1.11022E-16
  1.675E+01  2.12143E-02  2.48699E-01 -1.35154E-04  9.68581E-01 -2.22045E-16
  1.700E+01  2.18476E-02  2.52367E-01 -1.50969E-04  9.67632E-01 -2.22045E-16
  1.725E+01  2.24900E-02  2.56032E-01 -1.67471E-04  9.66668E-01  2.22045E-16
  1.750E+01  2.31415E-02  2.59694E-01 -1.84592E-04  9.65691E-01  1.11022E-16
  1.775E+01  2.38021E-02  2.63353E-01 -2.02424E-04  9.64700E-01 -2.22045E-16
  1.800E+01  2.44717E-02  2.67009E-01 -2.20887E-04  9.63694E-01  0.00000E+00
  1.825E+01  2.51504E-02  2.70662E-01 -2.40043E-04  9.62674E-01  0.00000E+00
  1.850E+01  2.58382E-02  2.74312E-01 -2.59874E-04  9.61641E-01 -2.22045E-16
  1.875E+01  2.65349E-02  2.77959E-01 -2.80396E-04  9.60593E-01  1.11022E-16
  1.900E+01  2.72407E-02  2.81602E-01 -3.01624E-04  9.59531E-01 -4.44089E-16
  1.925E+01  2.79555E-02  2.85242E-01 -3.23545E-04  9.58456E-01  0.00000E+00
  1.950E+01  2.86793E-02  2.88878E-01 -3.46200E-04  9.57366E-01  0.00000E+00
  1.975E+01  2.94120E-02  2.92511E-01 -3.69562E-04  9.56262E-01  0.00000E+00
  2.000E+01  3.01537E-02  2.96140E-01 -3.93669E-04  9.55144E-01 -2.22045E-16
  2.025E+01  3.09043E-02  2.99766E-01 -4.18500E-04  9.54013E-01  3.33067E-16
  2.050E+01  3.16639E-02  3.03388E-01 -4.44069E-04  9.52867E-01 -2.22045E-16
  2.075E+01  3.24324E-02  3.07006E-01 -4.70373E-04  9.51708E-01  0.00000E+00
  2.100E+01  3.32098E-02  3.10620E-01 -4.97410E-04  9.50534E-01  1.11022E-16
  2.125E+01  3.39961E-02  3.14230E-01 -5.25190E-04  9.49347E-01  1.11022E-16
  2.150E+01  3.47912E-02  3.17836E-01 -5.53701E-04  9.48145E-01  4.44089E-16
  2.175E+01  3.55952E-02  3.21439E-01 -5.82955E-04  9.46930E-01 -4.44089E-16
  2.200E+01  3.64081E-02  3.25037E-01 -6.12953E-04  9.45701E-01  2.22045E-16
  2.225E+01  3.72297E-02  3.28631E-01 -6.43705E-04  9.44458E-01 -2.22045E-16
  2.250E+01  3.80602E-02  3.32220E-01 -6.75220E-04  9.43202E-01  0.00000E+00
  2.275E+01  3.88995E-02  3.35805E-01 -7.07501E-04  9.41931E-01  0.00000E+00
  2.300E+01  3.97476E-02  3.39386E-01 -7.40561E-04  9.40647E-01  2.22045E-16
  2.325E+01  4.06044E-02  3.42963E-01 -7.74405E-04  9.39349E-01  2.22045E-16
  2.350E+01  4.14700E-02  3.46534E-01 -8.09039E-04  9.38037E-01  0.00000E+00
  2.375E+01  4.23443E-02  3.50102E-01 -8.44464E-04  9.36711E-01  0.00000E+00
  2.400E+01  4.32273E-02  3.53664E-01 -8.80677E-04  9.35372E-01  0.00000E+00
  2.425E+01  4.41190E-02  3.57222E-01 -9.17678E-04  9.34019E-01 -2.22045E-16
  2.450E+01  4.50194E-02  3.60775E-01 -9.55463E-04  9.32653E-01  2.22045E-16
  2.475E+01  4.59284E-02  3.64323E-01 -9.94031E-04  9.31272E-01 -2.22045E-16
  2.500E+01  4.68461E-02  3.67866E-01 -1.03338E-03  9.29878E-01  2.22045E-16
  2.550E+01  4.87074E-02  3.74937E-01 -1.11442E-03  9.27050E-01  3.33067E-16
  2.600E+01  5.06030E-02  3.81988E-01 -1.19862E-03  9.24167E-01 -2.22045E-16
  2.650E+01  5.25328E-02  3.89017E-01 -1.28606E-03  9.21230E-01  2.22045E-16
  2.700E+01  5.44967E-02  3.96025E-01 -1.37679E-03  9.18239E-01  0.00000E+00
  2.750E+01  5.64946E-02  4.03011E-01 -1.47083E-03  9.15194E-01  0.00000E+00
  2.800E+01  5.85262E-02  4.09974E-01 -1.56814E-03  9.12096E-01  2.22045E-16
  2.850E+01  6.05914E-02  4.16914E-01 -1.66868E-03  9.08944E-01  0.00000E+00
  2.900E+01  6.26901E-02  4.23831E-01 -1.77244E-03  9.05740E-01 -2.22045E-16
  2.950E+01  6.48222E-02  4.30723E-01 -1.87945E-03  9.02482E-01  0.00000E+00
  3.000E+01  6.69873E-02  4.37591E-01 -1.98979E-03  8.99172E-01  0.00000E+00
  3.050E+01  6.91854E-02  4.44433E-01 -2.10352E-03  8.95810E-01  1.11022E-16
  3.100E+01  7.14163E-02  4.51250E-01 -2.22064E-03  8.92395E-01  0.00000E+00
  3.150E+01  7.36799E-02  4.58040E-01 -2.34111E-03  8.88928E-01  0.00000E+00
  3.200E+01  7.59760E-02  4.64804E-01 -2.46486E-03  8.85410E-01  0.00000E+00
  3.250E+01  7.83043E-02  4.71542E-01 -2.59187E-03  8.81840E-01  0.00000E+00
  3.300E+01  8.06647E-02  4.78251E-01 -2.72217E-03  8.78219E-01  0.00000E+00
  3.350E+01  8.30571E-02  4.84933E-01 -2.85586E-03  8.74547E-01  0.00000E+00
  3.400E+01  8.54812E-02  4.91586E-01 -2.99299E-03  8.70824E-01  0.00000E+00
  3.450E+01  8.79369E-02  4.98209E-01 -3.13356E-03  8.67051E-01  0.00000E+00
  3.500E+01  9.04240E-02  5.04803E-01 -3.27751E-03  8.63228E-01  1.11022E-16
  3.550E+01  9.29422E-02  5.11368E-01 -3.42475E-03  8.59355E-01 -2.22045E-16
  3.600E+01  9.54915E-02  5.17902E-01 -3.57533E-03  8.55432E-01 -2.22045E-16
  3.650E+01  9.80716E-02  5.24405E-01 -3.72909E-03  8.51461E-01  0.00000E+00
  3.700E+01  1.00682E-01  5.30878E-01 -3.88640E-03  8.47440E-01  2.22045E-16
  3.750E+01  1.03323E-01  5.37318E-01 -4.04710E-03  8.43370E-01 -2.22045E-16
  3.800E+01  1.05995E-01  5.43726E-01 -4.21129E-03  8.39253E-01  0.00000E+00
  3.850E+01  1.08696E-01  5.50101E-01 -4.37885E-03  8.35087E-01  0.00000E+00
  3.900E+01  1.11427E-01  5.56443E-01 -4.54972E-03  8.30873E-01 -2.22045E-16
  3.950E+01  1.14188E-01  5.62752E-01 -4.72387E-03  8.26612E-01  1.11022E-16
  4.000E+01  1.16978E-01  5.69027E-01 -4.90135E-03  8.22304E-01  0.00000E+00
  4.050E+01  1.19797E-01  5.75268E-01 -5.08225E-03  8.17949E-01  0.00000E+00
  4.100E+01  1.22645E-01  5.81474E-01 -5.26663E-03  8.13548E-01  1.11022E-16
  4.150E+01  1.25522E-01  5.87644E-01 -5.45446E-03  8.09101E-01  2.22045E-16
  4.200E+01  1.28428E-01  5.93779E-01 -5.64567E-03  8.04608E-01 -2.22045E-16
  4.250E+01  1.31361E-01  5.99878E-01 -5.84019E-03  8.00070E-01  3.33067E-16
  4.300E+01  1.34323E-01  6.05941E-01 -6.03800E-03  7.95487E-01  0.00000E+00
  4.350E+01  1.37313E-01  6.11967E-01 -6.23915E-03  7.90859E-01  0.00000E+00
  4.400E+01  1.40330E-01  6.17956E-01 -6.44371E-03  7.86186E-01  2.22045E-16
  4.450E+01  1.43375E-01  6.23907E-01 -6.65174E-03  7.81470E-01  2.22045E-16
  4.500E+01  1.46447E-01  6.29820E-01 -6.86323E-03  7.76711E-01  0.00000E+00
  4.550E+01  1.49545E-01  6.35694E-01 -7.07809E-03  7.71908E-01 -2.22045E-16
  4.600E+01  1.52671E-01  6.41531E-01 -7.29627E-03  7.67063E-01  0.00000E+00
  4.650E+01  1.55823E-01  6.47328E-01 -7.51775E-03  7.62175E-01  0.00000E+00
  4.700E+01  1.59001E-01  6.53086E-01 -7.74256E-03  7.57245E-01  0.00000E+00
  4.750E+01  1.62205E-01  6.58804E-01 -7.97080E-03  7.52273E-01  0.00000E+00
  4.800E+01  1.65435E-01  6.64481E-01 -8.20249E-03  7.47260E-01  2.22045E-16
  4.850E+01  1.68690E-01  6.70118E-01 -8.43763E-03  7.42207E-01 -2.22045E-16
  4.900E+01  1.71970E-01  6.75714E-01 -8.67616E-03  7.37113E-01  4.44089E-16
  4.950E+01  1.75276E-01  6.81269E-01 -8.91802E-03  7.31979E-01  4.44089E-16
  5.000E+01  1.78606E-01  6.86782E-01 -9.16320E-03  7.26806E-01 -4.44089E-16
  5.050E+01  1.81961E-01  6.92254E-01 -9.41172E-03  7.21593E-01 -2.22045E-16
  5.100E+01  1.85340E-01  6.97683E-01 -9.66366E-03  7.16341E-01  0.00000E+00
  5.150E+01  1.88743E-01  7.03070E-01 -9.91907E-03  7.11052E-01  2.22045E-16
  5.200E+01  1.92169E-01  7.08413E-01 -1.01779E-02  7.05724E-01  0.00000E+00
  5.250E+01  1.95619E-01  7.13714E-01 -1.04402E-02  7.00360E-01 -2.22045E-16
  5.300E+01  1.99092E-01  7.18971E-01 -1.07058E-02  6.94958E-01  0.00000E+00
  5.350E+01  2.02589E-01  7.24184E-01 -1.09748E-02  6.89519E-01 -2.22045E-16
  5.400E+01  2.06107E-01  7.29354E-01 -1.12471E-02  6.84044E-01 -2.22045E-16
  5.450E+01  2.09649E-01  7.34479E-01 -1.15229E-02  6.78534E-01  0.00000E+00
  5.500E+01  2.13212E-01  7.39559E-01 -1.18021E-02  6.72989E-01  0.00000E+00
  5.550E+01  2.16797E-01  7.44594E-01 -1.20848E-02  6.67409E-01  0.00000E+00
  5.600E+01  2.20404E-01  7.49583E-01 -1.23710E-02  6.61795E-01  0.00000E+00
  5.650E+01  2.24032E-01  7.54527E-01 -1.26605E-02  6.56147E-01 -2.22045E-16
  5.700E+01  2.27680E-01  7.59426E-01 -1.29534E-02  6.50465E-01  1.11022E-16
  5.750E+01  2.31350E-01  7.64279E-01 -1.32498E-02  6.44750E-01 -2.22045E-16
  5.800E+01  2.35040E-01  7.69085E-01 -1.35495E-02  6.39003E-01 -2.22045E-16
  5.850E+01  2.38751E-01  7.73845E-01 -1.38528E-02  6.33224E-01 -4.44089E-16
  5.900E+01  2.42481E-01  7.78557E-01 -1.41596E-02  6.27414E-01  3.33067E-16
  5.950E+01  2.46231E-01  7.83222E-01 -1.44699E-02  6.21573E-01 -2.22045E-16
  6.000E+01  2.50000E-01  7.87840E-01 -1.47837E-02  6.15702E-01  3.33067E-16
  6.050E+01  2.53788E-01  7.92411E-01 -1.51008E-02  6.09800E-01  0.00000E+00
  6.100E+01  2.57595E-01  7.96934E-01 -1.54215E-02  6.03869E-01 -2.22045E-16
  6.150E+01  2.61421E-01  8.01410E-01 -1.57456E-02  5.97909E-01  0.00000E+00
  6.200E+01  2.65264E-01  8.05836E-01 -1.60733E-02  5.91920E-01 -4.44089E-16
  6.250E+01  2.69126E-01  8.10214E-01 -1.64046E-02  5.85904E-01  0.00000E+00
  6.300E+01  2.73005E-01  8.14544E-01 -1.67394E-02  5.79861E-01 -2.22045E-16
  6.350E+01  2.76901E-01  8.18824E-01 -1.70777E-02  5.73790E-01  4.44089E-16
  6.400E+01  2.80814E-01  8.23056E-01 -1.74196E-02  5.67693E-01  4.44089E-16
  6.450E+01  2.84744E-01  8.27239E-01 -1.77650E-02  5.61569E-01  4.44089E-16
  6.500E+01  2.88691E-01  8.31373E-01 -1.81139E-02  5.55420E-01  0.00000E+00
  6.550E+01  2.92653E-01  8.35456E-01 -1.84666E-02  5.49247E-01  0.00000E+00
  6.600E+01  2.96632E-01  8.39490E-01 -1.88228E-02  5.43049E-01 -2.22045E-16
  6.650E+01  3.00625E-01  8.43473E-01 -1.91827E-02  5.36828E-01 -2.22045E-16
  6.700E+01  3.04634E-01  8.47407E-01 -1.95462E-02  5.30584E-01  2.22045E-16
  6.750E+01  3.08658E-01  8.51290E-01 -1.99132E-02  5.24317E-01  0.00000E+00
  6.800E+01  3.12697E-01  8.55124E-01 -2.02840E-02  5.18027E-01  0.00000E+00
  6.850E+01  3.16749E-01  8.58907E-01 -2.06584E-02  5.11714E-01  0.00000E+00
  6.900E+01  3.20816E-01  8.62640E-01 -2.10367E-02  5.05381E-01  1.11022E-16
  6.950E+01  3.24896E-01  8.66321E-01 -2.14187E-02  4.99029E-01  1.11022E-16
  7.000E+01  3.28990E-01  8.69950E-01 -2.18043E-02  4.92657E-01 -2.22045E-16
  7.050E+01  3.33097E-01  8.73529E-01 -2.21933E-02  4.86267E-01  1.11022E-16
  7.100E+01  3.37216E-01  8.77057E-01 -2.25864E-02  4.79855E-01 -2.22045E-16
  7.150E+01  3.41348E-01  8.80535E-01 -2.29837E-02  4.73423E-01  1.11022E-16
  7.200E+01  3.45492E-01  8.83962E-01 -2.33849E-02  4.66973E-01  0.00000E+00
  7.250E+01  3.49647E-01  8.87336E-01 -2.37890E-02  4.60510E-01 -2.22045E-16
  7.300E+01  3.53814E-01  8.90657E-01 -2.41971E-02  4.54032E-01  0.00000E+00
  7.350E+01  3.57992E-01  8.93927E-01 -2.46094E-02  4.47536E-01  3.33067E-16
  7.400E+01  3.62181E-01  8.97147E-01 -2.50260E-02  4.41022E-01  2.22045E-16
  7.450E+01  3.66381E-01  9.00316E-01 -2.54462E-02  4.34493E-01 -2.22045E-16
  7.500E+01  3.70590E-01  9.03432E-01 -2.58703E-02  4.27950E-01 -2.22045E-16
  7.550E+01  3.74810E-01  9.06496E-01 -2.62982E-02  4.21395E-01  0.00000E+00
  7.600E+01  3.79039E-01  9.09507E-01 -2.67302E-02  4.14827E-01 -2.22045E-16
  7.650E+01  3.83277E-01  9.12467E-01 -2.71662E-02  4.08247E-01 -2.22045E-16
  7.700E+01  3.87524E-01  9.15375E-01 -2.76064E-02  4.01654E-01  0.00000E+00
  7.750E+01  3.91780E-01  9.18232E-01 -2.80507E-02  3.95049E-01  2.22045E-16
  7.800E+01  3.96044E-01  9.21036E-01 -2.84991E-02  3.88433E-01 -4.44089E-16
  7.850E+01  4.00316E-01  9.23789E-01 -2.89516E-02  3.81807E-01  1.11022E-16
  7.900E+01  4.04596E-01  9.26489E-01 -2.94082E-02  3.75172E-01  1.11022E-16
  7.950E+01  4.08882E-01  9.29137E-01 -2.98690E-02  3.68528E-01  0.00000E+00
  8.000E+01  4.13176E-01  9.31732E-01 -3.03340E-02  3.61876E-01 -4.44089E-16
  8.050E+01  4.17476E-01  9.34276E-01 -3.08034E-02  3.55217E-01  0.00000E+00
  8.100E+01  4.21783E-01  9.36768E-01 -3.12771E-02  3.48549E-01  4.44089E-16
  8.150E+01  4.26095E-01  9.39209E-01 -3.17551E-02  3.41875E-01  0.00000E+00
  8.200E+01  4.30413E-01  9.41597E-01 -3.22375E-02  3.35195E-01  3.33067E-16
  8.250E+01  4.34737E-01  9.43933E-01 -3.27243E-02  3.28510E-01  2.22045E-16
  8.300E+01  4.39065E-01  9.46218E-01 -3.32155E-02  3.21821E-01 -2.22045E-16
  8.350E+01  4.43398E-01  9.48450E-01 -3.37112E-02  3.15128E-01  2.22045E-16
  8.400E+01  4.47736E-01  9.50631E-01 -3.42114E-02  3.08431E-01 -2.22045E-16
  8.450E+01  4.52077E-01  9.52761E-01 -3.47162E-02  3.01732E-01 -4.44089E-16
  8.500E+01  4.56422E-01  9.54839E-01 -3.52257E-02  2.95030E-01  0.00000E+00
  8.550E+01  4.60770E-01  9.56865E-01 -3.57398E-02  2.88326E-01  3.33067E-16
  8.600E+01  4.65122E-01  9.58840E-01 -3.62586E-02  2.81622E-01  4.44089E-16
  8.650E+01  4.69476E-01  9.60764E-01 -3.67821E-02  2.74918E-01 -4.44089E-16
  8.700E+01  4.73832E-01  9.62636E-01 -3.73103E-02  2.68215E-01  0.00000E+00
  8.750E+01  4.78190E-01  9.64458E-01 -3.78434E-02  2.61513E-01  2.22045E-16
  8.800E+01  4.82550E-01  9.66229E-01 -3.83814E-02  2.54812E-01  0.00000E+00
  8.850E+01  4.86912E-01  9.67949E-01 -3.89244E-02  2.48114E-01 -4.44089E-16
  8.900E+01  4.91274E-01  9.69618E-01 -3.94724E-02  2.41418E-01 -2.22045E-16
  8.950E+01  4.95637E-01  9.71237E-01 -4.00255E-02  2.34727E-01  0.00000E+00
  9.000E+01  5.00000E-01  9.72806E-01 -4.05835E-02  2.28040E-01  0.00000E+00
  9.050E+01  5.04363E-01  9.74324E-01 -4.11467E-02  2.21359E-01  2.22045E-16
  9.100E+01  5.08726E-01  9.75793E-01 -4.17151E-02  2.14683E-01  1.11022E-16
  9.150E+01  5.13088E-01  9.77211E-01 -4.22888E-02  2.08014E-01  5.55112E-16
  9.200E+01  5.17450E-01  9.78581E-01 -4.28678E-02  2.01351E-01  0.00000E+00
  9.250E+01  5.21810E-01  9.79901E-01 -4.34522E-02  1.94697E-01  3.33067E-16
  9.300E+01  5.26168E-01  9.81171E-01 -4.40421E-02  1.88051E-01  4.44089E-16
  9.350E+01  5.30524E-01  9.82393E-01 -4.46375E-02  1.81414E-01  0.00000E+00
  9.400E+01  5.34878E-01  9.83566E-01 -4.52384E-02  1.74787E-01 -4.44089E-16
  9.450E+01  5.39230E-01  9.84691E-01 -4.58448E-02  1.68172E-01 -2.22045E-16
  9.500E+01  5.43578E-01  9.85768E-01 -4.64571E-02  1.61568E-01  2.22045E-16
  9.550E+01  5.47923E-01  9.86796E-01 -4.70751E-02  1.54975E-01  0.00000E+00
  9.600E+01  5.52264E-01  9.87777E-01 -4.76990E-02  1.48395E-01  0.00000E+00
  9.650E+01  5.56602E-01  9.88711E-01 -4.83289E-02  1.41828E-01 -2.22045E-16
  9.700E+01  5.60935E-01  9.89597E-01 -4.89647E-02  1.35276E-01  3.33067E-16
  9.750E+01  5.65263E-01  9.90437E-01 -4.96066E-02  1.28739E-01  0.00000E+00
  9.800E+01  5.69587E-01  9.91230E-01 -5.02545E-02  1.22218E-01 -4.44089E-16
  9.850E+01  5.73905E-01  9.91977E-01 -5.09087E-02  1.15714E-01 -2.22045E-16
  9.900E+01  5.78217E-01  9.92678E-01 -5.15693E-02  1.09226E-01 -2.22045E-16
  9.950E+01  5.82524E-01  9.93334E-01 -5.22363E-02  1.02756E-01  0.00000E+00
  1.000E+02  5.86824E-01  9.93945E-01 -5.29098E-02  9.63044E-02  1.11022E-16
  1.005E+02  5.91118E-01  9.94510E-01 -5.35899E-02  8.98725E-02  1.11022E-16
  1.010E+02  5.95404E-01  9.95032E-01 -5.42765E-02  8.34612E-02  0.00000E+00
  1.015E+02  5.99684E-01  9.95509E-01 -5.49699E-02  7.70711E-02 -2.22045E-16
  1.020E+02  6.03956E-01  9.95943E-01 -5.56701E-02  7.07028E-02 -2.22045E-16
  1.025E+02  6.08220E-01  9.96333E-01 -5.63773E-02  6.43569E-02  2.22045E-16
  1.030E+02  6.12476E-01  9.96681E-01 -5.70917E-02  5.80340E-02  0.00000E+00
  1.035E+02  6.16723E-01  9.96986E-01 -5.78132E-02  5.17350E-02  0.00000E+00
  1.040E+02  6.20961E-01  9.97249E-01 -5.85420E-02  4.54611E-02  3.33067E-16
  1.045E+02  6.25190E-01  9.97471E-01 -5.92780E-02  3.92134E-02 -2.22045E-16
  1.050E+02  6.29410E-01  9.97652E-01 -6.00215E-02  3.29925E-02 -4.44089E-16
  1.055E+02  6.33619E-01  9.97792E-01 -6.07725E-02  2.67991E-02  1.11022E-16
  1.060E+02  6.37819E-01  9.97892E-01 -6.15313E-02  2.06339E-02  1.11022E-16
  1.065E+02  6.42008E-01  9.97952E-01 -6.22979E-02  1.44974E-02 -6.66134E-16
  1.070E+02  6.46186E-01  9.97974E-01 -6.30726E-02  8.39062E-03  3.33067E-16
  1.075E+02  6.50353E-01  9.97956E-01 -6.38553E-02  2.31481E-03 -4.44089E-16
  1.080E+02  6.54508E-01  9.97901E-01 -6.46462E-02 -3.72916E-03  0.00000E+00
  1.085E+02  6.58652E-01  9.97809E-01 -6.54452E-02 -9.73998E-03  3.33067E-16
  1.090E+02  6.62784E-01  9.97679E-01 -6.62527E-02 -1.57173E-02 -2.22045E-16
  1.095E+02  6.66903E-01  9.97513E-01 -6.70688E-02 -2.16602E-02  1.11022E-16
  1.100E+02  6.71010E-01  9.97312E-01 -6.78937E-02 -2.75681E-02  0.00000E+00
  1.105E+02  6.75104E-01  9.97075E-01 -6.87276E-02 -3.34401E-02  3.33067E-16
  1.110E+02  6.79184E-01  9.96804E-01 -6.95705E-02 -3.92749E-02  0.00000E+00
  1.115E+02  6.83251E-01  9.96498E-01 -7.04225E-02 -4.50713E-02  0.00000E+00
  1.120E+02  6.87303E-01  9.96160E-01 -7.12837E-02 -5.08282E-02  2.22045E-16
  1.125E+02  6.91342E-01  9.95789E-01 -7.21543E-02 -5.65447E-02  0.00000E+00
  1.130E+02  6.95366E-01  9.95387E-01 -7.30346E-02 -6.22202E-02  0.00000E+00
  1.135E+02  6.99375E-01  9.94953E-01 -7.39247E-02 -6.78538E-02 -2.22045E-16
  1.140E+02  7.03368E-01  9.94488E-01 -7.48250E-02 -7.34446E-02 -2.22045E-16
  1.145E+02  7.07347E-01  9.93994E-01 -7.57354E-02 -7.89914E-02  1.11022E-16
  1.150E+02  7.11309E-01  9.93471E-01 -7.66561E-02 -8.44927E-02  2.22045E-16
  1.155E+02  7.15256E-01  9.92920E-01 -7.75872E-02 -8.99472E-02  1.11022E-16
  1.160E+02  7.19186E-01  9.92341E-01 -7.85289E-02 -9.53539E-02  1.11022E-16
  1.165E+02  7.23099E-01  9.91736E-01 -7.94814E-02 -1.00712E-01  1.11022E-16
  1.170E+02  7.26995E-01  9.91105E-01 -8.04451E-02 -1.06021E-01 -2.22045E-16
  1.175E+02  7.30874E-01  9.90448E-01 -8.14202E-02 -1.11279E-01  3.33067E-16
  1.180E+02  7.34736E-01  9.89768E-01 -8.24069E-02 -1.16485E-01  2.22045E-16
  1.185E+02  7.38579E-01  9.89064E-01 -8.34052E-02 -1.21638E-01 -2.22045E-16
  1.190E+02  7.42405E-01  9.88338E-01 -8.44153E-02 -1.26736E-01  1.11022E-16
  1.195E+02  7.46212E-01  9.87591E-01 -8.54375E-02 -1.31778E-01  0.00000E+00
  1.200E+02  7.50000E-01  9.86822E-01 -8.64719E-02 -1.36763E-01  2.22045E-16
  1.205E+02  7.53769E-01  9.86035E-01 -8.75190E-02 -1.41689E-01 -2.22045E-16
  1.210E+02  7.57519E-01  9.85228E-01 -8.85791E-02 -1.46556E-01  2.22045E-16
  1.215E+02  7.61249E-01  9.84404E-01 -8.96523E-02 -1.51363E-01  2.22045E-16
  1.220E+02  7.64960E-01  9.83564E-01 -9.07389E-02 -1.56106E-01  0.00000E+00
  1.225E+02  7.68650E-01  9.82707E-01 -9.18389E-02 -1.60786E-01  5.55112E-16
  1.230E+02  7.72320E-01  9.81837E-01 -9.29526E-02 -1.65399E-01  0.00000E+00
  1.235E+02  7.75968E-01  9.80952E-01 -9.40803E-02 -1.69945E-01 -2.22045E-16
  1.240E+02  7.79596E-01  9.80056E-01 -9.52225E-02 -1.74423E-01  3.33067E-16
  1.245E+02  7.83203E-01  9.79148E-01 -9.63795E-02 -1.78831E-01  2.22045E-16
  1.250E+02  7.86788E-01  9.78230E-01 -9.75516E-02 -1.83168E-01  2.22045E-16
  1.255E+02  7.90351E-01  9.77302E-01 -9.87389E-02 -1.87432E-01 -2.22045E-16
  1.260E+02  7.93893E-01  9.76368E-01 -9.99417E-02 -1.91620E-01 -2.22045E-16
  1.265E+02  7.97411E-01  9.75426E-01 -1.01160E-01 -1.95730E-01  0.00000E+00
  1.270E+02  8.00908E-01  9.74480E-01 -1.02395E-01 -1.99761E-01 -6.66134E-16
  1.275E+02  8.04381E-01  9.73529E-01 -1.03646E-01 -2.03711E-01  0.00000E+00
  1.280E+02  8.07831E-01  9.72576E-01 -1.04914E-01 -2.07579E-01 -2.22045E-16
  1.285E+02  8.11257E-01  9.71621E-01 -1.06199E-01 -2.11363E-01  2.22045E-16
  1.290E+02  8.14660E-01  9.70666E-01 -1.07502E-01 -2.15060E-01  1.11022E-16
  1.295E+02  8.18039E-01  9.69712E-01 -1.08823E-01 -2.18668E-01  0.00000E+00
  1.300E+02  8.21394E-01  9.68761E-01 -1.10161E-01 -2.22184E-01  0.00000E+00
  1.305E+02  8.24724E-01  9.67815E-01 -1.11519E-01 -2.25606E-01 -2.22045E-16
  1.310E+02  8.28030E-01  9.66874E-01 -1.12895E-01 -2.28933E-01  0.00000E+00
  1.315E+02  8.31310E-01  9.65939E-01 -1.14290E-01 -2.32161E-01  0.00000E+00
  1.320E+02  8.34565E-01  9.65014E-01 -1.15706E-01 -2.35289E-01 -6.66134E-16
  1.325E+02  8.37795E-01  9.64098E-01 -1.17142E-01 -2.38314E-01 -4.44089E-16
  1.330E+02  8.40999E-01  9.63193E-01 -1.18599E-01 -2.41232E-01  0.00000E+00
  1.335E+02  8.44177E-01  9.62303E-01 -1.20076E-01 -2.44040E-01 -2.22045E-16
  1.340E+02  8.47329E-01  9.61427E-01 -1.21574E-01 -2.46735E-01  2.22045E-16
  1.345E+02  8.50455E-01  9.60567E-01 -1.23094E-01 -2.49315E-01  1.11022E-16
  1.350E+02  8.53553E-01  9.59726E-01 -1.24637E-01 -2.51778E-01 -4.44089E-16
  1.355E+02  8.56625E-01  9.58904E-01 -1.26203E-01 -2.54119E-01 -2.22045E-16
  1.360E+02  8.59670E-01  9.58103E-01 -1.27792E-01 -2.56335E-01  3.33067E-16
  1.365E+02  8.62687E-01  9.57326E-01 -1.29404E-01 -2.58422E-01 -2.22045E-16
  1.370E+02  8.65677E-01  9.56573E-01 -1.31041E-01 -2.60376E-01  1.11022E-16
  1.375E+02  8.68639E-01  9.55848E-01 -1.32702E-01 -2.62193E-01  0.00000E+00
  1.380E+02  8.71572E-01  9.55151E-01 -1.34387E-01 -2.63868E-01  1.11022E-16
  1.385E+02  8.74478E-01  9.54484E-01 -1.36099E-01 -2.65399E-01 -2.22045E-16
  1.390E+02  8.77355E-01  9.53849E-01 -1.37836E-01 -2.66782E-01  1.11022E-16
  1.395E+02  8.80203E-01  9.53248E-01 -1.39601E-01 -2.68011E-01  0.00000E+00
  1.400E+02  8.83022E-01  9.52682E-01 -1.41393E-01 -2.69081E-01 -4.44089E-16
  1.405E+02  8.85812E-01  9.52154E-01 -1.43212E-01 -2.69987E-01  2.22045E-16
  1.410E+02  8.88573E-01  9.51666E-01 -1.45058E-01 -2.70722E-01 -2.22045E-16
  1.415E+02  8.91304E-01  9.51219E-01 -1.46933E-01 -2.71281E-01 -4.44089E-16
  1.420E+02  8.94005E-01  9.50815E-01 -1.48836E-01 -2.71659E-01 -2.22045E-16
  1.425E+02  8.96677E-01  9.50455E-01 -1.50769E-01 -2.71852E-01  0.00000E+00
  1.430E+02  8.99318E-01  9.50141E-01 -1.52733E-01 -2.71854E-01 -4.44089E-16
  1.435E+02  9.01928E-01  9.49875E-01 -1.54728E-01 -2.71656E-01  4.44089E-16
  1.440E+02  9.04508E-01  9.49660E-01 -1.56753E-01 -2.71248E-01  0.00000E+00
  1.445E+02  9.07058E-01  9.49497E-01 -1.58807E-01 -2.70622E-01 -2.22045E-16
  1.450E+02  9.09576E-01  9.49387E-01 -1.60892E-01 -2.69774E-01  1.11022E-16
  1.455E+02  9.12063E-01  9.49331E-01 -1.63011E-01 -2.68697E-01  2.22045E-16
  1.460E+02  9.14519E-01  9.49330E-01 -1.65164E-01 -2.67383E-01 -2.22045E-16
  1.465E+02  9.16943E-01  9.49386E-01 -1.67348E-01 -2.65821E-01  0.00000E+00
  1.470E+02  9.19335E-01  9.49501E-01 -1.69565E-01 -2.63999E-01  0.00000E+00
  1.475E+02  9.21696E-01  9.49676E-01 -1.71813E-01 -2.61908E-01  0.00000E+00
  1.480E+02  9.24024E-01  9.49911E-01 -1.74095E-01 -2.59537E-01  0.00000E+00
  1.485E+02  9.26320E-01  9.50208E-01 -1.76410E-01 -2.56876E-01  4.44089E-16
  1.490E+02  9.28584E-01  9.50565E-01 -1.78758E-01 -2.53915E-01  0.00000E+00
  1.495E+02  9.30815E-01  9.50983E-01 -1.81140E-01 -2.50640E-01  0.00000E+00
  1.500E+02  9.33013E-01  9.51462E-01 -1.83555E-01 -2.47040E-01 -2.22045E-16
  1.505E+02  9.35178E-01  9.52002E-01 -1.86002E-01 -2.43097E-01 -2.22045E-16
  1.510E+02  9.37310E-01  9.52602E-01 -1.88480E-01 -2.38799E-01  0.00000E+00
  1.515E+02  9.39409E-01  9.53261E-01 -1.90989E-01 -2.34128E-01 -2.22045E-16
  1.520E+02  9.41474E-01  9.53978E-01 -1.93529E-01 -2.29070E-01 -2.22045E-16
  1.525E+02  9.43505E-01  9.54748E-01 -1.96099E-01 -2.23610E-01  0.00000E+00
  1.530E+02  9.45503E-01  9.55570E-01 -1.98697E-01 -2.17729E-01 -4.44089E-16
  1.535E+02  9.47467E-01  9.56439E-01 -2.01323E-01 -2.11409E-01 -4.44089E-16
  1.540E+02  9.49397E-01  9.57351E-01 -2.03974E-01 -2.04629E-01  1.11022E-16
  1.545E+02  9.51293E-01  9.58302E-01 -2.06647E-01 -1.97367E-01  2.22045E-16
  1.550E+02  9.53154E-01  9.59285E-01 -2.09341E-01 -1.89600E-01  0.00000E+00
  1.555E+02  9.54981E-01  9.60293E-01 -2.12052E-01 -1.81307E-01  0.00000E+00
  1.560E+02  9.56773E-01  9.61315E-01 -2.14778E-01 -1.72464E-01 -6.66134E-16
  1.565E+02  9.58530E-01  9.62342E-01 -2.17515E-01 -1.63047E-01  0.00000E+00
  1.570E+02  9.60252E-01  9.63363E-01 -2.20260E-01 -1.53030E-01  1.11022E-16
  1.575E+02  9.61940E-01  9.64363E-01 -2.23007E-01 -1.42382E-01  1.11022E-16
  1.580E+02  9.63592E-01  9.65327E-01 -2.25749E-01 -1.31075E-01  0.00000E+00
  1.585E+02  9.65209E-01  9.66239E-01 -2.28480E-01 -1.19076E-01  3.33067E-16
  1.590E+02  9.66790E-01  9.67077E-01 -2.31193E-01 -1.06356E-01  1.11022E-16
  1.595E+02  9.68336E-01  9.67819E-01 -2.33880E-01 -9.28826E-02  4.44089E-16
  1.600E+02  9.69846E-01  9.68437E-01 -2.36533E-01 -7.86232E-02  2.22045E-16
  1.605E+02  9.71321E-01  9.68903E-01 -2.39142E-01 -6.35430E-02 -2.22045E-16
  1.610E+02  9.72759E-01  9.69184E-01 -2.41693E-01 -4.76053E-02 -2.22045E-16
  1.615E+02  9.74162E-01  9.69243E-01 -2.44174E-01 -3.07720E-02  3.33067E-16
  1.620E+02  9.75528E-01  9.69038E-01 -2.46569E-01 -1.30054E-02 -2.22045E-16
  1.625E+02  9.76858E-01  9.68522E-01 -2.48861E-01  5.73136E-03 -2.22045E-16
  1.630E+02  9.78152E-01  9.67643E-01 -2.51033E-01  2.54739E-02  2.22045E-16
  1.635E+02  9.79410E-01  9.66343E-01 -2.53065E-01  4.62572E-02  0.00000E+00
  1.640E+02  9.80631E-01  9.64556E-01 -2.54935E-01  6.81163E-02 -2.22045E-16
  1.645E+02  9.81815E-01  9.62212E-01 -2.56617E-01  9.10859E-02 -4.44089E-16
  1.650E+02  9.82963E-01  9.59230E-01 -2.58082E-01  1.15199E-01  0.00000E+00
  1.655E+02  9.84074E-01  9.55525E-01 -2.59298E-01  1.40483E-01 -4.44089E-16
  1.660E+02  9.85148E-01  9.51001E-01 -2.60233E-01  1.66963E-01  2.22045E-16
  1.665E+02  9.86185E-01  9.45552E-01 -2.60850E-01  1.94652E-01  1.11022E-16
  1.670E+02  9.87185E-01  9.39064E-01 -2.61111E-01  2.23561E-01  0.00000E+00
  1.675E+02  9.88148E-01  9.31416E-01 -2.60972E-01  2.53688E-01  0.00000E+00
  1.680E+02  9.89074E-01  9.22474E-01 -2.60388E-01  2.85026E-01  1.11022E-16
  1.685E+02  9.89962E-01  9.12097E-01 -2.59306E-01  3.17553E-01 -2.22045E-16
  1.690E+02  9.90814E-01  9.00133E-01 -2.57673E-01  3.51233E-01  4.44089E-16
  1.695E+02  9.91627E-01  8.86425E-01 -2.55434E-01  3.86010E-01  2.22045E-16
  1.700E+02  9.92404E-01  8.70808E-01 -2.52532E-01  4.21807E-01 -2.22045E-16
  1.705E+02  9.93143E-01  8.53113E-01 -2.48908E-01  4.58523E-01 -4.44089E-16
  1.710E+02  9.93844E-01  8.33167E-01 -2.44504E-01  4.96034E-01  2.22045E-16
  1.715E+02  9.94508E-01  8.10801E-01 -2.39258E-01  5.34188E-01  1.11022E-16
  1.720E+02  9.95134E-01  7.85847E-01 -2.33112E-01  5.72803E-01 -2.22045E-16
  1.725E+02  9.95722E-01  7.58146E-01 -2.26008E-01  6.11666E-01  1.11022E-16
  1.730E+02  9.96273E-01  7.27554E-01 -2.17896E-01  6.50528E-01  2.22045E-16
  1.735E+02  9.96786E-01  6.93948E-01 -2.08733E-01  6.89106E-01  2.22045E-16
  1.740E+02  9.97261E-01  6.57231E-01 -1.98486E-01  7.27083E-01 -4.44089E-16
  1.745E+02  9.97698E-01  6.17340E-01 -1.87135E-01  7.64115E-01  0.00000E+00
  1.750E+02  9.98097E-01  5.74250E-01 -1.74669E-01  7.99830E-01  0.00000E+00
  1.755E+02  9.98459E-01  5.27983E-01 -1.61096E-01  8.33836E-01  2.22045E-16
  1.760E+02  9.98782E-01  4.78611E-01 -1.46439E-01  8.65730E-01  2.22045E-16
  1.765E+02  9.99067E-01  4.26265E-01 -1.30743E-01  8.95100E-01 -2.22045E-16
  1.770E+02  9.99315E-01  3.71139E-01 -1.14076E-01  9.21544E-01  4.44089E-16
  1.775E+02  9.99524E-01  3.13485E-01 -9.65289E-02  9.44674E-01 -4.44089E-16
  1.780E+02  9.99695E-01  2.53617E-01 -7.82100E-02  9.64138E-01  2.22045E-16
  1.785E+02  9.99829E-01  1.91901E-01 -5.92473E-02  9.79624E-01 -2.22045E-16
  1.790E+02  9.99924E-01  1.28753E-01 -3.97847E-02  9.90878E-01  1.11022E-16
  1.795E+02  9.99981E-01  6.46248E-02 -1.99794E-02  9.97710E-01 -2.22045E-16
  1.800E+02  1.00000E+00  9.08077E-16 -2.80793E-16  1.00000E+00  0.00000E+00
