 #  Scattering amplitudes (in cm)      MU=(1-cos(TH))/2
 #  Z =  47,   projectile: electron
 #  Kinetic energy = 6.10000E+06 eV
 #
 # TH (deg)      MU          Re(F)        Im(F)        Re(G)        Im(G)        ERRF         ERRG 
 #-----------------------------------------------------------------------------------------------------------------
  0.000E+00  0.00000E+00  1.09754E-06  1.14909E-07  0.00000E+00  0.00000E+00  6.29459E-09  0.00000E+00
  1.000E-04  7.61557E-13  1.09753E-06  1.14909E-07  8.83744E-13  9.25297E-14  6.29214E-09  7.13195E-08
  1.250E-04  1.18994E-12  1.09753E-06  1.14909E-07  1.10468E-12  1.15662E-13  6.29076E-09  7.13118E-08
  1.500E-04  1.71346E-12  1.09752E-06  1.14909E-07  1.32561E-12  1.38794E-13  6.28908E-09  7.13024E-08
  1.750E-04  2.33225E-12  1.09752E-06  1.14909E-07  1.54654E-12  1.61927E-13  6.28709E-09  7.12912E-08
  2.000E-04  3.04617E-12  1.09751E-06  1.14909E-07  1.76746E-12  1.85059E-13  6.28479E-09  7.12784E-08
  2.250E-04  3.85530E-12  1.09751E-06  1.14909E-07  1.98839E-12  2.08191E-13  6.28219E-09  7.12638E-08
  2.500E-04  4.75964E-12  1.09750E-06  1.14909E-07  2.20930E-12  2.31324E-13  6.27929E-09  7.12475E-08
  2.750E-04  5.75917E-12  1.09750E-06  1.14909E-07  2.43022E-12  2.54456E-13  6.27608E-09  7.12296E-08
  3.000E-04  6.85391E-12  1.09749E-06  1.14909E-07  2.65113E-12  2.77588E-13  6.27256E-09  7.12099E-08
  3.250E-04  8.04379E-12  1.09748E-06  1.14909E-07  2.87204E-12  3.00720E-13  6.26874E-09  7.11885E-08
  3.500E-04  9.32893E-12  1.09747E-06  1.14909E-07  3.09294E-12  3.23852E-13  6.26462E-09  7.11654E-08
  3.750E-04  1.07092E-11  1.09746E-06  1.14909E-07  3.31384E-12  3.46985E-13  6.26019E-09  7.11405E-08
  4.000E-04  1.21847E-11  1.09745E-06  1.14909E-07  3.53473E-12  3.70117E-13  6.25546E-09  7.11140E-08
  4.250E-04  1.37554E-11  1.09744E-06  1.14909E-07  3.75561E-12  3.93248E-13  6.25042E-09  7.10858E-08
  4.500E-04  1.54213E-11  1.09743E-06  1.14909E-07  3.97649E-12  4.16380E-13  6.24508E-09  7.10559E-08
  4.750E-04  1.71823E-11  1.09742E-06  1.14908E-07  4.19736E-12  4.39512E-13  6.23944E-09  7.10243E-08
  5.000E-04  1.90386E-11  1.09741E-06  1.14908E-07  4.41822E-12  4.62644E-13  6.23350E-09  7.09909E-08
  5.250E-04  2.09900E-11  1.09739E-06  1.14908E-07  4.63908E-12  4.85776E-13  6.22726E-09  7.09559E-08
  5.500E-04  2.30367E-11  1.09738E-06  1.14908E-07  4.85992E-12  5.08907E-13  6.22071E-09  7.09192E-08
  5.750E-04  2.51785E-11  1.09737E-06  1.14908E-07  5.08076E-12  5.32039E-13  6.21386E-09  7.08808E-08
  6.000E-04  2.74156E-11  1.09735E-06  1.14908E-07  5.30159E-12  5.55170E-13  6.20671E-09  7.08407E-08
  6.250E-04  2.97478E-11  1.09733E-06  1.14908E-07  5.52241E-12  5.78302E-13  6.19927E-09  7.07989E-08
  6.500E-04  3.21752E-11  1.09732E-06  1.14908E-07  5.74322E-12  6.01433E-13  6.19152E-09  7.07554E-08
  6.750E-04  3.46979E-11  1.09730E-06  1.14907E-07  5.96402E-12  6.24564E-13  6.18347E-09  7.07102E-08
  7.000E-04  3.73157E-11  1.09728E-06  1.14907E-07  6.18481E-12  6.47695E-13  6.17513E-09  7.06634E-08
  7.250E-04  4.00286E-11  1.09727E-06  1.14907E-07  6.40559E-12  6.70826E-13  6.16649E-09  7.06148E-08
  7.500E-04  4.28368E-11  1.09725E-06  1.14907E-07  6.62636E-12  6.93957E-13  6.15755E-09  7.05646E-08
  7.750E-04  4.57402E-11  1.09723E-06  1.14907E-07  6.84712E-12  7.17088E-13  6.14832E-09  7.05127E-08
  8.000E-04  4.87388E-11  1.09721E-06  1.14907E-07  7.06786E-12  7.40219E-13  6.13878E-09  7.04591E-08
  8.250E-04  5.18325E-11  1.09719E-06  1.14906E-07  7.28859E-12  7.63350E-13  6.12896E-09  7.04039E-08
  8.500E-04  5.50215E-11  1.09716E-06  1.14906E-07  7.50931E-12  7.86480E-13  6.11884E-09  7.03469E-08
  8.750E-04  5.83057E-11  1.09714E-06  1.14906E-07  7.73002E-12  8.09610E-13  6.10842E-09  7.02884E-08
  9.000E-04  6.16850E-11  1.09712E-06  1.14906E-07  7.95071E-12  8.32741E-13  6.09772E-09  7.02281E-08
  9.250E-04  6.51595E-11  1.09710E-06  1.14906E-07  8.17139E-12  8.55871E-13  6.08672E-09  7.01662E-08
  9.500E-04  6.87293E-11  1.09707E-06  1.14905E-07  8.39205E-12  8.79001E-13  6.07543E-09  7.01026E-08
  9.750E-04  7.23943E-11  1.09705E-06  1.14905E-07  8.61270E-12  9.02131E-13  6.06385E-09  7.00374E-08
  1.000E-03  7.61544E-11  1.09702E-06  1.14905E-07  8.83334E-12  9.25260E-13  6.05198E-09  6.99705E-08
  1.250E-03  1.18991E-10  1.09673E-06  1.14902E-07  1.10388E-11  1.15655E-12  5.91753E-09  6.92114E-08
  1.500E-03  1.71347E-10  1.09638E-06  1.14899E-07  1.32423E-11  1.38782E-12  5.75516E-09  6.82909E-08
  1.750E-03  2.33223E-10  1.09596E-06  1.14895E-07  1.54434E-11  1.61907E-12  5.56603E-09  6.72133E-08
  2.000E-03  3.04617E-10  1.09548E-06  1.14891E-07  1.76419E-11  1.85030E-12  5.35147E-09  6.59835E-08
  2.250E-03  3.85531E-10  1.09494E-06  1.14886E-07  1.98373E-11  2.08150E-12  5.11300E-09  6.46073E-08
  2.500E-03  4.75965E-10  1.09433E-06  1.14881E-07  2.20292E-11  2.31267E-12  4.85230E-09  6.30909E-08
  2.750E-03  5.75917E-10  1.09366E-06  1.14875E-07  2.42174E-11  2.54380E-12  4.57121E-09  6.14415E-08
  3.000E-03  6.85389E-10  1.09293E-06  1.14868E-07  2.64013E-11  2.77490E-12  4.27171E-09  5.96666E-08
  3.250E-03  8.04380E-10  1.09214E-06  1.14861E-07  2.85806E-11  3.00595E-12  3.95589E-09  5.77742E-08
  3.500E-03  9.32891E-10  1.09129E-06  1.14854E-07  3.07550E-11  3.23696E-12  3.62598E-09  5.57730E-08
  3.750E-03  1.07092E-09  1.09037E-06  1.14845E-07  3.29242E-11  3.46793E-12  3.28426E-09  5.36721E-08
  4.000E-03  1.21847E-09  1.08939E-06  1.14836E-07  3.50877E-11  3.69884E-12  2.93311E-09  5.14809E-08
  4.250E-03  1.37554E-09  1.08836E-06  1.14827E-07  3.72452E-11  3.92969E-12  2.57496E-09  4.92093E-08
  4.500E-03  1.54213E-09  1.08726E-06  1.14817E-07  3.93964E-11  4.16049E-12  2.21228E-09  4.68672E-08
  4.750E-03  1.71823E-09  1.08610E-06  1.14807E-07  4.15409E-11  4.39123E-12  1.84755E-09  4.44652E-08
  5.000E-03  1.90386E-09  1.08489E-06  1.14795E-07  4.36784E-11  4.62190E-12  1.48325E-09  4.20136E-08
  5.250E-03  2.09900E-09  1.08362E-06  1.14784E-07  4.58085E-11  4.85250E-12  1.12185E-09  3.95231E-08
  5.500E-03  2.30367E-09  1.08229E-06  1.14772E-07  4.79310E-11  5.08303E-12  7.65776E-10  3.70045E-08
  5.750E-03  2.51785E-09  1.08090E-06  1.14759E-07  5.00456E-11  5.31348E-12  4.17390E-10  3.44684E-08
  6.000E-03  2.74156E-09  1.07946E-06  1.14745E-07  5.21518E-11  5.54386E-12  7.89890E-11  3.19254E-08
  6.250E-03  2.97478E-09  1.07797E-06  1.14732E-07  5.42495E-11  5.77415E-12  2.47225E-10  2.93862E-08
  6.500E-03  3.21752E-09  1.07641E-06  1.14717E-07  5.63383E-11  6.00436E-12  5.59160E-10  2.68611E-08
  6.750E-03  3.46978E-09  1.07481E-06  1.14702E-07  5.84179E-11  6.23448E-12  8.54847E-10  2.43602E-08
  7.000E-03  3.73156E-09  1.07315E-06  1.14686E-07  6.04880E-11  6.46451E-12  1.13246E-09  2.18935E-08
  7.250E-03  4.00286E-09  1.07144E-06  1.14670E-07  6.25485E-11  6.69444E-12  1.39031E-09  1.94704E-08
  7.500E-03  4.28368E-09  1.06968E-06  1.14654E-07  6.45989E-11  6.92428E-12  1.62690E-09  1.71002E-08
  7.750E-03  4.57402E-09  1.06786E-06  1.14636E-07  6.66391E-11  7.15401E-12  1.84088E-09  1.47916E-08
  8.000E-03  4.87388E-09  1.06600E-06  1.14619E-07  6.86688E-11  7.38364E-12  2.03111E-09  1.25528E-08
  8.250E-03  5.18326E-09  1.06409E-06  1.14600E-07  7.06877E-11  7.61315E-12  2.19663E-09  1.03918E-08
  8.500E-03  5.50215E-09  1.06213E-06  1.14581E-07  7.26956E-11  7.84256E-12  2.33667E-09  8.31564E-09
  8.750E-03  5.83057E-09  1.06012E-06  1.14562E-07  7.46923E-11  8.07185E-12  2.45069E-09  6.33104E-09
  9.000E-03  6.16850E-09  1.05807E-06  1.14542E-07  7.66776E-11  8.30102E-12  2.53835E-09  4.44403E-09
  9.250E-03  6.51596E-09  1.05597E-06  1.14521E-07  7.86512E-11  8.53007E-12  2.59950E-09  2.66004E-09
  9.500E-03  6.87293E-09  1.05383E-06  1.14500E-07  8.06129E-11  8.75900E-12  2.63423E-09  9.83794E-10
  9.750E-03  7.23942E-09  1.05164E-06  1.14478E-07  8.25626E-11  8.98780E-12  2.64281E-09  5.80611E-10
  1.000E-02  7.61544E-09  1.04941E-06  1.14456E-07  8.45000E-11  9.21646E-12  2.62573E-09  2.02979E-09
  1.250E-02  1.18991E-08  1.02497E-06  1.14204E-07  1.03165E-10  1.14952E-11  1.28217E-09  9.93719E-09
  1.500E-02  1.71347E-08  9.97298E-07  1.13899E-07  1.20456E-10  1.37574E-11  9.50834E-10  7.52712E-09
  1.750E-02  2.33223E-08  9.67334E-07  1.13541E-07  1.36310E-10  1.59999E-11  2.13505E-09  4.94880E-10
  2.000E-02  3.04617E-08  9.35927E-07  1.13134E-07  1.50725E-10  1.82201E-11  1.37116E-09  4.73842E-09
  2.250E-02  3.85531E-08  9.03808E-07  1.12679E-07  1.63746E-10  2.04151E-11  5.54639E-10  4.89836E-09
  2.500E-02  4.75965E-08  8.71565E-07  1.12178E-07  1.75449E-10  2.25826E-11  1.91099E-09  1.13851E-09
  2.750E-02  5.75917E-08  8.39649E-07  1.11633E-07  1.85927E-10  2.47202E-11  1.52413E-09  2.77082E-09
  3.000E-02  6.85389E-08  8.08388E-07  1.11047E-07  1.95278E-10  2.68259E-11  2.24566E-10  3.70660E-09
  3.250E-02  8.04380E-08  7.77999E-07  1.10422E-07  2.03599E-10  2.88977E-11  1.75607E-09  1.42404E-09
  3.500E-02  9.32891E-08  7.48620E-07  1.09759E-07  2.10980E-10  3.09339E-11  1.69586E-09  1.71942E-09
  3.750E-02  1.07092E-07  7.20323E-07  1.09062E-07  2.17506E-10  3.29331E-11  9.59269E-11  3.00542E-09
  4.000E-02  1.21847E-07  6.93133E-07  1.08333E-07  2.23249E-10  3.48938E-11  1.60550E-09  1.58892E-09
  4.250E-02  1.37554E-07  6.67048E-07  1.07574E-07  2.28275E-10  3.68148E-11  1.86473E-09  1.03436E-09
  4.500E-02  1.54213E-07  6.42043E-07  1.06787E-07  2.32643E-10  3.86953E-11  4.24738E-10  2.51532E-09
  4.750E-02  1.71823E-07  6.18082E-07  1.05975E-07  2.36403E-10  4.05344E-11  1.43145E-09  1.69451E-09
  5.000E-02  1.90386E-07  5.95122E-07  1.05139E-07  2.39601E-10  4.23313E-11  2.01665E-09  5.29216E-10
  5.250E-02  2.09900E-07  5.73121E-07  1.04282E-07  2.42280E-10  4.40855E-11  7.66364E-10  2.12875E-09
  5.500E-02  2.30367E-07  5.52032E-07  1.03405E-07  2.44478E-10  4.57966E-11  1.21995E-09  1.76160E-09
  5.750E-02  2.51785E-07  5.31812E-07  1.02511E-07  2.46229E-10  4.74643E-11  2.14039E-09  1.26105E-10
  6.000E-02  2.74156E-07  5.12420E-07  1.01602E-07  2.47566E-10  4.90884E-11  1.11947E-09  1.79643E-09
  6.250E-02  2.97478E-07  4.93817E-07  1.00678E-07  2.48519E-10  5.06689E-11  9.63117E-10  1.79807E-09
  6.500E-02  3.21752E-07  4.75967E-07  9.97418E-08  2.49117E-10  5.22057E-11  2.22556E-09  2.12090E-10
  6.750E-02  3.46978E-07  4.58836E-07  9.87951E-08  2.49387E-10  5.36991E-11  1.47922E-09  1.49286E-09
  7.000E-02  3.73156E-07  4.42392E-07  9.78393E-08  2.49355E-10  5.51492E-11  6.56456E-10  1.80664E-09
  7.250E-02  4.00286E-07  4.26605E-07  9.68757E-08  2.49045E-10  5.65563E-11  2.26186E-09  5.04249E-10
  7.500E-02  4.28368E-07  4.11448E-07  9.59058E-08  2.48479E-10  5.79208E-11  1.83798E-09  1.20384E-09
  7.750E-02  4.57402E-07  3.96895E-07  9.49309E-08  2.47680E-10  5.92431E-11  2.98220E-10  1.78765E-09
  8.000E-02  4.87388E-07  3.82920E-07  9.39521E-08  2.46667E-10  6.05236E-11  2.23913E-09  7.59925E-10
  8.250E-02  5.18325E-07  3.69500E-07  9.29707E-08  2.45461E-10  6.17630E-11  2.18560E-09  9.21461E-10
  8.500E-02  5.50215E-07  3.56613E-07  9.19877E-08  2.44079E-10  6.29619E-11  1.10556E-10  1.74041E-09
  8.750E-02  5.83057E-07  3.44238E-07  9.10043E-08  2.42539E-10  6.41208E-11  2.14770E-09  9.83401E-10
  9.000E-02  6.16850E-07  3.32354E-07  9.00213E-08  2.40856E-10  6.52404E-11  2.50972E-09  6.41761E-10
  9.250E-02  6.51596E-07  3.20942E-07  8.90397E-08  2.39047E-10  6.63216E-11  5.65815E-10  1.66399E-09
  9.500E-02  6.87293E-07  3.09983E-07  8.80603E-08  2.37125E-10  6.73649E-11  1.97906E-09  1.17582E-09
  9.750E-02  7.23942E-07  2.99460E-07  8.70840E-08  2.35103E-10  6.83712E-11  2.79614E-09  3.63518E-10
  1.000E-01  7.61543E-07  2.89355E-07  8.61116E-08  2.32995E-10  6.93412E-11  1.06023E-09  1.55771E-09
  1.250E-01  1.18991E-06  2.07963E-07  7.67285E-08  2.09321E-10  7.72322E-11  4.42358E-10  1.60708E-09
  1.500E-01  1.71347E-06  1.53580E-07  6.82341E-08  1.85500E-10  8.24190E-11  2.49041E-09  1.31449E-09
  1.750E-01  2.33223E-06  1.16852E-07  6.07863E-08  1.64662E-10  8.56605E-11  4.54164E-09  7.08617E-10
  2.000E-01  3.04617E-06  9.15207E-08  5.43613E-08  1.47391E-10  8.75506E-11  5.83626E-09  8.56651E-11
  2.250E-01  3.85531E-06  7.35215E-08  4.88499E-08  1.33205E-10  8.85092E-11  5.68921E-09  8.77653E-10
  2.500E-01  4.75964E-06  6.02794E-08  4.41159E-08  1.21348E-10  8.88137E-11  3.77480E-09  1.47004E-09
  2.750E-01  5.75916E-06  5.01894E-08  4.00271E-08  1.11140E-10  8.86409E-11  2.87890E-10  1.71437E-09
  3.000E-01  6.85388E-06  4.22572E-08  3.64690E-08  1.02082E-10  8.81039E-11  4.05302E-09  1.54660E-09
  3.250E-01  8.04378E-06  3.58621E-08  3.33483E-08  9.38527E-11  8.72789E-11  8.14967E-09  1.00016E-09
  3.500E-01  9.32888E-06  3.06088E-08  3.05910E-08  8.62666E-11  8.62219E-11  1.07844E-08  1.98008E-10
  3.750E-01  1.07092E-05  2.62362E-08  2.81396E-08  7.92251E-11  8.49784E-11  1.09472E-08  6.73792E-10
  4.000E-01  1.21846E-05  2.25643E-08  2.59491E-08  7.26795E-11  8.35879E-11  8.15631E-09  1.40703E-09
  4.250E-01  1.37553E-05  1.94622E-08  2.39837E-08  6.66057E-11  8.20859E-11  2.68223E-09  1.81939E-09
  4.500E-01  1.54212E-05  1.68305E-08  2.22145E-08  6.09876E-11  8.05039E-11  4.40648E-09  1.79926E-09
  4.750E-01  1.71822E-05  1.45910E-08  2.06179E-08  5.58099E-11  7.88695E-11  1.14206E-08  1.33621E-09
  5.000E-01  1.90385E-05  1.26801E-08  1.91738E-08  5.10536E-11  7.72062E-11  1.64350E-08  5.28250E-10
  5.250E-01  2.09899E-05  1.10456E-08  1.78651E-08  4.66962E-11  7.55336E-11  1.77988E-08  4.37673E-10
  5.500E-01  2.30365E-05  9.64382E-09  1.66767E-08  4.27115E-11  7.38674E-11  1.46385E-08  1.32852E-09
  5.750E-01  2.51783E-05  8.43840E-09  1.55958E-08  3.90715E-11  7.22199E-11  7.20505E-09  1.92155E-09
  6.000E-01  2.74153E-05  7.39878E-09  1.46106E-08  3.57473E-11  7.06002E-11  3.05392E-09  2.06047E-09
  6.250E-01  2.97475E-05  6.49937E-09  1.37111E-08  3.27101E-11  6.90149E-11  1.37494E-08  1.69668E-09
  6.500E-01  3.21749E-05  5.71870E-09  1.28883E-08  2.99323E-11  6.74685E-11  2.20978E-08  9.04927E-10
  6.750E-01  3.46974E-05  5.03880E-09  1.21341E-08  2.73879E-11  6.59638E-11  2.56351E-08  1.31696E-10
  7.000E-01  3.73152E-05  4.44461E-09  1.14414E-08  2.50528E-11  6.45023E-11  2.29170E-08  1.16431E-09
  7.250E-01  4.00281E-05  3.92352E-09  1.08040E-08  2.29053E-11  6.30845E-11  1.40102E-08  1.93836E-09
  7.500E-01  4.28362E-05  3.46498E-09  1.02162E-08  2.09257E-11  6.17101E-11  6.21998E-10  2.25665E-09
  7.750E-01  4.57395E-05  3.06011E-09  9.67322E-09  1.90965E-11  6.03784E-11  1.41992E-08  2.02963E-09
  8.000E-01  4.87380E-05  2.70147E-09  9.17062E-09  1.74020E-11  5.90882E-11  2.67487E-08  1.30007E-09
  8.250E-01  5.18317E-05  2.38281E-09  8.70453E-09  1.58287E-11  5.78381E-11  3.35840E-08  2.35485E-10
  8.500E-01  5.50205E-05  2.09882E-09  8.27150E-09  1.43645E-11  5.66268E-11  3.24499E-08  9.10403E-10
  8.750E-01  5.83045E-05  1.84505E-09  7.86850E-09  1.29988E-11  5.54526E-11  2.29676E-08  1.85837E-09
  9.000E-01  6.16838E-05  1.61770E-09  7.49279E-09  1.17224E-11  5.43139E-11  6.88419E-09  2.37188E-09
  9.250E-01  6.51582E-05  1.41354E-09  7.14197E-09  1.05271E-11  5.32094E-11  1.22131E-08  2.31616E-09
  9.500E-01  6.87277E-05  1.22980E-09  6.81387E-09  9.40593E-12  5.21374E-11  2.96852E-08  1.69331E-09
  9.750E-01  7.23925E-05  1.06412E-09  6.50657E-09  8.35255E-12  5.10966E-11  4.09605E-08  6.44552E-10
  1.000E+00  7.61524E-05  9.14456E-10  6.21834E-09  7.36144E-12  5.00856E-11  5.76603E-12  6.09108E-12
  1.100E+00  9.21439E-05  4.44032E-10  5.22741E-09  3.93021E-12  4.63160E-11  7.28867E-13  2.65655E-11
  1.200E+00  1.09658E-04  1.23329E-10  4.44200E-09  1.18811E-12  4.29363E-11  3.15680E-12  1.10984E-11
  1.300E+00  1.28695E-04 -9.73647E-11  3.80960E-09 -1.02356E-12  3.98935E-11  2.33218E-12  8.33077E-12
  1.400E+00  1.49255E-04 -2.49416E-10  3.29370E-09 -2.81680E-12  3.71455E-11  7.17226E-13  1.09950E-11
  1.500E+00  1.71338E-04 -3.53464E-10  2.86815E-09 -4.27509E-12  3.46577E-11  2.04388E-12  1.35357E-12
  1.600E+00  1.94942E-04 -4.23514E-10  2.51370E-09 -5.46291E-12  3.24007E-11  7.47953E-13  5.95235E-12
  1.700E+00  2.20070E-04 -4.69283E-10  2.21592E-09 -6.43112E-12  3.03487E-11  1.01344E-12  4.36203E-12
  1.800E+00  2.46720E-04 -4.97615E-10  1.96382E-09 -7.22030E-12  2.84790E-11  1.18539E-12  1.25332E-12
  1.900E+00  2.74892E-04 -5.13394E-10  1.74886E-09 -7.86302E-12  2.67715E-11  1.14413E-14  3.64553E-12
  2.000E+00  3.04586E-04 -5.20130E-10  1.56436E-09 -8.38551E-12  2.52085E-11  9.08696E-13  1.37246E-12
  2.100E+00  3.35803E-04 -5.20370E-10  1.40505E-09 -8.80896E-12  2.37743E-11  5.72197E-13  1.66526E-12
  2.200E+00  3.68542E-04 -5.15967E-10  1.26672E-09 -9.15054E-12  2.24550E-11  3.40709E-13  1.99007E-12
  2.300E+00  4.02802E-04 -5.08279E-10  1.14596E-09 -9.42416E-12  2.12385E-11  6.71263E-13  5.95969E-14
  2.400E+00  4.38585E-04 -4.98304E-10  1.04004E-09 -9.64120E-12  2.01142E-11  1.64327E-13  1.39229E-12
  2.500E+00  4.75889E-04 -4.86779E-10  9.46706E-10 -9.81094E-12  1.90727E-11  4.31983E-13  9.22085E-13
  2.600E+00  5.14715E-04 -4.74245E-10  8.64111E-10 -9.94100E-12  1.81057E-11  4.15965E-13  4.37899E-13
  2.700E+00  5.55063E-04 -4.61105E-10  7.90731E-10 -1.00377E-11  1.72060E-11  7.92829E-14  9.63182E-13
  2.800E+00  5.96931E-04 -4.47654E-10  7.25295E-10 -1.01061E-11  1.63673E-11  3.94106E-13  2.89313E-13
  2.900E+00  6.40321E-04 -4.34109E-10  6.66740E-10 -1.01508E-11  1.55838E-11  1.94730E-13  5.40410E-13
  3.000E+00  6.85233E-04 -4.20630E-10  6.14171E-10 -1.01752E-11  1.48507E-11  1.98468E-13  5.69142E-13
  3.100E+00  7.31665E-04 -4.07333E-10  5.66833E-10 -1.01823E-11  1.41635E-11  2.94918E-13  4.44119E-14
  3.200E+00  7.79618E-04 -3.94298E-10  5.24082E-10 -1.01749E-11  1.35182E-11  2.96923E-14  4.67318E-13
  3.300E+00  8.29092E-04 -3.81584E-10  4.85369E-10 -1.01549E-11  1.29113E-11  2.29383E-13  2.70731E-13
  3.400E+00  8.80086E-04 -3.69230E-10  4.50224E-10 -1.01244E-11  1.23398E-11  1.78742E-13  1.86629E-13
  3.500E+00  9.32601E-04 -3.57259E-10  4.18241E-10 -1.00847E-11  1.18008E-11  7.57591E-14  3.34502E-13
  3.600E+00  9.86636E-04 -3.45687E-10  3.89070E-10 -1.00373E-11  1.12919E-11  2.03761E-13  7.37073E-14
  3.700E+00  1.04219E-03 -3.34520E-10  3.62407E-10 -9.98328E-12  1.08106E-11  7.20375E-14  2.15191E-13
  3.800E+00  1.09927E-03 -3.23757E-10  3.37987E-10 -9.92368E-12  1.03551E-11  1.26682E-13  2.00995E-13
  3.900E+00  1.15786E-03 -3.13395E-10  3.15578E-10 -9.85932E-12  9.92332E-12  1.48352E-13  3.73389E-14
  4.000E+00  1.21797E-03 -3.03427E-10  2.94977E-10 -9.79096E-12  9.51372E-12  1.00407E-14  1.85267E-13
  4.100E+00  1.27961E-03 -2.93844E-10  2.76005E-10 -9.71922E-12  9.12474E-12  1.35594E-13  9.33639E-14
  4.200E+00  1.34276E-03 -2.84633E-10  2.58505E-10 -9.64466E-12  8.75498E-12  8.33452E-14  8.59419E-14
  4.300E+00  1.40743E-03 -2.75784E-10  2.42337E-10 -9.56777E-12  8.40316E-12  6.20202E-14  1.32611E-13
  4.400E+00  1.47362E-03 -2.67283E-10  2.27377E-10 -9.48896E-12  8.06811E-12  1.15343E-13  2.03620E-14
  4.500E+00  1.54133E-03 -2.59118E-10  2.13516E-10 -9.40861E-12  7.74877E-12  2.38823E-14  9.32688E-14
  4.600E+00  1.61056E-03 -2.51274E-10  2.00655E-10 -9.32704E-12  7.44415E-12  8.48059E-14  7.91140E-14
  4.700E+00  1.68131E-03 -2.43740E-10  1.88706E-10 -9.24453E-12  7.15336E-12  7.90891E-14  2.13621E-14
  4.800E+00  1.75357E-03 -2.36502E-10  1.77591E-10 -9.16132E-12  6.87555E-12  2.09464E-14  7.88664E-14
  4.900E+00  1.82735E-03 -2.29547E-10  1.67240E-10 -9.07764E-12  6.60995E-12  8.46310E-14  3.57372E-14
  5.000E+00  1.90265E-03 -2.22864E-10  1.57588E-10 -8.99366E-12  6.35587E-12  3.92670E-14  3.93489E-14
  5.100E+00  1.97947E-03 -2.16439E-10  1.48579E-10 -8.90956E-12  6.11262E-12  4.80675E-14  5.60281E-14
  5.200E+00  2.05780E-03 -2.10262E-10  1.40161E-10 -8.82547E-12  5.87962E-12  6.79381E-14  6.92625E-15
  5.300E+00  2.13765E-03 -2.04322E-10  1.32288E-10 -8.74154E-12  5.65628E-12  3.14835E-15  4.03838E-14
  5.400E+00  2.21902E-03 -1.98608E-10  1.24916E-10 -8.65786E-12  5.44208E-12  5.84389E-14  3.36394E-14
  5.500E+00  2.30190E-03 -1.93110E-10  1.18007E-10 -8.57453E-12  5.23653E-12  4.28684E-14  9.58285E-15
  5.600E+00  2.38630E-03 -1.87818E-10  1.11527E-10 -8.49165E-12  5.03917E-12  2.28600E-14  3.36682E-14
  5.700E+00  2.47222E-03 -1.82722E-10  1.05443E-10 -8.40927E-12  4.84957E-12  5.39918E-14  1.55931E-14
  5.800E+00  2.55965E-03 -1.77815E-10  9.97268E-11 -8.32747E-12  4.66734E-12  1.65688E-14  1.61819E-14
  5.900E+00  2.64859E-03 -1.73088E-10  9.43514E-11 -8.24629E-12  4.49210E-12  3.70717E-14  2.40431E-14
  6.000E+00  2.73905E-03 -1.68532E-10  8.92928E-11 -8.16579E-12  4.32350E-12  4.05268E-14  4.64674E-15
  6.100E+00  2.83103E-03 -1.64140E-10  8.45285E-11 -8.08601E-12  4.16121E-12  5.49031E-15  1.62355E-14
  6.200E+00  2.92452E-03 -1.59905E-10  8.00382E-11 -8.00698E-12  4.00493E-12  4.06645E-14  1.52125E-14
  6.300E+00  3.01952E-03 -1.55820E-10  7.58032E-11 -7.92873E-12  3.85437E-12  2.28742E-14  1.91227E-15
  6.400E+00  3.11604E-03 -1.51878E-10  7.18062E-11 -7.85128E-12  3.70925E-12  2.09524E-14  1.35186E-14
  6.500E+00  3.21407E-03 -1.48073E-10  6.80314E-11 -7.77466E-12  3.56933E-12  3.52811E-14  8.25362E-15
  6.600E+00  3.31362E-03 -1.44400E-10  6.44641E-11 -7.69888E-12  3.43436E-12  5.00160E-15  4.17429E-15
  6.700E+00  3.41468E-03 -1.40851E-10  6.10910E-11 -7.62395E-12  3.30411E-12  2.76990E-14  1.06267E-14
  6.800E+00  3.51725E-03 -1.37424E-10  5.78994E-11 -7.54988E-12  3.17838E-12  2.39933E-14  5.40077E-15
  6.900E+00  3.62133E-03 -1.34111E-10  5.48779E-11 -7.47669E-12  3.05695E-12  8.55051E-15  4.60695E-15
  7.000E+00  3.72692E-03 -1.30908E-10  5.20159E-11 -7.40437E-12  2.93965E-12  2.76337E-14  8.02190E-15
  7.100E+00  3.83403E-03 -1.27811E-10  4.93034E-11 -7.33292E-12  2.82629E-12  1.12684E-14  2.84751E-15
  7.200E+00  3.94265E-03 -1.24815E-10  4.67314E-11 -7.26236E-12  2.71670E-12  1.75790E-14  4.51528E-15
  7.300E+00  4.05278E-03 -1.21917E-10  4.42912E-11 -7.19268E-12  2.61072E-12  2.24848E-14  6.65584E-15
  7.400E+00  4.16442E-03 -1.19111E-10  4.19751E-11 -7.12387E-12  2.50820E-12  0.00000E+00  1.79058E-15
  7.500E+00  4.27757E-03 -1.16395E-10  3.97756E-11 -7.05594E-12  2.40900E-12  2.05378E-14  4.95861E-15
  7.600E+00  4.39223E-03 -1.13764E-10  3.76859E-11 -6.98888E-12  2.31297E-12  1.38134E-14  6.26128E-15
  7.700E+00  4.50840E-03 -1.11216E-10  3.56996E-11 -6.92268E-12  2.21999E-12  8.96783E-15  6.35048E-16
  7.800E+00  4.62608E-03 -1.08747E-10  3.38109E-11 -6.85734E-12  2.12994E-12  1.90813E-14  5.44318E-15
  7.900E+00  4.74527E-03 -1.06354E-10  3.20141E-11 -6.79285E-12  2.04270E-12  4.92862E-15  5.18293E-15
  8.000E+00  4.86597E-03 -1.04033E-10  3.03041E-11 -6.72920E-12  1.95815E-12  1.38672E-14  9.39821E-16
  8.100E+00  4.98817E-03 -1.01783E-10  2.86761E-11 -6.66639E-12  1.87620E-12  1.42673E-14  6.07038E-15
  8.200E+00  5.11188E-03 -9.96005E-11  2.71256E-11 -6.60441E-12  1.79674E-12  2.49248E-15  4.02125E-15
  8.300E+00  5.23711E-03 -9.74826E-11  2.56482E-11 -6.54324E-12  1.71967E-12  1.45915E-14  2.50632E-15
  8.400E+00  5.36383E-03 -9.54271E-11  2.42401E-11 -6.48288E-12  1.64491E-12  7.51614E-15  6.16754E-15
  8.500E+00  5.49207E-03 -9.34317E-11  2.28976E-11 -6.42332E-12  1.57237E-12  8.68945E-15  2.90632E-15
  8.600E+00  5.62181E-03 -9.14941E-11  2.16171E-11 -6.36455E-12  1.50196E-12  1.28227E-14  4.66192E-15
  8.700E+00  5.75306E-03 -8.96122E-11  2.03954E-11 -6.30656E-12  1.43362E-12  9.20981E-16  6.13676E-15
  8.800E+00  5.88581E-03 -8.77839E-11  1.92294E-11 -6.24934E-12  1.36725E-12  1.07984E-14  3.86779E-16
  8.900E+00  6.02007E-03 -8.60073E-11  1.81163E-11 -6.19287E-12  1.30279E-12  8.44283E-15  6.23615E-15
  9.000E+00  6.15583E-03 -8.42805E-11  1.70533E-11 -6.13716E-12  1.24017E-12  4.12676E-15  5.35649E-15
  9.100E+00  6.29310E-03 -8.26018E-11  1.60379E-11 -6.08218E-12  1.17933E-12  1.04244E-14  2.16696E-15
  9.200E+00  6.43187E-03 -8.09694E-11  1.50677E-11 -6.02792E-12  1.12020E-12  3.61782E-15  6.88698E-15
  9.300E+00  6.57214E-03 -7.93816E-11  1.41405E-11 -5.97439E-12  1.06273E-12  7.23947E-15  3.28182E-15
  9.400E+00  6.71392E-03 -7.78370E-11  1.32540E-11 -5.92155E-12  1.00685E-12  8.02854E-15  4.56272E-15
  9.500E+00  6.85720E-03 -7.63340E-11  1.24063E-11 -5.86942E-12  9.52509E-13  9.24463E-16  6.44944E-15
  9.600E+00  7.00198E-03 -7.48712E-11  1.15956E-11 -5.81796E-12  8.99658E-13  7.99436E-15  8.09323E-16
  9.700E+00  7.14827E-03 -7.34472E-11  1.08200E-11 -5.76718E-12  8.48245E-13  4.72631E-15  6.02178E-15
  9.800E+00  7.29605E-03 -7.20607E-11  1.00778E-11 -5.71707E-12  7.98222E-13  3.90567E-15  5.27598E-15
  9.900E+00  7.44534E-03 -7.07104E-11  9.36750E-12 -5.66760E-12  7.49542E-13  6.66008E-15  2.43174E-15
  1.000E+01  7.59612E-03 -6.93951E-11  8.68751E-12 -5.61878E-12  7.02161E-13  9.71896E-16  6.55108E-15
  1.025E+01  7.97965E-03 -6.62525E-11  7.11112E-12 -5.49948E-12  5.89119E-13  5.67836E-15  1.41546E-15
  1.050E+01  8.37255E-03 -6.33045E-11  5.69541E-12 -5.38397E-12  4.83316E-13  2.51502E-15  5.52379E-15
  1.075E+01  8.77480E-03 -6.05360E-11  4.42273E-12 -5.27212E-12  3.84193E-13  3.71646E-15  3.20957E-15
  1.100E+01  9.18641E-03 -5.79329E-11  3.27759E-12 -5.16377E-12  2.91244E-13  2.74607E-15  4.40894E-15
  1.125E+01  9.60736E-03 -5.54827E-11  2.24641E-12 -5.05879E-12  2.04008E-13  2.84226E-15  4.32725E-15
  1.150E+01  1.00376E-02 -5.31740E-11  1.31724E-12 -4.95703E-12  1.22068E-13  2.09096E-15  2.57127E-15
  1.175E+01  1.04773E-02 -5.09964E-11  4.79545E-13 -4.85838E-12  4.50408E-14  1.20099E-15  4.70647E-15
  1.200E+01  1.09262E-02 -4.89404E-11 -2.75993E-13 -4.76270E-12 -2.74199E-14  2.30150E-15  6.14629E-16
  1.225E+01  1.13844E-02 -4.69973E-11 -9.57624E-13 -4.66988E-12 -9.56324E-14  1.83931E-16  4.51667E-15
  1.250E+01  1.18520E-02 -4.51593E-11 -1.57268E-12 -4.57981E-12 -1.59888E-13  2.11850E-15  7.53552E-16
  1.275E+01  1.23288E-02 -4.34192E-11 -2.12767E-12 -4.49237E-12 -2.20453E-13  1.69588E-16  4.16001E-15
  1.300E+01  1.28150E-02 -4.17702E-11 -2.62841E-12 -4.40747E-12 -2.77572E-13  1.46732E-15  2.60680E-15
  1.325E+01  1.33104E-02 -4.02062E-11 -3.08008E-12 -4.32500E-12 -3.31472E-13  1.56854E-16  3.34210E-15
  1.350E+01  1.38150E-02 -3.87218E-11 -3.48730E-12 -4.24487E-12 -3.82360E-13  1.05712E-15  2.57273E-15
  1.375E+01  1.43290E-02 -3.73118E-11 -3.85425E-12 -4.16699E-12 -4.30428E-13  1.45499E-16  2.01280E-15
  1.400E+01  1.48521E-02 -3.59713E-11 -4.18463E-12 -4.09128E-12 -4.75851E-13  7.01388E-16  2.53619E-15
  1.425E+01  1.53845E-02 -3.46961E-11 -4.48181E-12 -4.01764E-12 -5.18794E-13  2.70663E-16  1.00689E-15
  1.450E+01  1.59262E-02 -3.34820E-11 -4.74879E-12 -3.94601E-12 -5.59407E-13  5.22567E-16  3.19180E-15
  1.475E+01  1.64770E-02 -3.23253E-11 -4.98828E-12 -3.87631E-12 -5.97832E-13  0.00000E+00  1.33965E-16
  1.500E+01  1.70371E-02 -3.12227E-11 -5.20275E-12 -3.80847E-12 -6.34198E-13  2.43929E-16  2.07036E-15
  1.525E+01  1.76063E-02 -3.01707E-11 -5.39440E-12 -3.74242E-12 -6.68625E-13  0.00000E+00  5.00225E-16
  1.550E+01  1.81848E-02 -2.91666E-11 -5.56523E-12 -3.67809E-12 -7.01227E-13  4.56493E-16  2.05574E-15
  1.575E+01  1.87724E-02 -2.82075E-11 -5.71707E-12 -3.61542E-12 -7.32107E-13  1.10483E-16  1.28693E-15
  1.600E+01  1.93692E-02 -2.72908E-11 -5.85157E-12 -3.55436E-12 -7.61364E-13  6.42088E-16  1.24571E-15
  1.625E+01  1.99751E-02 -2.64142E-11 -5.97020E-12 -3.49484E-12 -7.89087E-13  4.14828E-16  1.20641E-15
  1.650E+01  2.05901E-02 -2.55754E-11 -6.07434E-12 -3.43682E-12 -8.15362E-13  8.04404E-16  8.50115E-16
  1.675E+01  2.12143E-02 -2.47724E-11 -6.16522E-12 -3.38024E-12 -8.40268E-13  0.00000E+00  1.44212E-15
  1.700E+01  2.18476E-02 -2.40031E-11 -6.24397E-12 -3.32504E-12 -8.63879E-13  7.57247E-16  3.99592E-16
  1.725E+01  2.24900E-02 -2.32658E-11 -6.31160E-12 -3.27119E-12 -8.86263E-13  5.51409E-16  1.74463E-15
  1.750E+01  2.31415E-02 -2.25589E-11 -6.36907E-12 -3.21864E-12 -9.07487E-13  8.92660E-16  0.00000E+00
  1.775E+01  2.38021E-02 -2.18806E-11 -6.41722E-12 -3.16734E-12 -9.27611E-13  1.73485E-16  1.09624E-15
  1.800E+01  2.44717E-02 -2.12296E-11 -6.45682E-12 -3.11725E-12 -9.46692E-13  6.74604E-16  7.09946E-16
  1.825E+01  2.51504E-02 -2.06044E-11 -6.48861E-12 -3.06834E-12 -9.64783E-13  4.92049E-16  6.89932E-16
  1.850E+01  2.58382E-02 -2.00038E-11 -6.51323E-12 -3.02056E-12 -9.81935E-13  4.78715E-16  5.03053E-16
  1.875E+01  2.65349E-02 -1.94264E-11 -6.53129E-12 -2.97387E-12 -9.98195E-13  6.21223E-16  1.63080E-16
  1.900E+01  2.72407E-02 -1.88713E-11 -6.54334E-12 -2.92825E-12 -1.01361E-12  4.53631E-16  4.75976E-16
  1.925E+01  2.79555E-02 -1.83371E-11 -6.54987E-12 -2.88366E-12 -1.02821E-12  5.89102E-16  1.54412E-16
  1.950E+01  2.86793E-02 -1.78231E-11 -6.55135E-12 -2.84007E-12 -1.04206E-12  2.86988E-16  7.51651E-16
  1.975E+01  2.94120E-02 -1.73282E-11 -6.54822E-12 -2.79744E-12 -1.05517E-12  8.39142E-16  1.46405E-16
  2.000E+01  3.01537E-02 -1.68514E-11 -6.54086E-12 -2.75575E-12 -1.06759E-12  1.36358E-16  2.85258E-16
  2.025E+01  3.09043E-02 -1.63920E-11 -6.52962E-12 -2.71496E-12 -1.07934E-12  5.31960E-16  0.00000E+00
  2.050E+01  3.16639E-02 -1.59492E-11 -6.51485E-12 -2.67505E-12 -1.09047E-12  3.89240E-16  0.00000E+00
  2.075E+01  3.24324E-02 -1.55221E-11 -6.49684E-12 -2.63600E-12 -1.10100E-12  6.33109E-16  1.32123E-16
  2.100E+01  3.32098E-02 -1.51102E-11 -6.47588E-12 -2.59777E-12 -1.11096E-12  2.47220E-16  1.28874E-16
  2.125E+01  3.39961E-02 -1.47126E-11 -6.45223E-12 -2.56035E-12 -1.12037E-12  6.03527E-16  2.51481E-16
  2.150E+01  3.47912E-02 -1.43288E-11 -6.42612E-12 -2.52371E-12 -1.12926E-12  3.53711E-16  0.00000E+00
  2.175E+01  3.55952E-02 -1.39582E-11 -6.39777E-12 -2.48782E-12 -1.13766E-12  5.75998E-16  0.00000E+00
  2.200E+01  3.64081E-02 -1.36001E-11 -6.36738E-12 -2.45267E-12 -1.14558E-12  5.62946E-16  1.16985E-16
  2.225E+01  3.72297E-02 -1.32541E-11 -6.33516E-12 -2.41823E-12 -1.15305E-12  2.20136E-16  1.14266E-16
  2.250E+01  3.80602E-02 -1.29196E-11 -6.30126E-12 -2.38448E-12 -1.16009E-12  3.22895E-16  4.46552E-16
  2.275E+01  3.88995E-02 -1.25962E-11 -6.26585E-12 -2.35141E-12 -1.16671E-12  1.05277E-16  3.27295E-16
  2.300E+01  3.97476E-02 -1.22833E-11 -6.22907E-12 -2.31900E-12 -1.17294E-12  5.15000E-16  0.00000E+00
  2.325E+01  4.06044E-02 -1.19806E-11 -6.19106E-12 -2.28722E-12 -1.17879E-12  2.01595E-16  3.12804E-16
  2.350E+01  4.14700E-02 -1.16877E-11 -6.15196E-12 -2.25607E-12 -1.18427E-12  2.96000E-16  0.00000E+00
  2.375E+01  4.23443E-02 -1.14040E-11 -6.11187E-12 -2.22551E-12 -1.18942E-12  0.00000E+00  4.98730E-16
  2.400E+01  4.32273E-02 -1.11294E-11 -6.07090E-12 -2.19555E-12 -1.19423E-12  0.00000E+00  9.75927E-17
  2.425E+01  4.41190E-02 -1.08633E-11 -6.02915E-12 -2.16615E-12 -1.19872E-12  0.00000E+00  5.73042E-16
  2.450E+01  4.50194E-02 -1.06055E-11 -5.98671E-12 -2.13731E-12 -1.20291E-12  1.81597E-16  1.86973E-16
  2.475E+01  4.59284E-02 -1.03556E-11 -5.94368E-12 -2.10901E-12 -1.20681E-12  0.00000E+00  1.83056E-16
  2.500E+01  4.68461E-02 -1.01133E-11 -5.90012E-12 -2.08124E-12 -1.21044E-12  1.74442E-16  3.58519E-16
  2.550E+01  4.87074E-02 -9.65054E-12 -5.81171E-12 -2.02722E-12 -1.21689E-12  1.67713E-16  1.72006E-16
  2.600E+01  5.06030E-02 -9.21491E-12 -5.72202E-12 -1.97516E-12 -1.22236E-12  1.61377E-16  3.30353E-16
  2.650E+01  5.25328E-02 -8.80445E-12 -5.63147E-12 -1.92495E-12 -1.22694E-12  1.55405E-16  4.76219E-16
  2.700E+01  5.44967E-02 -8.41733E-12 -5.54047E-12 -1.87650E-12 -1.23068E-12  0.00000E+00  1.52666E-16
  2.750E+01  5.64946E-02 -8.05191E-12 -5.44933E-12 -1.82973E-12 -1.23365E-12  2.88893E-16  5.87716E-16
  2.800E+01  5.85262E-02 -7.70666E-12 -5.35831E-12 -1.78455E-12 -1.23593E-12  1.39413E-16  1.41505E-16
  2.850E+01  6.05914E-02 -7.38019E-12 -5.26765E-12 -1.74090E-12 -1.23755E-12  0.00000E+00  0.00000E+00
  2.900E+01  6.26901E-02 -7.07123E-12 -5.17755E-12 -1.69870E-12 -1.23857E-12  1.30136E-16  0.00000E+00
  2.950E+01  6.48222E-02 -6.77861E-12 -5.08817E-12 -1.65788E-12 -1.23904E-12  1.25856E-16  3.80688E-16
  3.000E+01  6.69873E-02 -6.50125E-12 -4.99966E-12 -1.61839E-12 -1.23900E-12  3.65385E-16  2.45040E-16
  3.050E+01  6.91854E-02 -6.23816E-12 -4.91213E-12 -1.58016E-12 -1.23849E-12  1.17937E-16  2.36726E-16
  3.100E+01  7.14163E-02 -5.98844E-12 -4.82568E-12 -1.54315E-12 -1.23754E-12  0.00000E+00  4.57648E-16
  3.150E+01  7.36799E-02 -5.75122E-12 -4.74038E-12 -1.50728E-12 -1.23619E-12  1.10782E-16  0.00000E+00
  3.200E+01  7.59760E-02 -5.52575E-12 -4.65630E-12 -1.47253E-12 -1.23446E-12  1.07461E-16  3.21222E-16
  3.250E+01  7.83043E-02 -5.31129E-12 -4.57349E-12 -1.43883E-12 -1.23239E-12  1.04297E-16  2.07328E-16
  3.300E+01  8.06647E-02 -5.10718E-12 -4.49198E-12 -1.40615E-12 -1.23000E-12  0.00000E+00  1.00413E-16
  3.350E+01  8.30571E-02 -4.91281E-12 -4.41182E-12 -1.37445E-12 -1.22732E-12  0.00000E+00  9.73108E-17
  3.400E+01  8.54812E-02 -4.72758E-12 -4.33302E-12 -1.34368E-12 -1.22436E-12  0.00000E+00  9.43490E-17
  3.450E+01  8.79369E-02 -4.55099E-12 -4.25560E-12 -1.31380E-12 -1.22115E-12  9.30297E-17  0.00000E+00
  3.500E+01  9.04240E-02 -4.38252E-12 -4.17957E-12 -1.28479E-12 -1.21771E-12  9.05206E-17  2.66441E-16
  3.550E+01  9.29422E-02 -4.22172E-12 -4.10492E-12 -1.25661E-12 -1.21405E-12  8.81206E-17  0.00000E+00
  3.600E+01  9.54915E-02 -4.06814E-12 -4.03166E-12 -1.22922E-12 -1.21019E-12  8.58239E-17  0.00000E+00
  3.650E+01  9.80716E-02 -3.92141E-12 -3.95978E-12 -1.20260E-12 -1.20614E-12  1.67249E-16  1.62752E-16
  3.700E+01  1.00682E-01 -3.78113E-12 -3.88927E-12 -1.17672E-12 -1.20193E-12  1.63034E-16  7.91023E-17
  3.750E+01  1.03323E-01 -3.64697E-12 -3.82013E-12 -1.15154E-12 -1.19756E-12  0.00000E+00  0.00000E+00
  3.800E+01  1.05995E-01 -3.51859E-12 -3.75233E-12 -1.12705E-12 -1.19304E-12  0.00000E+00  0.00000E+00
  3.850E+01  1.08696E-01 -3.39568E-12 -3.68587E-12 -1.10322E-12 -1.18839E-12  0.00000E+00  1.45647E-16
  3.900E+01  1.11427E-01 -3.27797E-12 -3.62072E-12 -1.08001E-12 -1.18361E-12  0.00000E+00  0.00000E+00
  3.950E+01  1.14188E-01 -3.16517E-12 -3.55686E-12 -1.05743E-12 -1.17873E-12  0.00000E+00  2.76172E-16
  4.000E+01  1.16978E-01 -3.05705E-12 -3.49428E-12 -1.03543E-12 -1.17373E-12  0.00000E+00  0.00000E+00
  4.050E+01  1.19797E-01 -2.95335E-12 -3.43295E-12 -1.01400E-12 -1.16864E-12  0.00000E+00  0.00000E+00
  4.100E+01  1.22645E-01 -2.85387E-12 -3.37286E-12 -9.93118E-13 -1.16347E-12  0.00000E+00  2.55606E-16
  4.150E+01  1.25522E-01 -2.75840E-12 -3.31398E-12 -9.72769E-13 -1.15821E-12  0.00000E+00  1.24630E-16
  4.200E+01  1.28428E-01 -2.66673E-12 -3.25629E-12 -9.52933E-13 -1.15287E-12  0.00000E+00  2.43149E-16
  4.250E+01  1.31361E-01 -2.57868E-12 -3.19976E-12 -9.33593E-13 -1.14747E-12  0.00000E+00  2.37261E-16
  4.300E+01  1.34323E-01 -2.49407E-12 -3.14437E-12 -9.14731E-13 -1.14201E-12  0.00000E+00  3.47379E-16
  4.350E+01  1.37313E-01 -2.41275E-12 -3.09010E-12 -8.96333E-13 -1.13650E-12  0.00000E+00  1.13057E-16
  4.400E+01  1.40330E-01 -2.33456E-12 -3.03693E-12 -8.78384E-13 -1.13093E-12  0.00000E+00  1.10417E-16
  4.450E+01  1.43375E-01 -2.25935E-12 -2.98483E-12 -8.60868E-13 -1.12531E-12  0.00000E+00  0.00000E+00
  4.500E+01  1.46447E-01 -2.18698E-12 -2.93378E-12 -8.43772E-13 -1.11966E-12  0.00000E+00  0.00000E+00
  4.550E+01  1.49545E-01 -2.11733E-12 -2.88375E-12 -8.27083E-13 -1.11397E-12  0.00000E+00  0.00000E+00
  4.600E+01  1.52671E-01 -2.05027E-12 -2.83473E-12 -8.10788E-13 -1.10824E-12  0.00000E+00  2.01480E-16
  4.650E+01  1.55823E-01 -1.98569E-12 -2.78669E-12 -7.94875E-13 -1.10249E-12  0.00000E+00  1.97044E-16
  4.700E+01  1.59001E-01 -1.92347E-12 -2.73961E-12 -7.79332E-13 -1.09671E-12  0.00000E+00  1.92755E-16
  4.750E+01  1.62205E-01 -1.86351E-12 -2.69347E-12 -7.64147E-13 -1.09091E-12  0.00000E+00  9.43034E-17
  4.800E+01  1.65435E-01 -1.80571E-12 -2.64825E-12 -7.49311E-13 -1.08509E-12  0.00000E+00  0.00000E+00
  4.850E+01  1.68690E-01 -1.74998E-12 -2.60393E-12 -7.34812E-13 -1.07925E-12  0.00000E+00  0.00000E+00
  4.900E+01  1.71970E-01 -1.69623E-12 -2.56048E-12 -7.20640E-13 -1.07340E-12  0.00000E+00  8.84747E-17
  4.950E+01  1.75276E-01 -1.64438E-12 -2.51789E-12 -7.06787E-13 -1.06754E-12  0.00000E+00  8.66539E-17
  5.000E+01  1.78606E-01 -1.59433E-12 -2.47613E-12 -6.93242E-13 -1.06167E-12  0.00000E+00  0.00000E+00
  5.050E+01  1.81961E-01 -1.54603E-12 -2.43519E-12 -6.79997E-13 -1.05579E-12  0.00000E+00  1.66362E-16
  5.100E+01  1.85340E-01 -1.49940E-12 -2.39505E-12 -6.67043E-13 -1.04991E-12  0.00000E+00  8.15241E-17
  5.150E+01  1.88743E-01 -1.45436E-12 -2.35569E-12 -6.54372E-13 -1.04402E-12  0.00000E+00  7.99177E-17
  5.200E+01  1.92169E-01 -1.41086E-12 -2.31709E-12 -6.41976E-13 -1.03814E-12  0.00000E+00  7.83596E-17
  5.250E+01  1.95619E-01 -1.36882E-12 -2.27923E-12 -6.29848E-13 -1.03225E-12  0.00000E+00  0.00000E+00
  5.300E+01  1.99092E-01 -1.32820E-12 -2.24211E-12 -6.17979E-13 -1.02637E-12  0.00000E+00  7.53813E-17
  5.350E+01  2.02589E-01 -1.28894E-12 -2.20569E-12 -6.06363E-13 -1.02049E-12  0.00000E+00  7.39575E-17
  5.400E+01  2.06107E-01 -1.25097E-12 -2.16996E-12 -5.94993E-13 -1.01462E-12  0.00000E+00  0.00000E+00
  5.450E+01  2.09649E-01 -1.21426E-12 -2.13491E-12 -5.83863E-13 -1.00875E-12  0.00000E+00  7.12324E-17
  5.500E+01  2.13212E-01 -1.17875E-12 -2.10053E-12 -5.72965E-13 -1.00289E-12  0.00000E+00  0.00000E+00
  5.550E+01  2.16797E-01 -1.14440E-12 -2.06679E-12 -5.62294E-13 -9.97044E-13  0.00000E+00  6.86607E-17
  5.600E+01  2.20404E-01 -1.11116E-12 -2.03368E-12 -5.51843E-13 -9.91204E-13  0.00000E+00  6.74289E-17
  5.650E+01  2.24032E-01 -1.07898E-12 -2.00120E-12 -5.41608E-13 -9.85375E-13  0.00000E+00  0.00000E+00
  5.700E+01  2.27680E-01 -1.04784E-12 -1.96931E-12 -5.31582E-13 -9.79558E-13  0.00000E+00  6.50670E-17
  5.750E+01  2.31350E-01 -1.01768E-12 -1.93801E-12 -5.21760E-13 -9.73753E-13  0.00000E+00  6.39344E-17
  5.800E+01  2.35040E-01 -9.88478E-13 -1.90729E-12 -5.12137E-13 -9.67962E-13  0.00000E+00  6.28326E-17
  5.850E+01  2.38751E-01 -9.60194E-13 -1.87713E-12 -5.02707E-13 -9.62185E-13  0.00000E+00  1.23521E-16
  5.900E+01  2.42481E-01 -9.32795E-13 -1.84753E-12 -4.93467E-13 -9.56423E-13  0.00000E+00  6.07169E-17
  5.950E+01  2.46231E-01 -9.06249E-13 -1.81846E-12 -4.84410E-13 -9.50676E-13  0.00000E+00  5.97011E-17
  6.000E+01  2.50000E-01 -8.80523E-13 -1.78992E-12 -4.75533E-13 -9.44945E-13  0.00000E+00  5.87120E-17
  6.050E+01  2.53788E-01 -8.55588E-13 -1.76189E-12 -4.66832E-13 -9.39231E-13  0.00000E+00  5.77486E-17
  6.100E+01  2.57595E-01 -8.31416E-13 -1.73436E-12 -4.58301E-13 -9.33534E-13  0.00000E+00  0.00000E+00
  6.150E+01  2.61421E-01 -8.07981E-13 -1.70733E-12 -4.49937E-13 -9.27855E-13  0.00000E+00  1.11792E-16
  6.200E+01  2.65264E-01 -7.85256E-13 -1.68077E-12 -4.41735E-13 -9.22193E-13  0.00000E+00  1.10010E-16
  6.250E+01  2.69126E-01 -7.63217E-13 -1.65469E-12 -4.33693E-13 -9.16550E-13  0.00000E+00  1.08273E-16
  6.300E+01  2.73005E-01 -7.41840E-13 -1.62907E-12 -4.25805E-13 -9.10926E-13  0.00000E+00  1.06580E-16
  6.350E+01  2.76901E-01 -7.21102E-13 -1.60389E-12 -4.18069E-13 -9.05320E-13  0.00000E+00  5.24645E-17
  6.400E+01  2.80814E-01 -7.00980E-13 -1.57916E-12 -4.10481E-13 -8.99735E-13  0.00000E+00  5.16594E-17
  6.450E+01  2.84744E-01 -6.81453E-13 -1.55485E-12 -4.03038E-13 -8.94168E-13  0.00000E+00  1.01748E-16
  6.500E+01  2.88691E-01 -6.62501E-13 -1.53096E-12 -3.95735E-13 -8.88622E-13  0.00000E+00  5.01080E-17
  6.550E+01  2.92653E-01 -6.44106E-13 -1.50749E-12 -3.88570E-13 -8.83096E-13  0.00000E+00  0.00000E+00
  6.600E+01  2.96632E-01 -6.26249E-13 -1.48442E-12 -3.81540E-13 -8.77590E-13  0.00000E+00  0.00000E+00
  6.650E+01  3.00625E-01 -6.08912E-13 -1.46174E-12 -3.74642E-13 -8.72104E-13  0.00000E+00  0.00000E+00
  6.700E+01  3.04634E-01 -5.92077E-13 -1.43946E-12 -3.67872E-13 -8.66639E-13  0.00000E+00  0.00000E+00
  6.750E+01  3.08658E-01 -5.75728E-13 -1.41754E-12 -3.61228E-13 -8.61195E-13  0.00000E+00  0.00000E+00
  6.800E+01  3.12697E-01 -5.59847E-13 -1.39600E-12 -3.54708E-13 -8.55772E-13  0.00000E+00  4.58813E-17
  6.850E+01  3.16749E-01 -5.44421E-13 -1.37481E-12 -3.48307E-13 -8.50370E-13  0.00000E+00  4.52336E-17
  6.900E+01  3.20816E-01 -5.29435E-13 -1.35398E-12 -3.42024E-13 -8.44989E-13  0.00000E+00  0.00000E+00
  6.950E+01  3.24896E-01 -5.14876E-13 -1.33350E-12 -3.35857E-13 -8.39629E-13  0.00000E+00  4.39827E-17
  7.000E+01  3.28990E-01 -5.00730E-13 -1.31337E-12 -3.29802E-13 -8.34291E-13  0.00000E+00  0.00000E+00
  7.050E+01  3.33097E-01 -4.86983E-13 -1.29356E-12 -3.23857E-13 -8.28974E-13  0.00000E+00  0.00000E+00
  7.100E+01  3.37216E-01 -4.73621E-13 -1.27408E-12 -3.18020E-13 -8.23678E-13  0.00000E+00  0.00000E+00
  7.150E+01  3.41348E-01 -4.60631E-13 -1.25491E-12 -3.12289E-13 -8.18403E-13  0.00000E+00  0.00000E+00
  7.200E+01  3.45492E-01 -4.48002E-13 -1.23605E-12 -3.06661E-13 -8.13150E-13  0.00000E+00  4.10948E-17
  7.250E+01  3.49647E-01 -4.35730E-13 -1.21751E-12 -3.01134E-13 -8.07918E-13  0.00000E+00  4.05551E-17
  7.300E+01  3.53814E-01 -4.23799E-13 -1.19927E-12 -2.95706E-13 -8.02708E-13  0.00000E+00  0.00000E+00
  7.350E+01  3.57992E-01 -4.12195E-13 -1.18132E-12 -2.90375E-13 -7.97519E-13  0.00000E+00  3.95110E-17
  7.400E+01  3.62181E-01 -4.00909E-13 -1.16366E-12 -2.85139E-13 -7.92351E-13  0.00000E+00  3.90058E-17
  7.450E+01  3.66381E-01 -3.89933E-13 -1.14628E-12 -2.79997E-13 -7.87205E-13  0.00000E+00  7.70231E-17
  7.500E+01  3.70590E-01 -3.79259E-13 -1.12917E-12 -2.74945E-13 -7.82080E-13  0.00000E+00  7.60556E-17
  7.550E+01  3.74810E-01 -3.68876E-13 -1.11234E-12 -2.69983E-13 -7.76976E-13  0.00000E+00  7.51087E-17
  7.600E+01  3.79039E-01 -3.58777E-13 -1.09578E-12 -2.65108E-13 -7.71893E-13  0.00000E+00  3.70909E-17
  7.650E+01  3.83277E-01 -3.48951E-13 -1.07947E-12 -2.60319E-13 -7.66832E-13  0.00000E+00  7.32744E-17
  7.700E+01  3.87524E-01 -3.39391E-13 -1.06342E-12 -2.55614E-13 -7.61791E-13  0.00000E+00  7.23859E-17
  7.750E+01  3.91780E-01 -3.30089E-13 -1.04763E-12 -2.50991E-13 -7.56772E-13  0.00000E+00  3.57579E-17
  7.800E+01  3.96044E-01 -3.21038E-13 -1.03207E-12 -2.46449E-13 -7.51773E-13  0.00000E+00  3.53318E-17
  7.850E+01  4.00316E-01 -3.12229E-13 -1.01676E-12 -2.41987E-13 -7.46795E-13  0.00000E+00  6.98290E-17
  7.900E+01  4.04596E-01 -3.03657E-13 -1.00169E-12 -2.37601E-13 -7.41838E-13  0.00000E+00  6.90114E-17
  7.950E+01  4.08882E-01 -2.95314E-13 -9.86844E-13 -2.33292E-13 -7.36901E-13  0.00000E+00  6.82104E-17
  8.000E+01  4.13176E-01 -2.87194E-13 -9.72230E-13 -2.29058E-13 -7.31985E-13  0.00000E+00  6.74256E-17
  8.050E+01  4.17476E-01 -2.79290E-13 -9.57840E-13 -2.24897E-13 -7.27090E-13  0.00000E+00  0.00000E+00
  8.100E+01  4.21783E-01 -2.71596E-13 -9.43668E-13 -2.20808E-13 -7.22214E-13  0.00000E+00  0.00000E+00
  8.150E+01  4.26095E-01 -2.64105E-13 -9.29710E-13 -2.16789E-13 -7.17359E-13  0.00000E+00  0.00000E+00
  8.200E+01  4.30413E-01 -2.56812E-13 -9.15964E-13 -2.12839E-13 -7.12525E-13  0.00000E+00  3.22198E-17
  8.250E+01  4.34737E-01 -2.49712E-13 -9.02426E-13 -2.08957E-13 -7.07710E-13  0.00000E+00  3.18648E-17
  8.300E+01  4.39065E-01 -2.42799E-13 -8.89092E-13 -2.05142E-13 -7.02915E-13  0.00000E+00  0.00000E+00
  8.350E+01  4.43398E-01 -2.36068E-13 -8.75958E-13 -2.01392E-13 -6.98140E-13  0.00000E+00  0.00000E+00
  8.400E+01  4.47736E-01 -2.29513E-13 -8.63020E-13 -1.97706E-13 -6.93384E-13  0.00000E+00  6.16815E-17
  8.450E+01  4.52077E-01 -2.23130E-13 -8.50274E-13 -1.94083E-13 -6.88648E-13  0.00000E+00  6.10250E-17
  8.500E+01  4.56422E-01 -2.16914E-13 -8.37717E-13 -1.90521E-13 -6.83932E-13  0.00000E+00  3.01905E-17
  8.550E+01  4.60770E-01 -2.10860E-13 -8.25345E-13 -1.87021E-13 -6.79235E-13  0.00000E+00  0.00000E+00
  8.600E+01  4.65122E-01 -2.04964E-13 -8.13156E-13 -1.83580E-13 -6.74557E-13  0.00000E+00  0.00000E+00
  8.650E+01  4.69476E-01 -1.99221E-13 -8.01147E-13 -1.80197E-13 -6.69898E-13  0.00000E+00  2.92608E-17
  8.700E+01  4.73832E-01 -1.93628E-13 -7.89314E-13 -1.76872E-13 -6.65257E-13  0.00000E+00  0.00000E+00
  8.750E+01  4.78190E-01 -1.88180E-13 -7.77654E-13 -1.73603E-13 -6.60636E-13  0.00000E+00  0.00000E+00
  8.800E+01  4.82550E-01 -1.82874E-13 -7.66164E-13 -1.70389E-13 -6.56034E-13  0.00000E+00  0.00000E+00
  8.850E+01  4.86912E-01 -1.77704E-13 -7.54840E-13 -1.67230E-13 -6.51450E-13  0.00000E+00  2.81005E-17
  8.900E+01  4.91274E-01 -1.72668E-13 -7.43680E-13 -1.64124E-13 -6.46884E-13  0.00000E+00  2.78237E-17
  8.950E+01  4.95637E-01 -1.67763E-13 -7.32682E-13 -1.61071E-13 -6.42337E-13  0.00000E+00  2.75520E-17
  9.000E+01  5.00000E-01 -1.62984E-13 -7.21842E-13 -1.58069E-13 -6.37807E-13  0.00000E+00  5.45705E-17
  9.050E+01  5.04363E-01 -1.58328E-13 -7.11159E-13 -1.55118E-13 -6.33296E-13  0.00000E+00  2.70234E-17
  9.100E+01  5.08726E-01 -1.53792E-13 -7.00629E-13 -1.52217E-13 -6.28803E-13  2.41450E-17  2.67662E-17
  9.150E+01  5.13088E-01 -1.49373E-13 -6.90249E-13 -1.49364E-13 -6.24327E-13  0.00000E+00  2.65137E-17
  9.200E+01  5.17450E-01 -1.45067E-13 -6.80016E-13 -1.46560E-13 -6.19869E-13  0.00000E+00  0.00000E+00
  9.250E+01  5.21810E-01 -1.40872E-13 -6.69929E-13 -1.43803E-13 -6.15428E-13  0.00000E+00  0.00000E+00
  9.300E+01  5.26168E-01 -1.36785E-13 -6.59986E-13 -1.41092E-13 -6.11005E-13  2.40207E-17  0.00000E+00
  9.350E+01  5.30524E-01 -1.32802E-13 -6.50183E-13 -1.38427E-13 -6.06599E-13  0.00000E+00  2.55479E-17
  9.400E+01  5.34878E-01 -1.28922E-13 -6.40519E-13 -1.35807E-13 -6.02210E-13  0.00000E+00  5.06341E-17
  9.450E+01  5.39230E-01 -1.25142E-13 -6.30991E-13 -1.33231E-13 -5.97838E-13  4.79274E-17  5.01805E-17
  9.500E+01  5.43578E-01 -1.21458E-13 -6.21597E-13 -1.30698E-13 -5.93482E-13  4.79030E-17  2.48674E-17
  9.550E+01  5.47923E-01 -1.17868E-13 -6.12335E-13 -1.28208E-13 -5.89144E-13  2.39427E-17  4.92969E-17
  9.600E+01  5.52264E-01 -1.14371E-13 -6.03202E-13 -1.25760E-13 -5.84821E-13  2.39373E-17  4.88667E-17
  9.650E+01  5.56602E-01 -1.10962E-13 -5.94196E-13 -1.23353E-13 -5.80516E-13  0.00000E+00  4.84438E-17
  9.700E+01  5.60935E-01 -1.07642E-13 -5.85317E-13 -1.20986E-13 -5.76226E-13  0.00000E+00  4.80283E-17
  9.750E+01  5.65263E-01 -1.04406E-13 -5.76561E-13 -1.18660E-13 -5.71952E-13  2.39414E-17  2.38099E-17
  9.800E+01  5.69587E-01 -1.01253E-13 -5.67926E-13 -1.16372E-13 -5.67695E-13  2.39494E-17  2.36092E-17
  9.850E+01  5.73905E-01 -9.81804E-14 -5.59412E-13 -1.14124E-13 -5.63453E-13  0.00000E+00  0.00000E+00
  9.900E+01  5.78217E-01 -9.51866E-14 -5.51014E-13 -1.11913E-13 -5.59227E-13  0.00000E+00  0.00000E+00
  9.950E+01  5.82524E-01 -9.22694E-14 -5.42733E-13 -1.09739E-13 -5.55016E-13  2.39939E-17  0.00000E+00
  1.000E+02  5.86824E-01 -8.94268E-14 -5.34566E-13 -1.07602E-13 -5.50821E-13  2.40155E-17  4.56798E-17
  1.005E+02  5.91118E-01 -8.66570E-14 -5.26511E-13 -1.05502E-13 -5.46641E-13  2.40404E-17  4.53112E-17
  1.010E+02  5.95404E-01 -8.39582E-14 -5.18567E-13 -1.03436E-13 -5.42477E-13  2.40688E-17  4.49488E-17
  1.015E+02  5.99684E-01 -8.13286E-14 -5.10732E-13 -1.01406E-13 -5.38327E-13  2.41005E-17  4.45924E-17
  1.020E+02  6.03956E-01 -7.87665E-14 -5.03005E-13 -9.94101E-14 -5.34192E-13  0.00000E+00  2.21210E-17
  1.025E+02  6.08220E-01 -7.62699E-14 -4.95383E-13 -9.74480E-14 -5.30072E-13  0.00000E+00  2.19487E-17
  1.030E+02  6.12476E-01 -7.38374E-14 -4.87865E-13 -9.55192E-14 -5.25967E-13  0.00000E+00  0.00000E+00
  1.035E+02  6.16723E-01 -7.14672E-14 -4.80449E-13 -9.36232E-14 -5.21876E-13  0.00000E+00  0.00000E+00
  1.040E+02  6.20961E-01 -6.91579E-14 -4.73135E-13 -9.17594E-14 -5.17800E-13  4.86214E-17  2.14487E-17
  1.045E+02  6.25190E-01 -6.69081E-14 -4.65920E-13 -8.99273E-14 -5.13737E-13  4.87263E-17  0.00000E+00
  1.050E+02  6.29410E-01 -6.47162E-14 -4.58803E-13 -8.81265E-14 -5.09689E-13  0.00000E+00  0.00000E+00
  1.055E+02  6.33619E-01 -6.25807E-14 -4.51783E-13 -8.63564E-14 -5.05655E-13  2.44787E-17  0.00000E+00
  1.060E+02  6.37819E-01 -6.05003E-14 -4.44858E-13 -8.46165E-14 -5.01634E-13  2.45417E-17  2.08194E-17
  1.065E+02  6.42008E-01 -5.84734E-14 -4.38027E-13 -8.29064E-14 -4.97628E-13  2.46085E-17  2.06685E-17
  1.070E+02  6.46186E-01 -5.64988E-14 -4.31288E-13 -8.12257E-14 -4.93634E-13  0.00000E+00  0.00000E+00
  1.075E+02  6.50353E-01 -5.45752E-14 -4.24641E-13 -7.95737E-14 -4.89655E-13  0.00000E+00  2.03738E-17
  1.080E+02  6.54508E-01 -5.27014E-14 -4.18083E-13 -7.79502E-14 -4.85688E-13  0.00000E+00  2.02300E-17
  1.085E+02  6.58652E-01 -5.08764E-14 -4.11614E-13 -7.63546E-14 -4.81735E-13  2.49119E-17  0.00000E+00
  1.090E+02  6.62784E-01 -4.90986E-14 -4.05233E-13 -7.47866E-14 -4.77795E-13  2.49970E-17  0.00000E+00
  1.095E+02  6.66903E-01 -4.73670E-14 -3.98937E-13 -7.32457E-14 -4.73868E-13  2.50860E-17  0.00000E+00
  1.100E+02  6.71010E-01 -4.56804E-14 -3.92727E-13 -7.17314E-14 -4.69954E-13  2.51788E-17  0.00000E+00
  1.105E+02  6.75104E-01 -4.40376E-14 -3.86599E-13 -7.02434E-14 -4.66052E-13  0.00000E+00  1.95450E-17
  1.110E+02  6.79184E-01 -4.24377E-14 -3.80555E-13 -6.87813E-14 -4.62163E-13  1.26881E-17  3.88290E-17
  1.115E+02  6.83251E-01 -4.08796E-14 -3.74592E-13 -6.73446E-14 -4.58287E-13  0.00000E+00  5.78581E-17
  1.120E+02  6.87303E-01 -3.93624E-14 -3.68709E-13 -6.59330E-14 -4.54423E-13  0.00000E+00  5.74788E-17
  1.125E+02  6.91342E-01 -3.78849E-14 -3.62906E-13 -6.45461E-14 -4.50571E-13  1.28510E-17  3.80704E-17
  1.130E+02  6.95366E-01 -3.64463E-14 -3.57181E-13 -6.31835E-14 -4.46731E-13  0.00000E+00  3.78255E-17
  1.135E+02  6.99375E-01 -3.50454E-14 -3.51533E-13 -6.18449E-14 -4.42903E-13  1.29699E-17  3.75844E-17
  1.140E+02  7.03368E-01 -3.36813E-14 -3.45961E-13 -6.05298E-14 -4.39087E-13  2.60652E-17  3.73472E-17
  1.145E+02  7.07347E-01 -3.23533E-14 -3.40464E-13 -5.92379E-14 -4.35283E-13  3.92921E-17  0.00000E+00
  1.150E+02  7.11309E-01 -3.10604E-14 -3.35041E-13 -5.79689E-14 -4.31490E-13  2.63287E-17  1.84419E-17
  1.155E+02  7.15256E-01 -2.98018E-14 -3.29691E-13 -5.67224E-14 -4.27709E-13  2.64670E-17  3.66575E-17
  1.160E+02  7.19186E-01 -2.85767E-14 -3.24414E-13 -5.54981E-14 -4.23939E-13  1.33049E-17  5.46522E-17
  1.165E+02  7.23099E-01 -2.73843E-14 -3.19208E-13 -5.42956E-14 -4.20181E-13  1.33786E-17  5.43233E-17
  1.170E+02  7.26995E-01 -2.62235E-14 -3.14072E-13 -5.31146E-14 -4.16433E-13  0.00000E+00  3.59998E-17
  1.175E+02  7.30874E-01 -2.50938E-14 -3.09005E-13 -5.19548E-14 -4.12697E-13  2.70660E-17  3.57873E-17
  1.180E+02  7.34736E-01 -2.39943E-14 -3.04007E-13 -5.08158E-14 -4.08972E-13  4.08412E-17  3.55782E-17
  1.185E+02  7.38579E-01 -2.29243E-14 -2.99076E-13 -4.96974E-14 -4.05257E-13  2.73939E-17  3.53723E-17
  1.190E+02  7.42405E-01 -2.18832E-14 -2.94212E-13 -4.85992E-14 -4.01554E-13  2.75652E-17  3.51696E-17
  1.195E+02  7.46212E-01 -2.08703E-14 -2.89415E-13 -4.75209E-14 -3.97860E-13  1.38707E-17  1.74851E-17
  1.200E+02  7.50000E-01 -1.98848E-14 -2.84683E-13 -4.64623E-14 -3.94178E-13  1.39615E-17  1.73869E-17
  1.205E+02  7.53769E-01 -1.89260E-14 -2.80015E-13 -4.54230E-14 -3.90505E-13  2.81095E-17  1.72902E-17
  1.210E+02  7.57519E-01 -1.79932E-14 -2.75410E-13 -4.44027E-14 -3.86843E-13  2.83015E-17  1.71950E-17
  1.215E+02  7.61249E-01 -1.70858E-14 -2.70868E-13 -4.34011E-14 -3.83191E-13  1.42494E-17  0.00000E+00
  1.220E+02  7.64960E-01 -1.62032E-14 -2.66388E-13 -4.24180E-14 -3.79550E-13  2.15262E-17  1.70091E-17
  1.225E+02  7.68650E-01 -1.53450E-14 -2.61970E-13 -4.14531E-14 -3.75918E-13  2.89101E-17  1.69183E-17
  1.230E+02  7.72320E-01 -1.45104E-14 -2.57612E-13 -4.05061E-14 -3.72296E-13  3.64051E-17  1.68289E-17
  1.235E+02  7.75968E-01 -1.36988E-14 -2.53315E-13 -3.95767E-14 -3.68683E-13  3.66800E-17  3.34818E-17
  1.240E+02  7.79596E-01 -1.29097E-14 -2.49076E-13 -3.86647E-14 -3.65081E-13  4.43546E-17  1.66543E-17
  1.245E+02  7.83203E-01 -1.21424E-14 -2.44895E-13 -3.77698E-14 -3.61487E-13  2.98015E-17  1.65690E-17
  1.250E+02  7.86788E-01 -1.13964E-14 -2.40773E-13 -3.68918E-14 -3.57903E-13  3.75494E-17  0.00000E+00
  1.255E+02  7.90351E-01 -1.06713E-14 -2.36707E-13 -3.60303E-14 -3.54329E-13  0.00000E+00  1.64024E-17
  1.260E+02  7.93893E-01 -9.96652E-15 -2.32698E-13 -3.51852E-14 -3.50764E-13  1.52671E-17  0.00000E+00
  1.265E+02  7.97411E-01 -9.28166E-15 -2.28745E-13 -3.43561E-14 -3.47207E-13  7.69784E-18  1.62409E-17
  1.270E+02  8.00908E-01 -8.61617E-15 -2.24847E-13 -3.35429E-14 -3.43660E-13  7.76375E-18  1.61621E-17
  1.275E+02  8.04381E-01 -7.96950E-15 -2.21003E-13 -3.27454E-14 -3.40122E-13  1.56627E-17  3.21689E-17
  1.280E+02  8.07831E-01 -7.34113E-15 -2.17214E-13 -3.19631E-14 -3.36592E-13  2.76525E-17  4.80242E-17
  1.285E+02  8.11257E-01 -6.73061E-15 -2.13477E-13 -3.11960E-14 -3.33072E-13  4.38450E-17  4.77987E-17
  1.290E+02  8.14660E-01 -6.13754E-15 -2.09793E-13 -3.04438E-14 -3.29559E-13  6.03354E-17  4.75766E-17
  1.295E+02  8.18039E-01 -5.56155E-15 -2.06162E-13 -2.97063E-14 -3.26055E-13  5.68362E-17  6.31441E-17
  1.300E+02  8.21394E-01 -5.00224E-15 -2.02582E-13 -2.89832E-14 -3.22560E-13  4.50783E-17  3.14287E-17
  1.305E+02  8.24724E-01 -4.45918E-15 -1.99054E-13 -2.82743E-14 -3.19073E-13  4.13728E-17  1.56438E-17
  1.310E+02  8.28030E-01 -3.93188E-15 -1.95576E-13 -2.75794E-14 -3.15594E-13  3.34200E-17  1.55743E-17
  1.315E+02  8.31310E-01 -3.41989E-15 -1.92148E-13 -2.68983E-14 -3.12123E-13  2.32030E-17  0.00000E+00
  1.320E+02  8.34565E-01 -2.92282E-15 -1.88769E-13 -2.62307E-14 -3.08660E-13  1.49134E-17  3.08774E-17
  1.325E+02  8.37795E-01 -2.44032E-15 -1.85439E-13 -2.55766E-14 -3.05205E-13  0.00000E+00  4.61175E-17
  1.330E+02  8.40999E-01 -1.97210E-15 -1.82157E-13 -2.49355E-14 -3.01758E-13  2.17429E-18  6.12295E-17
  1.335E+02  8.44177E-01 -1.51783E-15 -1.78924E-13 -2.43074E-14 -2.98319E-13  1.31820E-17  9.14598E-17
  1.340E+02  8.47329E-01 -1.07715E-15 -1.75739E-13 -2.36921E-14 -2.94887E-13  2.44228E-17  9.10814E-17
  1.345E+02  8.50455E-01 -6.49649E-16 -1.72600E-13 -2.30893E-14 -2.91463E-13  3.08559E-17  6.04728E-17
  1.350E+02  8.53553E-01 -2.34923E-16 -1.69508E-13 -2.24988E-14 -2.88046E-13  3.96980E-17  6.02286E-17
  1.355E+02  8.56625E-01  1.67384E-16 -1.66461E-13 -2.19205E-14 -2.84636E-13  4.80188E-17  5.99884E-17
  1.360E+02  8.59670E-01  5.57564E-16 -1.63460E-13 -2.13541E-14 -2.81234E-13  5.39171E-17  4.48141E-17
  1.365E+02  8.62687E-01  9.35862E-16 -1.60505E-13 -2.07995E-14 -2.77838E-13  5.74574E-17  1.48799E-17
  1.370E+02  8.65677E-01  1.30253E-15 -1.57594E-13 -2.02564E-14 -2.74450E-13  6.16722E-17  1.48228E-17
  1.375E+02  8.68639E-01  1.65785E-15 -1.54727E-13 -1.97247E-14 -2.71069E-13  6.11859E-17  0.00000E+00
  1.380E+02  8.71572E-01  2.00219E-15 -1.51905E-13 -1.92043E-14 -2.67694E-13  5.82607E-17  2.94226E-17
  1.385E+02  8.74478E-01  2.33590E-15 -1.49126E-13 -1.86948E-14 -2.64327E-13  5.15817E-17  1.46570E-17
  1.390E+02  8.77355E-01  2.65931E-15 -1.46390E-13 -1.81962E-14 -2.60966E-13  4.72282E-17  5.84140E-17
  1.395E+02  8.80203E-01  2.97269E-15 -1.43696E-13 -1.77082E-14 -2.57611E-13  2.51580E-17  5.82038E-17
  1.400E+02  8.83022E-01  3.27624E-15 -1.41045E-13 -1.72307E-14 -2.54263E-13  1.01865E-17  5.79972E-17
  1.405E+02  8.85812E-01  3.57014E-15 -1.38436E-13 -1.67635E-14 -2.50922E-13  5.15627E-18  5.77940E-17
  1.410E+02  8.88573E-01  3.85459E-15 -1.35868E-13 -1.63065E-14 -2.47587E-13  3.13244E-17  2.87972E-17
  1.415E+02  8.91304E-01  4.12988E-15 -1.33342E-13 -1.58594E-14 -2.44258E-13  4.75802E-17  1.43495E-17
  1.420E+02  8.94005E-01  4.39634E-15 -1.30857E-13 -1.54221E-14 -2.40935E-13  6.42496E-17  2.14520E-17
  1.425E+02  8.96677E-01  4.65435E-15 -1.28412E-13 -1.49944E-14 -2.37618E-13  1.08463E-16  1.42539E-17
  1.430E+02  8.99318E-01  4.90417E-15 -1.26006E-13 -1.45762E-14 -2.34307E-13  9.88864E-17  2.13111E-17
  1.435E+02  9.01928E-01  5.14603E-15 -1.23640E-13 -1.41673E-14 -2.31002E-13  1.28014E-16  4.24849E-17
  1.440E+02  9.04508E-01  5.37974E-15 -1.21315E-13 -1.37675E-14 -2.27703E-13  1.18431E-16  2.82334E-17
  1.445E+02  9.07058E-01  5.60525E-15 -1.19029E-13 -1.33767E-14 -2.24409E-13  1.14298E-16  4.22178E-17
  1.450E+02  9.09576E-01  5.82349E-15 -1.16781E-13 -1.29947E-14 -2.21122E-13  8.10867E-17  4.91024E-17
  1.455E+02  9.12063E-01  6.03472E-15 -1.14572E-13 -1.26214E-14 -2.17839E-13  5.87060E-17  6.99336E-17
  1.460E+02  9.14519E-01  6.23901E-15 -1.12400E-13 -1.22566E-14 -2.14562E-13  4.76081E-17  6.27523E-17
  1.465E+02  9.16943E-01  6.43643E-15 -1.10266E-13 -1.19001E-14 -2.11291E-13  1.20663E-17  6.25678E-17
  1.470E+02  9.19335E-01  6.62705E-15 -1.08171E-13 -1.15519E-14 -2.08024E-13  2.44682E-17  4.85231E-17
  1.475E+02  9.21696E-01  6.81106E-15 -1.06112E-13 -1.12117E-14 -2.04763E-13  7.44319E-17  2.76485E-17
  1.480E+02  9.24024E-01  6.98870E-15 -1.04091E-13 -1.08793E-14 -2.01507E-13  1.38381E-16  6.89276E-18
  1.485E+02  9.26320E-01  7.16024E-15 -1.02107E-13 -1.05548E-14 -1.98256E-13  1.78619E-16  4.12425E-17
  1.490E+02  9.28584E-01  7.32593E-15 -1.00159E-13 -1.02378E-14 -1.95009E-13  2.07049E-16  8.22615E-17
  1.495E+02  9.30815E-01  7.48594E-15 -9.82465E-14 -9.92833E-15 -1.91768E-13  1.83768E-16  1.09390E-16
  1.500E+02  9.33013E-01  7.64037E-15 -9.63701E-14 -9.62614E-15 -1.88532E-13  1.59788E-16  1.50017E-16
  1.505E+02  9.35178E-01  7.78932E-15 -9.45296E-14 -9.33112E-15 -1.85300E-13  1.62105E-16  1.56432E-16
  1.510E+02  9.37310E-01  7.93288E-15 -9.27247E-14 -9.04313E-15 -1.82072E-13  1.09644E-16  1.62820E-16
  1.515E+02  9.39409E-01  8.07122E-15 -9.09553E-14 -8.76203E-15 -1.78849E-13  4.17179E-17  1.48881E-16
  1.520E+02  9.41474E-01  8.20458E-15 -8.92209E-14 -8.48769E-15 -1.75631E-13  1.41101E-17  1.14764E-16
  1.525E+02  9.43505E-01  8.33316E-15 -8.75210E-14 -8.21995E-15 -1.72417E-13  7.15897E-17  9.42852E-17
  1.530E+02  9.45503E-01  8.45714E-15 -8.58555E-14 -7.95869E-15 -1.69207E-13  1.45295E-16  4.70318E-17
  1.535E+02  9.47467E-01  8.57663E-15 -8.42240E-14 -7.70377E-15 -1.66001E-13  1.76937E-16  6.70335E-18
  1.540E+02  9.49397E-01  8.69169E-15 -8.26267E-14 -7.45505E-15 -1.62800E-13  2.24454E-16  5.35056E-17
  1.545E+02  9.51293E-01  8.80239E-15 -8.10634E-14 -7.21239E-15 -1.59602E-13  2.27790E-16  8.67539E-17
  1.550E+02  9.53154E-01  8.90884E-15 -7.95340E-14 -6.97568E-15 -1.56409E-13  2.00354E-16  1.46495E-16
  1.555E+02  9.54981E-01  9.01124E-15 -7.80382E-14 -6.74478E-15 -1.53219E-13  1.56412E-16  1.52829E-16
  1.560E+02  9.56773E-01  9.10977E-15 -7.65755E-14 -6.51954E-15 -1.50033E-13  1.42865E-16  1.59141E-16
  1.565E+02  9.58530E-01  9.20460E-15 -7.51456E-14 -6.29986E-15 -1.46850E-13  8.05495E-17  1.58817E-16
  1.570E+02  9.60252E-01  9.29585E-15 -7.37484E-14 -6.08558E-15 -1.43672E-13  1.63492E-17  1.18875E-16
  1.575E+02  9.61940E-01  9.38355E-15 -7.23838E-14 -5.87660E-15 -1.40497E-13  6.63659E-17  9.22780E-17
  1.580E+02  9.63592E-01  9.46773E-15 -7.10520E-14 -5.67277E-15 -1.37325E-13  1.51530E-16  6.57872E-17
  1.585E+02  9.65209E-01  9.54848E-15 -6.97527E-14 -5.47398E-15 -1.34156E-13  1.53762E-16  1.96994E-17
  1.590E+02  9.66790E-01  9.62594E-15 -6.84858E-14 -5.28010E-15 -1.30991E-13  2.08022E-16  1.31090E-17
  1.595E+02  9.68336E-01  9.70029E-15 -6.72507E-14 -5.09100E-15 -1.27829E-13  2.11058E-16  1.30858E-17
  1.600E+02  9.69846E-01  9.77169E-15 -6.60473E-14 -4.90656E-15 -1.24671E-13  1.78434E-16  4.57209E-17
  1.605E+02  9.71321E-01  9.84024E-15 -6.48754E-14 -4.72665E-15 -1.21515E-13  1.62907E-16  3.91232E-17
  1.610E+02  9.72759E-01  9.90597E-15 -6.37349E-14 -4.55116E-15 -1.18362E-13  9.17994E-17  3.25491E-17
  1.615E+02  9.74162E-01  9.96888E-15 -6.26260E-14 -4.37996E-15 -1.15212E-13  3.72410E-17  6.49939E-18
  1.620E+02  9.75528E-01  1.00290E-14 -6.15485E-14 -4.21294E-15 -1.12065E-13  5.66468E-17  1.29785E-17
  1.625E+02  9.76858E-01  1.00865E-14 -6.05024E-14 -4.04996E-15 -1.08921E-13  5.74347E-17  3.23972E-17
  1.630E+02  9.78152E-01  1.01415E-14 -5.94871E-14 -3.89091E-15 -1.05780E-13  1.35857E-16  4.52894E-17
  1.635E+02  9.79410E-01  1.01941E-14 -5.85026E-14 -3.73568E-15 -1.02641E-13  1.77045E-16  5.16854E-17
  1.640E+02  9.80631E-01  1.02445E-14 -5.75485E-14 -3.58414E-15 -9.95040E-14  1.79417E-16  5.80656E-17
  1.645E+02  9.81815E-01  1.02926E-14 -5.66248E-14 -3.43617E-15 -9.63699E-14  2.01984E-16  2.57723E-17
  1.650E+02  9.82963E-01  1.03385E-14 -5.57317E-14 -3.29166E-15 -9.32382E-14  1.22763E-16  1.28694E-17
  1.655E+02  9.84074E-01  1.03821E-14 -5.48693E-14 -3.15049E-15 -9.01087E-14  8.28855E-17  5.78397E-17
  1.660E+02  9.85148E-01  1.04236E-14 -5.40373E-14 -3.01254E-15 -8.69814E-14  0.00000E+00  1.34796E-16
  1.665E+02  9.86185E-01  1.04630E-14 -5.32355E-14 -2.87771E-15 -8.38563E-14  0.00000E+00  1.92340E-16
  1.670E+02  9.87185E-01  1.05006E-14 -5.24636E-14 -2.74587E-15 -8.07332E-14  1.71928E-16  2.68973E-16
  1.675E+02  9.88148E-01  1.05364E-14 -5.17213E-14 -2.61690E-15 -7.76120E-14  2.17419E-16  3.32653E-16
  1.680E+02  9.89074E-01  1.05704E-14 -5.10087E-14 -2.49070E-15 -7.44928E-14  2.63870E-16  3.70650E-16
  1.685E+02  9.89962E-01  1.06026E-14 -5.03259E-14 -2.36715E-15 -7.13753E-14  3.55715E-16  3.83048E-16
  1.690E+02  9.90814E-01  1.06330E-14 -4.96731E-14 -2.24614E-15 -6.82596E-14  2.24703E-16  3.95439E-16
  1.695E+02  9.91627E-01  1.06615E-14 -4.90501E-14 -2.12755E-15 -6.51456E-14  2.27029E-16  3.50472E-16
  1.700E+02  9.92404E-01  1.06884E-14 -4.84567E-14 -2.01127E-15 -6.20331E-14  9.17180E-17  2.61034E-16
  1.705E+02  9.93143E-01  1.07138E-14 -4.78926E-14 -1.89719E-15 -5.89222E-14  0.00000E+00  1.39951E-16
  1.710E+02  9.93844E-01  1.07377E-14 -4.73576E-14 -1.78520E-15 -5.58127E-14  9.34522E-17  1.90693E-17
  1.715E+02  9.94508E-01  1.07602E-14 -4.68515E-14 -1.67518E-15 -5.27045E-14  1.41413E-16  2.03254E-16
  1.720E+02  9.95134E-01  1.07813E-14 -4.63747E-14 -1.56703E-15 -4.95976E-14  2.85199E-16  3.99877E-16
  1.725E+02  9.95722E-01  1.08007E-14 -4.59274E-14 -1.46062E-15 -4.64919E-14  2.87465E-16  6.21623E-16
  1.730E+02  9.96273E-01  1.08187E-14 -4.55096E-14 -1.35586E-15 -4.33874E-14  3.37888E-16  7.98738E-16
  1.735E+02  9.96786E-01  1.08352E-14 -4.51210E-14 -1.25263E-15 -4.02839E-14  4.37479E-16  1.00102E-15
  1.740E+02  9.97261E-01  1.08503E-14 -4.47613E-14 -1.15082E-15 -3.71813E-14  4.40347E-16  1.15879E-15
  1.745E+02  9.97698E-01  1.08644E-14 -4.44301E-14 -1.05033E-15 -3.40797E-14  3.44574E-16  1.29114E-15
  1.750E+02  9.98097E-01  1.08772E-14 -4.41275E-14 -9.51028E-16 -3.09790E-14  2.97002E-16  1.38546E-15
  1.755E+02  9.98459E-01  1.08889E-14 -4.38537E-14 -8.52820E-16 -2.78789E-14  1.49257E-16  1.40388E-15
  1.760E+02  9.98782E-01  1.08991E-14 -4.36091E-14 -7.55592E-16 -2.47795E-14  4.99799E-17  1.34016E-15
  1.765E+02  9.99067E-01  1.09080E-14 -4.33938E-14 -6.59236E-16 -2.16808E-14  3.01093E-16  1.23230E-15
  1.770E+02  9.99315E-01  1.09154E-14 -4.32077E-14 -5.63644E-16 -1.85825E-14  4.02867E-16  9.79250E-16
  1.775E+02  9.99524E-01  1.09217E-14 -4.30503E-14 -4.68706E-16 -1.54848E-14  5.55593E-16  5.36883E-16
  1.780E+02  9.99695E-01  1.09269E-14 -4.29211E-14 -3.74313E-16 -1.23874E-14  9.62016E-16  2.33657E-16
  1.785E+02  9.99829E-01  1.09313E-14 -4.28200E-14 -2.80356E-16 -9.29028E-15  1.01460E-15  1.76164E-15
  1.790E+02  9.99924E-01  1.09347E-14 -4.27470E-14 -1.86724E-16 -6.19340E-15  1.16841E-15  5.58108E-15
  1.795E+02  9.99981E-01  1.09368E-14 -4.27030E-14 -9.33087E-17 -3.09667E-15  1.57614E-15  2.16285E-14
  1.800E+02  1.00000E+00  1.09379E-14 -4.26881E-14 -1.30922E-30 -4.34567E-29  3.09215E-14  6.65067E-11
