 #  Spin polarization functions (in cm)      MU=(1-cos(TH))/2
 #  Z =  47,   projectile: electron
 #  Kinetic energy = 6.10000E+06 eV
 #
 # TH (deg)      MU            U            S            T      1-U^2-T^2-S^2
 #------------------------------------------------------------------------------
  0.000E+00  0.00000E+00  0.00000E+00  0.00000E+00  1.00000E+00  0.00000E+00
  1.000E-04  7.61557E-13  1.61042E-06  6.04309E-12  1.00000E+00  2.22045E-16
  1.250E-04  1.18994E-12  2.01303E-06  7.55378E-12  1.00000E+00  0.00000E+00
  1.500E-04  1.71346E-12  2.41563E-06  9.06442E-12  1.00000E+00  0.00000E+00
  1.750E-04  2.33225E-12  2.81824E-06  1.05750E-11  1.00000E+00 -2.22045E-16
  2.000E-04  3.04617E-12  3.22085E-06  1.20855E-11  1.00000E+00 -4.44089E-16
  2.250E-04  3.85530E-12  3.62345E-06  1.35959E-11  1.00000E+00 -2.22045E-16
  2.500E-04  4.75964E-12  4.02606E-06  1.51062E-11  1.00000E+00  3.33067E-16
  2.750E-04  5.75917E-12  4.42866E-06  1.66164E-11  1.00000E+00  3.33067E-16
  3.000E-04  6.85391E-12  4.83127E-06  1.81265E-11  1.00000E+00  0.00000E+00
  3.250E-04  8.04379E-12  5.23387E-06  1.96365E-11  1.00000E+00  0.00000E+00
  3.500E-04  9.32893E-12  5.63648E-06  2.11463E-11  1.00000E+00 -2.22045E-16
  3.750E-04  1.07092E-11  6.03909E-06  2.26560E-11  1.00000E+00  0.00000E+00
  4.000E-04  1.21847E-11  6.44169E-06  2.41655E-11  1.00000E+00  1.11022E-16
  4.250E-04  1.37554E-11  6.84430E-06  2.56748E-11  1.00000E+00 -2.22045E-16
  4.500E-04  1.54213E-11  7.24690E-06  2.71840E-11  1.00000E+00  0.00000E+00
  4.750E-04  1.71823E-11  7.64951E-06  2.86929E-11  1.00000E+00  2.22045E-16
  5.000E-04  1.90386E-11  8.05211E-06  3.02017E-11  1.00000E+00  2.22045E-16
  5.250E-04  2.09900E-11  8.45472E-06  3.17102E-11  1.00000E+00 -4.44089E-16
  5.500E-04  2.30367E-11  8.85732E-06  3.32185E-11  1.00000E+00 -2.22045E-16
  5.750E-04  2.51785E-11  9.25993E-06  3.47266E-11  1.00000E+00  0.00000E+00
  6.000E-04  2.74156E-11  9.66254E-06  3.62345E-11  1.00000E+00  2.22045E-16
  6.250E-04  2.97478E-11  1.00651E-05  3.77420E-11  1.00000E+00  1.11022E-16
  6.500E-04  3.21752E-11  1.04677E-05  3.92494E-11  1.00000E+00  0.00000E+00
  6.750E-04  3.46979E-11  1.08704E-05  4.07564E-11  1.00000E+00  2.22045E-16
  7.000E-04  3.73157E-11  1.12730E-05  4.22632E-11  1.00000E+00  3.33067E-16
  7.250E-04  4.00286E-11  1.16756E-05  4.37696E-11  1.00000E+00  0.00000E+00
  7.500E-04  4.28368E-11  1.20782E-05  4.52758E-11  1.00000E+00  2.22045E-16
  7.750E-04  4.57402E-11  1.24808E-05  4.67816E-11  1.00000E+00  3.33067E-16
  8.000E-04  4.87388E-11  1.28834E-05  4.82871E-11  1.00000E+00  1.11022E-16
  8.250E-04  5.18325E-11  1.32860E-05  4.97922E-11  1.00000E+00  2.22045E-16
  8.500E-04  5.50215E-11  1.36886E-05  5.12970E-11  1.00000E+00  3.33067E-16
  8.750E-04  5.83057E-11  1.40912E-05  5.28015E-11  1.00000E+00  0.00000E+00
  9.000E-04  6.16850E-11  1.44938E-05  5.43055E-11  1.00000E+00 -2.22045E-16
  9.250E-04  6.51595E-11  1.48964E-05  5.58092E-11  1.00000E+00 -2.22045E-16
  9.500E-04  6.87293E-11  1.52990E-05  5.73126E-11  1.00000E+00 -2.22045E-16
  9.750E-04  7.23943E-11  1.57016E-05  5.88154E-11  1.00000E+00  1.11022E-16
  1.000E-03  7.61544E-11  1.61042E-05  6.03179E-11  1.00000E+00 -2.22045E-16
  1.250E-03  1.18991E-10  2.01303E-05  7.53181E-11  1.00000E+00  1.11022E-16
  1.500E-03  1.71347E-10  2.41563E-05  9.02662E-11  1.00000E+00  2.22045E-16
  1.750E-03  2.33223E-10  2.81824E-05  1.05153E-10  1.00000E+00  1.11022E-16
  2.000E-03  3.04617E-10  3.22085E-05  1.19970E-10  1.00000E+00  1.11022E-16
  2.250E-03  3.85531E-10  3.62345E-05  1.34708E-10  1.00000E+00 -2.22045E-16
  2.500E-03  4.75965E-10  4.02606E-05  1.49359E-10  1.00000E+00  2.22045E-16
  2.750E-03  5.75917E-10  4.42867E-05  1.63918E-10  1.00000E+00 -4.44089E-16
  3.000E-03  6.85389E-10  4.83127E-05  1.78378E-10  1.00000E+00 -2.22045E-16
  3.250E-03  8.04380E-10  5.23388E-05  1.92733E-10  1.00000E+00 -2.22045E-16
  3.500E-03  9.32891E-10  5.63648E-05  2.06979E-10  1.00000E+00 -4.44089E-16
  3.750E-03  1.07092E-09  6.03909E-05  2.21113E-10  1.00000E+00  2.22045E-16
  4.000E-03  1.21847E-09  6.44170E-05  2.35133E-10  1.00000E+00 -2.22045E-16
  4.250E-03  1.37554E-09  6.84431E-05  2.49036E-10  1.00000E+00  1.11022E-16
  4.500E-03  1.54213E-09  7.24691E-05  2.62823E-10  1.00000E+00  0.00000E+00
  4.750E-03  1.71823E-09  7.64952E-05  2.76495E-10  1.00000E+00  1.11022E-16
  5.000E-03  1.90386E-09  8.05213E-05  2.90053E-10  1.00000E+00  1.11022E-16
  5.250E-03  2.09900E-09  8.45474E-05  3.03500E-10  1.00000E+00  1.11022E-16
  5.500E-03  2.30367E-09  8.85734E-05  3.16840E-10  1.00000E+00  3.33067E-16
  5.750E-03  2.51785E-09  9.25995E-05  3.30077E-10  1.00000E+00 -2.22045E-16
  6.000E-03  2.74156E-09  9.66256E-05  3.43219E-10  1.00000E+00  1.11022E-16
  6.250E-03  2.97478E-09  1.00652E-04  3.56272E-10  1.00000E+00 -4.44089E-16
  6.500E-03  3.21752E-09  1.04678E-04  3.69243E-10  1.00000E+00  2.22045E-16
  6.750E-03  3.46978E-09  1.08704E-04  3.82141E-10  1.00000E+00 -2.22045E-16
  7.000E-03  3.73156E-09  1.12730E-04  3.94977E-10  1.00000E+00  1.11022E-16
  7.250E-03  4.00286E-09  1.16756E-04  4.07760E-10  1.00000E+00  3.33067E-16
  7.500E-03  4.28368E-09  1.20782E-04  4.20502E-10  1.00000E+00  4.44089E-16
  7.750E-03  4.57402E-09  1.24808E-04  4.33215E-10  1.00000E+00 -4.44089E-16
  8.000E-03  4.87388E-09  1.28834E-04  4.45910E-10  1.00000E+00 -2.22045E-16
  8.250E-03  5.18326E-09  1.32860E-04  4.58602E-10  1.00000E+00 -2.22045E-16
  8.500E-03  5.50215E-09  1.36886E-04  4.71302E-10  1.00000E+00  4.44089E-16
  8.750E-03  5.83057E-09  1.40913E-04  4.84026E-10  1.00000E+00  3.33067E-16
  9.000E-03  6.16850E-09  1.44939E-04  4.96786E-10  1.00000E+00  3.33067E-16
  9.250E-03  6.51596E-09  1.48965E-04  5.09596E-10  1.00000E+00 -2.22045E-16
  9.500E-03  6.87293E-09  1.52991E-04  5.22472E-10  1.00000E+00 -4.44089E-16
  9.750E-03  7.23942E-09  1.57017E-04  5.35426E-10  1.00000E+00  1.11022E-16
  1.000E-02  7.61544E-09  1.61043E-04  5.48473E-10  1.00000E+00  2.22045E-16
  1.250E-02  1.18991E-08  2.01304E-04  6.86801E-10  1.00000E+00  0.00000E+00
  1.500E-02  1.71347E-08  2.41565E-04  8.45343E-10  1.00000E+00  1.11022E-16
  1.750E-02  2.33223E-08  2.81825E-04  1.02483E-09  1.00000E+00  1.11022E-16
  2.000E-02  3.04617E-08  3.22086E-04  1.21738E-09  1.00000E+00 -2.22045E-16
  2.250E-02  3.85531E-08  3.62347E-04  1.41356E-09  1.00000E+00 -2.22045E-16
  2.500E-02  4.75965E-08  4.02608E-04  1.61083E-09  1.00000E+00  0.00000E+00
  2.750E-02  5.75917E-08  4.42869E-04  1.81622E-09  1.00000E+00  0.00000E+00
  3.000E-02  6.85389E-08  4.83130E-04  2.04086E-09  1.00000E+00  0.00000E+00
  3.250E-02  8.04380E-08  5.23391E-04  2.29050E-09  1.00000E+00  0.00000E+00
  3.500E-02  9.32891E-08  5.63651E-04  2.56032E-09  1.00000E+00  3.33067E-16
  3.750E-02  1.07092E-07  6.03912E-04  2.83897E-09  1.00000E+00  2.22045E-16
  4.000E-02  1.21847E-07  6.44173E-04  3.11889E-09  1.00000E+00  3.33067E-16
  4.250E-02  1.37554E-07  6.84434E-04  3.40386E-09  1.00000E+00 -2.22045E-16
  4.500E-02  1.54213E-07  7.24696E-04  3.70658E-09  1.00000E+00  1.11022E-16
  4.750E-02  1.71823E-07  7.64957E-04  4.03782E-09  1.00000E+00 -2.22045E-16
  5.000E-02  1.90386E-07  8.05218E-04  4.39656E-09  1.00000E+00  0.00000E+00
  5.250E-02  2.09900E-07  8.45479E-04  4.77045E-09  1.00000E+00  2.22045E-16
  5.500E-02  2.30367E-07  8.85740E-04  5.14683E-09  1.00000E+00 -2.22045E-16
  5.750E-02  2.51785E-07  9.26001E-04  5.52503E-09  1.00000E+00 -2.22045E-16
  6.000E-02  2.74156E-07  9.66262E-04  5.91819E-09  1.00000E+00  4.44089E-16
  6.250E-02  2.97478E-07  1.00652E-03  6.34229E-09  9.99999E-01  3.33067E-16
  6.500E-02  3.21752E-07  1.04678E-03  6.80158E-09  9.99999E-01  2.22045E-16
  6.750E-02  3.46978E-07  1.08705E-03  7.28386E-09  9.99999E-01  1.11022E-16
  7.000E-02  3.73156E-07  1.12731E-03  7.77102E-09  9.99999E-01  0.00000E+00
  7.250E-02  4.00286E-07  1.16757E-03  8.25604E-09  9.99999E-01  0.00000E+00
  7.500E-02  4.28368E-07  1.20783E-03  8.75094E-09  9.99999E-01  1.11022E-16
  7.750E-02  4.57402E-07  1.24809E-03  9.27734E-09  9.99999E-01 -2.22045E-16
  8.000E-02  4.87388E-07  1.28835E-03  9.84705E-09  9.99999E-01  1.11022E-16
  8.250E-02  5.18325E-07  1.32861E-03  1.04503E-08  9.99999E-01  3.33067E-16
  8.500E-02  5.50215E-07  1.36888E-03  1.10635E-08  9.99999E-01  0.00000E+00
  8.750E-02  5.83057E-07  1.40914E-03  1.16705E-08  9.99999E-01 -4.44089E-16
  9.000E-02  6.16850E-07  1.44940E-03  1.22792E-08  9.99999E-01 -2.22045E-16
  9.250E-02  6.51596E-07  1.48966E-03  1.29160E-08  9.99999E-01 -2.22045E-16
  9.500E-02  6.87293E-07  1.52992E-03  1.36026E-08  9.99999E-01  3.33067E-16
  9.750E-02  7.23942E-07  1.57018E-03  1.43347E-08  9.99999E-01  2.22045E-16
  1.000E-01  7.61543E-07  1.61045E-03  1.50842E-08  9.99999E-01 -4.44089E-16
  1.250E-01  1.18991E-06  2.01307E-03  2.33352E-08  9.99998E-01  0.00000E+00
  1.500E-01  1.71347E-06  2.41569E-03  3.37579E-08  9.99997E-01 -2.22045E-16
  1.750E-01  2.33223E-06  2.81832E-03  4.56571E-08  9.99996E-01  3.33067E-16
  2.000E-01  3.04617E-06  3.22096E-03  5.93807E-08  9.99995E-01 -2.22045E-16
  2.250E-01  3.85531E-06  3.62360E-03  7.45684E-08  9.99993E-01  1.11022E-16
  2.500E-01  4.75964E-06  4.02624E-03  9.14567E-08  9.99992E-01  1.11022E-16
  2.750E-01  5.75916E-06  4.42889E-03  1.10121E-07  9.99990E-01  0.00000E+00
  3.000E-01  6.85388E-06  4.83154E-03  1.30188E-07  9.99988E-01  1.11022E-16
  3.250E-01  8.04378E-06  5.23419E-03  1.52384E-07  9.99986E-01  0.00000E+00
  3.500E-01  9.32888E-06  5.63685E-03  1.75655E-07  9.99984E-01 -2.22045E-16
  3.750E-01  1.07092E-05  6.03952E-03  2.00593E-07  9.99982E-01  1.11022E-16
  4.000E-01  1.21846E-05  6.44219E-03  2.27448E-07  9.99979E-01 -2.22045E-16
  4.250E-01  1.37553E-05  6.84487E-03  2.54515E-07  9.99977E-01 -2.22045E-16
  4.500E-01  1.54212E-05  7.24755E-03  2.84357E-07  9.99974E-01  0.00000E+00
  4.750E-01  1.71822E-05  7.65024E-03  3.13623E-07  9.99971E-01  0.00000E+00
  5.000E-01  1.90385E-05  8.05293E-03  3.45264E-07  9.99968E-01  1.11022E-16
  5.250E-01  2.09899E-05  8.45563E-03  3.78019E-07  9.99964E-01 -2.22045E-16
  5.500E-01  2.30365E-05  8.85833E-03  4.10881E-07  9.99961E-01 -2.22045E-16
  5.750E-01  2.51783E-05  9.26104E-03  4.47123E-07  9.99957E-01 -2.22045E-16
  6.000E-01  2.74153E-05  9.66376E-03  4.82361E-07  9.99953E-01  0.00000E+00
  6.250E-01  2.97475E-05  1.00665E-02  5.21270E-07  9.99949E-01 -2.22045E-16
  6.500E-01  3.21749E-05  1.04692E-02  5.59845E-07  9.99945E-01  2.22045E-16
  6.750E-01  3.46974E-05  1.08719E-02  6.00645E-07  9.99941E-01  1.11022E-16
  7.000E-01  3.73152E-05  1.12747E-02  6.43749E-07  9.99936E-01  3.33067E-16
  7.250E-01  4.00281E-05  1.16774E-02  6.85643E-07  9.99932E-01  0.00000E+00
  7.500E-01  4.28362E-05  1.20801E-02  7.33396E-07  9.99927E-01 -4.44089E-16
  7.750E-01  4.57395E-05  1.24829E-02  7.77894E-07  9.99922E-01  0.00000E+00
  8.000E-01  4.87380E-05  1.28856E-02  8.28350E-07  9.99917E-01  0.00000E+00
  8.250E-01  5.18317E-05  1.32884E-02  8.77757E-07  9.99912E-01 -2.22045E-16
  8.500E-01  5.50205E-05  1.36911E-02  9.28848E-07  9.99906E-01  0.00000E+00
  8.750E-01  5.83045E-05  1.40939E-02  9.83394E-07  9.99901E-01 -2.22045E-16
  9.000E-01  6.16838E-05  1.44967E-02  1.03571E-06  9.99895E-01  0.00000E+00
  9.250E-01  6.51582E-05  1.48994E-02  1.09449E-06  9.99889E-01  1.11022E-16
  9.500E-01  6.87277E-05  1.53022E-02  1.15036E-06  9.99883E-01  0.00000E+00
  9.750E-01  7.23925E-05  1.57050E-02  1.21028E-06  9.99877E-01  0.00000E+00
  1.000E+00  7.61524E-05  1.61078E-02  1.27000E-06  9.99870E-01  0.00000E+00
  1.100E+00  9.21439E-05  1.77189E-02  1.52239E-06  9.99843E-01  0.00000E+00
  1.200E+00  1.09658E-04  1.93301E-02  1.79370E-06  9.99813E-01  3.33067E-16
  1.300E+00  1.28695E-04  2.09414E-02  2.08453E-06  9.99781E-01  0.00000E+00
  1.400E+00  1.49255E-04  2.25527E-02  2.39142E-06  9.99746E-01  2.22045E-16
  1.500E+00  1.71338E-04  2.41641E-02  2.71480E-06  9.99708E-01  0.00000E+00
  1.600E+00  1.94942E-04  2.57756E-02  3.05725E-06  9.99668E-01  1.11022E-16
  1.700E+00  2.20070E-04  2.73870E-02  3.41522E-06  9.99625E-01 -2.22045E-16
  1.800E+00  2.46720E-04  2.89986E-02  3.78939E-06  9.99579E-01  0.00000E+00
  1.900E+00  2.74892E-04  3.06101E-02  4.18253E-06  9.99531E-01  1.11022E-16
  2.000E+00  3.04586E-04  3.22217E-02  4.59025E-06  9.99481E-01 -2.22045E-16
  2.100E+00  3.35803E-04  3.38333E-02  5.01427E-06  9.99427E-01 -4.44089E-16
  2.200E+00  3.68542E-04  3.54449E-02  5.45721E-06  9.99372E-01 -2.22045E-16
  2.300E+00  4.02802E-04  3.70566E-02  5.91249E-06  9.99313E-01  1.11022E-16
  2.400E+00  4.38585E-04  3.86683E-02  6.38295E-06  9.99252E-01  0.00000E+00
  2.500E+00  4.75889E-04  4.02799E-02  6.87073E-06  9.99188E-01  0.00000E+00
  2.600E+00  5.14715E-04  4.18916E-02  7.36795E-06  9.99122E-01  4.44089E-16
  2.700E+00  5.55063E-04  4.35033E-02  7.87958E-06  9.99053E-01  3.33067E-16
  2.800E+00  5.96931E-04  4.51150E-02  8.40873E-06  9.98982E-01  0.00000E+00
  2.900E+00  6.40321E-04  4.67267E-02  8.94036E-06  9.98908E-01  2.22045E-16
  3.000E+00  6.85233E-04  4.83384E-02  9.48420E-06  9.98831E-01  3.33067E-16
  3.100E+00  7.31665E-04  4.99500E-02  1.00471E-05  9.98752E-01 -4.44089E-16
  3.200E+00  7.79618E-04  5.15617E-02  1.06086E-05  9.98670E-01  0.00000E+00
  3.300E+00  8.29092E-04  5.31733E-02  1.11812E-05  9.98585E-01  2.22045E-16
  3.400E+00  8.80086E-04  5.47849E-02  1.17701E-05  9.98498E-01  0.00000E+00
  3.500E+00  9.32601E-04  5.63964E-02  1.23539E-05  9.98408E-01  0.00000E+00
  3.600E+00  9.86636E-04  5.80080E-02  1.29490E-05  9.98316E-01  0.00000E+00
  3.700E+00  1.04219E-03  5.96195E-02  1.35580E-05  9.98221E-01  1.11022E-16
  3.800E+00  1.09927E-03  6.12309E-02  1.41587E-05  9.98124E-01 -4.44089E-16
  3.900E+00  1.15786E-03  6.28423E-02  1.47681E-05  9.98023E-01  0.00000E+00
  4.000E+00  1.21797E-03  6.44537E-02  1.53903E-05  9.97921E-01  3.33067E-16
  4.100E+00  1.27961E-03  6.60650E-02  1.60011E-05  9.97815E-01  1.11022E-16
  4.200E+00  1.34276E-03  6.76762E-02  1.66210E-05  9.97707E-01  1.11022E-16
  4.300E+00  1.40743E-03  6.92874E-02  1.72495E-05  9.97597E-01  4.44089E-16
  4.400E+00  1.47362E-03  7.08985E-02  1.78628E-05  9.97484E-01 -2.22045E-16
  4.500E+00  1.54133E-03  7.25096E-02  1.84860E-05  9.97368E-01  2.22045E-16
  4.600E+00  1.61056E-03  7.41205E-02  1.91147E-05  9.97249E-01  0.00000E+00
  4.700E+00  1.68131E-03  7.57314E-02  1.97264E-05  9.97128E-01 -2.22045E-16
  4.800E+00  1.75357E-03  7.73422E-02  2.03477E-05  9.97005E-01  1.11022E-16
  4.900E+00  1.82735E-03  7.89529E-02  2.09712E-05  9.96878E-01  1.11022E-16
  5.000E+00  1.90265E-03  8.05635E-02  2.15746E-05  9.96749E-01  0.00000E+00
  5.100E+00  1.97947E-03  8.21741E-02  2.21876E-05  9.96618E-01  3.33067E-16
  5.200E+00  2.05780E-03  8.37845E-02  2.28000E-05  9.96484E-01 -2.22045E-16
  5.300E+00  2.13765E-03  8.53948E-02  2.33889E-05  9.96347E-01  0.00000E+00
  5.400E+00  2.21902E-03  8.70050E-02  2.39865E-05  9.96208E-01 -2.22045E-16
  5.500E+00  2.30190E-03  8.86151E-02  2.45807E-05  9.96066E-01  1.11022E-16
  5.600E+00  2.38630E-03  9.02251E-02  2.51484E-05  9.95921E-01 -2.22045E-16
  5.700E+00  2.47222E-03  9.18349E-02  2.57255E-05  9.95774E-01  1.11022E-16
  5.800E+00  2.55965E-03  9.34446E-02  2.62971E-05  9.95624E-01  0.00000E+00
  5.900E+00  2.64859E-03  9.50542E-02  2.68389E-05  9.95472E-01  0.00000E+00
  6.000E+00  2.73905E-03  9.66637E-02  2.73920E-05  9.95317E-01  0.00000E+00
  6.100E+00  2.83103E-03  9.82730E-02  2.79372E-05  9.95159E-01  0.00000E+00
  6.200E+00  2.92452E-03  9.98821E-02  2.84480E-05  9.94999E-01  4.44089E-16
  6.300E+00  3.01952E-03  1.01491E-01  2.89725E-05  9.94836E-01 -2.22045E-16
  6.400E+00  3.11604E-03  1.03100E-01  2.94838E-05  9.94671E-01  0.00000E+00
  6.500E+00  3.21407E-03  1.04709E-01  2.99543E-05  9.94503E-01  1.11022E-16
  6.600E+00  3.31362E-03  1.06317E-01  3.04470E-05  9.94332E-01  0.00000E+00
  6.700E+00  3.41468E-03  1.07926E-01  3.09174E-05  9.94159E-01 -2.22045E-16
  6.800E+00  3.51725E-03  1.09534E-01  3.13436E-05  9.93983E-01  0.00000E+00
  6.900E+00  3.62133E-03  1.11142E-01  3.18070E-05  9.93805E-01  0.00000E+00
  7.000E+00  3.72692E-03  1.12750E-01  3.22141E-05  9.93623E-01  0.00000E+00
  7.100E+00  3.83403E-03  1.14357E-01  3.26158E-05  9.93440E-01 -2.22045E-16
  7.200E+00  3.94265E-03  1.15965E-01  3.30155E-05  9.93253E-01 -4.44089E-16
  7.300E+00  4.05278E-03  1.17572E-01  3.33925E-05  9.93064E-01  0.00000E+00
  7.400E+00  4.16442E-03  1.19179E-01  3.37339E-05  9.92873E-01  3.33067E-16
  7.500E+00  4.27757E-03  1.20786E-01  3.40980E-05  9.92679E-01  0.00000E+00
  7.600E+00  4.39223E-03  1.22392E-01  3.44057E-05  9.92482E-01  2.22045E-16
  7.700E+00  4.50840E-03  1.23999E-01  3.47043E-05  9.92282E-01  0.00000E+00
  7.800E+00  4.62608E-03  1.25605E-01  3.50019E-05  9.92080E-01  0.00000E+00
  7.900E+00  4.74527E-03  1.27211E-01  3.52524E-05  9.91876E-01  0.00000E+00
  8.000E+00  4.86597E-03  1.28817E-01  3.54961E-05  9.91668E-01  0.00000E+00
  8.100E+00  4.98817E-03  1.30422E-01  3.57251E-05  9.91459E-01  2.22045E-16
  8.200E+00  5.11188E-03  1.32028E-01  3.59145E-05  9.91246E-01  1.11022E-16
  8.300E+00  5.23711E-03  1.33633E-01  3.60924E-05  9.91031E-01  1.11022E-16
  8.400E+00  5.36383E-03  1.35238E-01  3.62530E-05  9.90813E-01  0.00000E+00
  8.500E+00  5.49207E-03  1.36842E-01  3.63802E-05  9.90593E-01 -2.22045E-16
  8.600E+00  5.62181E-03  1.38446E-01  3.64911E-05  9.90370E-01  1.11022E-16
  8.700E+00  5.75306E-03  1.40050E-01  3.65799E-05  9.90144E-01  3.33067E-16
  8.800E+00  5.88581E-03  1.41654E-01  3.66343E-05  9.89916E-01  1.11022E-16
  8.900E+00  6.02007E-03  1.43258E-01  3.66673E-05  9.89685E-01  2.22045E-16
  9.000E+00  6.15583E-03  1.44861E-01  3.66768E-05  9.89452E-01  0.00000E+00
  9.100E+00  6.29310E-03  1.46464E-01  3.66537E-05  9.89216E-01  3.33067E-16
  9.200E+00  6.43187E-03  1.48066E-01  3.66063E-05  9.88977E-01 -2.22045E-16
  9.300E+00  6.57214E-03  1.49669E-01  3.65331E-05  9.88736E-01  1.11022E-16
  9.400E+00  6.71392E-03  1.51271E-01  3.64270E-05  9.88492E-01  0.00000E+00
  9.500E+00  6.85720E-03  1.52873E-01  3.62955E-05  9.88246E-01  1.11022E-16
  9.600E+00  7.00198E-03  1.54474E-01  3.61388E-05  9.87997E-01  0.00000E+00
  9.700E+00  7.14827E-03  1.56075E-01  3.59511E-05  9.87745E-01  2.22045E-16
  9.800E+00  7.29605E-03  1.57676E-01  3.57353E-05  9.87491E-01 -2.22045E-16
  9.900E+00  7.44534E-03  1.59277E-01  3.54906E-05  9.87234E-01  0.00000E+00
  1.000E+01  7.59612E-03  1.60877E-01  3.52124E-05  9.86974E-01 -2.22045E-16
  1.025E+01  7.97965E-03  1.64876E-01  3.43835E-05  9.86314E-01  2.22045E-16
  1.050E+01  8.37255E-03  1.68873E-01  3.33545E-05  9.85638E-01 -2.22045E-16
  1.075E+01  8.77480E-03  1.72868E-01  3.21246E-05  9.84945E-01  3.33067E-16
  1.100E+01  9.18641E-03  1.76861E-01  3.06948E-05  9.84236E-01  1.11022E-16
  1.125E+01  9.60736E-03  1.80851E-01  2.90467E-05  9.83511E-01 -2.22045E-16
  1.150E+01  1.00376E-02  1.84839E-01  2.71728E-05  9.82769E-01  2.22045E-16
  1.175E+01  1.04773E-02  1.88824E-01  2.50646E-05  9.82011E-01 -2.22045E-16
  1.200E+01  1.09262E-02  1.92807E-01  2.27241E-05  9.81237E-01  0.00000E+00
  1.225E+01  1.13844E-02  1.96787E-01  2.01456E-05  9.80446E-01 -2.22045E-16
  1.250E+01  1.18520E-02  2.00765E-01  1.73102E-05  9.79640E-01  0.00000E+00
  1.275E+01  1.23288E-02  2.04739E-01  1.42122E-05  9.78817E-01 -2.22045E-16
  1.300E+01  1.28150E-02  2.08711E-01  1.08465E-05  9.77977E-01  4.44089E-16
  1.325E+01  1.33104E-02  2.12680E-01  7.22093E-06  9.77122E-01  0.00000E+00
  1.350E+01  1.38150E-02  2.16646E-01  3.32922E-06  9.76250E-01  0.00000E+00
  1.375E+01  1.43290E-02  2.20609E-01 -8.41918E-07  9.75362E-01 -2.22045E-16
  1.400E+01  1.48521E-02  2.24569E-01 -5.29339E-06  9.74458E-01  2.22045E-16
  1.425E+01  1.53845E-02  2.28525E-01 -1.00257E-05  9.73538E-01  2.22045E-16
  1.450E+01  1.59262E-02  2.32479E-01 -1.50320E-05  9.72602E-01  3.33067E-16
  1.475E+01  1.64770E-02  2.36428E-01 -2.03229E-05  9.71649E-01 -2.22045E-16
  1.500E+01  1.70371E-02  2.40375E-01 -2.59135E-05  9.70680E-01  0.00000E+00
  1.525E+01  1.76063E-02  2.44318E-01 -3.18069E-05  9.69695E-01  4.44089E-16
  1.550E+01  1.81848E-02  2.48257E-01 -3.80050E-05  9.68694E-01  2.22045E-16
  1.575E+01  1.87724E-02  2.52193E-01 -4.45063E-05  9.67677E-01  0.00000E+00
  1.600E+01  1.93692E-02  2.56125E-01 -5.13311E-05  9.66644E-01 -2.22045E-16
  1.625E+01  1.99751E-02  2.60053E-01 -5.84892E-05  9.65594E-01  1.11022E-16
  1.650E+01  2.05901E-02  2.63977E-01 -6.59791E-05  9.64529E-01  0.00000E+00
  1.675E+01  2.12143E-02  2.67898E-01 -7.37955E-05  9.63447E-01 -2.22045E-16
  1.700E+01  2.18476E-02  2.71814E-01 -8.19333E-05  9.62350E-01  0.00000E+00
  1.725E+01  2.24900E-02  2.75726E-01 -9.04135E-05  9.61236E-01 -2.22045E-16
  1.750E+01  2.31415E-02  2.79634E-01 -9.92248E-05  9.60107E-01  2.22045E-16
  1.775E+01  2.38021E-02  2.83538E-01 -1.08375E-04  9.58961E-01  2.22045E-16
  1.800E+01  2.44717E-02  2.87438E-01 -1.17867E-04  9.57799E-01  3.33067E-16
  1.825E+01  2.51504E-02  2.91333E-01 -1.27636E-04  9.56622E-01  4.44089E-16
  1.850E+01  2.58382E-02  2.95223E-01 -1.37813E-04  9.55428E-01  0.00000E+00
  1.875E+01  2.65349E-02  2.99109E-01 -1.48307E-04  9.54219E-01  0.00000E+00
  1.900E+01  2.72407E-02  3.02991E-01 -1.59166E-04  9.52993E-01  0.00000E+00
  1.925E+01  2.79555E-02  3.06868E-01 -1.70367E-04  9.51752E-01  2.22045E-16
  1.950E+01  2.86793E-02  3.10740E-01 -1.81938E-04  9.50495E-01  1.11022E-16
  1.975E+01  2.94120E-02  3.14607E-01 -1.93890E-04  9.49222E-01 -2.22045E-16
  2.000E+01  3.01537E-02  3.18469E-01 -2.06222E-04  9.47933E-01  1.11022E-16
  2.025E+01  3.09043E-02  3.22327E-01 -2.18928E-04  9.46628E-01 -2.22045E-16
  2.050E+01  3.16639E-02  3.26179E-01 -2.31998E-04  9.45308E-01 -2.22045E-16
  2.075E+01  3.24324E-02  3.30026E-01 -2.45443E-04  9.43972E-01  2.22045E-16
  2.100E+01  3.32098E-02  3.33868E-01 -2.59264E-04  9.42620E-01  1.11022E-16
  2.125E+01  3.39961E-02  3.37705E-01 -2.73453E-04  9.41252E-01 -2.22045E-16
  2.150E+01  3.47912E-02  3.41536E-01 -2.88002E-04  9.39869E-01  0.00000E+00
  2.175E+01  3.55952E-02  3.45362E-01 -3.02909E-04  9.38469E-01  2.22045E-16
  2.200E+01  3.64081E-02  3.49183E-01 -3.18190E-04  9.37055E-01  0.00000E+00
  2.225E+01  3.72297E-02  3.52998E-01 -3.33854E-04  9.35624E-01  0.00000E+00
  2.250E+01  3.80602E-02  3.56807E-01 -3.49899E-04  9.34178E-01  0.00000E+00
  2.275E+01  3.88995E-02  3.60611E-01 -3.66330E-04  9.32716E-01 -2.22045E-16
  2.300E+01  3.97476E-02  3.64409E-01 -3.83155E-04  9.31239E-01  2.22045E-16
  2.325E+01  4.06044E-02  3.68201E-01 -4.00390E-04  9.29746E-01  2.22045E-16
  2.350E+01  4.14700E-02  3.71987E-01 -4.18037E-04  9.28238E-01  3.33067E-16
  2.375E+01  4.23443E-02  3.75767E-01 -4.36090E-04  9.26714E-01  1.11022E-16
  2.400E+01  4.32273E-02  3.79541E-01 -4.54543E-04  9.25175E-01  0.00000E+00
  2.425E+01  4.41190E-02  3.83309E-01 -4.73393E-04  9.23620E-01  1.11022E-16
  2.450E+01  4.50194E-02  3.87071E-01 -4.92640E-04  9.22050E-01  0.00000E+00
  2.475E+01  4.59284E-02  3.90827E-01 -5.12274E-04  9.20464E-01  0.00000E+00
  2.500E+01  4.68461E-02  3.94576E-01 -5.32291E-04  9.18863E-01  2.22045E-16
  2.550E+01  4.87074E-02  4.02055E-01 -5.73470E-04  9.15615E-01  0.00000E+00
  2.600E+01  5.06030E-02  4.09508E-01 -6.16224E-04  9.12306E-01 -4.44089E-16
  2.650E+01  5.25328E-02  4.16935E-01 -6.60619E-04  9.08936E-01  1.11022E-16
  2.700E+01  5.44967E-02  4.24334E-01 -7.06717E-04  9.05505E-01  1.11022E-16
  2.750E+01  5.64946E-02  4.31706E-01 -7.54521E-04  9.02014E-01  0.00000E+00
  2.800E+01  5.85262E-02  4.39049E-01 -8.03991E-04  8.98463E-01  1.11022E-16
  2.850E+01  6.05914E-02  4.46363E-01 -8.55046E-04  8.94852E-01  0.00000E+00
  2.900E+01  6.26901E-02  4.53648E-01 -9.07676E-04  8.91181E-01  0.00000E+00
  2.950E+01  6.48222E-02  4.60903E-01 -9.61908E-04  8.87450E-01  1.11022E-16
  3.000E+01  6.69873E-02  4.68127E-01 -1.01784E-03  8.83660E-01 -2.22045E-16
  3.050E+01  6.91854E-02  4.75321E-01 -1.07553E-03  8.79812E-01 -2.22045E-16
  3.100E+01  7.14163E-02  4.82483E-01 -1.13496E-03  8.75905E-01  1.11022E-16
  3.150E+01  7.36799E-02  4.89612E-01 -1.19613E-03  8.71939E-01 -2.22045E-16
  3.200E+01  7.59760E-02  4.96710E-01 -1.25886E-03  8.67916E-01  0.00000E+00
  3.250E+01  7.83043E-02  5.03774E-01 -1.32321E-03  8.63834E-01  0.00000E+00
  3.300E+01  8.06647E-02  5.10805E-01 -1.38918E-03  8.59696E-01 -2.22045E-16
  3.350E+01  8.30571E-02  5.17801E-01 -1.45685E-03  8.55500E-01  2.22045E-16
  3.400E+01  8.54812E-02  5.24763E-01 -1.52638E-03  8.51247E-01  0.00000E+00
  3.450E+01  8.79369E-02  5.31690E-01 -1.59758E-03  8.46938E-01  0.00000E+00
  3.500E+01  9.04240E-02  5.38581E-01 -1.67068E-03  8.42572E-01  1.11022E-16
  3.550E+01  9.29422E-02  5.45435E-01 -1.74514E-03  8.38151E-01  0.00000E+00
  3.600E+01  9.54915E-02  5.52254E-01 -1.82153E-03  8.33674E-01 -2.22045E-16
  3.650E+01  9.80716E-02  5.59035E-01 -1.89918E-03  8.29142E-01  1.11022E-16
  3.700E+01  1.00682E-01  5.65780E-01 -1.97887E-03  8.24554E-01  0.00000E+00
  3.750E+01  1.03323E-01  5.72485E-01 -2.06017E-03  8.19913E-01  1.11022E-16
  3.800E+01  1.05995E-01  5.79152E-01 -2.14341E-03  8.15217E-01  2.22045E-16
  3.850E+01  1.08696E-01  5.85779E-01 -2.22831E-03  8.10467E-01  0.00000E+00
  3.900E+01  1.11427E-01  5.92368E-01 -2.31480E-03  8.05664E-01  1.11022E-16
  3.950E+01  1.14188E-01  5.98917E-01 -2.40296E-03  8.00808E-01  1.11022E-16
  4.000E+01  1.16978E-01  6.05425E-01 -2.49269E-03  7.95899E-01  0.00000E+00
  4.050E+01  1.19797E-01  6.11892E-01 -2.58424E-03  7.90937E-01  0.00000E+00
  4.100E+01  1.22645E-01  6.18318E-01 -2.67757E-03  7.85923E-01  0.00000E+00
  4.150E+01  1.25522E-01  6.24702E-01 -2.77272E-03  7.80858E-01  2.22045E-16
  4.200E+01  1.28428E-01  6.31043E-01 -2.86958E-03  7.75742E-01 -2.22045E-16
  4.250E+01  1.31361E-01  6.37342E-01 -2.96804E-03  7.70575E-01  0.00000E+00
  4.300E+01  1.34323E-01  6.43598E-01 -3.06815E-03  7.65357E-01  2.22045E-16
  4.350E+01  1.37313E-01  6.49811E-01 -3.16988E-03  7.60089E-01  0.00000E+00
  4.400E+01  1.40330E-01  6.55980E-01 -3.27340E-03  7.54771E-01  0.00000E+00
  4.450E+01  1.43375E-01  6.62104E-01 -3.37872E-03  7.49405E-01  0.00000E+00
  4.500E+01  1.46447E-01  6.68182E-01 -3.48583E-03  7.43989E-01 -2.22045E-16
  4.550E+01  1.49545E-01  6.74216E-01 -3.59468E-03  7.38526E-01  2.22045E-16
  4.600E+01  1.52671E-01  6.80204E-01 -3.70514E-03  7.33014E-01  4.44089E-16
  4.650E+01  1.55823E-01  6.86146E-01 -3.81724E-03  7.27454E-01  0.00000E+00
  4.700E+01  1.59001E-01  6.92042E-01 -3.93101E-03  7.21847E-01 -4.44089E-16
  4.750E+01  1.62205E-01  6.97891E-01 -4.04653E-03  7.16193E-01 -2.22045E-16
  4.800E+01  1.65435E-01  7.03692E-01 -4.16387E-03  7.10493E-01  0.00000E+00
  4.850E+01  1.68690E-01  7.09445E-01 -4.28299E-03  7.04747E-01 -4.44089E-16
  4.900E+01  1.71970E-01  7.15151E-01 -4.40386E-03  6.98956E-01  0.00000E+00
  4.950E+01  1.75276E-01  7.20808E-01 -4.52636E-03  6.93120E-01 -2.22045E-16
  5.000E+01  1.78606E-01  7.26416E-01 -4.65053E-03  6.87239E-01  1.11022E-16
  5.050E+01  1.81961E-01  7.31975E-01 -4.77637E-03  6.81314E-01  0.00000E+00
  5.100E+01  1.85340E-01  7.37485E-01 -4.90397E-03  6.75345E-01  3.33067E-16
  5.150E+01  1.88743E-01  7.42945E-01 -5.03339E-03  6.69334E-01  0.00000E+00
  5.200E+01  1.92169E-01  7.48353E-01 -5.16459E-03  6.63280E-01 -2.22045E-16
  5.250E+01  1.95619E-01  7.53712E-01 -5.29755E-03  6.57184E-01  0.00000E+00
  5.300E+01  1.99092E-01  7.59019E-01 -5.43219E-03  6.51046E-01 -2.22045E-16
  5.350E+01  2.02589E-01  7.64275E-01 -5.56850E-03  6.44866E-01  0.00000E+00
  5.400E+01  2.06107E-01  7.69480E-01 -5.70654E-03  6.38645E-01  2.22045E-16
  5.450E+01  2.09649E-01  7.74633E-01 -5.84631E-03  6.32384E-01  2.22045E-16
  5.500E+01  2.13212E-01  7.79733E-01 -5.98790E-03  6.26084E-01  0.00000E+00
  5.550E+01  2.16797E-01  7.84780E-01 -6.13130E-03  6.19744E-01  0.00000E+00
  5.600E+01  2.20404E-01  7.89774E-01 -6.27648E-03  6.13366E-01  0.00000E+00
  5.650E+01  2.24032E-01  7.94714E-01 -6.42337E-03  6.06950E-01  3.33067E-16
  5.700E+01  2.27680E-01  7.99602E-01 -6.57197E-03  6.00495E-01  1.11022E-16
  5.750E+01  2.31350E-01  8.04436E-01 -6.72232E-03  5.94002E-01  2.22045E-16
  5.800E+01  2.35040E-01  8.09215E-01 -6.87444E-03  5.87472E-01 -2.22045E-16
  5.850E+01  2.38751E-01  8.13940E-01 -7.02840E-03  5.80907E-01  2.22045E-16
  5.900E+01  2.42481E-01  8.18609E-01 -7.18418E-03  5.74306E-01  0.00000E+00
  5.950E+01  2.46231E-01  8.23223E-01 -7.34176E-03  5.67671E-01  2.22045E-16
  6.000E+01  2.50000E-01  8.27782E-01 -7.50110E-03  5.61000E-01  4.44089E-16
  6.050E+01  2.53788E-01  8.32286E-01 -7.66220E-03  5.54294E-01  2.22045E-16
  6.100E+01  2.57595E-01  8.36734E-01 -7.82508E-03  5.47554E-01  0.00000E+00
  6.150E+01  2.61421E-01  8.41125E-01 -7.98978E-03  5.40781E-01 -4.44089E-16
  6.200E+01  2.65264E-01  8.45460E-01 -8.15633E-03  5.33976E-01  2.22045E-16
  6.250E+01  2.69126E-01  8.49738E-01 -8.32475E-03  5.27139E-01  4.44089E-16
  6.300E+01  2.73005E-01  8.53959E-01 -8.49499E-03  5.20271E-01  2.22045E-16
  6.350E+01  2.76901E-01  8.58122E-01 -8.66704E-03  5.13372E-01  1.11022E-16
  6.400E+01  2.80814E-01  8.62229E-01 -8.84090E-03  5.06442E-01  2.22045E-16
  6.450E+01  2.84744E-01  8.66278E-01 -9.01662E-03  4.99481E-01 -2.22045E-16
  6.500E+01  2.88691E-01  8.70270E-01 -9.19421E-03  4.92490E-01  0.00000E+00
  6.550E+01  2.92653E-01  8.74203E-01 -9.37371E-03  4.85471E-01 -2.22045E-16
  6.600E+01  2.96632E-01  8.78077E-01 -9.55510E-03  4.78425E-01  0.00000E+00
  6.650E+01  3.00625E-01  8.81892E-01 -9.73834E-03  4.71351E-01 -2.22045E-16
  6.700E+01  3.04634E-01  8.85649E-01 -9.92343E-03  4.64250E-01 -2.22045E-16
  6.750E+01  3.08658E-01  8.89347E-01 -1.01104E-02  4.57121E-01  1.11022E-16
  6.800E+01  3.12697E-01  8.92986E-01 -1.02993E-02  4.49966E-01  1.11022E-16
  6.850E+01  3.16749E-01  8.96567E-01 -1.04903E-02  4.42784E-01  0.00000E+00
  6.900E+01  3.20816E-01  9.00087E-01 -1.06832E-02  4.35578E-01 -4.44089E-16
  6.950E+01  3.24896E-01  9.03548E-01 -1.08780E-02  4.28350E-01 -4.44089E-16
  7.000E+01  3.28990E-01  9.06947E-01 -1.10746E-02  4.21098E-01  1.11022E-16
  7.050E+01  3.33097E-01  9.10287E-01 -1.12730E-02  4.13824E-01  1.11022E-16
  7.100E+01  3.37216E-01  9.13568E-01 -1.14734E-02  4.06524E-01  2.22045E-16
  7.150E+01  3.41348E-01  9.16790E-01 -1.16765E-02  3.99200E-01 -4.44089E-16
  7.200E+01  3.45492E-01  9.19951E-01 -1.18822E-02  3.91854E-01  0.00000E+00
  7.250E+01  3.49647E-01  9.23049E-01 -1.20880E-02  3.84493E-01 -2.22045E-16
  7.300E+01  3.53814E-01  9.26086E-01 -1.22960E-02  3.77112E-01  0.00000E+00
  7.350E+01  3.57992E-01  9.29063E-01 -1.25069E-02  3.69709E-01  1.11022E-16
  7.400E+01  3.62181E-01  9.31980E-01 -1.27201E-02  3.62285E-01  0.00000E+00
  7.450E+01  3.66381E-01  9.34837E-01 -1.29352E-02  3.54842E-01  0.00000E+00
  7.500E+01  3.70590E-01  9.37632E-01 -1.31522E-02  3.47382E-01  5.55112E-16
  7.550E+01  3.74810E-01  9.40365E-01 -1.33711E-02  3.39905E-01  2.22045E-16
  7.600E+01  3.79039E-01  9.43036E-01 -1.35921E-02  3.32413E-01  2.22045E-16
  7.650E+01  3.83277E-01  9.45646E-01 -1.38153E-02  3.24905E-01  1.11022E-16
  7.700E+01  3.87524E-01  9.48195E-01 -1.40408E-02  3.17380E-01  0.00000E+00
  7.750E+01  3.91780E-01  9.50682E-01 -1.42686E-02  3.09839E-01 -2.22045E-16
  7.800E+01  3.96044E-01  9.53108E-01 -1.44985E-02  3.02284E-01  2.22045E-16
  7.850E+01  4.00316E-01  9.55472E-01 -1.47305E-02  2.94715E-01  1.11022E-16
  7.900E+01  4.04596E-01  9.57774E-01 -1.49647E-02  2.87133E-01  0.00000E+00
  7.950E+01  4.08882E-01  9.60014E-01 -1.52011E-02  2.79540E-01  1.11022E-16
  8.000E+01  4.13176E-01  9.62192E-01 -1.54398E-02  2.71935E-01  0.00000E+00
  8.050E+01  4.17476E-01  9.64308E-01 -1.56808E-02  2.64318E-01 -2.22045E-16
  8.100E+01  4.21783E-01  9.66362E-01 -1.59242E-02  2.56690E-01  1.11022E-16
  8.150E+01  4.26095E-01  9.68355E-01 -1.61699E-02  2.49052E-01  1.11022E-16
  8.200E+01  4.30413E-01  9.70286E-01 -1.64179E-02  2.41404E-01 -4.44089E-16
  8.250E+01  4.34737E-01  9.72154E-01 -1.66683E-02  2.33748E-01  3.33067E-16
  8.300E+01  4.39065E-01  9.73961E-01 -1.69210E-02  2.26084E-01  3.33067E-16
  8.350E+01  4.43398E-01  9.75705E-01 -1.71761E-02  2.18413E-01  1.11022E-16
  8.400E+01  4.47736E-01  9.77388E-01 -1.74336E-02  2.10734E-01  0.00000E+00
  8.450E+01  4.52077E-01  9.79009E-01 -1.76937E-02  2.03049E-01  0.00000E+00
  8.500E+01  4.56422E-01  9.80568E-01 -1.79563E-02  1.95357E-01 -2.22045E-16
  8.550E+01  4.60770E-01  9.82065E-01 -1.82214E-02  1.87661E-01  0.00000E+00
  8.600E+01  4.65122E-01  9.83500E-01 -1.84890E-02  1.79960E-01  2.22045E-16
  8.650E+01  4.69476E-01  9.84874E-01 -1.87592E-02  1.72256E-01  1.11022E-16
  8.700E+01  4.73832E-01  9.86185E-01 -1.90318E-02  1.64549E-01  3.33067E-16
  8.750E+01  4.78190E-01  9.87435E-01 -1.93072E-02  1.56839E-01  5.55112E-16
  8.800E+01  4.82550E-01  9.88624E-01 -1.95852E-02  1.49128E-01  0.00000E+00
  8.850E+01  4.86912E-01  9.89751E-01 -1.98659E-02  1.41414E-01 -2.22045E-16
  8.900E+01  4.91274E-01  9.90817E-01 -2.01495E-02  1.33700E-01  2.22045E-16
  8.950E+01  4.95637E-01  9.91822E-01 -2.04357E-02  1.25985E-01  0.00000E+00
  9.000E+01  5.00000E-01  9.92765E-01 -2.07246E-02  1.18272E-01  6.66134E-16
  9.050E+01  5.04363E-01  9.93647E-01 -2.10163E-02  1.10560E-01 -6.66134E-16
  9.100E+01  5.08726E-01  9.94468E-01 -2.13109E-02  1.02851E-01  3.33067E-16
  9.150E+01  5.13088E-01  9.95229E-01 -2.16083E-02  9.51436E-02  1.11022E-16
  9.200E+01  5.17450E-01  9.95929E-01 -2.19088E-02  8.74390E-02 -4.44089E-16
  9.250E+01  5.21810E-01  9.96568E-01 -2.22122E-02  7.97380E-02 -2.22045E-16
  9.300E+01  5.26168E-01  9.97147E-01 -2.25187E-02  7.20416E-02  2.22045E-16
  9.350E+01  5.30524E-01  9.97666E-01 -2.28281E-02  6.43506E-02  1.11022E-16
  9.400E+01  5.34878E-01  9.98125E-01 -2.31405E-02  5.66658E-02  2.22045E-16
  9.450E+01  5.39230E-01  9.98524E-01 -2.34559E-02  4.89877E-02  0.00000E+00
  9.500E+01  5.43578E-01  9.98863E-01 -2.37746E-02  4.13164E-02  1.11022E-16
  9.550E+01  5.47923E-01  9.99143E-01 -2.40966E-02  3.36525E-02  3.33067E-16
  9.600E+01  5.52264E-01  9.99364E-01 -2.44218E-02  2.59966E-02  0.00000E+00
  9.650E+01  5.56602E-01  9.99525E-01 -2.47504E-02  1.83497E-02  1.11022E-16
  9.700E+01  5.60935E-01  9.99628E-01 -2.50822E-02  1.07128E-02 -4.44089E-16
  9.750E+01  5.65263E-01  9.99672E-01 -2.54174E-02  3.08672E-03  2.22045E-16
  9.800E+01  5.69587E-01  9.99658E-01 -2.57559E-02 -4.52811E-03 -4.44089E-16
  9.850E+01  5.73905E-01  9.99586E-01 -2.60979E-02 -1.21314E-02  0.00000E+00
  9.900E+01  5.78217E-01  9.99456E-01 -2.64435E-02 -1.97226E-02  0.00000E+00
  9.950E+01  5.82524E-01  9.99268E-01 -2.67928E-02 -2.73013E-02  2.22045E-16
  1.000E+02  5.86824E-01  9.99023E-01 -2.71458E-02 -3.48665E-02 -2.22045E-16
  1.005E+02  5.91118E-01  9.98721E-01 -2.75024E-02 -4.24172E-02  2.22045E-16
  1.010E+02  5.95404E-01  9.98363E-01 -2.78627E-02 -4.99524E-02 -2.22045E-16
  1.015E+02  5.99684E-01  9.97948E-01 -2.82267E-02 -5.74716E-02  2.22045E-16
  1.020E+02  6.03956E-01  9.97477E-01 -2.85946E-02 -6.49746E-02  0.00000E+00
  1.025E+02  6.08220E-01  9.96951E-01 -2.89665E-02 -7.24608E-02 -2.22045E-16
  1.030E+02  6.12476E-01  9.96369E-01 -2.93424E-02 -7.99298E-02 -2.22045E-16
  1.035E+02  6.16723E-01  9.95731E-01 -2.97226E-02 -8.73807E-02  1.11022E-16
  1.040E+02  6.20961E-01  9.95040E-01 -3.01068E-02 -9.48125E-02  3.33067E-16
  1.045E+02  6.25190E-01  9.94294E-01 -3.04951E-02 -1.02224E-01  0.00000E+00
  1.050E+02  6.29410E-01  9.93494E-01 -3.08876E-02 -1.09615E-01 -2.22045E-16
  1.055E+02  6.33619E-01  9.92641E-01 -3.12844E-02 -1.16985E-01  0.00000E+00
  1.060E+02  6.37819E-01  9.91734E-01 -3.16857E-02 -1.24333E-01 -4.44089E-16
  1.065E+02  6.42008E-01  9.90775E-01 -3.20916E-02 -1.31660E-01  2.22045E-16
  1.070E+02  6.46186E-01  9.89764E-01 -3.25022E-02 -1.38963E-01  2.22045E-16
  1.075E+02  6.50353E-01  9.88701E-01 -3.29173E-02 -1.46243E-01  5.55112E-16
  1.080E+02  6.54508E-01  9.87586E-01 -3.33373E-02 -1.53498E-01 -2.22045E-16
  1.085E+02  6.58652E-01  9.86421E-01 -3.37618E-02 -1.60727E-01 -4.44089E-16
  1.090E+02  6.62784E-01  9.85206E-01 -3.41913E-02 -1.67930E-01 -4.44089E-16
  1.095E+02  6.66903E-01  9.83940E-01 -3.46257E-02 -1.75107E-01 -4.44089E-16
  1.100E+02  6.71010E-01  9.82625E-01 -3.50654E-02 -1.82257E-01 -2.22045E-16
  1.105E+02  6.75104E-01  9.81262E-01 -3.55104E-02 -1.89380E-01  0.00000E+00
  1.110E+02  6.79184E-01  9.79849E-01 -3.59607E-02 -1.96474E-01  2.22045E-16
  1.115E+02  6.83251E-01  9.78390E-01 -3.64163E-02 -2.03538E-01 -4.44089E-16
  1.120E+02  6.87303E-01  9.76883E-01 -3.68773E-02 -2.10572E-01  3.33067E-16
  1.125E+02  6.91342E-01  9.75329E-01 -3.73438E-02 -2.17574E-01  0.00000E+00
  1.130E+02  6.95366E-01  9.73730E-01 -3.78160E-02 -2.24545E-01  2.22045E-16
  1.135E+02  6.99375E-01  9.72085E-01 -3.82942E-02 -2.31485E-01  2.22045E-16
  1.140E+02  7.03368E-01  9.70395E-01 -3.87785E-02 -2.38391E-01  0.00000E+00
  1.145E+02  7.07347E-01  9.68661E-01 -3.92689E-02 -2.45265E-01  0.00000E+00
  1.150E+02  7.11309E-01  9.66883E-01 -3.97654E-02 -2.52103E-01  0.00000E+00
  1.155E+02  7.15256E-01  9.65063E-01 -4.02681E-02 -2.58906E-01  2.22045E-16
  1.160E+02  7.19186E-01  9.63201E-01 -4.07771E-02 -2.65673E-01 -4.44089E-16
  1.165E+02  7.23099E-01  9.61297E-01 -4.12927E-02 -2.72402E-01  0.00000E+00
  1.170E+02  7.26995E-01  9.59353E-01 -4.18151E-02 -2.79095E-01  4.44089E-16
  1.175E+02  7.30874E-01  9.57368E-01 -4.23446E-02 -2.85750E-01 -2.22045E-16
  1.180E+02  7.34736E-01  9.55344E-01 -4.28812E-02 -2.92367E-01  0.00000E+00
  1.185E+02  7.38579E-01  9.53282E-01 -4.34250E-02 -2.98943E-01  0.00000E+00
  1.190E+02  7.42405E-01  9.51183E-01 -4.39759E-02 -3.05479E-01  3.33067E-16
  1.195E+02  7.46212E-01  9.49047E-01 -4.45341E-02 -3.11972E-01  0.00000E+00
  1.200E+02  7.50000E-01  9.46875E-01 -4.51000E-02 -3.18423E-01  7.77156E-16
  1.205E+02  7.53769E-01  9.44668E-01 -4.56738E-02 -3.24832E-01 -2.22045E-16
  1.210E+02  7.57519E-01  9.42427E-01 -4.62558E-02 -3.31197E-01 -2.22045E-16
  1.215E+02  7.61249E-01  9.40152E-01 -4.68462E-02 -3.37519E-01  1.11022E-16
  1.220E+02  7.64960E-01  9.37846E-01 -4.74450E-02 -3.43795E-01  4.44089E-16
  1.225E+02  7.68650E-01  9.35508E-01 -4.80521E-02 -3.50024E-01  2.22045E-16
  1.230E+02  7.72320E-01  9.33140E-01 -4.86679E-02 -3.56205E-01  2.22045E-16
  1.235E+02  7.75968E-01  9.30743E-01 -4.92926E-02 -3.62337E-01  0.00000E+00
  1.240E+02  7.79596E-01  9.28317E-01 -4.99266E-02 -3.68422E-01 -2.22045E-16
  1.245E+02  7.83203E-01  9.25864E-01 -5.05703E-02 -3.74457E-01 -2.22045E-16
  1.250E+02  7.86788E-01  9.23385E-01 -5.12239E-02 -3.80442E-01  0.00000E+00
  1.255E+02  7.90351E-01  9.20881E-01 -5.18875E-02 -3.86375E-01  0.00000E+00
  1.260E+02  7.93893E-01  9.18354E-01 -5.25610E-02 -3.92255E-01 -2.22045E-16
  1.265E+02  7.97411E-01  9.15804E-01 -5.32448E-02 -3.98080E-01  1.11022E-16
  1.270E+02  8.00908E-01  9.13233E-01 -5.39391E-02 -4.03851E-01  3.33067E-16
  1.275E+02  8.04381E-01  9.10642E-01 -5.46444E-02 -4.09567E-01  1.11022E-16
  1.280E+02  8.07831E-01  9.08032E-01 -5.53613E-02 -4.15226E-01  3.33067E-16
  1.285E+02  8.11257E-01  9.05405E-01 -5.60900E-02 -4.20828E-01  0.00000E+00
  1.290E+02  8.14660E-01  9.02761E-01 -5.68306E-02 -4.26372E-01 -2.22045E-16
  1.295E+02  8.18039E-01  9.00103E-01 -5.75833E-02 -4.31856E-01  0.00000E+00
  1.300E+02  8.21394E-01  8.97432E-01 -5.83482E-02 -4.37277E-01  1.11022E-16
  1.305E+02  8.24724E-01  8.94750E-01 -5.91258E-02 -4.42636E-01 -2.22045E-16
  1.310E+02  8.28030E-01  8.92058E-01 -5.99166E-02 -4.47932E-01  1.11022E-16
  1.315E+02  8.31310E-01  8.89357E-01 -6.07212E-02 -4.53164E-01  2.22045E-16
  1.320E+02  8.34565E-01  8.86649E-01 -6.15402E-02 -4.58331E-01 -2.22045E-16
  1.325E+02  8.37795E-01  8.83935E-01 -6.23737E-02 -4.63431E-01  1.11022E-16
  1.330E+02  8.40999E-01  8.81218E-01 -6.32218E-02 -4.68462E-01  3.33067E-16
  1.335E+02  8.44177E-01  8.78501E-01 -6.40848E-02 -4.73423E-01  0.00000E+00
  1.340E+02  8.47329E-01  8.75784E-01 -6.49632E-02 -4.78312E-01  2.22045E-16
  1.345E+02  8.50455E-01  8.73070E-01 -6.58576E-02 -4.83128E-01 -2.22045E-16
  1.350E+02  8.53553E-01  8.70359E-01 -6.67689E-02 -4.87870E-01 -2.22045E-16
  1.355E+02  8.56625E-01  8.67654E-01 -6.76978E-02 -4.92538E-01  2.22045E-16
  1.360E+02  8.59670E-01  8.64957E-01 -6.86444E-02 -4.97128E-01 -2.22045E-16
  1.365E+02  8.62687E-01  8.62272E-01 -6.96092E-02 -5.01640E-01  0.00000E+00
  1.370E+02  8.65677E-01  8.59599E-01 -7.05924E-02 -5.06069E-01  2.22045E-16
  1.375E+02  8.68639E-01  8.56943E-01 -7.15944E-02 -5.10415E-01  2.22045E-16
  1.380E+02  8.71572E-01  8.54304E-01 -7.26162E-02 -5.14676E-01 -2.22045E-16
  1.385E+02  8.74478E-01  8.51686E-01 -7.36587E-02 -5.18851E-01  2.22045E-16
  1.390E+02  8.77355E-01  8.49089E-01 -7.47229E-02 -5.22938E-01  0.00000E+00
  1.395E+02  8.80203E-01  8.46518E-01 -7.58096E-02 -5.26935E-01  2.22045E-16
  1.400E+02  8.83022E-01  8.43975E-01 -7.69189E-02 -5.30839E-01  0.00000E+00
  1.405E+02  8.85812E-01  8.41463E-01 -7.80513E-02 -5.34647E-01  3.33067E-16
  1.410E+02  8.88573E-01  8.38988E-01 -7.92072E-02 -5.38355E-01  2.22045E-16
  1.415E+02  8.91304E-01  8.36550E-01 -8.03875E-02 -5.41961E-01  0.00000E+00
  1.420E+02  8.94005E-01  8.34153E-01 -8.15936E-02 -5.45465E-01  0.00000E+00
  1.425E+02  8.96677E-01  8.31799E-01 -8.28273E-02 -5.48863E-01  1.11022E-16
  1.430E+02  8.99318E-01  8.29490E-01 -8.40898E-02 -5.52155E-01  0.00000E+00
  1.435E+02  9.01928E-01  8.27233E-01 -8.53820E-02 -5.55334E-01  0.00000E+00
  1.440E+02  9.04508E-01  8.25032E-01 -8.67024E-02 -5.58395E-01  2.22045E-16
  1.445E+02  9.07058E-01  8.22894E-01 -8.80501E-02 -5.61331E-01 -4.44089E-16
  1.450E+02  9.09576E-01  8.20818E-01 -8.94309E-02 -5.64145E-01 -2.22045E-16
  1.455E+02  9.12063E-01  8.18808E-01 -9.08465E-02 -5.66834E-01  0.00000E+00
  1.460E+02  9.14519E-01  8.16868E-01 -9.22972E-02 -5.69393E-01  1.11022E-16
  1.465E+02  9.16943E-01  8.15004E-01 -9.37834E-02 -5.71816E-01  0.00000E+00
  1.470E+02  9.19335E-01  8.13222E-01 -9.53056E-02 -5.74096E-01  0.00000E+00
  1.475E+02  9.21696E-01  8.11529E-01 -9.68650E-02 -5.76228E-01  1.11022E-16
  1.480E+02  9.24024E-01  8.09928E-01 -9.84636E-02 -5.78205E-01  1.11022E-16
  1.485E+02  9.26320E-01  8.08424E-01 -1.00104E-01 -5.80025E-01  0.00000E+00
  1.490E+02  9.28584E-01  8.07023E-01 -1.01787E-01 -5.81682E-01  1.11022E-16
  1.495E+02  9.30815E-01  8.05728E-01 -1.03516E-01 -5.83169E-01  0.00000E+00
  1.500E+02  9.33013E-01  8.04549E-01 -1.05291E-01 -5.84478E-01  0.00000E+00
  1.505E+02  9.35178E-01  8.03492E-01 -1.07114E-01 -5.85600E-01  2.22045E-16
  1.510E+02  9.37310E-01  8.02564E-01 -1.08986E-01 -5.86526E-01  0.00000E+00
  1.515E+02  9.39409E-01  8.01773E-01 -1.10910E-01 -5.87246E-01  0.00000E+00
  1.520E+02  9.41474E-01  8.01126E-01 -1.12888E-01 -5.87753E-01  1.11022E-16
  1.525E+02  9.43505E-01  8.00629E-01 -1.14922E-01 -5.88036E-01 -2.22045E-16
  1.530E+02  9.45503E-01  8.00289E-01 -1.17016E-01 -5.88085E-01 -2.22045E-16
  1.535E+02  9.47467E-01  8.00116E-01 -1.19172E-01 -5.87888E-01  0.00000E+00
  1.540E+02  9.49397E-01  8.00119E-01 -1.21391E-01 -5.87430E-01  3.33067E-16
  1.545E+02  9.51293E-01  8.00308E-01 -1.23675E-01 -5.86695E-01  2.22045E-16
  1.550E+02  9.53154E-01  8.00694E-01 -1.26028E-01 -5.85668E-01  0.00000E+00
  1.555E+02  9.54981E-01  8.01285E-01 -1.28452E-01 -5.84331E-01 -2.22045E-16
  1.560E+02  9.56773E-01  8.02090E-01 -1.30951E-01 -5.82669E-01  2.22045E-16
  1.565E+02  9.58530E-01  8.03120E-01 -1.33530E-01 -5.80662E-01  1.11022E-16
  1.570E+02  9.60252E-01  8.04385E-01 -1.36190E-01 -5.78288E-01  5.55112E-16
  1.575E+02  9.61940E-01  8.05898E-01 -1.38935E-01 -5.75522E-01  0.00000E+00
  1.580E+02  9.63592E-01  8.07672E-01 -1.41768E-01 -5.72336E-01  4.44089E-16
  1.585E+02  9.65209E-01  8.09719E-01 -1.44690E-01 -5.68700E-01  2.22045E-16
  1.590E+02  9.66790E-01  8.12052E-01 -1.47707E-01 -5.64583E-01  2.22045E-16
  1.595E+02  9.68336E-01  8.14681E-01 -1.50822E-01 -5.59954E-01  0.00000E+00
  1.600E+02  9.69846E-01  8.17617E-01 -1.54041E-01 -5.54774E-01  0.00000E+00
  1.605E+02  9.71321E-01  8.20872E-01 -1.57368E-01 -5.49003E-01  0.00000E+00
  1.610E+02  9.72759E-01  8.24461E-01 -1.60804E-01 -5.42592E-01  0.00000E+00
  1.615E+02  9.74162E-01  8.28396E-01 -1.64352E-01 -5.35488E-01  0.00000E+00
  1.620E+02  9.75528E-01  8.32690E-01 -1.68016E-01 -5.27634E-01  0.00000E+00
  1.625E+02  9.76858E-01  8.37352E-01 -1.71797E-01 -5.18968E-01  0.00000E+00
  1.630E+02  9.78152E-01  8.42389E-01 -1.75699E-01 -5.09422E-01  0.00000E+00
  1.635E+02  9.79410E-01  8.47807E-01 -1.79727E-01 -4.98921E-01  0.00000E+00
  1.640E+02  9.80631E-01  8.53608E-01 -1.83881E-01 -4.87382E-01 -4.44089E-16
  1.645E+02  9.81815E-01  8.59796E-01 -1.88160E-01 -4.74707E-01 -2.22045E-16
  1.650E+02  9.82963E-01  8.66367E-01 -1.92562E-01 -4.60790E-01  0.00000E+00
  1.655E+02  9.84074E-01  8.73315E-01 -1.97082E-01 -4.45511E-01  2.22045E-16
  1.660E+02  9.85148E-01  8.80620E-01 -2.01715E-01 -4.28741E-01 -2.22045E-16
  1.665E+02  9.86185E-01  8.88257E-01 -2.06455E-01 -4.10337E-01  0.00000E+00
  1.670E+02  9.87185E-01  8.96183E-01 -2.11290E-01 -3.90143E-01  0.00000E+00
  1.675E+02  9.88148E-01  9.04346E-01 -2.16206E-01 -3.67985E-01  0.00000E+00
  1.680E+02  9.89074E-01  9.12674E-01 -2.21179E-01 -3.43664E-01  0.00000E+00
  1.685E+02  9.89962E-01  9.21074E-01 -2.26178E-01 -3.16964E-01  0.00000E+00
  1.690E+02  9.90814E-01  9.29422E-01 -2.31163E-01 -2.87644E-01  3.33067E-16
  1.695E+02  9.91627E-01  9.37556E-01 -2.36082E-01 -2.55449E-01  0.00000E+00
  1.700E+02  9.92404E-01  9.45268E-01 -2.40874E-01 -2.20107E-01  1.11022E-16
  1.705E+02  9.93143E-01  9.52296E-01 -2.45462E-01 -1.81331E-01  1.11022E-16
  1.710E+02  9.93844E-01  9.58309E-01 -2.49747E-01 -1.38818E-01  0.00000E+00
  1.715E+02  9.94508E-01  9.62899E-01 -2.53602E-01 -9.22576E-02  1.11022E-16
  1.720E+02  9.95134E-01  9.65562E-01 -2.56868E-01 -4.13440E-02  1.11022E-16
  1.725E+02  9.95722E-01  9.65678E-01 -2.59353E-01  1.42044E-02 -2.22045E-16
  1.730E+02  9.96273E-01  9.62499E-01 -2.60824E-01  7.46141E-02 -2.22045E-16
  1.735E+02  9.96786E-01  9.55128E-01 -2.61009E-01  1.40019E-01 -4.44089E-16
  1.740E+02  9.97261E-01  9.42517E-01 -2.59591E-01  2.10416E-01  4.44089E-16
  1.745E+02  9.97698E-01  9.23465E-01 -2.56204E-01  2.85607E-01  0.00000E+00
  1.750E+02  9.98097E-01  8.96637E-01 -2.50438E-01  3.65134E-01  1.11022E-16
  1.755E+02  9.98459E-01  8.60600E-01 -2.41850E-01  4.48192E-01  2.22045E-16
  1.760E+02  9.98782E-01  8.13906E-01 -2.29989E-01  5.33538E-01  2.22045E-16
  1.765E+02  9.99067E-01  7.55205E-01 -2.14439E-01  6.19421E-01 -2.22045E-16
  1.770E+02  9.99315E-01  6.83419E-01 -1.94872E-01  7.03537E-01  4.44089E-16
  1.775E+02  9.99524E-01  5.97941E-01 -1.71108E-01  7.83063E-01  0.00000E+00
  1.780E+02  9.99695E-01  4.98854E-01 -1.43175E-01  8.54778E-01  1.11022E-16
  1.785E+02  9.99829E-01  3.87113E-01 -1.11364E-01  9.15282E-01  3.33067E-16
  1.790E+02  9.99924E-01  2.64657E-01 -7.62666E-02  9.61322E-01 -2.22045E-16
  1.795E+02  9.99981E-01  1.34391E-01 -3.87681E-02  9.90170E-01  0.00000E+00
  1.800E+02  1.00000E+00  1.89583E-15 -5.47103E-16  1.00000E+00  0.00000E+00
