 #  Scattering amplitudes (in cm)      MU=(1-cos(TH))/2
 #  Z =  79,   projectile: electron
 #  Kinetic energy = 3.05000E+06 eV
 #
 # TH (deg)      MU          Re(F)        Im(F)        Re(G)        Im(G)        ERRF         ERRG 
 #-----------------------------------------------------------------------------------------------------------------
  0.000E+00  0.00000E+00  6.98856E-07  1.11794E-07  0.00000E+00  0.00000E+00  2.58007E-08  0.00000E+00
  1.000E-04  7.61557E-13  6.98856E-07  1.11794E-07  5.22355E-13  8.35723E-14  2.57986E-08  2.21638E-07
  1.250E-04  1.18994E-12  6.98855E-07  1.11794E-07  6.52943E-13  1.04465E-13  2.57974E-08  2.21633E-07
  1.500E-04  1.71346E-12  6.98855E-07  1.11794E-07  7.83532E-13  1.25358E-13  2.57959E-08  2.21627E-07
  1.750E-04  2.33225E-12  6.98854E-07  1.11794E-07  9.14120E-13  1.46251E-13  2.57942E-08  2.21620E-07
  2.000E-04  3.04617E-12  6.98854E-07  1.11794E-07  1.04471E-12  1.67145E-13  2.57922E-08  2.21611E-07
  2.250E-04  3.85530E-12  6.98853E-07  1.11794E-07  1.17529E-12  1.88038E-13  2.57899E-08  2.21601E-07
  2.500E-04  4.75964E-12  6.98852E-07  1.11794E-07  1.30588E-12  2.08931E-13  2.57874E-08  2.21591E-07
  2.750E-04  5.75917E-12  6.98851E-07  1.11794E-07  1.43647E-12  2.29824E-13  2.57846E-08  2.21579E-07
  3.000E-04  6.85391E-12  6.98850E-07  1.11794E-07  1.56705E-12  2.50717E-13  2.57815E-08  2.21566E-07
  3.250E-04  8.04379E-12  6.98849E-07  1.11794E-07  1.69764E-12  2.71610E-13  2.57781E-08  2.21552E-07
  3.500E-04  9.32893E-12  6.98848E-07  1.11794E-07  1.82822E-12  2.92503E-13  2.57745E-08  2.21536E-07
  3.750E-04  1.07092E-11  6.98847E-07  1.11794E-07  1.95881E-12  3.13396E-13  2.57707E-08  2.21520E-07
  4.000E-04  1.21847E-11  6.98845E-07  1.11794E-07  2.08939E-12  3.34289E-13  2.57665E-08  2.21502E-07
  4.250E-04  1.37554E-11  6.98844E-07  1.11794E-07  2.21997E-12  3.55182E-13  2.57621E-08  2.21484E-07
  4.500E-04  1.54213E-11  6.98843E-07  1.11794E-07  2.35055E-12  3.76075E-13  2.57575E-08  2.21464E-07
  4.750E-04  1.71823E-11  6.98841E-07  1.11794E-07  2.48113E-12  3.96967E-13  2.57525E-08  2.21443E-07
  5.000E-04  1.90386E-11  6.98839E-07  1.11794E-07  2.61171E-12  4.17860E-13  2.57473E-08  2.21421E-07
  5.250E-04  2.09900E-11  6.98838E-07  1.11794E-07  2.74229E-12  4.38753E-13  2.57418E-08  2.21397E-07
  5.500E-04  2.30367E-11  6.98836E-07  1.11794E-07  2.87287E-12  4.59646E-13  2.57361E-08  2.21373E-07
  5.750E-04  2.51785E-11  6.98834E-07  1.11794E-07  3.00345E-12  4.80539E-13  2.57301E-08  2.21348E-07
  6.000E-04  2.74156E-11  6.98832E-07  1.11794E-07  3.13402E-12  5.01432E-13  2.57238E-08  2.21321E-07
  6.250E-04  2.97478E-11  6.98830E-07  1.11794E-07  3.26460E-12  5.22325E-13  2.57173E-08  2.21293E-07
  6.500E-04  3.21752E-11  6.98827E-07  1.11794E-07  3.39517E-12  5.43218E-13  2.57105E-08  2.21264E-07
  6.750E-04  3.46979E-11  6.98825E-07  1.11793E-07  3.52574E-12  5.64110E-13  2.57034E-08  2.21234E-07
  7.000E-04  3.73157E-11  6.98823E-07  1.11793E-07  3.65631E-12  5.85003E-13  2.56961E-08  2.21203E-07
  7.250E-04  4.00286E-11  6.98820E-07  1.11793E-07  3.78688E-12  6.05896E-13  2.56885E-08  2.21171E-07
  7.500E-04  4.28368E-11  6.98818E-07  1.11793E-07  3.91745E-12  6.26789E-13  2.56807E-08  2.21137E-07
  7.750E-04  4.57402E-11  6.98815E-07  1.11793E-07  4.04802E-12  6.47682E-13  2.56725E-08  2.21103E-07
  8.000E-04  4.87388E-11  6.98813E-07  1.11793E-07  4.17858E-12  6.68574E-13  2.56641E-08  2.21067E-07
  8.250E-04  5.18325E-11  6.98810E-07  1.11793E-07  4.30915E-12  6.89467E-13  2.56555E-08  2.21030E-07
  8.500E-04  5.50215E-11  6.98807E-07  1.11793E-07  4.43971E-12  7.10360E-13  2.56466E-08  2.20993E-07
  8.750E-04  5.83057E-11  6.98804E-07  1.11793E-07  4.57027E-12  7.31252E-13  2.56374E-08  2.20953E-07
  9.000E-04  6.16850E-11  6.98801E-07  1.11793E-07  4.70083E-12  7.52145E-13  2.56279E-08  2.20913E-07
  9.250E-04  6.51595E-11  6.98798E-07  1.11793E-07  4.83138E-12  7.73037E-13  2.56182E-08  2.20872E-07
  9.500E-04  6.87293E-11  6.98795E-07  1.11793E-07  4.96194E-12  7.93930E-13  2.56082E-08  2.20830E-07
  9.750E-04  7.23943E-11  6.98791E-07  1.11793E-07  5.09249E-12  8.14822E-13  2.55980E-08  2.20786E-07
  1.000E-03  7.61544E-11  6.98788E-07  1.11793E-07  5.22304E-12  8.35715E-13  2.55875E-08  2.20741E-07
  1.250E-03  1.18991E-10  6.98749E-07  1.11792E-07  6.52844E-12  1.04464E-12  2.54679E-08  2.20233E-07
  1.500E-03  1.71347E-10  6.98702E-07  1.11792E-07  7.83361E-12  1.25356E-12  2.53221E-08  2.19612E-07
  1.750E-03  2.33223E-10  6.98647E-07  1.11791E-07  9.13848E-12  1.46247E-12  2.51504E-08  2.18880E-07
  2.000E-03  3.04617E-10  6.98582E-07  1.11790E-07  1.04430E-11  1.67138E-12  2.49529E-08  2.18038E-07
  2.250E-03  3.85531E-10  6.98510E-07  1.11789E-07  1.17472E-11  1.88029E-12  2.47300E-08  2.17086E-07
  2.500E-03  4.75965E-10  6.98428E-07  1.11787E-07  1.30509E-11  2.08918E-12  2.44820E-08  2.16024E-07
  2.750E-03  5.75917E-10  6.98339E-07  1.11786E-07  1.43541E-11  2.29807E-12  2.42093E-08  2.14855E-07
  3.000E-03  6.85389E-10  6.98240E-07  1.11784E-07  1.56569E-11  2.50695E-12  2.39124E-08  2.13580E-07
  3.250E-03  8.04380E-10  6.98133E-07  1.11783E-07  1.69590E-11  2.71583E-12  2.35915E-08  2.12199E-07
  3.500E-03  9.32891E-10  6.98018E-07  1.11781E-07  1.82605E-11  2.92469E-12  2.32473E-08  2.10714E-07
  3.750E-03  1.07092E-09  6.97894E-07  1.11779E-07  1.95614E-11  3.13354E-12  2.28803E-08  2.09127E-07
  4.000E-03  1.21847E-09  6.97762E-07  1.11777E-07  2.08615E-11  3.34238E-12  2.24910E-08  2.07438E-07
  4.250E-03  1.37554E-09  6.97621E-07  1.11775E-07  2.21609E-11  3.55121E-12  2.20799E-08  2.05650E-07
  4.500E-03  1.54213E-09  6.97472E-07  1.11772E-07  2.34595E-11  3.76003E-12  2.16478E-08  2.03765E-07
  4.750E-03  1.71823E-09  6.97314E-07  1.11770E-07  2.47572E-11  3.96883E-12  2.11953E-08  2.01784E-07
  5.000E-03  1.90386E-09  6.97148E-07  1.11767E-07  2.60540E-11  4.17762E-12  2.07230E-08  1.99710E-07
  5.250E-03  2.09900E-09  6.96974E-07  1.11765E-07  2.73498E-11  4.38640E-12  2.02317E-08  1.97544E-07
  5.500E-03  2.30367E-09  6.96791E-07  1.11762E-07  2.86447E-11  4.59516E-12  1.97220E-08  1.95288E-07
  5.750E-03  2.51785E-09  6.96600E-07  1.11759E-07  2.99385E-11  4.80390E-12  1.91948E-08  1.92945E-07
  6.000E-03  2.74156E-09  6.96400E-07  1.11756E-07  3.12312E-11  5.01262E-12  1.86509E-08  1.90517E-07
  6.250E-03  2.97478E-09  6.96193E-07  1.11753E-07  3.25228E-11  5.22133E-12  1.80911E-08  1.88006E-07
  6.500E-03  3.21752E-09  6.95976E-07  1.11749E-07  3.38132E-11  5.43002E-12  1.75161E-08  1.85415E-07
  6.750E-03  3.46978E-09  6.95752E-07  1.11746E-07  3.51024E-11  5.63869E-12  1.69269E-08  1.82746E-07
  7.000E-03  3.73156E-09  6.95519E-07  1.11742E-07  3.63903E-11  5.84734E-12  1.63243E-08  1.80002E-07
  7.250E-03  4.00286E-09  6.95278E-07  1.11738E-07  3.76769E-11  6.05597E-12  1.57093E-08  1.77186E-07
  7.500E-03  4.28368E-09  6.95029E-07  1.11734E-07  3.89622E-11  6.26458E-12  1.50828E-08  1.74300E-07
  7.750E-03  4.57402E-09  6.94772E-07  1.11730E-07  4.02460E-11  6.47316E-12  1.44456E-08  1.71348E-07
  8.000E-03  4.87388E-09  6.94506E-07  1.11726E-07  4.15284E-11  6.68173E-12  1.37987E-08  1.68331E-07
  8.250E-03  5.18326E-09  6.94232E-07  1.11722E-07  4.28093E-11  6.89026E-12  1.31431E-08  1.65253E-07
  8.500E-03  5.50215E-09  6.93951E-07  1.11717E-07  4.40886E-11  7.09878E-12  1.24798E-08  1.62116E-07
  8.750E-03  5.83057E-09  6.93661E-07  1.11713E-07  4.53664E-11  7.30727E-12  1.18097E-08  1.58925E-07
  9.000E-03  6.16850E-09  6.93363E-07  1.11708E-07  4.66425E-11  7.51573E-12  1.11339E-08  1.55681E-07
  9.250E-03  6.51596E-09  6.93057E-07  1.11703E-07  4.79170E-11  7.72417E-12  1.04532E-08  1.52388E-07
  9.500E-03  6.87293E-09  6.92743E-07  1.11698E-07  4.91897E-11  7.93258E-12  9.76872E-09  1.49049E-07
  9.750E-03  7.23942E-09  6.92421E-07  1.11693E-07  5.04608E-11  8.14096E-12  9.08146E-09  1.45667E-07
  1.000E-02  7.61544E-09  6.92091E-07  1.11688E-07  5.17300E-11  8.34931E-12  8.39241E-09  1.42245E-07
  1.250E-02  1.18991E-08  6.88361E-07  1.11629E-07  6.43140E-11  1.04311E-11  1.62118E-09  1.06557E-07
  1.500E-02  1.71347E-08  6.83875E-07  1.11556E-07  7.66739E-11  1.25092E-11  4.27906E-09  7.04579E-08
  1.750E-02  2.33223E-08  6.78672E-07  1.11471E-07  8.87725E-11  1.45828E-11  8.52527E-09  3.70135E-08
  2.000E-02  3.04617E-08  6.72798E-07  1.11372E-07  1.00576E-10  1.66514E-11  1.06255E-08  8.79015E-09
  2.250E-02  3.85531E-08  6.66302E-07  1.11261E-07  1.12056E-10  1.87141E-11  1.04519E-08  1.24115E-08
  2.500E-02  4.75965E-08  6.59236E-07  1.11137E-07  1.23186E-10  2.07704E-11  8.25184E-09  2.57186E-08
  2.750E-02  5.75917E-08  6.51654E-07  1.11001E-07  1.33946E-10  2.28194E-11  4.59568E-09  3.12254E-08
  3.000E-02  6.85389E-08  6.43609E-07  1.10853E-07  1.44319E-10  2.48606E-11  2.70404E-10  2.99062E-08
  3.250E-02  8.04380E-08  6.35157E-07  1.10692E-07  1.54293E-10  2.68933E-11  3.86282E-09  2.34202E-08
  3.500E-02  9.32891E-08  6.26351E-07  1.10519E-07  1.63858E-10  2.89168E-11  7.02172E-09  1.38372E-08
  3.750E-02  1.07092E-07  6.17242E-07  1.10335E-07  1.73009E-10  3.09306E-11  8.63978E-09  3.32521E-09
  4.000E-02  1.21847E-07  6.07881E-07  1.10139E-07  1.81744E-10  3.29341E-11  8.46253E-09  6.15285E-09
  4.250E-02  1.37554E-07  5.98314E-07  1.09932E-07  1.90064E-10  3.49266E-11  6.58587E-09  1.30927E-08
  4.500E-02  1.54213E-07  5.88586E-07  1.09713E-07  1.97972E-10  3.69077E-11  3.42970E-09  1.66165E-08
  4.750E-02  1.71823E-07  5.78737E-07  1.09484E-07  2.05474E-10  3.88767E-11  3.48330E-10  1.65348E-08
  5.000E-02  1.90386E-07  5.68806E-07  1.09244E-07  2.12577E-10  4.08331E-11  3.98262E-09  1.33001E-08
  5.250E-02  2.09900E-07  5.58826E-07  1.08993E-07  2.19289E-10  4.27765E-11  6.74884E-09  7.86456E-09
  5.500E-02  2.30367E-07  5.48828E-07  1.08733E-07  2.25622E-10  4.47063E-11  8.10411E-09  1.46943E-09
  5.750E-02  2.51785E-07  5.38841E-07  1.08462E-07  2.31585E-10  4.66222E-11  7.79151E-09  4.59456E-09
  6.000E-02  2.74156E-07  5.28889E-07  1.08182E-07  2.37191E-10  4.85236E-11  5.88864E-09  9.21669E-09
  6.250E-02  2.97478E-07  5.18994E-07  1.07893E-07  2.42451E-10  5.04102E-11  2.79071E-09  1.16474E-08
  6.500E-02  3.21752E-07  5.09175E-07  1.07594E-07  2.47379E-10  5.22815E-11  8.68748E-10  1.16039E-08
  6.750E-02  3.46978E-07  4.99449E-07  1.07287E-07  2.51986E-10  5.41372E-11  4.34447E-09  9.28598E-09
  7.000E-02  3.73156E-07  4.89829E-07  1.06971E-07  2.56286E-10  5.59770E-11  6.92853E-09  5.30570E-09
  7.250E-02  4.00286E-07  4.80328E-07  1.06646E-07  2.60291E-10  5.78004E-11  8.09253E-09  5.46588E-10
  7.500E-02  4.28368E-07  4.70957E-07  1.06314E-07  2.64013E-10  5.96072E-11  7.59474E-09  4.01766E-09
  7.750E-02  4.57402E-07  4.61723E-07  1.05974E-07  2.67464E-10  6.13971E-11  5.53027E-09  7.51074E-09
  8.000E-02  4.87388E-07  4.52633E-07  1.05626E-07  2.70657E-10  6.31698E-11  2.31387E-09  9.31314E-09
  8.250E-02  5.18325E-07  4.43693E-07  1.05271E-07  2.73602E-10  6.49250E-11  1.40198E-09  9.16546E-09
  8.500E-02  5.50215E-07  4.34907E-07  1.04910E-07  2.76311E-10  6.66626E-11  4.85777E-09  7.19913E-09
  8.750E-02  5.83057E-07  4.26279E-07  1.04541E-07  2.78795E-10  6.83823E-11  7.34075E-09  3.89206E-09
  9.000E-02  6.16850E-07  4.17810E-07  1.04167E-07  2.81064E-10  7.00840E-11  8.33079E-09  3.94733E-11
  9.250E-02  6.51596E-07  4.09503E-07  1.03786E-07  2.83128E-10  7.17674E-11  7.60875E-09  3.78956E-09
  9.500E-02  6.87293E-07  4.01358E-07  1.03399E-07  2.84996E-10  7.34324E-11  5.30469E-09  6.62258E-09
  9.750E-02  7.23942E-07  3.93375E-07  1.03006E-07  2.86679E-10  7.50788E-11  1.87547E-09  8.01327E-09
  1.000E-01  7.61543E-07  3.85554E-07  1.02608E-07  2.88183E-10  7.67066E-11  1.98493E-09  7.74097E-09
  1.250E-01  1.18991E-06  3.15924E-07  9.83883E-08  2.95174E-10  9.19402E-11  9.15642E-09  8.41395E-10
  1.500E-01  1.71347E-06  2.60240E-07  9.38784E-08  2.91778E-10  1.05272E-10  3.50190E-10  6.28791E-09
  1.750E-01  2.33223E-06  2.15856E-07  8.92558E-08  2.82352E-10  1.16770E-10  1.08579E-08  9.09830E-10
  2.000E-01  3.04617E-06  1.80395E-07  8.46502E-08  2.69677E-10  1.26567E-10  3.63456E-09  5.42952E-09
  2.250E-01  3.85531E-06  1.51924E-07  8.01515E-08  2.55506E-10  1.34822E-10  1.19455E-08  2.29279E-09
  2.500E-01  4.75964E-06  1.28920E-07  7.58179E-08  2.40908E-10  1.41704E-10  7.84945E-09  4.56120E-09
  2.750E-01  5.75916E-06  1.10190E-07  7.16836E-08  2.26501E-10  1.47376E-10  1.18130E-08  3.44323E-09
  3.000E-01  6.85388E-06  9.48118E-08  6.77657E-08  2.12607E-10  1.51988E-10  1.26460E-08  3.52341E-09
  3.250E-01  8.04378E-06  8.20667E-08  6.40692E-08  1.99363E-10  1.55674E-10  1.00358E-08  4.33486E-09
  3.500E-01  9.32888E-06  7.14014E-08  6.05914E-08  1.86796E-10  1.58550E-10  1.74771E-08  2.30566E-09
  3.750E-01  1.07092E-05  6.23888E-08  5.73244E-08  1.74876E-10  1.60718E-10  6.42496E-09  4.92119E-09
  4.000E-01  1.21846E-05  5.47006E-08  5.42578E-08  1.63548E-10  1.62263E-10  2.17172E-08  9.58070E-10
  4.250E-01  1.37553E-05  4.80840E-08  5.13796E-08  1.52749E-10  1.63261E-10  1.01719E-09  5.16940E-09
  4.500E-01  1.54212E-05  4.23440E-08  4.86777E-08  1.42427E-10  1.63775E-10  2.47349E-08  4.46960E-10
  4.750E-01  1.71822E-05  3.73299E-08  4.61400E-08  1.32537E-10  1.63864E-10  5.94812E-09  5.06375E-09
  5.000E-01  1.90385E-05  3.29243E-08  4.37554E-08  1.23046E-10  1.63575E-10  2.59351E-08  1.82898E-09
  5.250E-01  2.09899E-05  2.90348E-08  4.15133E-08  1.13935E-10  1.62955E-10  1.40365E-08  4.60457E-09
  5.500E-01  2.30365E-05  2.55880E-08  3.94040E-08  1.05189E-10  1.62042E-10  2.48032E-08  3.10340E-09
  5.750E-01  2.51783E-05  2.25245E-08  3.74186E-08  9.68031E-11  1.60874E-10  2.26195E-08  3.81005E-09
  6.000E-01  2.74153E-05  1.97960E-08  3.55491E-08  8.87741E-11  1.59484E-10  2.09693E-08  4.18437E-09
  6.250E-01  2.97475E-05  1.73620E-08  3.37881E-08  8.11013E-11  1.57901E-10  3.08940E-08  2.71987E-09
  6.500E-01  3.21749E-05  1.51885E-08  3.21287E-08  7.37843E-11  1.56154E-10  1.42828E-08  4.99024E-09
  6.750E-01  3.46974E-05  1.32463E-08  3.05646E-08  6.68220E-11  1.54267E-10  3.79344E-08  1.39750E-09
  7.000E-01  3.73152E-05  1.15101E-08  2.90900E-08  6.02117E-11  1.52264E-10  4.88035E-09  5.45162E-09
  7.250E-01  4.00281E-05  9.95777E-09  2.76995E-08  5.39488E-11  1.50166E-10  4.27814E-08  7.07957E-11
  7.500E-01  4.28362E-05  8.56973E-09  2.63880E-08  4.80268E-11  1.47991E-10  6.77660E-09  5.52006E-09
  7.750E-01  4.57395E-05  7.32862E-09  2.51507E-08  4.24370E-11  1.45755E-10  4.45529E-08  1.58112E-09
  8.000E-01  4.87380E-05  6.21891E-09  2.39832E-08  3.71693E-11  1.43474E-10  1.99045E-08  5.17518E-09
  8.250E-01  5.18317E-05  5.22674E-09  2.28812E-08  3.22115E-11  1.41161E-10  4.25612E-08  3.02013E-09
  8.500E-01  5.50205E-05  4.33968E-09  2.18406E-08  2.75508E-11  1.38826E-10  3.34456E-08  4.42882E-09
  8.750E-01  5.83045E-05  3.54658E-09  2.08579E-08  2.31730E-11  1.36481E-10  3.64154E-08  4.27509E-09
  9.000E-01  6.16838E-05  2.83743E-09  1.99293E-08  1.90636E-11  1.34132E-10  4.61536E-08  3.32555E-09
  9.250E-01  6.51582E-05  2.20327E-09  1.90516E-08  1.52076E-11  1.31788E-10  2.60976E-08  5.24390E-09
  9.500E-01  6.87277E-05  1.63608E-09  1.82215E-08  1.15901E-11  1.29454E-10  5.67074E-08  1.93980E-09
  9.750E-01  7.23925E-05  1.12867E-09  1.74361E-08  8.19633E-12  1.27136E-10  1.20016E-08  5.84418E-09
  1.000E+00  7.61524E-05  6.74615E-10  1.66927E-08  5.01179E-12  1.24837E-10  2.72628E-12  4.14969E-13
  1.100E+00  9.21439E-05 -7.13545E-10  1.40877E-08 -5.90389E-12  1.15897E-10  1.28770E-12  6.95188E-13
  1.200E+00  1.09658E-04 -1.60817E-09  1.19705E-08 -1.44678E-11  1.07436E-10  3.51115E-14  6.28224E-13
  1.300E+00  1.28695E-04 -2.18468E-09  1.02317E-08 -2.12778E-11  9.94868E-11  7.68639E-13  4.05009E-13
  1.400E+00  1.49255E-04 -2.55199E-09  8.78901E-09 -2.67602E-11  9.20368E-11  1.06885E-12  1.58975E-13
  1.500E+00  1.71338E-04 -2.77817E-09  7.58087E-09 -3.12091E-11  8.50589E-11  9.54486E-13  3.28265E-14
  1.600E+00  1.94942E-04 -2.90666E-09  6.56089E-09 -3.48274E-11  7.85250E-11  5.90110E-13  1.40023E-13
  1.700E+00  2.20070E-04 -2.96599E-09  5.69388E-09 -3.77589E-11  7.24096E-11  1.53788E-13  1.65940E-13
  1.800E+00  2.46720E-04 -2.97566E-09  4.95271E-09 -4.01104E-11  6.66909E-11  2.09887E-13  1.33802E-13
  1.900E+00  2.74892E-04 -2.94943E-09  4.31614E-09 -4.19665E-11  6.13494E-11  4.15663E-13  7.25541E-14
  2.000E+00  3.04586E-04 -2.89740E-09  3.76723E-09 -4.33974E-11  5.63667E-11  4.44525E-13  9.72189E-15
  2.100E+00  3.35803E-04 -2.82710E-09  3.29231E-09 -4.44633E-11  5.17246E-11  3.31613E-13  3.70370E-14
  2.200E+00  3.68542E-04 -2.74423E-09  2.88016E-09 -4.52172E-11  4.74045E-11  1.43226E-13  5.86171E-14
  2.300E+00  4.02802E-04 -2.65316E-09  2.52149E-09 -4.57059E-11  4.33876E-11  4.78803E-14  5.64884E-14
  2.400E+00  4.38585E-04 -2.55719E-09  2.20853E-09 -4.59705E-11  3.96545E-11  1.84155E-13  3.80473E-14
  2.500E+00  4.75889E-04 -2.45885E-09  1.93478E-09 -4.60470E-11  3.61861E-11  2.36228E-13  1.32442E-14
  2.600E+00  5.14715E-04 -2.36000E-09  1.69473E-09 -4.59664E-11  3.29634E-11  2.05172E-13  9.32828E-15
  2.700E+00  5.55063E-04 -2.26203E-09  1.48372E-09 -4.57556E-11  2.99680E-11  1.16802E-13  2.32975E-14
  2.800E+00  5.96931E-04 -2.16595E-09  1.29782E-09 -4.54374E-11  2.71824E-11  8.56255E-15  2.79261E-14
  2.900E+00  6.40321E-04 -2.07243E-09  1.13365E-09 -4.50313E-11  2.45901E-11  8.34466E-14  2.17281E-14
  3.000E+00  6.85233E-04 -1.98196E-09  9.88362E-10 -4.45534E-11  2.21757E-11  1.33618E-13  1.08231E-14
  3.100E+00  7.31665E-04 -1.89483E-09  8.59511E-10 -4.40174E-11  1.99251E-11  1.33803E-13  7.32139E-16
  3.200E+00  7.79618E-04 -1.81121E-09  7.45009E-10 -4.34349E-11  1.78250E-11  9.21379E-14  9.31603E-15
  3.300E+00  8.29092E-04 -1.73115E-09  6.43065E-10 -4.28152E-11  1.58635E-11  2.82477E-14  1.41296E-14
  3.400E+00  8.80086E-04 -1.65466E-09  5.52145E-10 -4.21664E-11  1.40298E-11  3.44195E-14  1.30326E-14
  3.500E+00  9.32601E-04 -1.58168E-09  4.70924E-10 -4.14950E-11  1.23140E-11  7.70946E-14  8.51811E-15
  3.600E+00  9.86636E-04 -1.51213E-09  3.98261E-10 -4.08065E-11  1.07070E-11  8.88918E-14  1.92747E-15
  3.700E+00  1.04219E-03 -1.44589E-09  3.33168E-10 -4.01055E-11  9.20082E-12  7.19644E-14  4.04503E-15
  3.800E+00  1.09927E-03 -1.38284E-09  2.74787E-10 -3.93958E-11  7.78801E-12  3.38737E-14  7.26938E-15
  3.900E+00  1.15786E-03 -1.32283E-09  2.22373E-10 -3.86806E-11  6.46189E-12  9.19106E-15  8.15431E-15
  4.000E+00  1.21797E-03 -1.26573E-09  1.75273E-10 -3.79627E-11  5.21637E-12  4.34495E-14  5.84413E-15
  4.100E+00  1.27961E-03 -1.21141E-09  1.32919E-10 -3.72442E-11  4.04589E-12  5.95256E-14  2.61217E-15
  4.200E+00  1.34276E-03 -1.15972E-09  9.48097E-11 -3.65270E-11  2.94541E-12  5.47482E-14  1.08685E-15
  4.300E+00  1.40743E-03 -1.11052E-09  6.05054E-11 -3.58127E-11  1.91030E-12  3.28077E-14  3.99157E-15
  4.400E+00  1.47362E-03 -1.06370E-09  2.96178E-11 -3.51028E-11  9.36313E-13  3.75824E-15  4.65050E-15
  4.500E+00  1.54133E-03 -1.01911E-09  1.80321E-12 -3.43982E-11  1.95656E-14  2.30260E-14  4.70689E-15
  4.600E+00  1.61056E-03 -9.76659E-10 -2.32429E-11 -3.37000E-11 -8.43530E-13  3.91349E-14  2.44092E-15
  4.700E+00  1.68131E-03 -9.36217E-10 -4.57915E-11 -3.30090E-11 -1.65628E-12  4.12341E-14  3.68543E-16
  4.800E+00  1.75357E-03 -8.97681E-10 -6.60838E-11 -3.23259E-11 -2.42175E-12  2.97568E-14  1.88135E-15
  4.900E+00  1.82735E-03 -8.60950E-10 -8.43354E-11 -3.16512E-11 -3.14276E-12  1.02800E-14  3.15419E-15
  5.000E+00  1.90265E-03 -8.25928E-10 -1.00739E-10 -3.09854E-11 -3.82194E-12  1.06028E-14  3.02448E-15
  5.100E+00  1.97947E-03 -7.92525E-10 -1.15468E-10 -3.03289E-11 -4.46175E-12  2.51744E-14  1.65861E-15
  5.200E+00  2.05780E-03 -7.60655E-10 -1.28676E-10 -2.96820E-11 -5.06445E-12  3.08719E-14  5.97388E-16
  5.300E+00  2.13765E-03 -7.30238E-10 -1.40505E-10 -2.90449E-11 -5.63218E-12  2.55571E-14  1.14844E-15
  5.400E+00  2.21902E-03 -7.01198E-10 -1.51079E-10 -2.84179E-11 -6.16692E-12  1.28493E-14  1.65709E-15
  5.500E+00  2.30190E-03 -6.73464E-10 -1.60513E-10 -2.78012E-11 -6.67053E-12  2.59642E-15  1.94965E-15
  5.600E+00  2.38630E-03 -6.46968E-10 -1.68908E-10 -2.71947E-11 -7.14474E-12  1.60394E-14  2.04884E-15
  5.700E+00  2.47222E-03 -6.21646E-10 -1.76358E-10 -2.65986E-11 -7.59119E-12  2.21315E-14  9.87490E-16
  5.800E+00  2.55965E-03 -5.97439E-10 -1.82947E-10 -2.60130E-11 -8.01140E-12  2.08036E-14  3.17503E-16
  5.900E+00  2.64859E-03 -5.74290E-10 -1.88752E-10 -2.54378E-11 -8.40680E-12  1.30801E-14  1.07256E-15
  6.000E+00  2.73905E-03 -5.52146E-10 -1.93841E-10 -2.48730E-11 -8.77876E-12  2.04192E-15  1.62775E-15
  6.100E+00  2.83103E-03 -5.30957E-10 -1.98277E-10 -2.43186E-11 -9.12853E-12  8.51069E-15  1.42993E-15
  6.200E+00  2.92452E-03 -5.10674E-10 -2.02118E-10 -2.37745E-11 -9.45731E-12  1.56253E-14  5.53023E-16
  6.300E+00  3.01952E-03 -4.91254E-10 -2.05417E-10 -2.32407E-11 -9.76622E-12  1.66188E-14  2.67495E-16
  6.400E+00  3.11604E-03 -4.72653E-10 -2.08220E-10 -2.27170E-11 -1.00563E-11  1.25131E-14  6.47275E-16
  6.500E+00  3.21407E-03 -4.54832E-10 -2.10570E-10 -2.22034E-11 -1.03286E-11  4.65316E-15  7.52184E-16
  6.600E+00  3.31362E-03 -4.37753E-10 -2.12509E-10 -2.16997E-11 -1.05840E-11  3.98484E-15  8.50235E-16
  6.700E+00  3.41468E-03 -4.21380E-10 -2.14071E-10 -2.12058E-11 -1.08235E-11  1.04718E-14  4.70953E-16
  6.800E+00  3.51725E-03 -4.05679E-10 -2.15290E-10 -2.07215E-11 -1.10477E-11  1.30171E-14  3.42544E-16
  6.900E+00  3.62133E-03 -3.90619E-10 -2.16196E-10 -2.02468E-11 -1.12577E-11  1.12922E-14  3.32346E-16
  7.000E+00  3.72692E-03 -3.76168E-10 -2.16816E-10 -1.97815E-11 -1.14540E-11  5.94595E-15  5.37652E-16
  7.100E+00  3.83403E-03 -3.62299E-10 -2.17176E-10 -1.93254E-11 -1.16373E-11  7.21873E-16  7.30931E-16
  7.200E+00  3.94265E-03 -3.48984E-10 -2.17300E-10 -1.88784E-11 -1.18085E-11  7.01406E-15  6.08632E-16
  7.300E+00  4.05278E-03 -3.36198E-10 -2.17207E-10 -1.84403E-11 -1.19680E-11  9.71556E-15  2.95749E-16
  7.400E+00  4.16442E-03 -3.23916E-10 -2.16919E-10 -1.80109E-11 -1.21165E-11  9.44758E-15  9.58451E-17
  7.500E+00  4.27757E-03 -3.12115E-10 -2.16452E-10 -1.75902E-11 -1.22545E-11  6.28822E-15  5.59310E-16
  7.600E+00  4.39223E-03 -3.00773E-10 -2.15823E-10 -1.71778E-11 -1.23826E-11  1.25525E-15  5.44181E-16
  7.700E+00  4.50840E-03 -2.89870E-10 -2.15047E-10 -1.67738E-11 -1.25013E-11  3.66594E-15  3.53100E-16
  7.800E+00  4.62608E-03 -2.79386E-10 -2.14138E-10 -1.63778E-11 -1.26110E-11  6.84253E-15  5.15686E-16
  7.900E+00  4.74527E-03 -2.69302E-10 -2.13109E-10 -1.59898E-11 -1.27122E-11  7.39030E-15  0.00000E+00
  8.000E+00  4.86597E-03 -2.59600E-10 -2.11970E-10 -1.56096E-11 -1.28053E-11  5.93086E-15  4.89345E-16
  8.100E+00  4.98817E-03 -2.50264E-10 -2.10734E-10 -1.52369E-11 -1.28907E-11  2.34009E-15  4.76915E-16
  8.200E+00  5.11188E-03 -2.41277E-10 -2.09409E-10 -1.48718E-11 -1.29688E-11  1.61072E-15  3.09964E-16
  8.300E+00  5.23711E-03 -2.32625E-10 -2.08004E-10 -1.45139E-11 -1.30400E-11  4.58239E-15  1.51138E-16
  8.400E+00  5.36383E-03 -2.24293E-10 -2.06529E-10 -1.41632E-11 -1.31046E-11  5.87621E-15  0.00000E+00
  8.500E+00  5.49207E-03 -2.16267E-10 -2.04990E-10 -1.38195E-11 -1.31630E-11  4.98703E-15  2.87724E-16
  8.600E+00  5.62181E-03 -2.08535E-10 -2.03394E-10 -1.34827E-11 -1.32154E-11  2.55604E-15  5.61665E-16
  8.700E+00  5.75306E-03 -2.01083E-10 -2.01749E-10 -1.31525E-11 -1.32621E-11  3.56579E-16  0.00000E+00
  8.800E+00  5.88581E-03 -1.93900E-10 -2.00059E-10 -1.28289E-11 -1.33034E-11  2.90255E-15  2.67760E-16
  8.900E+00  6.02007E-03 -1.86975E-10 -1.98331E-10 -1.25117E-11 -1.33396E-11  4.08377E-15  0.00000E+00
  9.000E+00  6.15583E-03 -1.80298E-10 -1.96570E-10 -1.22007E-11 -1.33709E-11  4.21283E-15  0.00000E+00
  9.100E+00  6.29310E-03 -1.73857E-10 -1.94779E-10 -1.18959E-11 -1.33976E-11  2.60102E-15  3.74660E-16
  9.200E+00  6.43187E-03 -1.67643E-10 -1.92963E-10 -1.15971E-11 -1.34199E-11  6.35817E-16  0.00000E+00
  9.300E+00  6.57214E-03 -1.61648E-10 -1.91126E-10 -1.13041E-11 -1.34380E-11  1.45098E-15  2.38753E-16
  9.400E+00  6.71392E-03 -1.55861E-10 -1.89272E-10 -1.10168E-11 -1.34521E-11  3.14306E-15  1.16755E-16
  9.500E+00  6.85720E-03 -1.50276E-10 -1.87404E-10 -1.07352E-11 -1.34624E-11  3.47229E-15  0.00000E+00
  9.600E+00  7.00198E-03 -1.44883E-10 -1.85525E-10 -1.04590E-11 -1.34690E-11  2.52451E-15  1.11759E-16
  9.700E+00  7.14827E-03 -1.39675E-10 -1.83637E-10 -1.01882E-11 -1.34723E-11  1.23566E-15  1.09378E-16
  9.800E+00  7.29605E-03 -1.34645E-10 -1.81744E-10 -9.92263E-12 -1.34722E-11  7.44543E-16  1.07071E-16
  9.900E+00  7.44534E-03 -1.29786E-10 -1.79847E-10 -9.66218E-12 -1.34691E-11  1.91407E-15  1.04835E-16
  1.000E+01  7.59612E-03 -1.25091E-10 -1.77948E-10 -9.40672E-12 -1.34629E-11  2.58919E-15  1.02666E-16
  1.025E+01  7.97965E-03 -1.14031E-10 -1.73208E-10 -8.78927E-12 -1.34356E-11  5.94040E-16  9.75243E-17
  1.050E+01  8.37255E-03 -1.03867E-10 -1.68497E-10 -8.20074E-12 -1.33927E-11  1.85748E-15  0.00000E+00
  1.075E+01  8.77480E-03 -9.45160E-11 -1.63836E-10 -7.63959E-12 -1.33360E-11  8.46383E-16  0.00000E+00
  1.100E+01  9.18641E-03 -8.59052E-11 -1.59240E-10 -7.10432E-12 -1.32671E-11  1.39439E-15  8.41774E-17
  1.125E+01  9.60736E-03 -7.79686E-11 -1.54723E-10 -6.59357E-12 -1.31876E-11  8.40855E-16  8.03193E-17
  1.150E+01  1.00376E-02 -7.06471E-11 -1.50294E-10 -6.10602E-12 -1.30987E-11  8.70619E-16  0.00000E+00
  1.175E+01  1.04773E-02 -6.38874E-11 -1.45961E-10 -5.64045E-12 -1.30016E-11  8.32893E-16  7.33400E-17
  1.200E+01  1.09262E-02 -5.76417E-11 -1.41729E-10 -5.19571E-12 -1.28972E-11  4.90788E-16  0.00000E+00
  1.225E+01  1.13844E-02 -5.18665E-11 -1.37602E-10 -4.77073E-12 -1.27864E-11  6.46751E-16  6.72103E-17
  1.250E+01  1.18520E-02 -4.65228E-11 -1.33582E-10 -4.36448E-12 -1.26702E-11  1.69189E-16  6.44218E-17
  1.275E+01  1.23288E-02 -4.15753E-11 -1.29671E-10 -3.97601E-12 -1.25492E-11  5.41386E-16  0.00000E+00
  1.300E+01  1.28150E-02 -3.69917E-11 -1.25868E-10 -3.60444E-12 -1.24240E-11  1.04023E-16  1.18654E-16
  1.325E+01  1.33104E-02 -3.27430E-11 -1.22174E-10 -3.24890E-12 -1.22953E-11  3.00034E-16  2.84984E-17
  1.350E+01  1.38150E-02 -2.88026E-11 -1.18588E-10 -2.90861E-12 -1.21636E-11  4.81116E-17  2.73984E-17
  1.375E+01  1.43290E-02 -2.51465E-11 -1.15108E-10 -2.58282E-12 -1.20294E-11  1.38964E-16  0.00000E+00
  1.400E+01  1.48521E-02 -2.17527E-11 -1.11733E-10 -2.27083E-12 -1.18930E-11  0.00000E+00  0.00000E+00
  1.425E+01  1.53845E-02 -1.86012E-11 -1.08461E-10 -1.97197E-12 -1.17549E-11  0.00000E+00  0.00000E+00
  1.450E+01  1.59262E-02 -1.56735E-11 -1.05290E-10 -1.68561E-12 -1.16154E-11  6.22535E-17  0.00000E+00
  1.475E+01  1.64770E-02 -1.29531E-11 -1.02217E-10 -1.41117E-12 -1.14748E-11  4.00593E-17  2.27239E-17
  1.500E+01  1.70371E-02 -1.04246E-11 -9.92390E-11 -1.14809E-12 -1.13333E-11  5.80332E-17  2.19287E-17
  1.525E+01  1.76063E-02 -8.07377E-12 -9.63548E-11 -8.95836E-13 -1.11913E-11  1.02812E-16  3.17594E-17
  1.550E+01  1.81848E-02 -5.88791E-12 -9.35612E-11 -6.53919E-13 -1.10490E-11  1.53625E-16  1.02271E-17
  1.575E+01  1.87724E-02 -3.85505E-12 -9.08555E-11 -4.21866E-13 -1.09065E-11  1.04902E-16  9.88500E-18
  1.600E+01  1.93692E-02 -1.96438E-12 -8.82353E-11 -1.99232E-13 -1.07641E-11  1.90368E-16  1.19489E-17
  1.625E+01  1.99751E-02 -2.05799E-13 -8.56978E-11  1.44041E-14 -1.06218E-11  8.80729E-17  2.02310E-18
  1.650E+01  2.05901E-02  1.42989E-12 -8.32404E-11  2.19441E-13 -1.04799E-11  2.40099E-16  0.00000E+00
  1.675E+01  2.12143E-02  2.95120E-12 -8.08606E-11  4.16256E-13 -1.03385E-11  4.61582E-17  8.66909E-18
  1.700E+01  2.18476E-02  4.36607E-12 -7.85559E-11  6.05208E-13 -1.01976E-11  2.61092E-16  0.00000E+00
  1.725E+01  2.24900E-02  5.68164E-12 -7.63237E-11  7.86636E-13 -1.00575E-11  0.00000E+00  0.00000E+00
  1.750E+01  2.31415E-02  6.90479E-12 -7.41617E-11  9.60863E-13 -9.91808E-12  2.94980E-16  1.57864E-17
  1.775E+01  2.38021E-02  8.04153E-12 -7.20676E-11  1.12819E-12 -9.77957E-12  6.81905E-17  0.00000E+00
  1.800E+01  2.44717E-02  9.09785E-12 -7.00390E-11  1.28892E-12 -9.64201E-12  2.38441E-16  0.00000E+00
  1.825E+01  2.51504E-02  1.00789E-11 -6.80736E-11  1.44331E-12 -9.50545E-12  1.28716E-16  0.00000E+00
  1.850E+01  2.58382E-02  1.09897E-11 -6.61694E-11  1.59164E-12 -9.36995E-12  2.25213E-16  0.00000E+00
  1.875E+01  2.65349E-02  1.18348E-11 -6.43243E-11  1.73416E-12 -9.23556E-12  1.70333E-16  0.00000E+00
  1.900E+01  2.72407E-02  1.26186E-11 -6.25362E-11  1.87109E-12 -9.10234E-12  2.13034E-16  0.00000E+00
  1.925E+01  2.79555E-02  1.33449E-11 -6.08031E-11  2.00267E-12 -8.97031E-12  1.84270E-16  0.00000E+00
  1.950E+01  2.86793E-02  1.40174E-11 -5.91233E-11  2.12911E-12 -8.83951E-12  1.34531E-16  0.00000E+00
  1.975E+01  2.94120E-02  1.46396E-11 -5.74947E-11  2.25062E-12 -8.70998E-12  2.18335E-16  0.00000E+00
  2.000E+01  3.01537E-02  1.52147E-11 -5.59158E-11  2.36739E-12 -8.58172E-12  8.50699E-17  0.00000E+00
  2.025E+01  3.09043E-02  1.57457E-11 -5.43847E-11  2.47961E-12 -8.45477E-12  2.48673E-16  0.00000E+00
  2.050E+01  3.16639E-02  1.62353E-11 -5.28998E-11  2.58746E-12 -8.32915E-12  8.07926E-17  0.00000E+00
  2.075E+01  3.24324E-02  1.66861E-11 -5.14596E-11  2.69111E-12 -8.20486E-12  2.75700E-16  0.00000E+00
  2.100E+01  3.32098E-02  1.71005E-11 -5.00625E-11  2.79071E-12 -8.08191E-12  0.00000E+00  0.00000E+00
  2.125E+01  3.39961E-02  1.74809E-11 -4.87070E-11  2.88643E-12 -7.96033E-12  1.49890E-16  0.00000E+00
  2.150E+01  3.47912E-02  1.78292E-11 -4.73917E-11  2.97841E-12 -7.84010E-12  7.31334E-17  0.00000E+00
  2.175E+01  3.55952E-02  1.81475E-11 -4.61152E-11  3.06680E-12 -7.72125E-12  2.14156E-16  0.00000E+00
  2.200E+01  3.64081E-02  1.84377E-11 -4.48763E-11  3.15172E-12 -7.60376E-12  1.39395E-16  0.00000E+00
  2.225E+01  3.72297E-02  1.87014E-11 -4.36737E-11  3.23331E-12 -7.48763E-12  1.36136E-16  0.00000E+00
  2.250E+01  3.80602E-02  1.89402E-11 -4.25061E-11  3.31169E-12 -7.37288E-12  1.32987E-16  0.00000E+00
  2.275E+01  3.88995E-02  1.91558E-11 -4.13723E-11  3.38698E-12 -7.25949E-12  1.29944E-16  0.00000E+00
  2.300E+01  3.97476E-02  1.93494E-11 -4.02713E-11  3.45930E-12 -7.14746E-12  1.90503E-16  0.00000E+00
  2.325E+01  4.06044E-02  1.95225E-11 -3.92020E-11  3.52875E-12 -7.03678E-12  1.24157E-16  0.00000E+00
  2.350E+01  4.14700E-02  1.96762E-11 -3.81632E-11  3.59543E-12 -6.92745E-12  6.07020E-17  0.00000E+00
  2.375E+01  4.23443E-02  1.98118E-11 -3.71540E-11  3.65945E-12 -6.81946E-12  0.00000E+00  0.00000E+00
  2.400E+01  4.32273E-02  1.99304E-11 -3.61734E-11  3.72090E-12 -6.71281E-12  1.74241E-16  0.00000E+00
  2.425E+01  4.41190E-02  2.00329E-11 -3.52205E-11  3.77987E-12 -6.60748E-12  1.13663E-16  0.00000E+00
  2.450E+01  4.50194E-02  2.01204E-11 -3.42943E-11  3.83646E-12 -6.50346E-12  0.00000E+00  0.00000E+00
  2.475E+01  4.59284E-02  2.01937E-11 -3.33941E-11  3.89073E-12 -6.40074E-12  0.00000E+00  0.00000E+00
  2.500E+01  4.68461E-02  2.02537E-11 -3.25189E-11  3.94279E-12 -6.29932E-12  0.00000E+00  0.00000E+00
  2.550E+01  4.87074E-02  2.03372E-11 -3.08404E-11  4.04053E-12 -6.10030E-12  0.00000E+00  0.00000E+00
  2.600E+01  5.06030E-02  2.03766E-11 -2.92529E-11  4.13027E-12 -5.90631E-12  0.00000E+00  0.00000E+00
  2.650E+01  5.25328E-02  2.03771E-11 -2.77506E-11  4.21254E-12 -5.71724E-12  0.00000E+00  0.00000E+00
  2.700E+01  5.44967E-02  2.03434E-11 -2.63283E-11  4.28786E-12 -5.53300E-12  0.00000E+00  0.00000E+00
  2.750E+01  5.64946E-02  2.02796E-11 -2.49811E-11  4.35666E-12 -5.35347E-12  0.00000E+00  0.00000E+00
  2.800E+01  5.85262E-02  2.01894E-11 -2.37043E-11  4.41940E-12 -5.17854E-12  0.00000E+00  0.00000E+00
  2.850E+01  6.05914E-02  2.00759E-11 -2.24939E-11  4.47645E-12 -5.00810E-12  0.00000E+00  0.00000E+00
  2.900E+01  6.26901E-02  1.99422E-11 -2.13457E-11  4.52820E-12 -4.84206E-12  0.00000E+00  0.00000E+00
  2.950E+01  6.48222E-02  1.97907E-11 -2.02562E-11  4.57497E-12 -4.68028E-12  0.00000E+00  0.00000E+00
  3.000E+01  6.69873E-02  1.96237E-11 -1.92218E-11  4.61709E-12 -4.52267E-12  0.00000E+00  0.00000E+00
  3.050E+01  6.91854E-02  1.94434E-11 -1.82395E-11  4.65486E-12 -4.36911E-12  0.00000E+00  0.00000E+00
  3.100E+01  7.14163E-02  1.92515E-11 -1.73063E-11  4.68854E-12 -4.21951E-12  0.00000E+00  0.00000E+00
  3.150E+01  7.36799E-02  1.90497E-11 -1.64192E-11  4.71840E-12 -4.07375E-12  0.00000E+00  0.00000E+00
  3.200E+01  7.59760E-02  1.88394E-11 -1.55758E-11  4.74466E-12 -3.93173E-12  0.00000E+00  0.00000E+00
  3.250E+01  7.83043E-02  1.86220E-11 -1.47736E-11  4.76756E-12 -3.79336E-12  0.00000E+00  0.00000E+00
  3.300E+01  8.06647E-02  1.83986E-11 -1.40103E-11  4.78730E-12 -3.65853E-12  0.00000E+00  0.00000E+00
  3.350E+01  8.30571E-02  1.81702E-11 -1.32837E-11  4.80408E-12 -3.52714E-12  0.00000E+00  0.00000E+00
  3.400E+01  8.54812E-02  1.79378E-11 -1.25920E-11  4.81807E-12 -3.39911E-12  0.00000E+00  0.00000E+00
  3.450E+01  8.79369E-02  1.77022E-11 -1.19331E-11  4.82945E-12 -3.27434E-12  0.00000E+00  0.00000E+00
  3.500E+01  9.04240E-02  1.74641E-11 -1.13054E-11  4.83838E-12 -3.15274E-12  0.00000E+00  0.00000E+00
  3.550E+01  9.29422E-02  1.72242E-11 -1.07072E-11  4.84499E-12 -3.03422E-12  0.00000E+00  0.00000E+00
  3.600E+01  9.54915E-02  1.69832E-11 -1.01370E-11  4.84944E-12 -2.91871E-12  0.00000E+00  0.00000E+00
  3.650E+01  9.80716E-02  1.67414E-11 -9.59318E-12  4.85185E-12 -2.80611E-12  0.00000E+00  0.00000E+00
  3.700E+01  1.00682E-01  1.64995E-11 -9.07452E-12  4.85235E-12 -2.69635E-12  0.00000E+00  0.00000E+00
  3.750E+01  1.03323E-01  1.62577E-11 -8.57970E-12  4.85105E-12 -2.58935E-12  0.00000E+00  0.00000E+00
  3.800E+01  1.05995E-01  1.60166E-11 -8.10752E-12  4.84806E-12 -2.48504E-12  0.00000E+00  0.00000E+00
  3.850E+01  1.08696E-01  1.57763E-11 -7.65683E-12  4.84347E-12 -2.38333E-12  0.00000E+00  0.00000E+00
  3.900E+01  1.11427E-01  1.55373E-11 -7.22654E-12  4.83740E-12 -2.28417E-12  0.00000E+00  0.00000E+00
  3.950E+01  1.14188E-01  1.52997E-11 -6.81564E-12  4.82991E-12 -2.18748E-12  0.00000E+00  0.00000E+00
  4.000E+01  1.16978E-01  1.50637E-11 -6.42319E-12  4.82111E-12 -2.09320E-12  0.00000E+00  0.00000E+00
  4.050E+01  1.19797E-01  1.48297E-11 -6.04829E-12  4.81107E-12 -2.00126E-12  0.00000E+00  0.00000E+00
  4.100E+01  1.22645E-01  1.45977E-11 -5.69008E-12  4.79986E-12 -1.91159E-12  0.00000E+00  0.00000E+00
  4.150E+01  1.25522E-01  1.43679E-11 -5.34778E-12  4.78755E-12 -1.82415E-12  0.00000E+00  0.00000E+00
  4.200E+01  1.28428E-01  1.41405E-11 -5.02060E-12  4.77422E-12 -1.73886E-12  0.00000E+00  0.00000E+00
  4.250E+01  1.31361E-01  1.39155E-11 -4.70784E-12  4.75991E-12 -1.65567E-12  0.00000E+00  0.00000E+00
  4.300E+01  1.34323E-01  1.36931E-11 -4.40881E-12  4.74470E-12 -1.57453E-12  0.00000E+00  0.00000E+00
  4.350E+01  1.37313E-01  1.34732E-11 -4.12287E-12  4.72864E-12 -1.49538E-12  0.00000E+00  0.00000E+00
  4.400E+01  1.40330E-01  1.32561E-11 -3.84943E-12  4.71178E-12 -1.41818E-12  0.00000E+00  0.00000E+00
  4.450E+01  1.43375E-01  1.30418E-11 -3.58790E-12  4.69417E-12 -1.34286E-12  0.00000E+00  0.00000E+00
  4.500E+01  1.46447E-01  1.28302E-11 -3.33774E-12  4.67586E-12 -1.26938E-12  0.00000E+00  0.00000E+00
  4.550E+01  1.49545E-01  1.26215E-11 -3.09843E-12  4.65689E-12 -1.19770E-12  0.00000E+00  0.00000E+00
  4.600E+01  1.52671E-01  1.24157E-11 -2.86949E-12  4.63731E-12 -1.12776E-12  0.00000E+00  0.00000E+00
  4.650E+01  1.55823E-01  1.22128E-11 -2.65043E-12  4.61714E-12 -1.05953E-12  0.00000E+00  0.00000E+00
  4.700E+01  1.59001E-01  1.20127E-11 -2.44082E-12  4.59644E-12 -9.92953E-13  0.00000E+00  0.00000E+00
  4.750E+01  1.62205E-01  1.18156E-11 -2.24026E-12  4.57523E-12 -9.27997E-13  0.00000E+00  0.00000E+00
  4.800E+01  1.65435E-01  1.16214E-11 -2.04833E-12  4.55356E-12 -8.64618E-13  0.00000E+00  0.00000E+00
  4.850E+01  1.68690E-01  1.14301E-11 -1.86467E-12  4.53145E-12 -8.02777E-13  0.00000E+00  0.00000E+00
  4.900E+01  1.71970E-01  1.12417E-11 -1.68891E-12  4.50892E-12 -7.42436E-13  0.00000E+00  0.00000E+00
  4.950E+01  1.75276E-01  1.10562E-11 -1.52071E-12  4.48602E-12 -6.83558E-13  0.00000E+00  0.00000E+00
  5.000E+01  1.78606E-01  1.08736E-11 -1.35973E-12  4.46277E-12 -6.26106E-13  0.00000E+00  0.00000E+00
  5.050E+01  1.81961E-01  1.06938E-11 -1.20568E-12  4.43918E-12 -5.70046E-13  0.00000E+00  0.00000E+00
  5.100E+01  1.85340E-01  1.05168E-11 -1.05826E-12  4.41530E-12 -5.15344E-13  0.00000E+00  0.00000E+00
  5.150E+01  1.88743E-01  1.03427E-11 -9.17193E-13  4.39113E-12 -4.61967E-13  0.00000E+00  0.00000E+00
  5.200E+01  1.92169E-01  1.01714E-11 -7.82213E-13  4.36671E-12 -4.09883E-13  0.00000E+00  0.00000E+00
  5.250E+01  1.95619E-01  1.00028E-11 -6.53061E-13  4.34205E-12 -3.59062E-13  0.00000E+00  0.00000E+00
  5.300E+01  1.99092E-01  9.83698E-12 -5.29493E-13  4.31717E-12 -3.09473E-13  0.00000E+00  0.00000E+00
  5.350E+01  2.02589E-01  9.67384E-12 -4.11275E-13  4.29209E-12 -2.61087E-13  0.00000E+00  0.00000E+00
  5.400E+01  2.06107E-01  9.51337E-12 -2.98189E-13  4.26683E-12 -2.13876E-13  0.00000E+00  0.00000E+00
  5.450E+01  2.09649E-01  9.35553E-12 -1.90027E-13  4.24140E-12 -1.67811E-13  0.00000E+00  0.00000E+00
  5.500E+01  2.13212E-01  9.20029E-12 -8.65910E-14  4.21582E-12 -1.22868E-13  0.00000E+00  0.00000E+00
  5.550E+01  2.16797E-01  9.04762E-12  1.23113E-14  4.19011E-12 -7.90183E-14  0.00000E+00  0.00000E+00
  5.600E+01  2.20404E-01  8.89748E-12  1.06866E-13  4.16427E-12 -3.62385E-14  0.00000E+00  0.00000E+00
  5.650E+01  2.24032E-01  8.74983E-12  1.97250E-13  4.13833E-12  5.49646E-15  0.00000E+00  0.00000E+00
  5.700E+01  2.27680E-01  8.60465E-12  2.83632E-13  4.11230E-12  4.62104E-14  0.00000E+00  0.00000E+00
  5.750E+01  2.31350E-01  8.46189E-12  3.66172E-13  4.08618E-12  8.59266E-14  0.00000E+00  0.00000E+00
  5.800E+01  2.35040E-01  8.32152E-12  4.45019E-13  4.05999E-12  1.24668E-13  0.00000E+00  0.00000E+00
  5.850E+01  2.38751E-01  8.18350E-12  5.20317E-13  4.03374E-12  1.62455E-13  0.00000E+00  0.00000E+00
  5.900E+01  2.42481E-01  8.04779E-12  5.92205E-13  4.00744E-12  1.99311E-13  0.00000E+00  0.00000E+00
  5.950E+01  2.46231E-01  7.91435E-12  6.60819E-13  3.98111E-12  2.35254E-13  0.00000E+00  0.00000E+00
  6.000E+01  2.50000E-01  7.78316E-12  7.26291E-13  3.95474E-12  2.70307E-13  0.00000E+00  0.00000E+00
  6.050E+01  2.53788E-01  7.65418E-12  7.88745E-13  3.92835E-12  3.04487E-13  0.00000E+00  0.00000E+00
  6.100E+01  2.57595E-01  7.52736E-12  8.48297E-13  3.90195E-12  3.37815E-13  0.00000E+00  0.00000E+00
  6.150E+01  2.61421E-01  7.40268E-12  9.05057E-13  3.87554E-12  3.70309E-13  0.00000E+00  0.00000E+00
  6.200E+01  2.65264E-01  7.28009E-12  9.59130E-13  3.84913E-12  4.01987E-13  0.00000E+00  0.00000E+00
  6.250E+01  2.69126E-01  7.15957E-12  1.01062E-12  3.82273E-12  4.32866E-13  0.00000E+00  0.00000E+00
  6.300E+01  2.73005E-01  7.04107E-12  1.05963E-12  3.79635E-12  4.62964E-13  0.00000E+00  0.00000E+00
  6.350E+01  2.76901E-01  6.92456E-12  1.10625E-12  3.77000E-12  4.92297E-13  0.00000E+00  0.00000E+00
  6.400E+01  2.80814E-01  6.81002E-12  1.15058E-12  3.74367E-12  5.20881E-13  0.00000E+00  0.00000E+00
  6.450E+01  2.84744E-01  6.69740E-12  1.19270E-12  3.71737E-12  5.48732E-13  0.00000E+00  0.00000E+00
  6.500E+01  2.88691E-01  6.58667E-12  1.23270E-12  3.69112E-12  5.75866E-13  0.00000E+00  0.00000E+00
  6.550E+01  2.92653E-01  6.47780E-12  1.27065E-12  3.66491E-12  6.02297E-13  0.00000E+00  0.00000E+00
  6.600E+01  2.96632E-01  6.37075E-12  1.30663E-12  3.63875E-12  6.28041E-13  0.00000E+00  0.00000E+00
  6.650E+01  3.00625E-01  6.26550E-12  1.34072E-12  3.61264E-12  6.53111E-13  0.00000E+00  0.00000E+00
  6.700E+01  3.04634E-01  6.16201E-12  1.37299E-12  3.58660E-12  6.77520E-13  0.00000E+00  0.00000E+00
  6.750E+01  3.08658E-01  6.06025E-12  1.40351E-12  3.56061E-12  7.01284E-13  0.00000E+00  0.00000E+00
  6.800E+01  3.12697E-01  5.96019E-12  1.43234E-12  3.53470E-12  7.24414E-13  0.00000E+00  0.00000E+00
  6.850E+01  3.16749E-01  5.86181E-12  1.45955E-12  3.50885E-12  7.46924E-13  0.00000E+00  0.00000E+00
  6.900E+01  3.20816E-01  5.76506E-12  1.48520E-12  3.48308E-12  7.68826E-13  0.00000E+00  0.00000E+00
  6.950E+01  3.24896E-01  5.66993E-12  1.50933E-12  3.45739E-12  7.90133E-13  0.00000E+00  0.00000E+00
  7.000E+01  3.28990E-01  5.57637E-12  1.53201E-12  3.43178E-12  8.10855E-13  0.00000E+00  0.00000E+00
  7.050E+01  3.33097E-01  5.48438E-12  1.55330E-12  3.40625E-12  8.31006E-13  0.00000E+00  0.00000E+00
  7.100E+01  3.37216E-01  5.39390E-12  1.57325E-12  3.38081E-12  8.50595E-13  0.00000E+00  0.00000E+00
  7.150E+01  3.41348E-01  5.30494E-12  1.59192E-12  3.35545E-12  8.69635E-13  0.00000E+00  0.00000E+00
  7.200E+01  3.45492E-01  5.21745E-12  1.60934E-12  3.33019E-12  8.88136E-13  0.00000E+00  0.00000E+00
  7.250E+01  3.49647E-01  5.13140E-12  1.62555E-12  3.30502E-12  9.06108E-13  0.00000E+00  0.00000E+00
  7.300E+01  3.53814E-01  5.04676E-12  1.64060E-12  3.27995E-12  9.23562E-13  0.00000E+00  0.00000E+00
  7.350E+01  3.57992E-01  4.96353E-12  1.65454E-12  3.25498E-12  9.40508E-13  0.00000E+00  0.00000E+00
  7.400E+01  3.62181E-01  4.88167E-12  1.66742E-12  3.23010E-12  9.56955E-13  0.00000E+00  0.00000E+00
  7.450E+01  3.66381E-01  4.80115E-12  1.67927E-12  3.20533E-12  9.72914E-13  0.00000E+00  0.00000E+00
  7.500E+01  3.70590E-01  4.72196E-12  1.69013E-12  3.18066E-12  9.88393E-13  0.00000E+00  0.00000E+00
  7.550E+01  3.74810E-01  4.64406E-12  1.70003E-12  3.15610E-12  1.00340E-12  0.00000E+00  0.00000E+00
  7.600E+01  3.79039E-01  4.56744E-12  1.70900E-12  3.13164E-12  1.01795E-12  0.00000E+00  0.00000E+00
  7.650E+01  3.83277E-01  4.49207E-12  1.71709E-12  3.10729E-12  1.03204E-12  0.00000E+00  0.00000E+00
  7.700E+01  3.87524E-01  4.41793E-12  1.72433E-12  3.08305E-12  1.04569E-12  0.00000E+00  0.00000E+00
  7.750E+01  3.91780E-01  4.34500E-12  1.73075E-12  3.05892E-12  1.05891E-12  0.00000E+00  0.00000E+00
  7.800E+01  3.96044E-01  4.27325E-12  1.73638E-12  3.03489E-12  1.07169E-12  0.00000E+00  0.00000E+00
  7.850E+01  4.00316E-01  4.20268E-12  1.74125E-12  3.01099E-12  1.08406E-12  0.00000E+00  0.00000E+00
  7.900E+01  4.04596E-01  4.13324E-12  1.74539E-12  2.98719E-12  1.09601E-12  0.00000E+00  0.00000E+00
  7.950E+01  4.08882E-01  4.06494E-12  1.74882E-12  2.96351E-12  1.10756E-12  0.00000E+00  0.00000E+00
  8.000E+01  4.13176E-01  3.99773E-12  1.75157E-12  2.93994E-12  1.11871E-12  0.00000E+00  0.00000E+00
  8.050E+01  4.17476E-01  3.93161E-12  1.75366E-12  2.91649E-12  1.12947E-12  0.00000E+00  0.00000E+00
  8.100E+01  4.21783E-01  3.86656E-12  1.75514E-12  2.89315E-12  1.13985E-12  0.00000E+00  0.00000E+00
  8.150E+01  4.26095E-01  3.80256E-12  1.75600E-12  2.86993E-12  1.14985E-12  0.00000E+00  0.00000E+00
  8.200E+01  4.30413E-01  3.73959E-12  1.75629E-12  2.84683E-12  1.15948E-12  0.00000E+00  0.00000E+00
  8.250E+01  4.34737E-01  3.67762E-12  1.75602E-12  2.82384E-12  1.16875E-12  0.00000E+00  0.00000E+00
  8.300E+01  4.39065E-01  3.61665E-12  1.75521E-12  2.80097E-12  1.17766E-12  0.00000E+00  0.00000E+00
  8.350E+01  4.43398E-01  3.55666E-12  1.75388E-12  2.77822E-12  1.18623E-12  0.00000E+00  0.00000E+00
  8.400E+01  4.47736E-01  3.49762E-12  1.75206E-12  2.75559E-12  1.19445E-12  0.00000E+00  0.00000E+00
  8.450E+01  4.52077E-01  3.43953E-12  1.74976E-12  2.73308E-12  1.20233E-12  0.00000E+00  0.00000E+00
  8.500E+01  4.56422E-01  3.38236E-12  1.74700E-12  2.71068E-12  1.20988E-12  0.00000E+00  0.00000E+00
  8.550E+01  4.60770E-01  3.32611E-12  1.74380E-12  2.68841E-12  1.21710E-12  0.00000E+00  0.00000E+00
  8.600E+01  4.65122E-01  3.27074E-12  1.74018E-12  2.66625E-12  1.22401E-12  0.00000E+00  0.00000E+00
  8.650E+01  4.69476E-01  3.21626E-12  1.73615E-12  2.64421E-12  1.23059E-12  0.00000E+00  0.00000E+00
  8.700E+01  4.73832E-01  3.16264E-12  1.73172E-12  2.62229E-12  1.23687E-12  0.00000E+00  0.00000E+00
  8.750E+01  4.78190E-01  3.10987E-12  1.72693E-12  2.60049E-12  1.24285E-12  0.00000E+00  0.00000E+00
  8.800E+01  4.82550E-01  3.05793E-12  1.72177E-12  2.57880E-12  1.24853E-12  0.00000E+00  0.00000E+00
  8.850E+01  4.86912E-01  3.00681E-12  1.71628E-12  2.55724E-12  1.25391E-12  0.00000E+00  0.00000E+00
  8.900E+01  4.91274E-01  2.95650E-12  1.71045E-12  2.53579E-12  1.25901E-12  0.00000E+00  0.00000E+00
  8.950E+01  4.95637E-01  2.90698E-12  1.70430E-12  2.51447E-12  1.26382E-12  0.00000E+00  0.00000E+00
  9.000E+01  5.00000E-01  2.85824E-12  1.69785E-12  2.49326E-12  1.26835E-12  0.00000E+00  0.00000E+00
  9.050E+01  5.04363E-01  2.81027E-12  1.69111E-12  2.47217E-12  1.27261E-12  0.00000E+00  0.00000E+00
  9.100E+01  5.08726E-01  2.76304E-12  1.68409E-12  2.45119E-12  1.27660E-12  0.00000E+00  0.00000E+00
  9.150E+01  5.13088E-01  2.71656E-12  1.67681E-12  2.43034E-12  1.28032E-12  0.00000E+00  0.00000E+00
  9.200E+01  5.17450E-01  2.67080E-12  1.66927E-12  2.40960E-12  1.28378E-12  0.00000E+00  0.00000E+00
  9.250E+01  5.21810E-01  2.62576E-12  1.66149E-12  2.38897E-12  1.28699E-12  0.00000E+00  0.00000E+00
  9.300E+01  5.26168E-01  2.58143E-12  1.65347E-12  2.36847E-12  1.28995E-12  0.00000E+00  0.00000E+00
  9.350E+01  5.30524E-01  2.53778E-12  1.64524E-12  2.34808E-12  1.29265E-12  0.00000E+00  0.00000E+00
  9.400E+01  5.34878E-01  2.49481E-12  1.63679E-12  2.32780E-12  1.29512E-12  0.00000E+00  0.00000E+00
  9.450E+01  5.39230E-01  2.45252E-12  1.62814E-12  2.30764E-12  1.29734E-12  0.00000E+00  0.00000E+00
  9.500E+01  5.43578E-01  2.41087E-12  1.61929E-12  2.28760E-12  1.29933E-12  0.00000E+00  0.00000E+00
  9.550E+01  5.47923E-01  2.36988E-12  1.61027E-12  2.26767E-12  1.30109E-12  0.00000E+00  0.00000E+00
  9.600E+01  5.52264E-01  2.32952E-12  1.60107E-12  2.24785E-12  1.30262E-12  0.00000E+00  0.00000E+00
  9.650E+01  5.56602E-01  2.28979E-12  1.59170E-12  2.22815E-12  1.30392E-12  0.00000E+00  0.00000E+00
  9.700E+01  5.60935E-01  2.25067E-12  1.58218E-12  2.20856E-12  1.30500E-12  0.00000E+00  0.00000E+00
  9.750E+01  5.65263E-01  2.21216E-12  1.57251E-12  2.18908E-12  1.30587E-12  0.00000E+00  0.00000E+00
  9.800E+01  5.69587E-01  2.17424E-12  1.56269E-12  2.16972E-12  1.30652E-12  0.00000E+00  0.00000E+00
  9.850E+01  5.73905E-01  2.13691E-12  1.55275E-12  2.15046E-12  1.30697E-12  0.00000E+00  0.00000E+00
  9.900E+01  5.78217E-01  2.10015E-12  1.54267E-12  2.13132E-12  1.30720E-12  0.00000E+00  0.00000E+00
  9.950E+01  5.82524E-01  2.06396E-12  1.53248E-12  2.11229E-12  1.30723E-12  0.00000E+00  0.00000E+00
  1.000E+02  5.86824E-01  2.02833E-12  1.52218E-12  2.09336E-12  1.30707E-12  0.00000E+00  0.00000E+00
  1.005E+02  5.91118E-01  1.99325E-12  1.51177E-12  2.07455E-12  1.30670E-12  0.00000E+00  0.00000E+00
  1.010E+02  5.95404E-01  1.95870E-12  1.50126E-12  2.05584E-12  1.30614E-12  0.00000E+00  0.00000E+00
  1.015E+02  5.99684E-01  1.92469E-12  1.49066E-12  2.03725E-12  1.30539E-12  0.00000E+00  0.00000E+00
  1.020E+02  6.03956E-01  1.89119E-12  1.47997E-12  2.01876E-12  1.30446E-12  0.00000E+00  0.00000E+00
  1.025E+02  6.08220E-01  1.85822E-12  1.46920E-12  2.00037E-12  1.30333E-12  0.00000E+00  0.00000E+00
  1.030E+02  6.12476E-01  1.82574E-12  1.45836E-12  1.98210E-12  1.30203E-12  0.00000E+00  0.00000E+00
  1.035E+02  6.16723E-01  1.79377E-12  1.44745E-12  1.96392E-12  1.30055E-12  0.00000E+00  0.00000E+00
  1.040E+02  6.20961E-01  1.76229E-12  1.43647E-12  1.94586E-12  1.29889E-12  0.00000E+00  0.00000E+00
  1.045E+02  6.25190E-01  1.73128E-12  1.42543E-12  1.92790E-12  1.29705E-12  0.00000E+00  0.00000E+00
  1.050E+02  6.29410E-01  1.70075E-12  1.41434E-12  1.91004E-12  1.29505E-12  0.00000E+00  0.00000E+00
  1.055E+02  6.33619E-01  1.67069E-12  1.40320E-12  1.89228E-12  1.29288E-12  0.00000E+00  0.00000E+00
  1.060E+02  6.37819E-01  1.64109E-12  1.39202E-12  1.87463E-12  1.29054E-12  0.00000E+00  0.00000E+00
  1.065E+02  6.42008E-01  1.61194E-12  1.38080E-12  1.85707E-12  1.28804E-12  0.00000E+00  0.00000E+00
  1.070E+02  6.46186E-01  1.58324E-12  1.36954E-12  1.83962E-12  1.28538E-12  0.00000E+00  0.00000E+00
  1.075E+02  6.50353E-01  1.55498E-12  1.35825E-12  1.82227E-12  1.28256E-12  0.00000E+00  0.00000E+00
  1.080E+02  6.54508E-01  1.52714E-12  1.34694E-12  1.80502E-12  1.27959E-12  0.00000E+00  0.00000E+00
  1.085E+02  6.58652E-01  1.49974E-12  1.33560E-12  1.78787E-12  1.27646E-12  0.00000E+00  0.00000E+00
  1.090E+02  6.62784E-01  1.47275E-12  1.32424E-12  1.77081E-12  1.27319E-12  0.00000E+00  0.00000E+00
  1.095E+02  6.66903E-01  1.44617E-12  1.31287E-12  1.75386E-12  1.26976E-12  0.00000E+00  0.00000E+00
  1.100E+02  6.71010E-01  1.42000E-12  1.30149E-12  1.73700E-12  1.26619E-12  0.00000E+00  0.00000E+00
  1.105E+02  6.75104E-01  1.39423E-12  1.29010E-12  1.72023E-12  1.26247E-12  0.00000E+00  0.00000E+00
  1.110E+02  6.79184E-01  1.36885E-12  1.27870E-12  1.70357E-12  1.25862E-12  0.00000E+00  0.00000E+00
  1.115E+02  6.83251E-01  1.34386E-12  1.26731E-12  1.68699E-12  1.25462E-12  0.00000E+00  0.00000E+00
  1.120E+02  6.87303E-01  1.31925E-12  1.25592E-12  1.67051E-12  1.25049E-12  0.00000E+00  0.00000E+00
  1.125E+02  6.91342E-01  1.29501E-12  1.24453E-12  1.65413E-12  1.24622E-12  0.00000E+00  0.00000E+00
  1.130E+02  6.95366E-01  1.27115E-12  1.23315E-12  1.63783E-12  1.24182E-12  0.00000E+00  0.00000E+00
  1.135E+02  6.99375E-01  1.24765E-12  1.22179E-12  1.62163E-12  1.23728E-12  0.00000E+00  0.00000E+00
  1.140E+02  7.03368E-01  1.22451E-12  1.21043E-12  1.60552E-12  1.23262E-12  0.00000E+00  0.00000E+00
  1.145E+02  7.07347E-01  1.20173E-12  1.19910E-12  1.58950E-12  1.22783E-12  0.00000E+00  0.00000E+00
  1.150E+02  7.11309E-01  1.17929E-12  1.18779E-12  1.57357E-12  1.22292E-12  0.00000E+00  0.00000E+00
  1.155E+02  7.15256E-01  1.15720E-12  1.17650E-12  1.55773E-12  1.21788E-12  0.00000E+00  0.00000E+00
  1.160E+02  7.19186E-01  1.13544E-12  1.16523E-12  1.54197E-12  1.21272E-12  0.00000E+00  0.00000E+00
  1.165E+02  7.23099E-01  1.11402E-12  1.15399E-12  1.52631E-12  1.20744E-12  0.00000E+00  0.00000E+00
  1.170E+02  7.26995E-01  1.09293E-12  1.14279E-12  1.51073E-12  1.20204E-12  0.00000E+00  0.00000E+00
  1.175E+02  7.30874E-01  1.07216E-12  1.13161E-12  1.49524E-12  1.19653E-12  0.00000E+00  0.00000E+00
  1.180E+02  7.34736E-01  1.05170E-12  1.12047E-12  1.47983E-12  1.19091E-12  0.00000E+00  0.00000E+00
  1.185E+02  7.38579E-01  1.03157E-12  1.10937E-12  1.46450E-12  1.18517E-12  0.00000E+00  0.00000E+00
  1.190E+02  7.42405E-01  1.01174E-12  1.09831E-12  1.44927E-12  1.17932E-12  0.00000E+00  0.00000E+00
  1.195E+02  7.46212E-01  9.92218E-13  1.08728E-12  1.43411E-12  1.17336E-12  0.00000E+00  0.00000E+00
  1.200E+02  7.50000E-01  9.72997E-13  1.07631E-12  1.41904E-12  1.16729E-12  0.00000E+00  0.00000E+00
  1.205E+02  7.53769E-01  9.54072E-13  1.06537E-12  1.40404E-12  1.16112E-12  0.00000E+00  0.00000E+00
  1.210E+02  7.57519E-01  9.35440E-13  1.05449E-12  1.38913E-12  1.15484E-12  0.00000E+00  0.00000E+00
  1.215E+02  7.61249E-01  9.17096E-13  1.04365E-12  1.37430E-12  1.14847E-12  0.00000E+00  0.00000E+00
  1.220E+02  7.64960E-01  8.99036E-13  1.03286E-12  1.35955E-12  1.14199E-12  0.00000E+00  0.00000E+00
  1.225E+02  7.68650E-01  8.81256E-13  1.02213E-12  1.34488E-12  1.13541E-12  0.00000E+00  0.00000E+00
  1.230E+02  7.72320E-01  8.63751E-13  1.01145E-12  1.33029E-12  1.12873E-12  0.00000E+00  0.00000E+00
  1.235E+02  7.75968E-01  8.46519E-13  1.00083E-12  1.31577E-12  1.12196E-12  0.00000E+00  0.00000E+00
  1.240E+02  7.79596E-01  8.29555E-13  9.90260E-13  1.30133E-12  1.11509E-12  0.00000E+00  0.00000E+00
  1.245E+02  7.83203E-01  8.12856E-13  9.79752E-13  1.28697E-12  1.10812E-12  0.00000E+00  0.00000E+00
  1.250E+02  7.86788E-01  7.96418E-13  9.69306E-13  1.27268E-12  1.10107E-12  0.00000E+00  0.00000E+00
  1.255E+02  7.90351E-01  7.80237E-13  9.58921E-13  1.25846E-12  1.09392E-12  0.00000E+00  0.00000E+00
  1.260E+02  7.93893E-01  7.64310E-13  9.48600E-13  1.24432E-12  1.08669E-12  0.00000E+00  0.00000E+00
  1.265E+02  7.97411E-01  7.48633E-13  9.38342E-13  1.23025E-12  1.07937E-12  0.00000E+00  0.00000E+00
  1.270E+02  8.00908E-01  7.33203E-13  9.28150E-13  1.21626E-12  1.07196E-12  0.00000E+00  0.00000E+00
  1.275E+02  8.04381E-01  7.18016E-13  9.18026E-13  1.20234E-12  1.06447E-12  0.00000E+00  0.00000E+00
  1.280E+02  8.07831E-01  7.03070E-13  9.07970E-13  1.18848E-12  1.05689E-12  0.00000E+00  0.00000E+00
  1.285E+02  8.11257E-01  6.88361E-13  8.97984E-13  1.17470E-12  1.04923E-12  0.00000E+00  0.00000E+00
  1.290E+02  8.14660E-01  6.73886E-13  8.88070E-13  1.16099E-12  1.04148E-12  0.00000E+00  0.00000E+00
  1.295E+02  8.18039E-01  6.59641E-13  8.78227E-13  1.14734E-12  1.03366E-12  0.00000E+00  0.00000E+00
  1.300E+02  8.21394E-01  6.45623E-13  8.68456E-13  1.13376E-12  1.02576E-12  0.00000E+00  0.00000E+00
  1.305E+02  8.24724E-01  6.31830E-13  8.58760E-13  1.12025E-12  1.01778E-12  0.00000E+00  0.00000E+00
  1.310E+02  8.28030E-01  6.18259E-13  8.49138E-13  1.10681E-12  1.00973E-12  0.00000E+00  0.00000E+00
  1.315E+02  8.31310E-01  6.04906E-13  8.39593E-13  1.09343E-12  1.00160E-12  0.00000E+00  0.00000E+00
  1.320E+02  8.34565E-01  5.91769E-13  8.30126E-13  1.08012E-12  9.93391E-13  0.00000E+00  0.00000E+00
  1.325E+02  8.37795E-01  5.78846E-13  8.20737E-13  1.06687E-12  9.85114E-13  0.00000E+00  0.00000E+00
  1.330E+02  8.40999E-01  5.66133E-13  8.11427E-13  1.05369E-12  9.76765E-13  0.00000E+00  0.00000E+00
  1.335E+02  8.44177E-01  5.53626E-13  8.02196E-13  1.04057E-12  9.68345E-13  0.00000E+00  0.00000E+00
  1.340E+02  8.47329E-01  5.41325E-13  7.93045E-13  1.02751E-12  9.59856E-13  0.00000E+00  0.00000E+00
  1.345E+02  8.50455E-01  5.29226E-13  7.83976E-13  1.01451E-12  9.51298E-13  0.00000E+00  0.00000E+00
  1.350E+02  8.53553E-01  5.17327E-13  7.74989E-13  1.00157E-12  9.42673E-13  0.00000E+00  0.00000E+00
  1.355E+02  8.56625E-01  5.05625E-13  7.66087E-13  9.88697E-13  9.33982E-13  0.00000E+00  0.00000E+00
  1.360E+02  8.59670E-01  4.94118E-13  7.57268E-13  9.75879E-13  9.25226E-13  0.00000E+00  0.00000E+00
  1.365E+02  8.62687E-01  4.82803E-13  7.48534E-13  9.63120E-13  9.16406E-13  0.00000E+00  0.00000E+00
  1.370E+02  8.65677E-01  4.71678E-13  7.39885E-13  9.50419E-13  9.07523E-13  0.00000E+00  0.00000E+00
  1.375E+02  8.68639E-01  4.60740E-13  7.31321E-13  9.37776E-13  8.98577E-13  0.00000E+00  0.00000E+00
  1.380E+02  8.71572E-01  4.49987E-13  7.22844E-13  9.25189E-13  8.89571E-13  0.00000E+00  0.00000E+00
  1.385E+02  8.74478E-01  4.39418E-13  7.14455E-13  9.12657E-13  8.80505E-13  0.00000E+00  0.00000E+00
  1.390E+02  8.77355E-01  4.29029E-13  7.06154E-13  9.00181E-13  8.71379E-13  0.00000E+00  0.00000E+00
  1.395E+02  8.80203E-01  4.18819E-13  6.97942E-13  8.87760E-13  8.62196E-13  0.00000E+00  0.00000E+00
  1.400E+02  8.83022E-01  4.08786E-13  6.89820E-13  8.75392E-13  8.52956E-13  0.00000E+00  0.00000E+00
  1.405E+02  8.85812E-01  3.98927E-13  6.81787E-13  8.63077E-13  8.43659E-13  0.00000E+00  0.00000E+00
  1.410E+02  8.88573E-01  3.89240E-13  6.73843E-13  8.50814E-13  8.34308E-13  0.00000E+00  0.00000E+00
  1.415E+02  8.91304E-01  3.79723E-13  6.65990E-13  8.38603E-13  8.24902E-13  0.00000E+00  0.00000E+00
  1.420E+02  8.94005E-01  3.70375E-13  6.58229E-13  8.26444E-13  8.15443E-13  0.00000E+00  0.00000E+00
  1.425E+02  8.96677E-01  3.61193E-13  6.50560E-13  8.14334E-13  8.05932E-13  0.00000E+00  0.00000E+00
  1.430E+02  8.99318E-01  3.52176E-13  6.42985E-13  8.02274E-13  7.96369E-13  0.00000E+00  0.00000E+00
  1.435E+02  9.01928E-01  3.43322E-13  6.35502E-13  7.90263E-13  7.86756E-13  0.00000E+00  0.00000E+00
  1.440E+02  9.04508E-01  3.34628E-13  6.28112E-13  7.78300E-13  7.77093E-13  0.00000E+00  0.00000E+00
  1.445E+02  9.07058E-01  3.26093E-13  6.20815E-13  7.66384E-13  7.67381E-13  0.00000E+00  0.00000E+00
  1.450E+02  9.09576E-01  3.17714E-13  6.13612E-13  7.54515E-13  7.57621E-13  0.00000E+00  0.00000E+00
  1.455E+02  9.12063E-01  3.09492E-13  6.06504E-13  7.42693E-13  7.47814E-13  0.00000E+00  0.00000E+00
  1.460E+02  9.14519E-01  3.01424E-13  5.99493E-13  7.30915E-13  7.37961E-13  0.00000E+00  0.00000E+00
  1.465E+02  9.16943E-01  2.93508E-13  5.92577E-13  7.19183E-13  7.28063E-13  0.00000E+00  0.00000E+00
  1.470E+02  9.19335E-01  2.85743E-13  5.85756E-13  7.07495E-13  7.18120E-13  0.00000E+00  0.00000E+00
  1.475E+02  9.21696E-01  2.78126E-13  5.79031E-13  6.95850E-13  7.08134E-13  0.00000E+00  0.00000E+00
  1.480E+02  9.24024E-01  2.70657E-13  5.72402E-13  6.84247E-13  6.98105E-13  0.00000E+00  0.00000E+00
  1.485E+02  9.26320E-01  2.63333E-13  5.65870E-13  6.72687E-13  6.88033E-13  0.00000E+00  0.00000E+00
  1.490E+02  9.28584E-01  2.56154E-13  5.59436E-13  6.61168E-13  6.77921E-13  0.00000E+00  0.00000E+00
  1.495E+02  9.30815E-01  2.49118E-13  5.53100E-13  6.49690E-13  6.67768E-13  0.00000E+00  0.00000E+00
  1.500E+02  9.33013E-01  2.42223E-13  5.46863E-13  6.38252E-13  6.57575E-13  0.00000E+00  0.00000E+00
  1.505E+02  9.35178E-01  2.35469E-13  5.40723E-13  6.26853E-13  6.47343E-13  0.00000E+00  0.00000E+00
  1.510E+02  9.37310E-01  2.28852E-13  5.34681E-13  6.15493E-13  6.37074E-13  0.00000E+00  0.00000E+00
  1.515E+02  9.39409E-01  2.22373E-13  5.28738E-13  6.04170E-13  6.26767E-13  0.00000E+00  0.00000E+00
  1.520E+02  9.41474E-01  2.16030E-13  5.22893E-13  5.92885E-13  6.16423E-13  0.00000E+00  0.00000E+00
  1.525E+02  9.43505E-01  2.09822E-13  5.17149E-13  5.81637E-13  6.06044E-13  0.00000E+00  0.00000E+00
  1.530E+02  9.45503E-01  2.03748E-13  5.11504E-13  5.70424E-13  5.95629E-13  0.00000E+00  0.00000E+00
  1.535E+02  9.47467E-01  1.97806E-13  5.05960E-13  5.59247E-13  5.85180E-13  0.00000E+00  0.00000E+00
  1.540E+02  9.49397E-01  1.91994E-13  5.00515E-13  5.48104E-13  5.74698E-13  0.00000E+00  0.00000E+00
  1.545E+02  9.51293E-01  1.86313E-13  4.95171E-13  5.36995E-13  5.64183E-13  0.00000E+00  0.00000E+00
  1.550E+02  9.53154E-01  1.80760E-13  4.89926E-13  5.25920E-13  5.53635E-13  0.00000E+00  0.00000E+00
  1.555E+02  9.54981E-01  1.75334E-13  4.84782E-13  5.14877E-13  5.43056E-13  0.00000E+00  0.00000E+00
  1.560E+02  9.56773E-01  1.70035E-13  4.79740E-13  5.03866E-13  5.32447E-13  0.00000E+00  0.00000E+00
  1.565E+02  9.58530E-01  1.64862E-13  4.74799E-13  4.92886E-13  5.21807E-13  0.00000E+00  0.00000E+00
  1.570E+02  9.60252E-01  1.59813E-13  4.69960E-13  4.81937E-13  5.11138E-13  0.00000E+00  0.00000E+00
  1.575E+02  9.61940E-01  1.54888E-13  4.65222E-13  4.71018E-13  5.00441E-13  0.00000E+00  0.00000E+00
  1.580E+02  9.63592E-01  1.50084E-13  4.60586E-13  4.60128E-13  4.89715E-13  0.00000E+00  0.00000E+00
  1.585E+02  9.65209E-01  1.45402E-13  4.56052E-13  4.49267E-13  4.78963E-13  0.00000E+00  0.00000E+00
  1.590E+02  9.66790E-01  1.40840E-13  4.51619E-13  4.38433E-13  4.68184E-13  0.00000E+00  0.00000E+00
  1.595E+02  9.68336E-01  1.36398E-13  4.47288E-13  4.27627E-13  4.57379E-13  0.00000E+00  0.00000E+00
  1.600E+02  9.69846E-01  1.32075E-13  4.43061E-13  4.16848E-13  4.46548E-13  0.00000E+00  0.00000E+00
  1.605E+02  9.71321E-01  1.27869E-13  4.38936E-13  4.06094E-13  4.35694E-13  0.00000E+00  0.00000E+00
  1.610E+02  9.72759E-01  1.23780E-13  4.34915E-13  3.95366E-13  4.24815E-13  0.00000E+00  0.00000E+00
  1.615E+02  9.74162E-01  1.19808E-13  4.30996E-13  3.84663E-13  4.13913E-13  0.00000E+00  0.00000E+00
  1.620E+02  9.75528E-01  1.15950E-13  4.27179E-13  3.73983E-13  4.02989E-13  0.00000E+00  0.00000E+00
  1.625E+02  9.76858E-01  1.12207E-13  4.23466E-13  3.63327E-13  3.92043E-13  0.00000E+00  0.00000E+00
  1.630E+02  9.78152E-01  1.08578E-13  4.19855E-13  3.52693E-13  3.81076E-13  0.00000E+00  0.00000E+00
  1.635E+02  9.79410E-01  1.05062E-13  4.16348E-13  3.42082E-13  3.70088E-13  0.00000E+00  0.00000E+00
  1.640E+02  9.80631E-01  1.01658E-13  4.12946E-13  3.31492E-13  3.59080E-13  0.00000E+00  0.00000E+00
  1.645E+02  9.81815E-01  9.83662E-14  4.09647E-13  3.20922E-13  3.48052E-13  0.00000E+00  0.00000E+00
  1.650E+02  9.82963E-01  9.51853E-14  4.06452E-13  3.10373E-13  3.37007E-13  0.00000E+00  0.00000E+00
  1.655E+02  9.84074E-01  9.21145E-14  4.03360E-13  2.99843E-13  3.25943E-13  0.00000E+00  0.00000E+00
  1.660E+02  9.85148E-01  8.91532E-14  4.00372E-13  2.89332E-13  3.14861E-13  0.00000E+00  0.00000E+00
  1.665E+02  9.86185E-01  8.63010E-14  3.97487E-13  2.78839E-13  3.03763E-13  0.00000E+00  0.00000E+00
  1.670E+02  9.87185E-01  8.35576E-14  3.94707E-13  2.68363E-13  2.92649E-13  0.00000E+00  0.00000E+00
  1.675E+02  9.88148E-01  8.09225E-14  3.92032E-13  2.57904E-13  2.81519E-13  0.00000E+00  0.00000E+00
  1.680E+02  9.89074E-01  7.83950E-14  3.89462E-13  2.47462E-13  2.70374E-13  0.00000E+00  0.00000E+00
  1.685E+02  9.89962E-01  7.59746E-14  3.86996E-13  2.37035E-13  2.59215E-13  0.00000E+00  0.00000E+00
  1.690E+02  9.90814E-01  7.36603E-14  3.84634E-13  2.26622E-13  2.48043E-13  0.00000E+00  0.00000E+00
  1.695E+02  9.91627E-01  7.14519E-14  3.82375E-13  2.16224E-13  2.36857E-13  0.00000E+00  0.00000E+00
  1.700E+02  9.92404E-01  6.93490E-14  3.80221E-13  2.05840E-13  2.25659E-13  0.00000E+00  0.00000E+00
  1.705E+02  9.93143E-01  6.73515E-14  3.78172E-13  1.95468E-13  2.14449E-13  0.00000E+00  0.00000E+00
  1.710E+02  9.93844E-01  6.54591E-14  3.76228E-13  1.85109E-13  2.03227E-13  0.00000E+00  0.00000E+00
  1.715E+02  9.94508E-01  6.36713E-14  3.74390E-13  1.74761E-13  1.91995E-13  0.00000E+00  0.00000E+00
  1.720E+02  9.95134E-01  6.19876E-14  3.72656E-13  1.64424E-13  1.80753E-13  0.00000E+00  0.00000E+00
  1.725E+02  9.95722E-01  6.04074E-14  3.71027E-13  1.54098E-13  1.69502E-13  0.00000E+00  0.00000E+00
  1.730E+02  9.96273E-01  5.89302E-14  3.69502E-13  1.43781E-13  1.58242E-13  0.00000E+00  0.00000E+00
  1.735E+02  9.96786E-01  5.75561E-14  3.68081E-13  1.33473E-13  1.46973E-13  0.00000E+00  0.00000E+00
  1.740E+02  9.97261E-01  5.62849E-14  3.66766E-13  1.23174E-13  1.35697E-13  2.42924E-17  0.00000E+00
  1.745E+02  9.97698E-01  5.51166E-14  3.65557E-13  1.12882E-13  1.24414E-13  0.00000E+00  0.00000E+00
  1.750E+02  9.98097E-01  5.40511E-14  3.64453E-13  1.02597E-13  1.13124E-13  0.00000E+00  0.00000E+00
  1.755E+02  9.98459E-01  5.30878E-14  3.63455E-13  9.23194E-14  1.01828E-13  0.00000E+00  0.00000E+00
  1.760E+02  9.98782E-01  5.22262E-14  3.62561E-13  8.20471E-14  9.05272E-14  0.00000E+00  0.00000E+00
  1.765E+02  9.99067E-01  5.14659E-14  3.61771E-13  7.17799E-14  7.92216E-14  0.00000E+00  0.00000E+00
  1.770E+02  9.99315E-01  5.08069E-14  3.61086E-13  6.15173E-14  6.79119E-14  0.00000E+00  0.00000E+00
  1.775E+02  9.99524E-01  5.02495E-14  3.60506E-13  5.12585E-14  5.65986E-14  2.46521E-17  0.00000E+00
  1.780E+02  9.99695E-01  4.97940E-14  3.60032E-13  4.10029E-14  4.52824E-14  2.46797E-17  0.00000E+00
  1.785E+02  9.99829E-01  4.94404E-14  3.59665E-13  3.07499E-14  3.39638E-14  2.47011E-17  0.00000E+00
  1.790E+02  9.99924E-01  4.91884E-14  3.59405E-13  2.04989E-14  2.26435E-14  2.47163E-17  0.00000E+00
  1.795E+02  9.99981E-01  4.90377E-14  3.59249E-13  1.02491E-14  1.13220E-14  7.41762E-17  0.00000E+00
  1.800E+02  1.00000E+00  4.89875E-14  3.59198E-13  1.43829E-28  1.58888E-28  5.44025E-16  6.18801E-14
