 #  Spin polarization functions (in cm)      MU=(1-cos(TH))/2
 #  Z =  79,   projectile: electron
 #  Kinetic energy = 3.05000E+06 eV
 #
 # TH (deg)      MU            U            S            T      1-U^2-T^2-S^2
 #------------------------------------------------------------------------------
  0.000E+00  0.00000E+00  0.00000E+00  0.00000E+00  1.00000E+00  0.00000E+00
  1.000E-04  7.61557E-13  1.49489E-06  3.52240E-11  1.00000E+00 -2.22045E-16
  1.250E-04  1.18994E-12  1.86862E-06  4.40300E-11  1.00000E+00 -2.22045E-16
  1.500E-04  1.71346E-12  2.24234E-06  5.28359E-11  1.00000E+00  3.33067E-16
  1.750E-04  2.33225E-12  2.61606E-06  6.16419E-11  1.00000E+00 -4.44089E-16
  2.000E-04  3.04617E-12  2.98978E-06  7.04478E-11  1.00000E+00  4.44089E-16
  2.250E-04  3.85530E-12  3.36351E-06  7.92537E-11  1.00000E+00  0.00000E+00
  2.500E-04  4.75964E-12  3.73723E-06  8.80597E-11  1.00000E+00  0.00000E+00
  2.750E-04  5.75917E-12  4.11095E-06  9.68655E-11  1.00000E+00 -4.44089E-16
  3.000E-04  6.85391E-12  4.48468E-06  1.05671E-10  1.00000E+00 -2.22045E-16
  3.250E-04  8.04379E-12  4.85840E-06  1.14477E-10  1.00000E+00 -2.22045E-16
  3.500E-04  9.32893E-12  5.23212E-06  1.23283E-10  1.00000E+00  1.11022E-16
  3.750E-04  1.07092E-11  5.60585E-06  1.32089E-10  1.00000E+00  2.22045E-16
  4.000E-04  1.21847E-11  5.97957E-06  1.40895E-10  1.00000E+00  0.00000E+00
  4.250E-04  1.37554E-11  6.35329E-06  1.49700E-10  1.00000E+00  2.22045E-16
  4.500E-04  1.54213E-11  6.72702E-06  1.58506E-10  1.00000E+00  4.44089E-16
  4.750E-04  1.71823E-11  7.10074E-06  1.67312E-10  1.00000E+00  1.11022E-16
  5.000E-04  1.90386E-11  7.47446E-06  1.76117E-10  1.00000E+00  4.44089E-16
  5.250E-04  2.09900E-11  7.84818E-06  1.84923E-10  1.00000E+00  3.33067E-16
  5.500E-04  2.30367E-11  8.22191E-06  1.93729E-10  1.00000E+00  1.11022E-16
  5.750E-04  2.51785E-11  8.59563E-06  2.02534E-10  1.00000E+00  4.44089E-16
  6.000E-04  2.74156E-11  8.96935E-06  2.11339E-10  1.00000E+00 -2.22045E-16
  6.250E-04  2.97478E-11  9.34308E-06  2.20145E-10  1.00000E+00  2.22045E-16
  6.500E-04  3.21752E-11  9.71680E-06  2.28950E-10  1.00000E+00 -2.22045E-16
  6.750E-04  3.46979E-11  1.00905E-05  2.37756E-10  1.00000E+00  1.11022E-16
  7.000E-04  3.73157E-11  1.04642E-05  2.46561E-10  1.00000E+00  2.22045E-16
  7.250E-04  4.00286E-11  1.08380E-05  2.55366E-10  1.00000E+00  0.00000E+00
  7.500E-04  4.28368E-11  1.12117E-05  2.64171E-10  1.00000E+00 -2.22045E-16
  7.750E-04  4.57402E-11  1.15854E-05  2.72976E-10  1.00000E+00  1.11022E-16
  8.000E-04  4.87388E-11  1.19591E-05  2.81781E-10  1.00000E+00  1.11022E-16
  8.250E-04  5.18325E-11  1.23329E-05  2.90586E-10  1.00000E+00  2.22045E-16
  8.500E-04  5.50215E-11  1.27066E-05  2.99391E-10  1.00000E+00  2.22045E-16
  8.750E-04  5.83057E-11  1.30803E-05  3.08196E-10  1.00000E+00  0.00000E+00
  9.000E-04  6.16850E-11  1.34540E-05  3.17001E-10  1.00000E+00 -4.44089E-16
  9.250E-04  6.51595E-11  1.38278E-05  3.25806E-10  1.00000E+00  0.00000E+00
  9.500E-04  6.87293E-11  1.42015E-05  3.34610E-10  1.00000E+00 -4.44089E-16
  9.750E-04  7.23943E-11  1.45752E-05  3.43415E-10  1.00000E+00  0.00000E+00
  1.000E-03  7.61544E-11  1.49489E-05  3.52219E-10  1.00000E+00  2.22045E-16
  1.250E-03  1.18991E-10  1.86862E-05  4.40259E-10  1.00000E+00 -2.22045E-16
  1.500E-03  1.71347E-10  2.24234E-05  5.28290E-10  1.00000E+00  2.22045E-16
  1.750E-03  2.33223E-10  2.61606E-05  6.16309E-10  1.00000E+00  2.22045E-16
  2.000E-03  3.04617E-10  2.98978E-05  7.04315E-10  1.00000E+00  2.22045E-16
  2.250E-03  3.85531E-10  3.36351E-05  7.92306E-10  1.00000E+00  1.11022E-16
  2.500E-03  4.75965E-10  3.73723E-05  8.80281E-10  1.00000E+00  0.00000E+00
  2.750E-03  5.75917E-10  4.11095E-05  9.68237E-10  1.00000E+00  4.44089E-16
  3.000E-03  6.85389E-10  4.48468E-05  1.05617E-09  1.00000E+00  0.00000E+00
  3.250E-03  8.04380E-10  4.85840E-05  1.14409E-09  1.00000E+00 -2.22045E-16
  3.500E-03  9.32891E-10  5.23212E-05  1.23198E-09  1.00000E+00  1.11022E-16
  3.750E-03  1.07092E-09  5.60585E-05  1.31985E-09  1.00000E+00 -2.22045E-16
  4.000E-03  1.21847E-09  5.97957E-05  1.40769E-09  1.00000E+00  3.33067E-16
  4.250E-03  1.37554E-09  6.35330E-05  1.49551E-09  1.00000E+00 -2.22045E-16
  4.500E-03  1.54213E-09  6.72702E-05  1.58330E-09  1.00000E+00 -2.22045E-16
  4.750E-03  1.71823E-09  7.10074E-05  1.67106E-09  1.00000E+00 -2.22045E-16
  5.000E-03  1.90386E-09  7.47447E-05  1.75879E-09  1.00000E+00  2.22045E-16
  5.250E-03  2.09900E-09  7.84819E-05  1.84649E-09  1.00000E+00 -2.22045E-16
  5.500E-03  2.30367E-09  8.22191E-05  1.93416E-09  1.00000E+00 -2.22045E-16
  5.750E-03  2.51785E-09  8.59564E-05  2.02181E-09  1.00000E+00  0.00000E+00
  6.000E-03  2.74156E-09  8.96936E-05  2.10942E-09  1.00000E+00  0.00000E+00
  6.250E-03  2.97478E-09  9.34309E-05  2.19700E-09  1.00000E+00  2.22045E-16
  6.500E-03  3.21752E-09  9.71681E-05  2.28455E-09  1.00000E+00  1.11022E-16
  6.750E-03  3.46978E-09  1.00905E-04  2.37207E-09  1.00000E+00 -2.22045E-16
  7.000E-03  3.73156E-09  1.04643E-04  2.45956E-09  1.00000E+00  2.22045E-16
  7.250E-03  4.00286E-09  1.08380E-04  2.54702E-09  1.00000E+00 -2.22045E-16
  7.500E-03  4.28368E-09  1.12117E-04  2.63445E-09  1.00000E+00 -2.22045E-16
  7.750E-03  4.57402E-09  1.15854E-04  2.72185E-09  1.00000E+00  2.22045E-16
  8.000E-03  4.87388E-09  1.19592E-04  2.80922E-09  1.00000E+00 -2.22045E-16
  8.250E-03  5.18326E-09  1.23329E-04  2.89657E-09  1.00000E+00  2.22045E-16
  8.500E-03  5.50215E-09  1.27066E-04  2.98390E-09  1.00000E+00 -2.22045E-16
  8.750E-03  5.83057E-09  1.30803E-04  3.07120E-09  1.00000E+00 -2.22045E-16
  9.000E-03  6.16850E-09  1.34541E-04  3.15848E-09  1.00000E+00 -2.22045E-16
  9.250E-03  6.51596E-09  1.38278E-04  3.24575E-09  1.00000E+00 -2.22045E-16
  9.500E-03  6.87293E-09  1.42015E-04  3.33299E-09  1.00000E+00 -2.22045E-16
  9.750E-03  7.23942E-09  1.45752E-04  3.42022E-09  1.00000E+00  1.11022E-16
  1.000E-02  7.61544E-09  1.49490E-04  3.50744E-09  1.00000E+00  1.11022E-16
  1.250E-02  1.18991E-08  1.86862E-04  4.37961E-09  1.00000E+00  3.33067E-16
  1.500E-02  1.71347E-08  2.24235E-04  5.25456E-09  1.00000E+00  0.00000E+00
  1.750E-02  2.33223E-08  2.61607E-04  6.13748E-09  1.00000E+00 -4.44089E-16
  2.000E-02  3.04617E-08  2.98980E-04  7.03472E-09  1.00000E+00 -2.22045E-16
  2.250E-02  3.85531E-08  3.36353E-04  7.95312E-09  1.00000E+00 -2.22045E-16
  2.500E-02  4.75965E-08  3.73726E-04  8.89927E-09  1.00000E+00 -2.22045E-16
  2.750E-02  5.75917E-08  4.11098E-04  9.87879E-09  1.00000E+00  1.11022E-16
  3.000E-02  6.85389E-08  4.48471E-04  1.08957E-08  1.00000E+00  0.00000E+00
  3.250E-02  8.04380E-08  4.85844E-04  1.19521E-08  1.00000E+00  2.22045E-16
  3.500E-02  9.32891E-08  5.23216E-04  1.30481E-08  1.00000E+00  1.11022E-16
  3.750E-02  1.07092E-07  5.60589E-04  1.41821E-08  1.00000E+00  0.00000E+00
  4.000E-02  1.21847E-07  5.97961E-04  1.53513E-08  1.00000E+00 -2.22045E-16
  4.250E-02  1.37554E-07  6.35334E-04  1.65529E-08  1.00000E+00  2.22045E-16
  4.500E-02  1.54213E-07  6.72707E-04  1.77842E-08  1.00000E+00  2.22045E-16
  4.750E-02  1.71823E-07  7.10080E-04  1.90439E-08  1.00000E+00  1.11022E-16
  5.000E-02  1.90386E-07  7.47453E-04  2.03326E-08  1.00000E+00 -4.44089E-16
  5.250E-02  2.09900E-07  7.84826E-04  2.16526E-08  1.00000E+00  3.33067E-16
  5.500E-02  2.30367E-07  8.22199E-04  2.30081E-08  1.00000E+00 -4.44089E-16
  5.750E-02  2.51785E-07  8.59572E-04  2.44045E-08  1.00000E+00  0.00000E+00
  6.000E-02  2.74156E-07  8.96945E-04  2.58476E-08  1.00000E+00  1.11022E-16
  6.250E-02  2.97478E-07  9.34318E-04  2.73423E-08  1.00000E+00  1.11022E-16
  6.500E-02  3.21752E-07  9.71691E-04  2.88925E-08  1.00000E+00  2.22045E-16
  6.750E-02  3.46978E-07  1.00906E-03  3.04997E-08  9.99999E-01  2.22045E-16
  7.000E-02  3.73156E-07  1.04644E-03  3.21633E-08  9.99999E-01  2.22045E-16
  7.250E-02  4.00286E-07  1.08381E-03  3.38804E-08  9.99999E-01  1.11022E-16
  7.500E-02  4.28368E-07  1.12118E-03  3.56468E-08  9.99999E-01  5.55112E-16
  7.750E-02  4.57402E-07  1.15856E-03  3.74578E-08  9.99999E-01  2.22045E-16
  8.000E-02  4.87388E-07  1.19593E-03  3.93091E-08  9.99999E-01  0.00000E+00
  8.250E-02  5.18325E-07  1.23330E-03  4.11982E-08  9.99999E-01  2.22045E-16
  8.500E-02  5.50215E-07  1.27068E-03  4.31249E-08  9.99999E-01  2.22045E-16
  8.750E-02  5.83057E-07  1.30805E-03  4.50915E-08  9.99999E-01  0.00000E+00
  9.000E-02  6.16850E-07  1.34543E-03  4.71027E-08  9.99999E-01  1.11022E-16
  9.250E-02  6.51596E-07  1.38280E-03  4.91648E-08  9.99999E-01  0.00000E+00
  9.500E-02  6.87293E-07  1.42017E-03  5.12842E-08  9.99999E-01 -2.22045E-16
  9.750E-02  7.23942E-07  1.45755E-03  5.34670E-08  9.99999E-01 -2.22045E-16
  1.000E-01  7.61543E-07  1.49492E-03  5.57168E-08  9.99999E-01  0.00000E+00
  1.250E-01  1.18991E-06  1.86866E-03  8.12711E-08  9.99998E-01 -2.22045E-16
  1.500E-01  1.71347E-06  2.24241E-03  1.12557E-07  9.99997E-01  0.00000E+00
  1.750E-01  2.33223E-06  2.61617E-03  1.49404E-07  9.99997E-01  1.11022E-16
  2.000E-01  3.04617E-06  2.98993E-03  1.92018E-07  9.99996E-01  0.00000E+00
  2.250E-01  3.85531E-06  3.36371E-03  2.40650E-07  9.99994E-01  0.00000E+00
  2.500E-01  4.75964E-06  3.73749E-03  2.94611E-07  9.99993E-01  0.00000E+00
  2.750E-01  5.75916E-06  4.11129E-03  3.53261E-07  9.99992E-01  4.44089E-16
  3.000E-01  6.85388E-06  4.48509E-03  4.17250E-07  9.99990E-01  0.00000E+00
  3.250E-01  8.04378E-06  4.85890E-03  4.86789E-07  9.99988E-01 -2.22045E-16
  3.500E-01  9.32888E-06  5.23273E-03  5.60663E-07  9.99986E-01  4.44089E-16
  3.750E-01  1.07092E-05  5.60656E-03  6.38883E-07  9.99984E-01 -4.44089E-16
  4.000E-01  1.21846E-05  5.98040E-03  7.23030E-07  9.99982E-01  0.00000E+00
  4.250E-01  1.37553E-05  6.35425E-03  8.12642E-07  9.99980E-01  3.33067E-16
  4.500E-01  1.54212E-05  6.72811E-03  9.05992E-07  9.99977E-01  0.00000E+00
  4.750E-01  1.71822E-05  7.10198E-03  1.00412E-06  9.99975E-01  3.33067E-16
  5.000E-01  1.90385E-05  7.47587E-03  1.10864E-06  9.99972E-01  3.33067E-16
  5.250E-01  2.09899E-05  7.84976E-03  1.21753E-06  9.99969E-01  1.11022E-16
  5.500E-01  2.30365E-05  8.22367E-03  1.32917E-06  9.99966E-01  2.22045E-16
  5.750E-01  2.51783E-05  8.59759E-03  1.44595E-06  9.99963E-01  3.33067E-16
  6.000E-01  2.74153E-05  8.97153E-03  1.56851E-06  9.99960E-01 -2.22045E-16
  6.250E-01  2.97475E-05  9.34547E-03  1.69339E-06  9.99956E-01 -2.22045E-16
  6.500E-01  3.21749E-05  9.71943E-03  1.82024E-06  9.99953E-01 -2.22045E-16
  6.750E-01  3.46974E-05  1.00934E-02  1.95272E-06  9.99949E-01  0.00000E+00
  7.000E-01  3.73152E-05  1.04674E-02  2.08971E-06  9.99945E-01  1.11022E-16
  7.250E-01  4.00281E-05  1.08414E-02  2.22740E-06  9.99941E-01 -2.22045E-16
  7.500E-01  4.28362E-05  1.12154E-02  2.36758E-06  9.99937E-01 -2.22045E-16
  7.750E-01  4.57395E-05  1.15894E-02  2.51422E-06  9.99933E-01  0.00000E+00
  8.000E-01  4.87380E-05  1.19635E-02  2.66411E-06  9.99928E-01 -4.44089E-16
  8.250E-01  5.18317E-05  1.23375E-02  2.81389E-06  9.99924E-01 -2.22045E-16
  8.500E-01  5.50205E-05  1.27116E-02  2.96862E-06  9.99919E-01 -2.22045E-16
  8.750E-01  5.83045E-05  1.30856E-02  3.13070E-06  9.99914E-01 -2.22045E-16
  9.000E-01  6.16838E-05  1.34597E-02  3.29452E-06  9.99909E-01  0.00000E+00
  9.250E-01  6.51582E-05  1.38338E-02  3.45939E-06  9.99904E-01  1.11022E-16
  9.500E-01  6.87277E-05  1.42079E-02  3.63214E-06  9.99899E-01 -2.22045E-16
  9.750E-01  7.23925E-05  1.45820E-02  3.81206E-06  9.99894E-01  1.11022E-16
  1.000E+00  7.61524E-05  1.49562E-02  3.99186E-06  9.99888E-01  0.00000E+00
  1.100E+00  9.21439E-05  1.64528E-02  4.77022E-06  9.99865E-01 -2.22045E-16
  1.200E+00  1.09658E-04  1.79495E-02  5.63275E-06  9.99839E-01  2.22045E-16
  1.300E+00  1.28695E-04  1.94464E-02  6.57835E-06  9.99811E-01  2.22045E-16
  1.400E+00  1.49255E-04  2.09435E-02  7.60175E-06  9.99781E-01  0.00000E+00
  1.500E+00  1.71338E-04  2.24408E-02  8.69568E-06  9.99748E-01  3.33067E-16
  1.600E+00  1.94942E-04  2.39382E-02  9.85564E-06  9.99713E-01  3.33067E-16
  1.700E+00  2.20070E-04  2.54358E-02  1.10777E-05  9.99676E-01 -4.44089E-16
  1.800E+00  2.46720E-04  2.69336E-02  1.23621E-05  9.99637E-01 -2.22045E-16
  1.900E+00  2.74892E-04  2.84315E-02  1.37105E-05  9.99596E-01 -2.22045E-16
  2.000E+00  3.04586E-04  2.99296E-02  1.51256E-05  9.99552E-01  2.22045E-16
  2.100E+00  3.35803E-04  3.14279E-02  1.66128E-05  9.99506E-01 -2.22045E-16
  2.200E+00  3.68542E-04  3.29263E-02  1.81767E-05  9.99458E-01  0.00000E+00
  2.300E+00  4.02802E-04  3.44249E-02  1.98231E-05  9.99407E-01  0.00000E+00
  2.400E+00  4.38585E-04  3.59237E-02  2.15574E-05  9.99355E-01  0.00000E+00
  2.500E+00  4.75889E-04  3.74226E-02  2.33833E-05  9.99300E-01 -2.22045E-16
  2.600E+00  5.14715E-04  3.89216E-02  2.53046E-05  9.99242E-01  0.00000E+00
  2.700E+00  5.55063E-04  4.04208E-02  2.73234E-05  9.99183E-01 -2.22045E-16
  2.800E+00  5.96931E-04  4.19201E-02  2.94406E-05  9.99121E-01  2.22045E-16
  2.900E+00  6.40321E-04  4.34196E-02  3.16599E-05  9.99057E-01 -2.22045E-16
  3.000E+00  6.85233E-04  4.49192E-02  3.39806E-05  9.98991E-01  0.00000E+00
  3.100E+00  7.31665E-04  4.64190E-02  3.64049E-05  9.98922E-01  2.22045E-16
  3.200E+00  7.79618E-04  4.79188E-02  3.89319E-05  9.98851E-01  2.22045E-16
  3.300E+00  8.29092E-04  4.94189E-02  4.15608E-05  9.98778E-01 -2.22045E-16
  3.400E+00  8.80086E-04  5.09190E-02  4.42912E-05  9.98703E-01  1.11022E-16
  3.500E+00  9.32601E-04  5.24193E-02  4.71236E-05  9.98625E-01  1.11022E-16
  3.600E+00  9.86636E-04  5.39197E-02  5.00575E-05  9.98545E-01  0.00000E+00
  3.700E+00  1.04219E-03  5.54203E-02  5.30920E-05  9.98463E-01  1.11022E-16
  3.800E+00  1.09927E-03  5.69209E-02  5.62275E-05  9.98379E-01 -2.22045E-16
  3.900E+00  1.15786E-03  5.84217E-02  5.94623E-05  9.98292E-01  4.44089E-16
  4.000E+00  1.21797E-03  5.99227E-02  6.27968E-05  9.98203E-01  0.00000E+00
  4.100E+00  1.27961E-03  6.14237E-02  6.62308E-05  9.98112E-01  2.22045E-16
  4.200E+00  1.34276E-03  6.29249E-02  6.97637E-05  9.98018E-01  0.00000E+00
  4.300E+00  1.40743E-03  6.44262E-02  7.33954E-05  9.97922E-01 -2.22045E-16
  4.400E+00  1.47362E-03  6.59276E-02  7.71259E-05  9.97824E-01 -2.22045E-16
  4.500E+00  1.54133E-03  6.74291E-02  8.09547E-05  9.97724E-01  4.44089E-16
  4.600E+00  1.61056E-03  6.89308E-02  8.48818E-05  9.97621E-01  1.11022E-16
  4.700E+00  1.68131E-03  7.04326E-02  8.89074E-05  9.97517E-01 -2.22045E-16
  4.800E+00  1.75357E-03  7.19344E-02  9.30313E-05  9.97409E-01  1.11022E-16
  4.900E+00  1.82735E-03  7.34365E-02  9.72535E-05  9.97300E-01  1.11022E-16
  5.000E+00  1.90265E-03  7.49386E-02  1.01573E-04  9.97188E-01  2.22045E-16
  5.100E+00  1.97947E-03  7.64408E-02  1.05991E-04  9.97074E-01  0.00000E+00
  5.200E+00  2.05780E-03  7.79432E-02  1.10507E-04  9.96958E-01  1.11022E-16
  5.300E+00  2.13765E-03  7.94456E-02  1.15120E-04  9.96839E-01  2.22045E-16
  5.400E+00  2.21902E-03  8.09482E-02  1.19831E-04  9.96718E-01 -2.22045E-16
  5.500E+00  2.30190E-03  8.24509E-02  1.24639E-04  9.96595E-01  2.22045E-16
  5.600E+00  2.38630E-03  8.39536E-02  1.29543E-04  9.96470E-01  3.33067E-16
  5.700E+00  2.47222E-03  8.54565E-02  1.34545E-04  9.96342E-01  0.00000E+00
  5.800E+00  2.55965E-03  8.69595E-02  1.39644E-04  9.96212E-01  0.00000E+00
  5.900E+00  2.64859E-03  8.84626E-02  1.44837E-04  9.96079E-01  1.11022E-16
  6.000E+00  2.73905E-03  8.99658E-02  1.50127E-04  9.95945E-01 -2.22045E-16
  6.100E+00  2.83103E-03  9.14691E-02  1.55510E-04  9.95808E-01 -2.22045E-16
  6.200E+00  2.92452E-03  9.29725E-02  1.60987E-04  9.95669E-01 -4.44089E-16
  6.300E+00  3.01952E-03  9.44760E-02  1.66559E-04  9.95527E-01  0.00000E+00
  6.400E+00  3.11604E-03  9.59795E-02  1.72226E-04  9.95383E-01  3.33067E-16
  6.500E+00  3.21407E-03  9.74832E-02  1.77984E-04  9.95237E-01  2.22045E-16
  6.600E+00  3.31362E-03  9.89870E-02  1.83834E-04  9.95089E-01 -2.22045E-16
  6.700E+00  3.41468E-03  1.00491E-01  1.89772E-04  9.94938E-01  1.11022E-16
  6.800E+00  3.51725E-03  1.01995E-01  1.95797E-04  9.94785E-01  1.11022E-16
  6.900E+00  3.62133E-03  1.03499E-01  2.01918E-04  9.94630E-01  0.00000E+00
  7.000E+00  3.72692E-03  1.05003E-01  2.08124E-04  9.94472E-01 -2.22045E-16
  7.100E+00  3.83403E-03  1.06507E-01  2.14418E-04  9.94312E-01 -2.22045E-16
  7.200E+00  3.94265E-03  1.08011E-01  2.20796E-04  9.94150E-01 -2.22045E-16
  7.300E+00  4.05278E-03  1.09516E-01  2.27257E-04  9.93985E-01 -2.22045E-16
  7.400E+00  4.16442E-03  1.11020E-01  2.33797E-04  9.93818E-01  1.11022E-16
  7.500E+00  4.27757E-03  1.12525E-01  2.40427E-04  9.93649E-01 -2.22045E-16
  7.600E+00  4.39223E-03  1.14029E-01  2.47135E-04  9.93477E-01 -4.44089E-16
  7.700E+00  4.50840E-03  1.15534E-01  2.53923E-04  9.93304E-01  3.33067E-16
  7.800E+00  4.62608E-03  1.17038E-01  2.60789E-04  9.93127E-01  0.00000E+00
  7.900E+00  4.74527E-03  1.18543E-01  2.67725E-04  9.92949E-01  2.22045E-16
  8.000E+00  4.86597E-03  1.20048E-01  2.74737E-04  9.92768E-01 -4.44089E-16
  8.100E+00  4.98817E-03  1.21553E-01  2.81825E-04  9.92585E-01  2.22045E-16
  8.200E+00  5.11188E-03  1.23058E-01  2.88986E-04  9.92399E-01 -2.22045E-16
  8.300E+00  5.23711E-03  1.24563E-01  2.96219E-04  9.92212E-01 -2.22045E-16
  8.400E+00  5.36383E-03  1.26068E-01  3.03517E-04  9.92022E-01 -2.22045E-16
  8.500E+00  5.49207E-03  1.27573E-01  3.10876E-04  9.91829E-01  2.22045E-16
  8.600E+00  5.62181E-03  1.29078E-01  3.18301E-04  9.91634E-01  0.00000E+00
  8.700E+00  5.75306E-03  1.30583E-01  3.25793E-04  9.91437E-01  0.00000E+00
  8.800E+00  5.88581E-03  1.32089E-01  3.33349E-04  9.91238E-01  2.22045E-16
  8.900E+00  6.02007E-03  1.33594E-01  3.40964E-04  9.91036E-01  0.00000E+00
  9.000E+00  6.15583E-03  1.35099E-01  3.48634E-04  9.90832E-01  2.22045E-16
  9.100E+00  6.29310E-03  1.36605E-01  3.56354E-04  9.90626E-01  0.00000E+00
  9.200E+00  6.43187E-03  1.38110E-01  3.64129E-04  9.90417E-01  2.22045E-16
  9.300E+00  6.57214E-03  1.39616E-01  3.71961E-04  9.90206E-01  0.00000E+00
  9.400E+00  6.71392E-03  1.41121E-01  3.79847E-04  9.89992E-01 -2.22045E-16
  9.500E+00  6.85720E-03  1.42626E-01  3.87781E-04  9.89777E-01  0.00000E+00
  9.600E+00  7.00198E-03  1.44132E-01  3.95756E-04  9.89558E-01  3.33067E-16
  9.700E+00  7.14827E-03  1.45638E-01  4.03770E-04  9.89338E-01  0.00000E+00
  9.800E+00  7.29605E-03  1.47143E-01  4.11827E-04  9.89115E-01  2.22045E-16
  9.900E+00  7.44534E-03  1.48649E-01  4.19931E-04  9.88890E-01  0.00000E+00
  1.000E+01  7.59612E-03  1.50154E-01  4.28077E-04  9.88662E-01 -2.22045E-16
  1.025E+01  7.97965E-03  1.53918E-01  4.48578E-04  9.88083E-01  0.00000E+00
  1.050E+01  8.37255E-03  1.57682E-01  4.69269E-04  9.87490E-01  0.00000E+00
  1.075E+01  8.77480E-03  1.61446E-01  4.90136E-04  9.86881E-01 -2.22045E-16
  1.100E+01  9.18641E-03  1.65210E-01  5.11099E-04  9.86258E-01  2.22045E-16
  1.125E+01  9.60736E-03  1.68974E-01  5.32187E-04  9.85620E-01  2.22045E-16
  1.150E+01  1.00376E-02  1.72738E-01  5.53295E-04  9.84968E-01 -2.22045E-16
  1.175E+01  1.04773E-02  1.76501E-01  5.74448E-04  9.84300E-01  2.22045E-16
  1.200E+01  1.09262E-02  1.80264E-01  5.95577E-04  9.83618E-01  1.11022E-16
  1.225E+01  1.13844E-02  1.84027E-01  6.16638E-04  9.82921E-01 -2.22045E-16
  1.250E+01  1.18520E-02  1.87789E-01  6.37648E-04  9.82209E-01  1.11022E-16
  1.275E+01  1.23288E-02  1.91551E-01  6.58486E-04  9.81482E-01  1.11022E-16
  1.300E+01  1.28150E-02  1.95313E-01  6.79214E-04  9.80741E-01 -2.22045E-16
  1.325E+01  1.33104E-02  1.99073E-01  6.99707E-04  9.79984E-01  4.44089E-16
  1.350E+01  1.38150E-02  2.02834E-01  7.19981E-04  9.79213E-01  3.33067E-16
  1.375E+01  1.43290E-02  2.06593E-01  7.40005E-04  9.78427E-01 -2.22045E-16
  1.400E+01  1.48521E-02  2.10352E-01  7.59680E-04  9.77625E-01 -2.22045E-16
  1.425E+01  1.53845E-02  2.14110E-01  7.79080E-04  9.76809E-01  2.22045E-16
  1.450E+01  1.59262E-02  2.17867E-01  7.98030E-04  9.75978E-01  0.00000E+00
  1.475E+01  1.64770E-02  2.21624E-01  8.16620E-04  9.75132E-01  0.00000E+00
  1.500E+01  1.70371E-02  2.25379E-01  8.34741E-04  9.74271E-01  0.00000E+00
  1.525E+01  1.76063E-02  2.29133E-01  8.52351E-04  9.73395E-01  1.11022E-16
  1.550E+01  1.81848E-02  2.32886E-01  8.69514E-04  9.72504E-01 -2.22045E-16
  1.575E+01  1.87724E-02  2.36638E-01  8.86011E-04  9.71598E-01 -4.44089E-16
  1.600E+01  1.93692E-02  2.40388E-01  9.02042E-04  9.70676E-01 -2.22045E-16
  1.625E+01  1.99751E-02  2.44137E-01  9.17358E-04  9.69740E-01  0.00000E+00
  1.650E+01  2.05901E-02  2.47885E-01  9.32060E-04  9.68789E-01  1.11022E-16
  1.675E+01  2.12143E-02  2.51631E-01  9.46114E-04  9.67823E-01  0.00000E+00
  1.700E+01  2.18476E-02  2.55376E-01  9.59305E-04  9.66841E-01  0.00000E+00
  1.725E+01  2.24900E-02  2.59119E-01  9.71981E-04  9.65845E-01  0.00000E+00
  1.750E+01  2.31415E-02  2.62860E-01  9.83547E-04  9.64833E-01 -2.22045E-16
  1.775E+01  2.38021E-02  2.66600E-01  9.94664E-04  9.63807E-01 -2.22045E-16
  1.800E+01  2.44717E-02  2.70337E-01  1.00454E-03  9.62765E-01  2.22045E-16
  1.825E+01  2.51504E-02  2.74073E-01  1.01387E-03  9.61708E-01 -2.22045E-16
  1.850E+01  2.58382E-02  2.77806E-01  1.02201E-03  9.60637E-01  1.11022E-16
  1.875E+01  2.65349E-02  2.81538E-01  1.02939E-03  9.59550E-01  3.33067E-16
  1.900E+01  2.72407E-02  2.85267E-01  1.03571E-03  9.58447E-01  0.00000E+00
  1.925E+01  2.79555E-02  2.88994E-01  1.04100E-03  9.57330E-01  0.00000E+00
  1.950E+01  2.86793E-02  2.92719E-01  1.04536E-03  9.56198E-01 -2.22045E-16
  1.975E+01  2.94120E-02  2.96441E-01  1.04855E-03  9.55051E-01  2.22045E-16
  2.000E+01  3.01537E-02  3.00161E-01  1.05077E-03  9.53888E-01 -2.22045E-16
  2.025E+01  3.09043E-02  3.03878E-01  1.05179E-03  9.52711E-01  0.00000E+00
  2.050E+01  3.16639E-02  3.07592E-01  1.05171E-03  9.51518E-01  0.00000E+00
  2.075E+01  3.24324E-02  3.11303E-01  1.05047E-03  9.50310E-01  0.00000E+00
  2.100E+01  3.32098E-02  3.15012E-01  1.04802E-03  9.49087E-01  1.11022E-16
  2.125E+01  3.39961E-02  3.18718E-01  1.04438E-03  9.47849E-01  1.11022E-16
  2.150E+01  3.47912E-02  3.22420E-01  1.03944E-03  9.46596E-01  1.11022E-16
  2.175E+01  3.55952E-02  3.26120E-01  1.03326E-03  9.45328E-01  0.00000E+00
  2.200E+01  3.64081E-02  3.29816E-01  1.02576E-03  9.44045E-01  3.33067E-16
  2.225E+01  3.72297E-02  3.33510E-01  1.01695E-03  9.42746E-01  1.11022E-16
  2.250E+01  3.80602E-02  3.37199E-01  1.00682E-03  9.41433E-01 -2.22045E-16
  2.275E+01  3.88995E-02  3.40885E-01  9.95296E-04  9.40104E-01 -2.22045E-16
  2.300E+01  3.97476E-02  3.44568E-01  9.82428E-04  9.38761E-01  1.11022E-16
  2.325E+01  4.06044E-02  3.48247E-01  9.68159E-04  9.37402E-01  1.11022E-16
  2.350E+01  4.14700E-02  3.51923E-01  9.52499E-04  9.36029E-01 -2.22045E-16
  2.375E+01  4.23443E-02  3.55594E-01  9.35406E-04  9.34640E-01  3.33067E-16
  2.400E+01  4.32273E-02  3.59262E-01  9.16852E-04  9.33236E-01  0.00000E+00
  2.425E+01  4.41190E-02  3.62925E-01  8.96844E-04  9.31818E-01  3.33067E-16
  2.450E+01  4.50194E-02  3.66585E-01  8.75333E-04  9.30384E-01  0.00000E+00
  2.475E+01  4.59284E-02  3.70240E-01  8.52315E-04  9.28936E-01 -2.22045E-16
  2.500E+01  4.68461E-02  3.73891E-01  8.27741E-04  9.27472E-01  1.11022E-16
  2.550E+01  4.87074E-02  3.81180E-01  7.73899E-04  9.24500E-01  0.00000E+00
  2.600E+01  5.06030E-02  3.88451E-01  7.13725E-04  9.21469E-01  2.22045E-16
  2.650E+01  5.25328E-02  3.95704E-01  6.47124E-04  9.18378E-01  0.00000E+00
  2.700E+01  5.44967E-02  4.02936E-01  5.74088E-04  9.15228E-01 -2.22045E-16
  2.750E+01  5.64946E-02  4.10149E-01  4.94493E-04  9.12018E-01  2.22045E-16
  2.800E+01  5.85262E-02  4.17341E-01  4.08213E-04  9.08750E-01  2.22045E-16
  2.850E+01  6.05914E-02  4.24511E-01  3.15078E-04  9.05423E-01  2.22045E-16
  2.900E+01  6.26901E-02  4.31659E-01  2.14936E-04  9.02037E-01  0.00000E+00
  2.950E+01  6.48222E-02  4.38784E-01  1.07792E-04  8.98593E-01  1.11022E-16
  3.000E+01  6.69873E-02  4.45885E-01 -6.38585E-06  8.95090E-01  0.00000E+00
  3.050E+01  6.91854E-02  4.52962E-01 -1.27507E-04  8.91530E-01  0.00000E+00
  3.100E+01  7.14163E-02  4.60014E-01 -2.55667E-04  8.87911E-01  0.00000E+00
  3.150E+01  7.36799E-02  4.67041E-01 -3.90973E-04  8.84236E-01  0.00000E+00
  3.200E+01  7.59760E-02  4.74041E-01 -5.33574E-04  8.80503E-01  0.00000E+00
  3.250E+01  7.83043E-02  4.81014E-01 -6.83634E-04  8.76713E-01  0.00000E+00
  3.300E+01  8.06647E-02  4.87960E-01 -8.41015E-04  8.72866E-01  0.00000E+00
  3.350E+01  8.30571E-02  4.94877E-01 -1.00578E-03  8.68963E-01  3.33067E-16
  3.400E+01  8.54812E-02  5.01765E-01 -1.17761E-03  8.65003E-01  2.22045E-16
  3.450E+01  8.79369E-02  5.08624E-01 -1.35682E-03  8.60988E-01  0.00000E+00
  3.500E+01  9.04240E-02  5.15452E-01 -1.54314E-03  8.56917E-01  1.11022E-16
  3.550E+01  9.29422E-02  5.22250E-01 -1.73729E-03  8.52791E-01 -4.44089E-16
  3.600E+01  9.54915E-02  5.29017E-01 -1.93876E-03  8.48609E-01  3.33067E-16
  3.650E+01  9.80716E-02  5.35751E-01 -2.14790E-03  8.44373E-01  2.22045E-16
  3.700E+01  1.00682E-01  5.42453E-01 -2.36421E-03  8.40083E-01  0.00000E+00
  3.750E+01  1.03323E-01  5.49121E-01 -2.58795E-03  8.35739E-01  1.11022E-16
  3.800E+01  1.05995E-01  5.55755E-01 -2.81872E-03  8.31341E-01 -2.22045E-16
  3.850E+01  1.08696E-01  5.62356E-01 -3.05697E-03  8.26890E-01 -4.44089E-16
  3.900E+01  1.11427E-01  5.68921E-01 -3.30269E-03  8.22386E-01  0.00000E+00
  3.950E+01  1.14188E-01  5.75450E-01 -3.55605E-03  8.17829E-01  1.11022E-16
  4.000E+01  1.16978E-01  5.81944E-01 -3.81688E-03  8.13220E-01  2.22045E-16
  4.050E+01  1.19797E-01  5.88401E-01 -4.08495E-03  8.08559E-01  2.22045E-16
  4.100E+01  1.22645E-01  5.94820E-01 -4.36012E-03  8.03847E-01 -4.44089E-16
  4.150E+01  1.25522E-01  6.01202E-01 -4.64237E-03  7.99084E-01  1.11022E-16
  4.200E+01  1.28428E-01  6.07546E-01 -4.93191E-03  7.94269E-01  0.00000E+00
  4.250E+01  1.31361E-01  6.13850E-01 -5.22889E-03  7.89405E-01 -2.22045E-16
  4.300E+01  1.34323E-01  6.20116E-01 -5.53337E-03  7.84491E-01  0.00000E+00
  4.350E+01  1.37313E-01  6.26341E-01 -5.84519E-03  7.79527E-01  0.00000E+00
  4.400E+01  1.40330E-01  6.32526E-01 -6.16409E-03  7.74514E-01  2.22045E-16
  4.450E+01  1.43375E-01  6.38671E-01 -6.48991E-03  7.69453E-01  0.00000E+00
  4.500E+01  1.46447E-01  6.44774E-01 -6.82265E-03  7.64343E-01  1.11022E-16
  4.550E+01  1.49545E-01  6.50835E-01 -7.16249E-03  7.59186E-01  2.22045E-16
  4.600E+01  1.52671E-01  6.56853E-01 -7.50963E-03  7.53981E-01  1.11022E-16
  4.650E+01  1.55823E-01  6.62830E-01 -7.86411E-03  7.48729E-01  2.22045E-16
  4.700E+01  1.59001E-01  6.68762E-01 -8.22574E-03  7.43431E-01  0.00000E+00
  4.750E+01  1.62205E-01  6.74651E-01 -8.59428E-03  7.38087E-01  0.00000E+00
  4.800E+01  1.65435E-01  6.80496E-01 -8.96954E-03  7.32697E-01  0.00000E+00
  4.850E+01  1.68690E-01  6.86297E-01 -9.35152E-03  7.27261E-01 -2.22045E-16
  4.900E+01  1.71970E-01  6.92052E-01 -9.74041E-03  7.21782E-01  0.00000E+00
  4.950E+01  1.75276E-01  6.97762E-01 -1.01364E-02  7.16258E-01  1.11022E-16
  5.000E+01  1.78606E-01  7.03426E-01 -1.05396E-02  7.10690E-01 -2.22045E-16
  5.050E+01  1.81961E-01  7.09044E-01 -1.09497E-02  7.05079E-01  3.33067E-16
  5.100E+01  1.85340E-01  7.14615E-01 -1.13666E-02  6.99425E-01  0.00000E+00
  5.150E+01  1.88743E-01  7.20139E-01 -1.17900E-02  6.93729E-01  2.22045E-16
  5.200E+01  1.92169E-01  7.25616E-01 -1.22199E-02  6.87991E-01 -2.22045E-16
  5.250E+01  1.95619E-01  7.31045E-01 -1.26566E-02  6.82212E-01  1.11022E-16
  5.300E+01  1.99092E-01  7.36425E-01 -1.31002E-02  6.76392E-01  0.00000E+00
  5.350E+01  2.02589E-01  7.41757E-01 -1.35507E-02  6.70531E-01  0.00000E+00
  5.400E+01  2.06107E-01  7.47040E-01 -1.40082E-02  6.64631E-01 -2.22045E-16
  5.450E+01  2.09649E-01  7.52274E-01 -1.44722E-02  6.58691E-01  2.22045E-16
  5.500E+01  2.13212E-01  7.57458E-01 -1.49425E-02  6.52713E-01 -2.22045E-16
  5.550E+01  2.16797E-01  7.62592E-01 -1.54193E-02  6.46696E-01  0.00000E+00
  5.600E+01  2.20404E-01  7.67676E-01 -1.59025E-02  6.40641E-01  4.44089E-16
  5.650E+01  2.24032E-01  7.72709E-01 -1.63926E-02  6.34549E-01  1.11022E-16
  5.700E+01  2.27680E-01  7.77691E-01 -1.68895E-02  6.28420E-01  2.22045E-16
  5.750E+01  2.31350E-01  7.82621E-01 -1.73932E-02  6.22255E-01  0.00000E+00
  5.800E+01  2.35040E-01  7.87500E-01 -1.79033E-02  6.16054E-01  4.44089E-16
  5.850E+01  2.38751E-01  7.92327E-01 -1.84197E-02  6.09818E-01  2.22045E-16
  5.900E+01  2.42481E-01  7.97102E-01 -1.89423E-02  6.03547E-01  0.00000E+00
  5.950E+01  2.46231E-01  8.01825E-01 -1.94714E-02  5.97242E-01  2.22045E-16
  6.000E+01  2.50000E-01  8.06494E-01 -2.00070E-02  5.90903E-01  0.00000E+00
  6.050E+01  2.53788E-01  8.11111E-01 -2.05495E-02  5.84532E-01  2.22045E-16
  6.100E+01  2.57595E-01  8.15674E-01 -2.10987E-02  5.78128E-01  0.00000E+00
  6.150E+01  2.61421E-01  8.20183E-01 -2.16543E-02  5.71692E-01 -4.44089E-16
  6.200E+01  2.65264E-01  8.24638E-01 -2.22162E-02  5.65224E-01  5.55112E-16
  6.250E+01  2.69126E-01  8.29040E-01 -2.27841E-02  5.58725E-01 -2.22045E-16
  6.300E+01  2.73005E-01  8.33387E-01 -2.33583E-02  5.52196E-01  0.00000E+00
  6.350E+01  2.76901E-01  8.37679E-01 -2.39391E-02  5.45637E-01  2.22045E-16
  6.400E+01  2.80814E-01  8.41917E-01 -2.45267E-02  5.39049E-01  0.00000E+00
  6.450E+01  2.84744E-01  8.46099E-01 -2.51211E-02  5.32433E-01  1.11022E-16
  6.500E+01  2.88691E-01  8.50226E-01 -2.57220E-02  5.25789E-01  1.11022E-16
  6.550E+01  2.92653E-01  8.54298E-01 -2.63290E-02  5.19117E-01  0.00000E+00
  6.600E+01  2.96632E-01  8.58314E-01 -2.69420E-02  5.12417E-01 -2.22045E-16
  6.650E+01  3.00625E-01  8.62274E-01 -2.75612E-02  5.05692E-01 -4.44089E-16
  6.700E+01  3.04634E-01  8.66178E-01 -2.81871E-02  4.98940E-01  1.11022E-16
  6.750E+01  3.08658E-01  8.70025E-01 -2.88199E-02  4.92164E-01  2.22045E-16
  6.800E+01  3.12697E-01  8.73816E-01 -2.94597E-02  4.85363E-01  0.00000E+00
  6.850E+01  3.16749E-01  8.77551E-01 -3.01059E-02  4.78538E-01  2.22045E-16
  6.900E+01  3.20816E-01  8.81228E-01 -3.07582E-02  4.71690E-01  2.22045E-16
  6.950E+01  3.24896E-01  8.84849E-01 -3.14165E-02  4.64818E-01  1.11022E-16
  7.000E+01  3.28990E-01  8.88413E-01 -3.20810E-02  4.57924E-01  2.22045E-16
  7.050E+01  3.33097E-01  8.91919E-01 -3.27522E-02  4.51008E-01  0.00000E+00
  7.100E+01  3.37216E-01  8.95368E-01 -3.34307E-02  4.44071E-01  0.00000E+00
  7.150E+01  3.41348E-01  8.98758E-01 -3.41168E-02  4.37115E-01  1.11022E-16
  7.200E+01  3.45492E-01  9.02091E-01 -3.48092E-02  4.30139E-01  2.22045E-16
  7.250E+01  3.49647E-01  9.05368E-01 -3.55068E-02  4.23142E-01  2.22045E-16
  7.300E+01  3.53814E-01  9.08586E-01 -3.62104E-02  4.16125E-01 -2.22045E-16
  7.350E+01  3.57992E-01  9.11746E-01 -3.69215E-02  4.09092E-01  0.00000E+00
  7.400E+01  3.62181E-01  9.14847E-01 -3.76400E-02  4.02042E-01  0.00000E+00
  7.450E+01  3.66381E-01  9.17890E-01 -3.83655E-02  3.94975E-01  0.00000E+00
  7.500E+01  3.70590E-01  9.20875E-01 -3.90976E-02  3.87892E-01 -2.22045E-16
  7.550E+01  3.74810E-01  9.23802E-01 -3.98361E-02  3.80792E-01  0.00000E+00
  7.600E+01  3.79039E-01  9.26671E-01 -4.05810E-02  3.73678E-01 -2.22045E-16
  7.650E+01  3.83277E-01  9.29480E-01 -4.13327E-02  3.66548E-01  0.00000E+00
  7.700E+01  3.87524E-01  9.32232E-01 -4.20914E-02  3.59406E-01  2.22045E-16
  7.750E+01  3.91780E-01  9.34924E-01 -4.28576E-02  3.52250E-01  0.00000E+00
  7.800E+01  3.96044E-01  9.37558E-01 -4.36309E-02  3.45082E-01 -2.22045E-16
  7.850E+01  4.00316E-01  9.40133E-01 -4.44111E-02  3.37902E-01  3.33067E-16
  7.900E+01  4.04596E-01  9.42649E-01 -4.51982E-02  3.30711E-01 -2.22045E-16
  7.950E+01  4.08882E-01  9.45107E-01 -4.59921E-02  3.23509E-01  1.11022E-16
  8.000E+01  4.13176E-01  9.47506E-01 -4.67930E-02  3.16297E-01  1.11022E-16
  8.050E+01  4.17476E-01  9.49846E-01 -4.76013E-02  3.09075E-01  1.11022E-16
  8.100E+01  4.21783E-01  9.52127E-01 -4.84170E-02  3.01845E-01 -2.22045E-16
  8.150E+01  4.26095E-01  9.54349E-01 -4.92402E-02  2.94607E-01  3.33067E-16
  8.200E+01  4.30413E-01  9.56512E-01 -5.00708E-02  2.87362E-01  1.11022E-16
  8.250E+01  4.34737E-01  9.58617E-01 -5.09087E-02  2.80110E-01 -2.22045E-16
  8.300E+01  4.39065E-01  9.60663E-01 -5.17538E-02  2.72851E-01  2.22045E-16
  8.350E+01  4.43398E-01  9.62651E-01 -5.26064E-02  2.65587E-01 -4.44089E-16
  8.400E+01  4.47736E-01  9.64579E-01 -5.34665E-02  2.58318E-01  4.44089E-16
  8.450E+01  4.52077E-01  9.66449E-01 -5.43345E-02  2.51045E-01  2.22045E-16
  8.500E+01  4.56422E-01  9.68261E-01 -5.52104E-02  2.43769E-01  1.11022E-16
  8.550E+01  4.60770E-01  9.70014E-01 -5.60942E-02  2.36489E-01  3.33067E-16
  8.600E+01  4.65122E-01  9.71708E-01 -5.69857E-02  2.29208E-01  2.22045E-16
  8.650E+01  4.69476E-01  9.73344E-01 -5.78850E-02  2.21925E-01  0.00000E+00
  8.700E+01  4.73832E-01  9.74922E-01 -5.87921E-02  2.14641E-01 -4.44089E-16
  8.750E+01  4.78190E-01  9.76442E-01 -5.97074E-02  2.07356E-01  2.22045E-16
  8.800E+01  4.82550E-01  9.77903E-01 -6.06309E-02  2.00073E-01  1.11022E-16
  8.850E+01  4.86912E-01  9.79307E-01 -6.15629E-02  1.92790E-01  3.33067E-16
  8.900E+01  4.91274E-01  9.80653E-01 -6.25032E-02  1.85510E-01  2.22045E-16
  8.950E+01  4.95637E-01  9.81941E-01 -6.34519E-02  1.78232E-01  0.00000E+00
  9.000E+01  5.00000E-01  9.83171E-01 -6.44091E-02  1.70957E-01  6.66134E-16
  9.050E+01  5.04363E-01  9.84344E-01 -6.53746E-02  1.63686E-01  0.00000E+00
  9.100E+01  5.08726E-01  9.85460E-01 -6.63489E-02  1.56419E-01  2.22045E-16
  9.150E+01  5.13088E-01  9.86518E-01 -6.73320E-02  1.49157E-01 -2.22045E-16
  9.200E+01  5.17450E-01  9.87520E-01 -6.83242E-02  1.41902E-01  1.11022E-16
  9.250E+01  5.21810E-01  9.88465E-01 -6.93254E-02  1.34654E-01  0.00000E+00
  9.300E+01  5.26168E-01  9.89353E-01 -7.03358E-02  1.27412E-01  2.22045E-16
  9.350E+01  5.30524E-01  9.90185E-01 -7.13553E-02  1.20179E-01  2.22045E-16
  9.400E+01  5.34878E-01  9.90960E-01 -7.23839E-02  1.12954E-01 -2.22045E-16
  9.450E+01  5.39230E-01  9.91680E-01 -7.34219E-02  1.05739E-01 -2.22045E-16
  9.500E+01  5.43578E-01  9.92343E-01 -7.44696E-02  9.85333E-02  4.44089E-16
  9.550E+01  5.47923E-01  9.92952E-01 -7.55270E-02  9.13390E-02  4.44089E-16
  9.600E+01  5.52264E-01  9.93504E-01 -7.65944E-02  8.41564E-02  3.33067E-16
  9.650E+01  5.56602E-01  9.94002E-01 -7.76717E-02  7.69861E-02  0.00000E+00
  9.700E+01  5.60935E-01  9.94445E-01 -7.87590E-02  6.98287E-02 -2.22045E-16
  9.750E+01  5.65263E-01  9.94833E-01 -7.98564E-02  6.26849E-02 -2.22045E-16
  9.800E+01  5.69587E-01  9.95168E-01 -8.09640E-02  5.55553E-02  1.11022E-16
  9.850E+01  5.73905E-01  9.95448E-01 -8.20821E-02  4.84410E-02 -2.22045E-16
  9.900E+01  5.78217E-01  9.95674E-01 -8.32110E-02  4.13427E-02 -4.44089E-16
  9.950E+01  5.82524E-01  9.95847E-01 -8.43507E-02  3.42612E-02 -4.44089E-16
  1.000E+02  5.86824E-01  9.95967E-01 -8.55014E-02  2.71973E-02  1.11022E-16
  1.005E+02  5.91118E-01  9.96034E-01 -8.66632E-02  2.01513E-02 -2.22045E-16
  1.010E+02  5.95404E-01  9.96048E-01 -8.78360E-02  1.31241E-02  0.00000E+00
  1.015E+02  5.99684E-01  9.96011E-01 -8.90202E-02  6.11632E-03  3.33067E-16
  1.020E+02  6.03956E-01  9.95922E-01 -9.02160E-02 -8.71048E-04 -2.22045E-16
  1.025E+02  6.08220E-01  9.95781E-01 -9.14236E-02 -7.83712E-03  5.55112E-16
  1.030E+02  6.12476E-01  9.95590E-01 -9.26432E-02 -1.47811E-02  2.22045E-16
  1.035E+02  6.16723E-01  9.95347E-01 -9.38751E-02 -2.17022E-02  2.22045E-16
  1.040E+02  6.20961E-01  9.95055E-01 -9.51192E-02 -2.85999E-02  0.00000E+00
  1.045E+02  6.25190E-01  9.94713E-01 -9.63757E-02 -3.54734E-02  4.44089E-16
  1.050E+02  6.29410E-01  9.94321E-01 -9.76448E-02 -4.23222E-02  2.22045E-16
  1.055E+02  6.33619E-01  9.93880E-01 -9.89267E-02 -4.91451E-02  0.00000E+00
  1.060E+02  6.37819E-01  9.93391E-01 -1.00222E-01 -5.59412E-02  2.22045E-16
  1.065E+02  6.42008E-01  9.92854E-01 -1.01530E-01 -6.27097E-02 -2.22045E-16
  1.070E+02  6.46186E-01  9.92269E-01 -1.02853E-01 -6.94497E-02  0.00000E+00
  1.075E+02  6.50353E-01  9.91637E-01 -1.04189E-01 -7.61606E-02  2.22045E-16
  1.080E+02  6.54508E-01  9.90959E-01 -1.05539E-01 -8.28418E-02  1.11022E-16
  1.085E+02  6.58652E-01  9.90234E-01 -1.06903E-01 -8.94924E-02 -2.22045E-16
  1.090E+02  6.62784E-01  9.89463E-01 -1.08281E-01 -9.61115E-02 -2.22045E-16
  1.095E+02  6.66903E-01  9.88648E-01 -1.09674E-01 -1.02698E-01  1.11022E-16
  1.100E+02  6.71010E-01  9.87788E-01 -1.11083E-01 -1.09251E-01 -2.22045E-16
  1.105E+02  6.75104E-01  9.86884E-01 -1.12506E-01 -1.15770E-01  0.00000E+00
  1.110E+02  6.79184E-01  9.85936E-01 -1.13946E-01 -1.22253E-01  0.00000E+00
  1.115E+02  6.83251E-01  9.84946E-01 -1.15401E-01 -1.28701E-01  2.22045E-16
  1.120E+02  6.87303E-01  9.83914E-01 -1.16872E-01 -1.35112E-01 -4.44089E-16
  1.125E+02  6.91342E-01  9.82839E-01 -1.18359E-01 -1.41485E-01  1.11022E-16
  1.130E+02  6.95366E-01  9.81724E-01 -1.19863E-01 -1.47820E-01  2.22045E-16
  1.135E+02  6.99375E-01  9.80569E-01 -1.21384E-01 -1.54115E-01  0.00000E+00
  1.140E+02  7.03368E-01  9.79373E-01 -1.22923E-01 -1.60369E-01 -2.22045E-16
  1.145E+02  7.07347E-01  9.78139E-01 -1.24479E-01 -1.66581E-01  1.11022E-16
  1.150E+02  7.11309E-01  9.76866E-01 -1.26053E-01 -1.72751E-01 -4.44089E-16
  1.155E+02  7.15256E-01  9.75556E-01 -1.27645E-01 -1.78877E-01  6.66134E-16
  1.160E+02  7.19186E-01  9.74209E-01 -1.29256E-01 -1.84960E-01  0.00000E+00
  1.165E+02  7.23099E-01  9.72825E-01 -1.30886E-01 -1.90997E-01 -4.44089E-16
  1.170E+02  7.26995E-01  9.71406E-01 -1.32536E-01 -1.96987E-01  1.11022E-16
  1.175E+02  7.30874E-01  9.69953E-01 -1.34205E-01 -2.02929E-01  2.22045E-16
  1.180E+02  7.34736E-01  9.68466E-01 -1.35895E-01 -2.08823E-01  2.22045E-16
  1.185E+02  7.38579E-01  9.66945E-01 -1.37605E-01 -2.14666E-01  3.33067E-16
  1.190E+02  7.42405E-01  9.65393E-01 -1.39336E-01 -2.20460E-01  0.00000E+00
  1.195E+02  7.46212E-01  9.63809E-01 -1.41089E-01 -2.26201E-01  0.00000E+00
  1.200E+02  7.50000E-01  9.62194E-01 -1.42863E-01 -2.31889E-01  0.00000E+00
  1.205E+02  7.53769E-01  9.60550E-01 -1.44660E-01 -2.37523E-01 -2.22045E-16
  1.210E+02  7.57519E-01  9.58877E-01 -1.46480E-01 -2.43102E-01  1.11022E-16
  1.215E+02  7.61249E-01  9.57177E-01 -1.48323E-01 -2.48623E-01  0.00000E+00
  1.220E+02  7.64960E-01  9.55449E-01 -1.50190E-01 -2.54086E-01  0.00000E+00
  1.225E+02  7.68650E-01  9.53696E-01 -1.52081E-01 -2.59490E-01  4.44089E-16
  1.230E+02  7.72320E-01  9.51918E-01 -1.53997E-01 -2.64835E-01 -4.44089E-16
  1.235E+02  7.75968E-01  9.50116E-01 -1.55938E-01 -2.70117E-01 -4.44089E-16
  1.240E+02  7.79596E-01  9.48291E-01 -1.57905E-01 -2.75336E-01  0.00000E+00
  1.245E+02  7.83203E-01  9.46445E-01 -1.59899E-01 -2.80490E-01 -2.22045E-16
  1.250E+02  7.86788E-01  9.44578E-01 -1.61920E-01 -2.85578E-01  0.00000E+00
  1.255E+02  7.90351E-01  9.42691E-01 -1.63969E-01 -2.90598E-01  1.11022E-16
  1.260E+02  7.93893E-01  9.40787E-01 -1.66045E-01 -2.95550E-01  0.00000E+00
  1.265E+02  7.97411E-01  9.38865E-01 -1.68151E-01 -3.00431E-01  0.00000E+00
  1.270E+02  8.00908E-01  9.36926E-01 -1.70286E-01 -3.05240E-01  2.22045E-16
  1.275E+02  8.04381E-01  9.34974E-01 -1.72451E-01 -3.09975E-01  3.33067E-16
  1.280E+02  8.07831E-01  9.33008E-01 -1.74647E-01 -3.14635E-01 -2.22045E-16
  1.285E+02  8.11257E-01  9.31029E-01 -1.76876E-01 -3.19217E-01  1.11022E-16
  1.290E+02  8.14660E-01  9.29040E-01 -1.79136E-01 -3.23719E-01  1.11022E-16
  1.295E+02  8.18039E-01  9.27042E-01 -1.81430E-01 -3.28141E-01  0.00000E+00
  1.300E+02  8.21394E-01  9.25035E-01 -1.83757E-01 -3.32481E-01 -2.22045E-16
  1.305E+02  8.24724E-01  9.23021E-01 -1.86119E-01 -3.36736E-01  2.22045E-16
  1.310E+02  8.28030E-01  9.21003E-01 -1.88517E-01 -3.40904E-01  2.22045E-16
  1.315E+02  8.31310E-01  9.18980E-01 -1.90951E-01 -3.44983E-01  0.00000E+00
  1.320E+02  8.34565E-01  9.16956E-01 -1.93422E-01 -3.48970E-01  0.00000E+00
  1.325E+02  8.37795E-01  9.14931E-01 -1.95932E-01 -3.52864E-01 -2.22045E-16
  1.330E+02  8.40999E-01  9.12906E-01 -1.98481E-01 -3.56662E-01  1.11022E-16
  1.335E+02  8.44177E-01  9.10884E-01 -2.01069E-01 -3.60362E-01  0.00000E+00
  1.340E+02  8.47329E-01  9.08867E-01 -2.03699E-01 -3.63962E-01  0.00000E+00
  1.345E+02  8.50455E-01  9.06855E-01 -2.06370E-01 -3.67458E-01  0.00000E+00
  1.350E+02  8.53553E-01  9.04851E-01 -2.09085E-01 -3.70848E-01 -2.22045E-16
  1.355E+02  8.56625E-01  9.02857E-01 -2.11844E-01 -3.74128E-01 -2.22045E-16
  1.360E+02  8.59670E-01  9.00874E-01 -2.14648E-01 -3.77296E-01 -2.22045E-16
  1.365E+02  8.62687E-01  8.98904E-01 -2.17498E-01 -3.80349E-01  0.00000E+00
  1.370E+02  8.65677E-01  8.96950E-01 -2.20396E-01 -3.83284E-01 -2.22045E-16
  1.375E+02  8.68639E-01  8.95012E-01 -2.23342E-01 -3.86098E-01 -4.44089E-16
  1.380E+02  8.71572E-01  8.93094E-01 -2.26338E-01 -3.88786E-01  2.22045E-16
  1.385E+02  8.74478E-01  8.91196E-01 -2.29386E-01 -3.91345E-01  3.33067E-16
  1.390E+02  8.77355E-01  8.89323E-01 -2.32486E-01 -3.93771E-01  1.11022E-16
  1.395E+02  8.80203E-01  8.87475E-01 -2.35640E-01 -3.96059E-01  0.00000E+00
  1.400E+02  8.83022E-01  8.85654E-01 -2.38849E-01 -3.98206E-01  2.22045E-16
  1.405E+02  8.85812E-01  8.83864E-01 -2.42114E-01 -4.00207E-01  2.22045E-16
  1.410E+02  8.88573E-01  8.82105E-01 -2.45437E-01 -4.02060E-01  2.22045E-16
  1.415E+02  8.91304E-01  8.80380E-01 -2.48819E-01 -4.03757E-01 -2.22045E-16
  1.420E+02  8.94005E-01  8.78693E-01 -2.52262E-01 -4.05293E-01  0.00000E+00
  1.425E+02  8.96677E-01  8.77045E-01 -2.55767E-01 -4.06663E-01  2.22045E-16
  1.430E+02  8.99318E-01  8.75440E-01 -2.59337E-01 -4.07860E-01  0.00000E+00
  1.435E+02  9.01928E-01  8.73879E-01 -2.62972E-01 -4.08879E-01  4.44089E-16
  1.440E+02  9.04508E-01  8.72364E-01 -2.66673E-01 -4.09715E-01  2.22045E-16
  1.445E+02  9.07058E-01  8.70898E-01 -2.70444E-01 -4.10363E-01  4.44089E-16
  1.450E+02  9.09576E-01  8.69484E-01 -2.74284E-01 -4.10812E-01  2.22045E-16
  1.455E+02  9.12063E-01  8.68125E-01 -2.78196E-01 -4.11055E-01 -2.22045E-16
  1.460E+02  9.14519E-01  8.66824E-01 -2.82183E-01 -4.11084E-01  0.00000E+00
  1.465E+02  9.16943E-01  8.65582E-01 -2.86244E-01 -4.10891E-01  2.22045E-16
  1.470E+02  9.19335E-01  8.64404E-01 -2.90383E-01 -4.10468E-01  4.44089E-16
  1.475E+02  9.21696E-01  8.63290E-01 -2.94600E-01 -4.09807E-01  0.00000E+00
  1.480E+02  9.24024E-01  8.62244E-01 -2.98896E-01 -4.08897E-01  2.22045E-16
  1.485E+02  9.26320E-01  8.61268E-01 -3.03275E-01 -4.07727E-01  0.00000E+00
  1.490E+02  9.28584E-01  8.60366E-01 -3.07738E-01 -4.06285E-01 -2.22045E-16
  1.495E+02  9.30815E-01  8.59540E-01 -3.12286E-01 -4.04559E-01 -4.44089E-16
  1.500E+02  9.33013E-01  8.58793E-01 -3.16920E-01 -4.02538E-01 -2.22045E-16
  1.505E+02  9.35178E-01  8.58125E-01 -3.21643E-01 -4.00208E-01  2.22045E-16
  1.510E+02  9.37310E-01  8.57541E-01 -3.26455E-01 -3.97556E-01 -2.22045E-16
  1.515E+02  9.39409E-01  8.57041E-01 -3.31357E-01 -3.94568E-01  2.22045E-16
  1.520E+02  9.41474E-01  8.56627E-01 -3.36351E-01 -3.91225E-01  0.00000E+00
  1.525E+02  9.43505E-01  8.56303E-01 -3.41438E-01 -3.87512E-01  0.00000E+00
  1.530E+02  9.45503E-01  8.56069E-01 -3.46618E-01 -3.83408E-01  0.00000E+00
  1.535E+02  9.47467E-01  8.55926E-01 -3.51892E-01 -3.78896E-01  0.00000E+00
  1.540E+02  9.49397E-01  8.55875E-01 -3.57261E-01 -3.73955E-01 -4.44089E-16
  1.545E+02  9.51293E-01  8.55916E-01 -3.62723E-01 -3.68565E-01  1.11022E-16
  1.550E+02  9.53154E-01  8.56049E-01 -3.68278E-01 -3.62701E-01  0.00000E+00
  1.555E+02  9.54981E-01  8.56273E-01 -3.73925E-01 -3.56339E-01  0.00000E+00
  1.560E+02  9.56773E-01  8.56586E-01 -3.79663E-01 -3.49451E-01 -2.22045E-16
  1.565E+02  9.58530E-01  8.56987E-01 -3.85489E-01 -3.42009E-01 -2.22045E-16
  1.570E+02  9.60252E-01  8.57473E-01 -3.91402E-01 -3.33983E-01  2.22045E-16
  1.575E+02  9.61940E-01  8.58039E-01 -3.97396E-01 -3.25340E-01 -4.44089E-16
  1.580E+02  9.63592E-01  8.58678E-01 -4.03466E-01 -3.16049E-01  1.11022E-16
  1.585E+02  9.65209E-01  8.59384E-01 -4.09608E-01 -3.06072E-01  0.00000E+00
  1.590E+02  9.66790E-01  8.60148E-01 -4.15814E-01 -2.95371E-01  0.00000E+00
  1.595E+02  9.68336E-01  8.60960E-01 -4.22075E-01 -2.83904E-01  0.00000E+00
  1.600E+02  9.69846E-01  8.61806E-01 -4.28380E-01 -2.71626E-01  0.00000E+00
  1.605E+02  9.71321E-01  8.62672E-01 -4.34718E-01 -2.58491E-01  2.22045E-16
  1.610E+02  9.72759E-01  8.63538E-01 -4.41074E-01 -2.44450E-01 -2.22045E-16
  1.615E+02  9.74162E-01  8.64383E-01 -4.47430E-01 -2.29453E-01  2.22045E-16
  1.620E+02  9.75528E-01  8.65180E-01 -4.53767E-01 -2.13446E-01 -2.22045E-16
  1.625E+02  9.76858E-01  8.65900E-01 -4.60060E-01 -1.96372E-01  2.22045E-16
  1.630E+02  9.78152E-01  8.66508E-01 -4.66282E-01 -1.78168E-01  1.11022E-16
  1.635E+02  9.79410E-01  8.66964E-01 -4.72402E-01 -1.58773E-01  2.22045E-16
  1.640E+02  9.80631E-01  8.67221E-01 -4.78383E-01 -1.38119E-01 -2.22045E-16
  1.645E+02  9.81815E-01  8.67224E-01 -4.84183E-01 -1.16142E-01  0.00000E+00
  1.650E+02  9.82963E-01  8.66911E-01 -4.89753E-01 -9.27749E-02  1.11022E-16
  1.655E+02  9.84074E-01  8.66211E-01 -4.95037E-01 -6.79495E-02  0.00000E+00
  1.660E+02  9.85148E-01  8.65041E-01 -4.99973E-01 -4.15974E-02  3.33067E-16
  1.665E+02  9.86185E-01  8.63310E-01 -5.04489E-01 -1.36502E-02  0.00000E+00
  1.670E+02  9.87185E-01  8.60912E-01 -5.08503E-01  1.59579E-02  0.00000E+00
  1.675E+02  9.88148E-01  8.57729E-01 -5.11923E-01  4.72868E-02  1.11022E-16
  1.680E+02  9.89074E-01  8.53626E-01 -5.14645E-01  8.03883E-02  0.00000E+00
  1.685E+02  9.89962E-01  8.48456E-01 -5.16554E-01  1.15303E-01 -2.22045E-16
  1.690E+02  9.90814E-01  8.42050E-01 -5.17522E-01  1.52059E-01 -2.22045E-16
  1.695E+02  9.91627E-01  8.34227E-01 -5.17408E-01  1.90667E-01  0.00000E+00
  1.700E+02  9.92404E-01  8.24786E-01 -5.16055E-01  2.31118E-01 -2.22045E-16
  1.705E+02  9.93143E-01  8.13507E-01 -5.13295E-01  2.73377E-01  0.00000E+00
  1.710E+02  9.93844E-01  8.00156E-01 -5.08945E-01  3.17372E-01  2.22045E-16
  1.715E+02  9.94508E-01  7.84484E-01 -5.02814E-01  3.62991E-01 -2.22045E-16
  1.720E+02  9.95134E-01  7.66231E-01 -4.94701E-01  4.10074E-01  0.00000E+00
  1.725E+02  9.95722E-01  7.45131E-01 -4.84400E-01  4.58406E-01  3.33067E-16
  1.730E+02  9.96273E-01  7.20918E-01 -4.71706E-01  5.07712E-01 -4.44089E-16
  1.735E+02  9.96786E-01  6.93332E-01 -4.56418E-01  5.57650E-01  0.00000E+00
  1.740E+02  9.97261E-01  6.62131E-01 -4.38350E-01  6.07809E-01  1.11022E-16
  1.745E+02  9.97698E-01  6.27105E-01 -4.17338E-01  6.57699E-01  0.00000E+00
  1.750E+02  9.98097E-01  5.88088E-01 -3.93253E-01  7.06757E-01 -2.22045E-16
  1.755E+02  9.98459E-01  5.44972E-01 -3.66012E-01  7.54348E-01  1.11022E-16
  1.760E+02  9.98782E-01  4.97725E-01 -3.35591E-01  7.99780E-01  4.44089E-16
  1.765E+02  9.99067E-01  4.46403E-01 -3.02033E-01  8.42318E-01 -2.22045E-16
  1.770E+02  9.99315E-01  3.91163E-01 -2.65457E-01  8.81206E-01 -4.44089E-16
  1.775E+02  9.99524E-01  3.32270E-01 -2.26068E-01  9.15691E-01 -2.22045E-16
  1.780E+02  9.99695E-01  2.70106E-01 -1.84159E-01  9.45055E-01 -2.22045E-16
  1.785E+02  9.99829E-01  2.05163E-01 -1.40109E-01  9.68647E-01  2.22045E-16
  1.790E+02  9.99924E-01  1.38035E-01 -9.43767E-02  9.85921E-01  2.22045E-16
  1.795E+02  9.99981E-01  6.94015E-02 -4.74841E-02  9.96458E-01  1.11022E-16
  1.800E+02  1.00000E+00  9.75752E-16 -6.67759E-16  1.00000E+00  0.00000E+00
