 #  Scattering amplitudes (in cm)      MU=(1-cos(TH))/2
 #  Z =  79,   projectile: electron
 #  Kinetic energy = 5.10000E+06 eV
 #
 # TH (deg)      MU          Re(F)        Im(F)        Re(G)        Im(G)        ERRF         ERRG 
 #-----------------------------------------------------------------------------------------------------------------
  0.000E+00  0.00000E+00  1.10173E-06  1.75198E-07  0.00000E+00  0.00000E+00  1.82055E-09  0.00000E+00
  1.000E-04  7.61557E-13  1.10173E-06  1.75198E-07  8.73884E-13  1.38974E-13  1.82011E-09  1.45351E-07
  1.250E-04  1.18994E-12  1.10173E-06  1.75198E-07  1.09235E-12  1.73717E-13  1.81987E-09  1.45342E-07
  1.500E-04  1.71346E-12  1.10172E-06  1.75198E-07  1.31082E-12  2.08460E-13  1.81957E-09  1.45330E-07
  1.750E-04  2.33225E-12  1.10172E-06  1.75198E-07  1.52929E-12  2.43204E-13  1.81922E-09  1.45316E-07
  2.000E-04  3.04617E-12  1.10172E-06  1.75198E-07  1.74776E-12  2.77947E-13  1.81882E-09  1.45300E-07
  2.250E-04  3.85530E-12  1.10172E-06  1.75198E-07  1.96622E-12  3.12690E-13  1.81836E-09  1.45282E-07
  2.500E-04  4.75964E-12  1.10171E-06  1.75197E-07  2.18468E-12  3.47433E-13  1.81785E-09  1.45262E-07
  2.750E-04  5.75917E-12  1.10171E-06  1.75197E-07  2.40314E-12  3.82177E-13  1.81728E-09  1.45239E-07
  3.000E-04  6.85391E-12  1.10171E-06  1.75197E-07  2.62160E-12  4.16920E-13  1.81666E-09  1.45215E-07
  3.250E-04  8.04379E-12  1.10170E-06  1.75197E-07  2.84006E-12  4.51663E-13  1.81599E-09  1.45188E-07
  3.500E-04  9.32893E-12  1.10170E-06  1.75197E-07  3.05851E-12  4.86406E-13  1.81526E-09  1.45160E-07
  3.750E-04  1.07092E-11  1.10169E-06  1.75197E-07  3.27696E-12  5.21149E-13  1.81448E-09  1.45129E-07
  4.000E-04  1.21847E-11  1.10169E-06  1.75197E-07  3.49541E-12  5.55892E-13  1.81364E-09  1.45096E-07
  4.250E-04  1.37554E-11  1.10168E-06  1.75197E-07  3.71385E-12  5.90635E-13  1.81275E-09  1.45060E-07
  4.500E-04  1.54213E-11  1.10168E-06  1.75197E-07  3.93229E-12  6.25378E-13  1.81181E-09  1.45023E-07
  4.750E-04  1.71823E-11  1.10167E-06  1.75197E-07  4.15073E-12  6.60121E-13  1.81082E-09  1.44984E-07
  5.000E-04  1.90386E-11  1.10166E-06  1.75197E-07  4.36916E-12  6.94864E-13  1.80977E-09  1.44942E-07
  5.250E-04  2.09900E-11  1.10166E-06  1.75197E-07  4.58759E-12  7.29607E-13  1.80866E-09  1.44899E-07
  5.500E-04  2.30367E-11  1.10165E-06  1.75196E-07  4.80602E-12  7.64349E-13  1.80751E-09  1.44853E-07
  5.750E-04  2.51785E-11  1.10164E-06  1.75196E-07  5.02444E-12  7.99092E-13  1.80630E-09  1.44805E-07
  6.000E-04  2.74156E-11  1.10163E-06  1.75196E-07  5.24285E-12  8.33834E-13  1.80503E-09  1.44755E-07
  6.250E-04  2.97478E-11  1.10162E-06  1.75196E-07  5.46126E-12  8.68577E-13  1.80372E-09  1.44703E-07
  6.500E-04  3.21752E-11  1.10162E-06  1.75196E-07  5.67967E-12  9.03319E-13  1.80235E-09  1.44649E-07
  6.750E-04  3.46979E-11  1.10161E-06  1.75196E-07  5.89807E-12  9.38062E-13  1.80092E-09  1.44592E-07
  7.000E-04  3.73157E-11  1.10160E-06  1.75196E-07  6.11646E-12  9.72804E-13  1.79945E-09  1.44534E-07
  7.250E-04  4.00286E-11  1.10159E-06  1.75196E-07  6.33485E-12  1.00755E-12  1.79792E-09  1.44473E-07
  7.500E-04  4.28368E-11  1.10158E-06  1.75195E-07  6.55324E-12  1.04229E-12  1.79633E-09  1.44411E-07
  7.750E-04  4.57402E-11  1.10157E-06  1.75195E-07  6.77162E-12  1.07703E-12  1.79470E-09  1.44346E-07
  8.000E-04  4.87388E-11  1.10156E-06  1.75195E-07  6.98999E-12  1.11177E-12  1.79301E-09  1.44279E-07
  8.250E-04  5.18325E-11  1.10155E-06  1.75195E-07  7.20835E-12  1.14651E-12  1.79127E-09  1.44210E-07
  8.500E-04  5.50215E-11  1.10153E-06  1.75195E-07  7.42671E-12  1.18126E-12  1.78948E-09  1.44139E-07
  8.750E-04  5.83057E-11  1.10152E-06  1.75195E-07  7.64506E-12  1.21600E-12  1.78763E-09  1.44066E-07
  9.000E-04  6.16850E-11  1.10151E-06  1.75194E-07  7.86341E-12  1.25074E-12  1.78573E-09  1.43990E-07
  9.250E-04  6.51595E-11  1.10150E-06  1.75194E-07  8.08174E-12  1.28548E-12  1.78378E-09  1.43913E-07
  9.500E-04  6.87293E-11  1.10149E-06  1.75194E-07  8.30007E-12  1.32022E-12  1.78178E-09  1.43834E-07
  9.750E-04  7.23943E-11  1.10147E-06  1.75194E-07  8.51839E-12  1.35496E-12  1.77972E-09  1.43752E-07
  1.000E-03  7.61544E-11  1.10146E-06  1.75194E-07  8.73671E-12  1.38970E-12  1.77761E-09  1.43668E-07
  1.250E-03  1.18991E-10  1.10131E-06  1.75191E-07  1.09194E-11  1.73711E-12  1.75368E-09  1.42718E-07
  1.500E-03  1.71347E-10  1.10112E-06  1.75188E-07  1.31010E-11  2.08449E-12  1.72464E-09  1.41561E-07
  1.750E-03  2.33223E-10  1.10090E-06  1.75185E-07  1.52815E-11  2.43186E-12  1.69063E-09  1.40203E-07
  2.000E-03  3.04617E-10  1.10065E-06  1.75181E-07  1.74605E-11  2.77921E-12  1.65178E-09  1.38646E-07
  2.250E-03  3.85531E-10  1.10036E-06  1.75177E-07  1.96379E-11  3.12653E-12  1.60827E-09  1.36894E-07
  2.500E-03  4.75965E-10  1.10004E-06  1.75172E-07  2.18136E-11  3.47382E-12  1.56028E-09  1.34954E-07
  2.750E-03  5.75917E-10  1.09968E-06  1.75166E-07  2.39872E-11  3.82108E-12  1.50803E-09  1.32830E-07
  3.000E-03  6.85389E-10  1.09929E-06  1.75160E-07  2.61586E-11  4.16831E-12  1.45174E-09  1.30529E-07
  3.250E-03  8.04380E-10  1.09887E-06  1.75154E-07  2.83276E-11  4.51550E-12  1.39165E-09  1.28057E-07
  3.500E-03  9.32891E-10  1.09842E-06  1.75147E-07  3.04940E-11  4.86266E-12  1.32802E-09  1.25420E-07
  3.750E-03  1.07092E-09  1.09793E-06  1.75139E-07  3.26577E-11  5.20976E-12  1.26112E-09  1.22627E-07
  4.000E-03  1.21847E-09  1.09741E-06  1.75131E-07  3.48183E-11  5.55682E-12  1.19125E-09  1.19686E-07
  4.250E-03  1.37554E-09  1.09686E-06  1.75122E-07  3.69758E-11  5.90384E-12  1.11870E-09  1.16603E-07
  4.500E-03  1.54213E-09  1.09627E-06  1.75113E-07  3.91299E-11  6.25079E-12  1.04378E-09  1.13389E-07
  4.750E-03  1.71823E-09  1.09565E-06  1.75104E-07  4.12805E-11  6.59770E-12  9.66804E-10  1.10052E-07
  5.000E-03  1.90386E-09  1.09500E-06  1.75093E-07  4.34273E-11  6.94454E-12  8.88110E-10  1.06600E-07
  5.250E-03  2.09900E-09  1.09431E-06  1.75083E-07  4.55702E-11  7.29132E-12  8.08026E-10  1.03045E-07
  5.500E-03  2.30367E-09  1.09360E-06  1.75072E-07  4.77090E-11  7.63804E-12  7.26888E-10  9.93943E-08
  5.750E-03  2.51785E-09  1.09285E-06  1.75060E-07  4.98434E-11  7.98469E-12  6.45039E-10  9.56592E-08
  6.000E-03  2.74156E-09  1.09207E-06  1.75048E-07  5.19734E-11  8.33127E-12  5.62821E-10  9.18494E-08
  6.250E-03  2.97478E-09  1.09126E-06  1.75035E-07  5.40988E-11  8.67777E-12  4.80574E-10  8.79752E-08
  6.500E-03  3.21752E-09  1.09042E-06  1.75022E-07  5.62193E-11  9.02420E-12  3.98641E-10  8.40469E-08
  6.750E-03  3.46978E-09  1.08954E-06  1.75008E-07  5.83348E-11  9.37055E-12  3.17357E-10  8.00747E-08
  7.000E-03  3.73156E-09  1.08864E-06  1.74993E-07  6.04450E-11  9.71681E-12  2.37056E-10  7.60693E-08
  7.250E-03  4.00286E-09  1.08770E-06  1.74979E-07  6.25500E-11  1.00630E-11  1.58062E-10  7.20409E-08
  7.500E-03  4.28368E-09  1.08674E-06  1.74963E-07  6.46494E-11  1.04091E-11  8.06922E-11  6.79999E-08
  7.750E-03  4.57402E-09  1.08574E-06  1.74947E-07  6.67431E-11  1.07551E-11  5.25679E-12  6.39567E-08
  8.000E-03  4.87388E-09  1.08471E-06  1.74931E-07  6.88310E-11  1.11010E-11  6.79465E-11  5.99214E-08
  8.250E-03  5.18326E-09  1.08366E-06  1.74914E-07  7.09128E-11  1.14468E-11  1.38633E-10  5.59041E-08
  8.500E-03  5.50215E-09  1.08257E-06  1.74897E-07  7.29884E-11  1.17925E-11  2.06532E-10  5.19146E-08
  8.750E-03  5.83057E-09  1.08145E-06  1.74879E-07  7.50577E-11  1.21381E-11  2.71385E-10  4.79626E-08
  9.000E-03  6.16850E-09  1.08031E-06  1.74860E-07  7.71205E-11  1.24835E-11  3.32950E-10  4.40576E-08
  9.250E-03  6.51596E-09  1.07913E-06  1.74842E-07  7.91766E-11  1.28289E-11  3.91004E-10  4.02087E-08
  9.500E-03  6.87293E-09  1.07793E-06  1.74822E-07  8.12259E-11  1.31742E-11  4.45340E-10  3.64248E-08
  9.750E-03  7.23942E-09  1.07670E-06  1.74802E-07  8.32682E-11  1.35193E-11  4.95771E-10  3.27145E-08
  1.000E-02  7.61544E-09  1.07544E-06  1.74782E-07  8.53035E-11  1.38644E-11  5.42128E-10  2.90859E-08
  1.250E-02  1.18991E-08  1.06137E-06  1.74549E-07  1.05234E-10  1.73074E-11  7.59916E-10  1.19320E-09
  1.500E-02  1.71347E-08  1.04483E-06  1.74266E-07  1.24313E-10  2.07352E-11  5.45763E-10  1.75925E-08
  1.750E-02  2.33223E-08  1.02613E-06  1.73934E-07  1.42436E-10  2.41450E-11  6.83731E-11  1.98375E-08
  2.000E-02  3.04617E-08  1.00563E-06  1.73554E-07  1.59532E-10  2.75339E-11  3.97723E-10  1.20548E-08
  2.250E-02  3.85531E-08  9.83656E-07  1.73126E-07  1.75552E-10  3.08993E-11  6.09510E-10  6.97812E-10
  2.500E-02  4.75965E-08  9.60537E-07  1.72652E-07  1.90473E-10  3.42386E-11  4.72752E-10  8.13924E-09
  2.750E-02  5.75917E-08  9.36576E-07  1.72133E-07  2.04294E-10  3.75492E-11  8.13964E-11  1.09306E-08
  3.000E-02  6.85389E-08  9.12048E-07  1.71571E-07  2.17029E-10  4.08290E-11  3.39633E-10  7.62280E-09
  3.250E-02  8.04380E-08  8.87193E-07  1.70967E-07  2.28708E-10  4.40757E-11  5.57781E-10  9.98178E-10
  3.500E-02  9.32891E-08  8.62222E-07  1.70322E-07  2.39368E-10  4.72873E-11  4.57534E-10  5.06987E-09
  3.750E-02  1.07092E-07  8.37310E-07  1.69639E-07  2.49056E-10  5.04617E-11  1.00682E-10  7.59392E-09
  4.000E-02  1.21847E-07  8.12605E-07  1.68919E-07  2.57822E-10  5.35972E-11  3.09793E-10  5.77553E-09
  4.250E-02  1.37554E-07  7.88225E-07  1.68163E-07  2.65717E-10  5.66922E-11  5.42644E-10  1.11009E-09
  4.500E-02  1.54213E-07  7.64265E-07  1.67373E-07  2.72795E-10  5.97452E-11  4.66727E-10  3.63075E-09
  4.750E-02  1.71823E-07  7.40797E-07  1.66551E-07  2.79109E-10  6.27548E-11  1.24324E-10  5.93832E-09
  5.000E-02  1.90386E-07  7.17877E-07  1.65699E-07  2.84709E-10  6.57197E-11  2.91662E-10  4.82360E-09
  5.250E-02  2.09900E-07  6.95544E-07  1.64818E-07  2.89644E-10  6.86389E-11  5.45053E-10  1.18837E-09
  5.500E-02  2.30367E-07  6.73826E-07  1.63911E-07  2.93962E-10  7.15113E-11  4.89347E-10  2.80619E-09
  5.750E-02  2.51785E-07  6.52739E-07  1.62977E-07  2.97706E-10  7.43362E-11  1.51989E-10  4.97546E-09
  6.000E-02  2.74156E-07  6.32293E-07  1.62021E-07  3.00919E-10  7.71129E-11  2.78487E-10  4.27080E-09
  6.250E-02  2.97478E-07  6.12489E-07  1.61042E-07  3.03640E-10  7.98406E-11  5.56986E-10  1.26244E-09
  6.500E-02  3.21752E-07  5.93324E-07  1.60042E-07  3.05904E-10  8.25190E-11  5.20641E-10  2.26713E-09
  6.750E-02  3.46978E-07  5.74791E-07  1.59024E-07  3.07747E-10  8.51476E-11  1.83651E-10  4.35395E-09
  7.000E-02  3.73156E-07  5.56879E-07  1.57988E-07  3.09200E-10  8.77261E-11  2.66932E-10  3.92552E-09
  7.250E-02  4.00286E-07  5.39578E-07  1.56936E-07  3.10294E-10  9.02543E-11  5.74427E-10  1.33919E-09
  7.500E-02  4.28368E-07  5.22870E-07  1.55870E-07  3.11054E-10  9.27321E-11  5.58196E-10  1.87927E-09
  7.750E-02  4.57402E-07  5.06743E-07  1.54790E-07  3.11509E-10  9.51595E-11  2.19365E-10  3.92132E-09
  8.000E-02  4.87388E-07  4.91178E-07  1.53699E-07  3.11681E-10  9.75366E-11  2.55093E-10  3.69981E-09
  8.250E-02  5.18325E-07  4.76159E-07  1.52597E-07  3.11593E-10  9.98633E-11  5.95052E-10  1.42009E-09
  8.500E-02  5.50215E-07  4.61669E-07  1.51485E-07  3.11265E-10  1.02140E-10  6.00591E-10  1.57876E-09
  8.750E-02  5.83057E-07  4.47690E-07  1.50365E-07  3.10718E-10  1.04367E-10  2.59194E-10  3.60169E-09
  9.000E-02  6.16850E-07  4.34206E-07  1.49238E-07  3.09970E-10  1.06544E-10  2.41737E-10  3.54793E-09
  9.250E-02  6.51596E-07  4.21198E-07  1.48105E-07  3.09037E-10  1.08672E-10  6.17319E-10  1.50501E-09
  9.500E-02  6.87293E-07  4.08651E-07  1.46966E-07  3.07934E-10  1.10752E-10  6.46854E-10  1.33180E-09
  9.750E-02  7.23942E-07  3.96548E-07  1.45824E-07  3.06678E-10  1.12782E-10  3.03168E-10  3.35326E-09
  1.000E-01  7.61543E-07  3.84873E-07  1.44678E-07  3.05280E-10  1.14766E-10  2.25983E-10  3.44368E-09
  1.250E-01  1.18991E-06  2.88424E-07  1.33215E-07  2.85972E-10  1.32091E-10  8.01527E-10  7.53015E-10
  1.500E-01  1.71347E-06  2.20365E-07  1.22135E-07  2.62191E-10  1.45327E-10  9.21550E-11  3.22613E-09
  1.750E-01  2.33223E-06  1.71538E-07  1.11775E-07  2.38112E-10  1.55166E-10  1.07486E-09  2.08720E-11
  2.000E-01  3.04617E-06  1.35768E-07  1.02264E-07  2.15383E-10  1.62244E-10  1.56778E-10  3.10081E-09
  2.250E-01  3.85531E-06  1.08936E-07  9.36163E-08  1.94419E-10  1.67092E-10  1.31125E-09  7.25442E-10
  2.500E-01  4.75964E-06  8.83105E-08  8.57875E-08  1.75120E-10  1.70133E-10  5.23540E-10  2.89709E-09
  2.750E-01  5.75916E-06  7.20883E-08  7.87069E-08  1.57246E-10  1.71701E-10  1.46488E-09  1.38487E-09
  3.000E-01  6.85388E-06  5.90759E-08  7.22993E-08  1.40577E-10  1.72062E-10  9.94851E-10  2.58800E-09
  3.250E-01  8.04378E-06  4.84752E-08  6.64931E-08  1.24963E-10  1.71433E-10  1.50058E-09  1.99257E-09
  3.500E-01  9.32888E-06  3.97411E-08  6.12244E-08  1.10328E-10  1.69992E-10  1.54883E-09  2.16737E-09
  3.750E-01  1.07092E-05  3.24901E-08  5.64372E-08  9.66394E-11  1.67894E-10  1.38299E-09  2.53075E-09
  4.000E-01  1.21846E-05  2.64416E-08  5.20833E-08  8.38908E-11  1.65272E-10  2.14974E-09  1.63175E-09
  4.250E-01  1.37553E-05  2.13828E-08  4.81200E-08  7.20796E-11  1.62241E-10  1.07946E-09  2.97016E-09
  4.500E-01  1.54212E-05  1.71463E-08  4.45103E-08  6.11971E-11  1.58899E-10  2.74479E-09  9.87674E-10
  4.750E-01  1.71822E-05  1.35966E-08  4.12205E-08  5.12221E-11  1.55331E-10  5.69896E-10  3.27663E-09
  5.000E-01  1.90385E-05  1.06221E-08  3.82207E-08  4.21205E-11  1.51609E-10  3.26818E-09  2.56735E-10
  5.250E-01  2.09899E-05  8.12965E-09  3.54835E-08  3.38466E-11  1.47790E-10  1.45214E-10  3.42015E-09
  5.500E-01  2.30365E-05  6.04099E-09  3.29840E-08  2.63457E-11  1.43922E-10  3.64975E-09  5.26103E-10
  5.750E-01  2.51783E-05  4.29032E-09  3.06995E-08  1.95580E-11  1.40044E-10  1.04207E-09  3.38124E-09
  6.000E-01  2.74153E-05  2.82228E-09  2.86092E-08  1.34211E-11  1.36184E-10  3.82365E-09  1.31779E-09
  6.250E-01  2.97475E-05  1.59045E-09  2.66942E-08  7.87293E-12  1.32364E-10  2.07508E-09  3.15326E-09
  6.500E-01  3.21749E-05  5.55973E-10  2.49375E-08  2.85375E-12  1.28600E-10  3.73515E-09  2.07252E-09
  6.750E-01  3.46974E-05 -3.13556E-10  2.33237E-08 -1.69256E-12  1.24905E-10  3.18043E-09  2.74197E-09
  7.000E-01  3.73152E-05 -1.04510E-09  2.18388E-08 -5.81758E-12  1.21285E-10  3.34545E-09  2.74565E-09
  7.250E-01  4.00281E-05 -1.66105E-09  2.04702E-08 -9.56793E-12  1.17746E-10  4.28034E-09  2.16432E-09
  7.500E-01  4.28362E-05 -2.17993E-09  1.92069E-08 -1.29851E-11  1.14289E-10  2.63543E-09  3.29640E-09
  7.750E-01  4.57395E-05 -2.61710E-09  1.80387E-08 -1.61058E-11  1.10917E-10  5.28787E-09  1.44698E-09
  8.000E-01  4.87380E-05 -2.98526E-09  1.69568E-08 -1.89619E-11  1.07629E-10  1.60850E-09  3.68998E-09
  8.250E-01  5.18317E-05 -3.29491E-09  1.59531E-08 -2.15811E-11  1.04423E-10  6.11238E-09  6.24892E-10
  8.500E-01  5.50205E-05 -3.55476E-09  1.50205E-08 -2.39874E-11  1.01298E-10  2.92465E-10  3.89934E-09
  8.750E-01  5.83045E-05 -3.77207E-09  1.41527E-08 -2.62014E-11  9.82538E-11  6.66570E-09  2.60300E-10
  9.000E-01  6.16838E-05 -3.95285E-09  1.33440E-08 -2.82409E-11  9.52869E-11  1.25996E-09  3.90674E-09
  9.250E-01  6.51582E-05 -4.10215E-09  1.25894E-08 -3.01210E-11  9.23960E-11  6.86887E-09  1.16228E-09
  9.500E-01  6.87277E-05 -4.22421E-09  1.18843E-08 -3.18551E-11  8.95790E-11  2.97235E-09  3.70499E-09
  9.750E-01  7.23925E-05 -4.32259E-09  1.12247E-08 -3.34545E-11  8.68344E-11  6.65886E-09  2.03236E-09
  1.000E+00  7.61524E-05 -4.40034E-09  1.06070E-08 -3.49292E-11  8.41603E-11  2.27969E-12  5.03039E-12
  1.100E+00  9.21439E-05 -4.55168E-09  8.49430E-09 -3.97430E-11  7.41388E-11  2.03898E-12  2.33901E-13
  1.200E+00  1.09658E-04 -4.52717E-09  6.84045E-09 -4.31230E-11  6.51328E-11  1.44099E-12  2.27643E-12
  1.300E+00  1.28695E-04 -4.39753E-09  5.53202E-09 -4.53797E-11  5.70648E-11  7.40774E-13  3.11210E-12
  1.400E+00  1.49255E-04 -4.20718E-09  4.48815E-09 -4.67563E-11  4.98587E-11  1.12304E-13  2.87724E-12
  1.500E+00  1.71338E-04 -3.98490E-09  3.64935E-09 -4.74508E-11  4.34365E-11  3.41954E-13  2.08792E-12
  1.600E+00  1.94942E-04 -3.74940E-09  2.97089E-09 -4.76247E-11  3.77185E-11  5.85481E-13  1.13298E-12
  1.700E+00  2.20070E-04 -3.51260E-09  2.41868E-09 -4.74072E-11  3.26264E-11  6.30860E-13  2.74608E-13
  1.800E+00  2.46720E-04 -3.28182E-09  1.96649E-09 -4.68997E-11  2.80865E-11  5.24629E-13  3.46254E-13
  1.900E+00  2.74892E-04 -3.06128E-09  1.59408E-09 -4.61803E-11  2.40315E-11  3.29488E-13  6.81913E-13
  2.000E+00  3.04586E-04 -2.85319E-09  1.28569E-09 -4.53085E-11  2.04013E-11  1.08311E-13  7.59269E-13
  2.100E+00  3.35803E-04 -2.65847E-09  1.02904E-09 -4.43289E-11  1.71437E-11  8.54063E-14  6.43452E-13
  2.200E+00  3.68542E-04 -2.47719E-09  8.14472E-10 -4.32750E-11  1.42134E-11  2.16923E-13  4.18708E-13
  2.300E+00  4.02802E-04 -2.30899E-09  6.34370E-10 -4.21719E-11  1.15715E-11  2.71841E-13  1.64197E-13
  2.400E+00  4.38585E-04 -2.15322E-09  4.82678E-10 -4.10384E-11  9.18468E-12  2.54097E-13  5.67396E-14
  2.500E+00  4.75889E-04 -2.00910E-09  3.54546E-10 -3.98887E-11  7.02451E-12  1.82809E-13  2.08155E-13
  2.600E+00  5.14715E-04 -1.87580E-09  2.46067E-10 -3.87336E-11  5.06640E-12  8.48173E-14  2.73677E-13
  2.700E+00  5.55063E-04 -1.75251E-09  1.54067E-10 -3.75812E-11  3.28916E-12  1.44718E-14  2.62278E-13
  2.800E+00  5.96931E-04 -1.63843E-09  7.59528E-11 -3.64378E-11  1.67440E-12  9.21518E-14  1.94786E-13
  2.900E+00  6.40321E-04 -1.53283E-09  9.58850E-12 -3.53080E-11  2.06053E-13  1.35840E-13  9.96159E-14
  3.000E+00  6.85233E-04 -1.43499E-09 -4.67934E-11 -3.41957E-11 -1.12999E-12  1.41288E-13  3.30830E-15
  3.100E+00  7.31665E-04 -1.34429E-09 -9.46655E-11 -3.31036E-11 -2.34619E-12  1.13583E-13  7.24836E-14
  3.200E+00  7.79618E-04 -1.26015E-09 -1.35261E-10 -3.20338E-11 -3.45360E-12  6.47336E-14  1.15989E-13
  3.300E+00  8.29092E-04 -1.18201E-09 -1.69618E-10 -3.09878E-11 -4.46206E-12  9.04429E-15  1.24391E-13
  3.400E+00  8.80086E-04 -1.10940E-09 -1.98615E-10 -2.99669E-11 -5.38041E-12  4.07563E-14  1.02862E-13
  3.500E+00  9.32601E-04 -1.04187E-09 -2.22995E-10 -2.89717E-11 -6.21656E-12  7.34608E-14  6.22140E-14
  3.600E+00  9.86636E-04 -9.79013E-10 -2.43393E-10 -2.80027E-11 -6.97764E-12  8.45826E-14  1.62800E-14
  3.700E+00  1.04219E-03 -9.20455E-10 -2.60352E-10 -2.70602E-11 -7.67011E-12  7.52273E-14  2.48543E-14
  3.800E+00  1.09927E-03 -8.65861E-10 -2.74336E-10 -2.61442E-11 -8.29978E-12  4.95173E-14  5.33528E-14
  3.900E+00  1.15786E-03 -8.14921E-10 -2.85746E-10 -2.52547E-11 -8.87194E-12  1.66964E-14  6.47775E-14
  4.000E+00  1.21797E-03 -7.67354E-10 -2.94925E-10 -2.43913E-11 -9.39140E-12  1.64247E-14  5.88429E-14
  4.100E+00  1.27961E-03 -7.22902E-10 -3.02171E-10 -2.35536E-11 -9.86252E-12  4.10524E-14  4.09586E-14
  4.200E+00  1.34276E-03 -6.81329E-10 -3.07742E-10 -2.27414E-11 -1.02893E-11  5.31009E-14  1.69820E-14
  4.300E+00  1.40743E-03 -6.42420E-10 -3.11860E-10 -2.19541E-11 -1.06753E-11  5.14910E-14  7.05854E-15
  4.400E+00  1.47362E-03 -6.05977E-10 -3.14719E-10 -2.11911E-11 -1.10238E-11  3.81634E-14  2.55851E-14
  4.500E+00  1.54133E-03 -5.71819E-10 -3.16487E-10 -2.04518E-11 -1.13380E-11  1.82232E-14  3.52126E-14
  4.600E+00  1.61056E-03 -5.39781E-10 -3.17311E-10 -1.97356E-11 -1.16204E-11  3.96720E-15  3.53609E-14
  4.700E+00  1.68131E-03 -5.09710E-10 -3.17319E-10 -1.90419E-11 -1.18737E-11  2.26130E-14  2.75014E-14
  4.800E+00  1.75357E-03 -4.81465E-10 -3.16623E-10 -1.83700E-11 -1.21002E-11  3.35169E-14  1.43823E-14
  4.900E+00  1.82735E-03 -4.54918E-10 -3.15319E-10 -1.77193E-11 -1.23019E-11  3.57702E-14  4.98311E-16
  5.000E+00  1.90265E-03 -4.29951E-10 -3.13493E-10 -1.70892E-11 -1.24808E-11  2.92322E-14  1.25895E-14
  5.100E+00  1.97947E-03 -4.06455E-10 -3.11220E-10 -1.64789E-11 -1.26387E-11  1.70389E-14  1.97394E-14
  5.200E+00  2.05780E-03 -3.84329E-10 -3.08565E-10 -1.58878E-11 -1.27771E-11  1.74496E-15  2.17627E-14
  5.300E+00  2.13765E-03 -3.63480E-10 -3.05584E-10 -1.53153E-11 -1.28977E-11  1.17484E-14  1.85251E-14
  5.400E+00  2.21902E-03 -3.43823E-10 -3.02328E-10 -1.47608E-11 -1.30017E-11  2.16220E-14  1.17042E-14
  5.500E+00  2.30190E-03 -3.25278E-10 -2.98842E-10 -1.42236E-11 -1.30905E-11  2.48960E-14  2.88356E-15
  5.600E+00  2.38630E-03 -3.07774E-10 -2.95162E-10 -1.37032E-11 -1.31651E-11  2.26118E-14  5.17900E-15
  5.700E+00  2.47222E-03 -2.91242E-10 -2.91324E-10 -1.31990E-11 -1.32267E-11  1.50215E-14  1.10852E-14
  5.800E+00  2.55965E-03 -2.75620E-10 -2.87357E-10 -1.27104E-11 -1.32763E-11  4.83242E-15  1.36356E-14
  5.900E+00  2.64859E-03 -2.60850E-10 -2.83287E-10 -1.22369E-11 -1.33147E-11  5.39254E-15  1.29390E-14
  6.000E+00  2.73905E-03 -2.46878E-10 -2.79136E-10 -1.17779E-11 -1.33428E-11  1.36277E-14  9.10136E-15
  6.100E+00  2.83103E-03 -2.33655E-10 -2.74924E-10 -1.13330E-11 -1.33613E-11  1.78255E-14  3.81602E-15
  6.200E+00  2.92452E-03 -2.21134E-10 -2.70670E-10 -1.09016E-11 -1.33710E-11  1.69622E-14  1.74291E-15
  6.300E+00  3.01952E-03 -2.09273E-10 -2.66388E-10 -1.04834E-11 -1.33726E-11  1.31517E-14  6.05206E-15
  6.400E+00  3.11604E-03 -1.98031E-10 -2.62091E-10 -1.00777E-11 -1.33666E-11  5.88469E-15  8.64543E-15
  6.500E+00  3.21407E-03 -1.87371E-10 -2.57791E-10 -9.68428E-12 -1.33536E-11  1.44660E-15  8.74699E-15
  6.600E+00  3.31362E-03 -1.77259E-10 -2.53499E-10 -9.30259E-12 -1.33342E-11  8.00077E-15  6.76375E-15
  6.700E+00  3.41468E-03 -1.67663E-10 -2.49223E-10 -8.93225E-12 -1.33088E-11  1.20782E-14  3.93493E-15
  6.800E+00  3.51725E-03 -1.58552E-10 -2.44971E-10 -8.57288E-12 -1.32779E-11  1.30375E-14  3.39296E-16
  6.900E+00  3.62133E-03 -1.49899E-10 -2.40749E-10 -8.22409E-12 -1.32418E-11  1.09974E-14  3.21047E-15
  7.000E+00  3.72692E-03 -1.41677E-10 -2.36563E-10 -7.88553E-12 -1.32011E-11  6.29033E-15  5.11511E-15
  7.100E+00  3.83403E-03 -1.33863E-10 -2.32417E-10 -7.55684E-12 -1.31560E-11  6.39494E-16  5.89982E-15
  7.200E+00  3.94265E-03 -1.26432E-10 -2.28317E-10 -7.23768E-12 -1.31068E-11  4.62660E-15  5.12930E-15
  7.300E+00  4.05278E-03 -1.19364E-10 -2.24266E-10 -6.92775E-12 -1.30540E-11  8.25766E-15  3.07959E-15
  7.400E+00  4.16442E-03 -1.12639E-10 -2.20265E-10 -6.62671E-12 -1.29977E-11  9.59840E-15  8.55626E-16
  7.500E+00  4.27757E-03 -1.06238E-10 -2.16319E-10 -6.33429E-12 -1.29383E-11  8.63995E-15  1.31788E-15
  7.600E+00  4.39223E-03 -1.00143E-10 -2.12429E-10 -6.05018E-12 -1.28760E-11  5.93597E-15  3.10496E-15
  7.700E+00  4.50840E-03 -9.43382E-11 -2.08596E-10 -5.77412E-12 -1.28110E-11  1.98671E-15  4.07396E-15
  7.800E+00  4.62608E-03 -8.88081E-11 -2.04823E-10 -5.50584E-12 -1.27435E-11  2.22820E-15  3.77531E-15
  7.900E+00  4.74527E-03 -8.35382E-11 -2.01109E-10 -5.24509E-12 -1.26738E-11  5.31308E-15  2.68033E-15
  8.000E+00  4.86597E-03 -7.85147E-11 -1.97456E-10 -4.99161E-12 -1.26021E-11  7.12703E-15  1.09333E-15
  8.100E+00  4.98817E-03 -7.37248E-11 -1.93863E-10 -4.74518E-12 -1.25284E-11  6.89407E-15  3.55246E-16
  8.200E+00  5.11188E-03 -6.91566E-11 -1.90333E-10 -4.50557E-12 -1.24531E-11  5.13512E-15  1.90512E-15
  8.300E+00  5.23711E-03 -6.47987E-11 -1.86864E-10 -4.27256E-12 -1.23762E-11  2.53054E-15  2.64647E-15
  8.400E+00  5.36383E-03 -6.06405E-11 -1.83456E-10 -4.04593E-12 -1.22978E-11  4.53550E-16  2.69186E-15
  8.500E+00  5.49207E-03 -5.66718E-11 -1.80110E-10 -3.82550E-12 -1.22182E-11  3.24651E-15  2.14451E-15
  8.600E+00  5.62181E-03 -5.28833E-11 -1.76824E-10 -3.61105E-12 -1.21374E-11  4.94678E-15  1.09906E-15
  8.700E+00  5.75306E-03 -4.92660E-11 -1.73599E-10 -3.40241E-12 -1.20555E-11  5.34713E-15  5.11036E-17
  8.800E+00  5.88581E-03 -4.58115E-11 -1.70435E-10 -3.19940E-12 -1.19728E-11  4.44463E-15  9.98270E-16
  8.900E+00  6.02007E-03 -4.25118E-11 -1.67329E-10 -3.00184E-12 -1.18892E-11  2.55211E-15  1.70673E-15
  9.000E+00  6.15583E-03 -3.93595E-11 -1.64283E-10 -2.80957E-12 -1.18048E-11  2.62571E-16  1.81080E-15
  9.100E+00  6.29310E-03 -3.63474E-11 -1.61295E-10 -2.62241E-12 -1.17198E-11  1.75412E-15  1.86313E-15
  9.200E+00  6.43187E-03 -3.34688E-11 -1.58364E-10 -2.44023E-12 -1.16343E-11  3.26330E-15  1.13848E-15
  9.300E+00  6.57214E-03 -3.07175E-11 -1.55489E-10 -2.26287E-12 -1.15482E-11  4.01032E-15  3.11739E-16
  9.400E+00  6.71392E-03 -2.80873E-11 -1.52671E-10 -2.09017E-12 -1.14618E-11  3.64323E-15  4.57392E-16
  9.500E+00  6.85720E-03 -2.55727E-11 -1.49907E-10 -1.92202E-12 -1.13750E-11  2.50736E-15  1.04417E-15
  9.600E+00  7.00198E-03 -2.31682E-11 -1.47198E-10 -1.75826E-12 -1.12879E-11  8.81968E-16  1.37632E-15
  9.700E+00  7.14827E-03 -2.08688E-11 -1.44541E-10 -1.59878E-12 -1.12006E-11  8.07137E-16  1.24510E-15
  9.800E+00  7.29605E-03 -1.86696E-11 -1.41937E-10 -1.44344E-12 -1.11131E-11  2.13213E-15  9.59187E-16
  9.900E+00  7.44534E-03 -1.65661E-11 -1.39384E-10 -1.29212E-12 -1.10255E-11  2.91635E-15  4.10923E-16
  1.000E+01  7.59612E-03 -1.45539E-11 -1.36881E-10 -1.14472E-12 -1.09379E-11  2.90982E-15  1.34155E-16
  1.025E+01  7.97965E-03 -9.89647E-12 -1.30839E-10 -7.92573E-13 -1.07187E-11  5.19719E-16  9.28707E-16
  1.050E+01  8.37255E-03 -5.72577E-12 -1.25091E-10 -4.62511E-13 -1.05001E-11  1.96273E-15  4.41738E-16
  1.075E+01  8.77480E-03 -1.99001E-12 -1.19624E-10 -1.53010E-13 -1.02825E-11  1.57566E-15  4.35136E-16
  1.100E+01  9.18641E-03  1.35645E-12 -1.14423E-10  1.37326E-13 -1.00665E-11  6.00144E-16  5.83953E-16
  1.125E+01  9.60736E-03  4.35398E-12 -1.09474E-10  4.09782E-13 -9.85225E-12  1.57904E-15  3.00240E-17
  1.150E+01  1.00376E-02  7.03830E-12 -1.04765E-10  6.65541E-13 -9.64022E-12  5.03125E-16  4.30244E-16
  1.175E+01  1.04773E-02  9.44114E-12 -1.00283E-10  9.05697E-13 -9.43063E-12  9.12101E-16  2.60562E-16
  1.200E+01  1.09262E-02  1.15907E-11 -9.60167E-11  1.13126E-12 -9.22370E-12  9.22016E-16  1.57506E-16
  1.225E+01  1.13844E-02  1.35120E-11 -9.19537E-11  1.34315E-12 -9.01959E-12  1.62797E-16  3.01758E-16
  1.250E+01  1.18520E-02  1.52275E-11 -8.80837E-11  1.54224E-12 -8.81846E-12  8.25487E-16  7.23255E-17
  1.275E+01  1.23288E-02  1.67572E-11 -8.43963E-11  1.72933E-12 -8.62041E-12  3.42718E-16  1.38791E-16
  1.300E+01  1.28150E-02  1.81191E-11 -8.08818E-11  1.90516E-12 -8.42552E-12  2.88132E-16  1.77693E-16
  1.325E+01  1.33104E-02  1.93291E-11 -7.75310E-11  2.07042E-12 -8.23386E-12  4.74945E-16  4.26874E-17
  1.350E+01  1.38150E-02  2.04016E-11 -7.43353E-11  2.22574E-12 -8.04548E-12  1.52336E-16  8.20969E-17
  1.375E+01  1.43290E-02  2.13496E-11 -7.12864E-11  2.37172E-12 -7.86041E-12  3.30039E-16  3.94993E-17
  1.400E+01  1.48521E-02  2.21848E-11 -6.83766E-11  2.50891E-12 -7.67866E-12  3.53339E-16  3.80336E-17
  1.425E+01  1.53845E-02  2.29177E-11 -6.55986E-11  2.63784E-12 -7.50023E-12  0.00000E+00  7.32908E-17
  1.450E+01  1.59262E-02  2.35577E-11 -6.29456E-11  2.75897E-12 -7.32511E-12  1.31467E-16  1.41318E-16
  1.475E+01  1.64770E-02  2.41133E-11 -6.04109E-11  2.87276E-12 -7.15331E-12  2.53820E-16  0.00000E+00
  1.500E+01  1.70371E-02  2.45924E-11 -5.79886E-11  2.97963E-12 -6.98478E-12  6.12906E-17  6.57900E-17
  1.525E+01  1.76063E-02  2.50019E-11 -5.56729E-11  3.07996E-12 -6.81950E-12  5.92332E-17  1.27072E-16
  1.550E+01  1.81848E-02  2.53482E-11 -5.34582E-11  3.17413E-12 -6.65744E-12  1.14552E-16  6.13915E-17
  1.575E+01  1.87724E-02  2.56370E-11 -5.13396E-11  3.26248E-12 -6.49857E-12  5.54123E-17  0.00000E+00
  1.600E+01  1.93692E-02  2.58736E-11 -4.93120E-11  3.34533E-12 -6.34283E-12  2.68183E-16  5.74051E-17
  1.625E+01  1.99751E-02  2.60627E-11 -4.73711E-11  3.42298E-12 -6.19018E-12  0.00000E+00  0.00000E+00
  1.650E+01  2.05901E-02  2.62085E-11 -4.55125E-11  3.49571E-12 -6.04059E-12  2.01310E-16  0.00000E+00
  1.675E+01  2.12143E-02  2.63152E-11 -4.37321E-11  3.56379E-12 -5.89399E-12  0.00000E+00  1.04184E-16
  1.700E+01  2.18476E-02  2.63861E-11 -4.20261E-11  3.62747E-12 -5.75033E-12  0.00000E+00  0.00000E+00
  1.725E+01  2.24900E-02  2.64247E-11 -4.03909E-11  3.68698E-12 -5.60958E-12  0.00000E+00  1.95738E-16
  1.750E+01  2.31415E-02  2.64338E-11 -3.88230E-11  3.74254E-12 -5.47166E-12  1.78204E-16  9.49163E-17
  1.775E+01  2.38021E-02  2.64161E-11 -3.73193E-11  3.79437E-12 -5.33654E-12  0.00000E+00  1.84179E-16
  1.800E+01  2.44717E-02  2.63743E-11 -3.58767E-11  3.84264E-12 -5.20415E-12  1.68089E-16  0.00000E+00
  1.825E+01  2.51504E-02  2.63104E-11 -3.44922E-11  3.88756E-12 -5.07444E-12  0.00000E+00  8.67874E-17
  1.850E+01  2.58382E-02  2.62267E-11 -3.31633E-11  3.92928E-12 -4.94736E-12  1.58795E-16  8.42990E-17
  1.875E+01  2.65349E-02  2.61249E-11 -3.18872E-11  3.96799E-12 -4.82286E-12  2.31644E-16  0.00000E+00
  1.900E+01  2.72407E-02  2.60069E-11 -3.06615E-11  4.00382E-12 -4.70088E-12  0.00000E+00  1.59239E-16
  1.925E+01  2.79555E-02  2.58741E-11 -2.94840E-11  4.03692E-12 -4.58137E-12  1.46211E-16  0.00000E+00
  1.950E+01  2.86793E-02  2.57282E-11 -2.83525E-11  4.06744E-12 -4.46427E-12  1.42340E-16  0.00000E+00
  1.975E+01  2.94120E-02  2.55703E-11 -2.72648E-11  4.09550E-12 -4.34954E-12  2.77238E-16  0.00000E+00
  2.000E+01  3.01537E-02  2.54017E-11 -2.62190E-11  4.12123E-12 -4.23713E-12  0.00000E+00  2.85249E-16
  2.025E+01  3.09043E-02  2.52236E-11 -2.52132E-11  4.14474E-12 -4.12698E-12  1.31592E-16  2.77718E-16
  2.050E+01  3.16639E-02  2.50369E-11 -2.42457E-11  4.16614E-12 -4.01905E-12  1.28274E-16  0.00000E+00
  2.075E+01  3.24324E-02  2.48427E-11 -2.33148E-11  4.18553E-12 -3.91328E-12  1.25077E-16  1.31741E-16
  2.100E+01  3.32098E-02  2.46417E-11 -2.24189E-11  4.20302E-12 -3.80964E-12  1.21995E-16  0.00000E+00
  2.125E+01  3.39961E-02  2.44347E-11 -2.15564E-11  4.21870E-12 -3.70807E-12  1.19024E-16  2.50264E-16
  2.150E+01  3.47912E-02  2.42225E-11 -2.07260E-11  4.23265E-12 -3.60852E-12  0.00000E+00  3.66009E-16
  2.175E+01  3.55952E-02  2.40058E-11 -1.99263E-11  4.24497E-12 -3.51096E-12  0.00000E+00  0.00000E+00
  2.200E+01  3.64081E-02  2.37851E-11 -1.91559E-11  4.25572E-12 -3.41534E-12  0.00000E+00  2.32140E-16
  2.225E+01  3.72297E-02  2.35611E-11 -1.84137E-11  4.26499E-12 -3.32161E-12  1.08145E-16  0.00000E+00
  2.250E+01  3.80602E-02  2.33341E-11 -1.76984E-11  4.27285E-12 -3.22974E-12  1.05654E-16  1.10539E-16
  2.275E+01  3.88995E-02  2.31048E-11 -1.70090E-11  4.27936E-12 -3.13968E-12  0.00000E+00  0.00000E+00
  2.300E+01  3.97476E-02  2.28735E-11 -1.63443E-11  4.28459E-12 -3.05139E-12  0.00000E+00  1.05374E-16
  2.325E+01  4.06044E-02  2.26407E-11 -1.57034E-11  4.28861E-12 -2.96484E-12  0.00000E+00  1.02919E-16
  2.350E+01  4.14700E-02  2.24067E-11 -1.50853E-11  4.29146E-12 -2.87998E-12  0.00000E+00  1.00545E-16
  2.375E+01  4.23443E-02  2.21717E-11 -1.44891E-11  4.29321E-12 -2.79677E-12  9.43826E-17  1.96494E-16
  2.400E+01  4.32273E-02  2.19363E-11 -1.39139E-11  4.29392E-12 -2.71519E-12  0.00000E+00  0.00000E+00
  2.425E+01  4.41190E-02  2.17005E-11 -1.33589E-11  4.29362E-12 -2.63519E-12  0.00000E+00  3.75478E-16
  2.450E+01  4.50194E-02  2.14647E-11 -1.28232E-11  4.29236E-12 -2.55674E-12  0.00000E+00  1.83568E-16
  2.475E+01  4.59284E-02  2.12291E-11 -1.23061E-11  4.29021E-12 -2.47981E-12  0.00000E+00  1.79526E-16
  2.500E+01  4.68461E-02  2.09939E-11 -1.18069E-11  4.28718E-12 -2.40435E-12  0.00000E+00  0.00000E+00
  2.550E+01  4.87074E-02  2.05256E-11 -1.08593E-11  4.27871E-12 -2.25776E-12  0.00000E+00  1.68129E-16
  2.600E+01  5.06030E-02  2.00610E-11 -9.97535E-12  4.26726E-12 -2.11672E-12  0.00000E+00  0.00000E+00
  2.650E+01  5.25328E-02  1.96013E-11 -9.15019E-12  4.25311E-12 -1.98099E-12  0.00000E+00  1.54463E-16
  2.700E+01  5.44967E-02  1.91475E-11 -8.37952E-12  4.23651E-12 -1.85034E-12  0.00000E+00  1.48213E-16
  2.750E+01  5.64946E-02  1.87002E-11 -7.65938E-12  4.21770E-12 -1.72456E-12  0.00000E+00  0.00000E+00
  2.800E+01  5.85262E-02  1.82600E-11 -6.98612E-12  4.19690E-12 -1.60344E-12  0.00000E+00  0.00000E+00
  2.850E+01  6.05914E-02  1.78275E-11 -6.35639E-12  4.17428E-12 -1.48678E-12  0.00000E+00  0.00000E+00
  2.900E+01  6.26901E-02  1.74030E-11 -5.76713E-12  4.15004E-12 -1.37440E-12  0.00000E+00  1.26480E-16
  2.950E+01  6.48222E-02  1.69868E-11 -5.21553E-12  4.12432E-12 -1.26613E-12  0.00000E+00  1.21754E-16
  3.000E+01  6.69873E-02  1.65791E-11 -4.69898E-12  4.09729E-12 -1.16178E-12  0.00000E+00  0.00000E+00
  3.050E+01  6.91854E-02  1.61800E-11 -4.21511E-12  4.06907E-12 -1.06121E-12  0.00000E+00  0.00000E+00
  3.100E+01  7.14163E-02  1.57897E-11 -3.76171E-12  4.03978E-12 -9.64260E-13  0.00000E+00  0.00000E+00
  3.150E+01  7.36799E-02  1.54081E-11 -3.33672E-12  4.00955E-12 -8.70783E-13  0.00000E+00  0.00000E+00
  3.200E+01  7.59760E-02  1.50352E-11 -2.93828E-12  3.97848E-12 -7.80642E-13  0.00000E+00  0.00000E+00
  3.250E+01  7.83043E-02  1.46711E-11 -2.56463E-12  3.94665E-12 -6.93704E-13  0.00000E+00  0.00000E+00
  3.300E+01  8.06647E-02  1.43156E-11 -2.21417E-12  3.91417E-12 -6.09845E-13  0.00000E+00  0.00000E+00
  3.350E+01  8.30571E-02  1.39686E-11 -1.88541E-12  3.88110E-12 -5.28944E-13  0.00000E+00  0.00000E+00
  3.400E+01  8.54812E-02  1.36302E-11 -1.57695E-12  3.84752E-12 -4.50887E-13  0.00000E+00  0.00000E+00
  3.450E+01  8.79369E-02  1.33001E-11 -1.28755E-12  3.81351E-12 -3.75565E-13  0.00000E+00  0.00000E+00
  3.500E+01  9.04240E-02  1.29781E-11 -1.01596E-12  3.77911E-12 -3.02874E-13  0.00000E+00  0.00000E+00
  3.550E+01  9.29422E-02  1.26643E-11 -7.61113E-13  3.74440E-12 -2.32714E-13  0.00000E+00  0.00000E+00
  3.600E+01  9.54915E-02  1.23583E-11 -5.21932E-13  3.70941E-12 -1.64990E-13  0.00000E+00  0.00000E+00
  3.650E+01  9.80716E-02  1.20601E-11 -2.97500E-13  3.67421E-12 -9.96125E-14  0.00000E+00  0.00000E+00
  3.700E+01  1.00682E-01  1.17695E-11 -8.68923E-14  3.63883E-12 -3.64943E-14  0.00000E+00  0.00000E+00
  3.750E+01  1.03323E-01  1.14863E-11  1.10695E-13  3.60332E-12  2.44473E-14  0.00000E+00  0.00000E+00
  3.800E+01  1.05995E-01  1.12103E-11  2.96057E-13  3.56771E-12  8.32910E-14  0.00000E+00  0.00000E+00
  3.850E+01  1.08696E-01  1.09414E-11  4.69917E-13  3.53204E-12  1.40113E-13  0.00000E+00  0.00000E+00
  3.900E+01  1.11427E-01  1.06794E-11  6.32958E-13  3.49634E-12  1.94985E-13  0.00000E+00  0.00000E+00
  3.950E+01  1.14188E-01  1.04242E-11  7.85820E-13  3.46063E-12  2.47976E-13  0.00000E+00  0.00000E+00
  4.000E+01  1.16978E-01  1.01755E-11  9.29087E-13  3.42495E-12  2.99153E-13  0.00000E+00  0.00000E+00
  4.050E+01  1.19797E-01  9.93322E-12  1.06331E-12  3.38932E-12  3.48580E-13  0.00000E+00  0.00000E+00
  4.100E+01  1.22645E-01  9.69717E-12  1.18902E-12  3.35376E-12  3.96316E-13  0.00000E+00  0.00000E+00
  4.150E+01  1.25522E-01  9.46719E-12  1.30668E-12  3.31829E-12  4.42421E-13  0.00000E+00  0.00000E+00
  4.200E+01  1.28428E-01  9.24312E-12  1.41677E-12  3.28294E-12  4.86950E-13  0.00000E+00  0.00000E+00
  4.250E+01  1.31361E-01  9.02480E-12  1.51971E-12  3.24771E-12  5.29956E-13  0.00000E+00  0.00000E+00
  4.300E+01  1.34323E-01  8.81208E-12  1.61590E-12  3.21263E-12  5.71491E-13  0.00000E+00  0.00000E+00
  4.350E+01  1.37313E-01  8.60480E-12  1.70573E-12  3.17771E-12  6.11605E-13  0.00000E+00  0.00000E+00
  4.400E+01  1.40330E-01  8.40282E-12  1.78955E-12  3.14296E-12  6.50344E-13  0.00000E+00  0.00000E+00
  4.450E+01  1.43375E-01  8.20599E-12  1.86767E-12  3.10840E-12  6.87754E-13  0.00000E+00  0.00000E+00
  4.500E+01  1.46447E-01  8.01417E-12  1.94042E-12  3.07403E-12  7.23878E-13  0.00000E+00  0.00000E+00
  4.550E+01  1.49545E-01  7.82723E-12  2.00810E-12  3.03987E-12  7.58758E-13  0.00000E+00  0.00000E+00
  4.600E+01  1.52671E-01  7.64502E-12  2.07098E-12  3.00592E-12  7.92435E-13  0.00000E+00  0.00000E+00
  4.650E+01  1.55823E-01  7.46742E-12  2.12932E-12  2.97219E-12  8.24947E-13  0.00000E+00  0.00000E+00
  4.700E+01  1.59001E-01  7.29429E-12  2.18338E-12  2.93870E-12  8.56332E-13  0.00000E+00  0.00000E+00
  4.750E+01  1.62205E-01  7.12552E-12  2.23337E-12  2.90544E-12  8.86624E-13  0.00000E+00  0.00000E+00
  4.800E+01  1.65435E-01  6.96099E-12  2.27952E-12  2.87243E-12  9.15859E-13  0.00000E+00  0.00000E+00
  4.850E+01  1.68690E-01  6.80057E-12  2.32204E-12  2.83966E-12  9.44070E-13  0.00000E+00  0.00000E+00
  4.900E+01  1.71970E-01  6.64415E-12  2.36111E-12  2.80715E-12  9.71287E-13  0.00000E+00  0.00000E+00
  4.950E+01  1.75276E-01  6.49163E-12  2.39692E-12  2.77490E-12  9.97543E-13  0.00000E+00  0.00000E+00
  5.000E+01  1.78606E-01  6.34288E-12  2.42966E-12  2.74291E-12  1.02287E-12  0.00000E+00  0.00000E+00
  5.050E+01  1.81961E-01  6.19782E-12  2.45948E-12  2.71118E-12  1.04729E-12  0.00000E+00  0.00000E+00
  5.100E+01  1.85340E-01  6.05633E-12  2.48653E-12  2.67972E-12  1.07083E-12  0.00000E+00  0.00000E+00
  5.150E+01  1.88743E-01  5.91832E-12  2.51096E-12  2.64853E-12  1.09352E-12  0.00000E+00  0.00000E+00
  5.200E+01  1.92169E-01  5.78370E-12  2.53291E-12  2.61761E-12  1.11539E-12  0.00000E+00  0.00000E+00
  5.250E+01  1.95619E-01  5.65236E-12  2.55251E-12  2.58697E-12  1.13646E-12  0.00000E+00  0.00000E+00
  5.300E+01  1.99092E-01  5.52423E-12  2.56988E-12  2.55660E-12  1.15675E-12  0.00000E+00  0.00000E+00
  5.350E+01  2.02589E-01  5.39920E-12  2.58515E-12  2.52651E-12  1.17628E-12  0.00000E+00  0.00000E+00
  5.400E+01  2.06107E-01  5.27720E-12  2.59842E-12  2.49670E-12  1.19509E-12  0.00000E+00  0.00000E+00
  5.450E+01  2.09649E-01  5.15815E-12  2.60981E-12  2.46716E-12  1.21319E-12  0.00000E+00  0.00000E+00
  5.500E+01  2.13212E-01  5.04196E-12  2.61939E-12  2.43790E-12  1.23059E-12  0.00000E+00  0.00000E+00
  5.550E+01  2.16797E-01  4.92856E-12  2.62728E-12  2.40892E-12  1.24733E-12  0.00000E+00  0.00000E+00
  5.600E+01  2.20404E-01  4.81787E-12  2.63355E-12  2.38022E-12  1.26341E-12  0.00000E+00  0.00000E+00
  5.650E+01  2.24032E-01  4.70982E-12  2.63831E-12  2.35180E-12  1.27886E-12  0.00000E+00  0.00000E+00
  5.700E+01  2.27680E-01  4.60434E-12  2.64163E-12  2.32365E-12  1.29370E-12  0.00000E+00  0.00000E+00
  5.750E+01  2.31350E-01  4.50135E-12  2.64358E-12  2.29579E-12  1.30794E-12  0.00000E+00  0.00000E+00
  5.800E+01  2.35040E-01  4.40080E-12  2.64424E-12  2.26820E-12  1.32160E-12  0.00000E+00  0.00000E+00
  5.850E+01  2.38751E-01  4.30262E-12  2.64367E-12  2.24088E-12  1.33470E-12  0.00000E+00  0.00000E+00
  5.900E+01  2.42481E-01  4.20675E-12  2.64193E-12  2.21384E-12  1.34724E-12  0.00000E+00  0.00000E+00
  5.950E+01  2.46231E-01  4.11311E-12  2.63911E-12  2.18707E-12  1.35926E-12  0.00000E+00  0.00000E+00
  6.000E+01  2.50000E-01  4.02167E-12  2.63524E-12  2.16058E-12  1.37075E-12  0.00000E+00  0.00000E+00
  6.050E+01  2.53788E-01  3.93235E-12  2.63039E-12  2.13435E-12  1.38174E-12  0.00000E+00  0.00000E+00
  6.100E+01  2.57595E-01  3.84510E-12  2.62462E-12  2.10840E-12  1.39224E-12  0.00000E+00  0.00000E+00
  6.150E+01  2.61421E-01  3.75988E-12  2.61797E-12  2.08272E-12  1.40226E-12  0.00000E+00  0.00000E+00
  6.200E+01  2.65264E-01  3.67662E-12  2.61049E-12  2.05730E-12  1.41181E-12  0.00000E+00  0.00000E+00
  6.250E+01  2.69126E-01  3.59527E-12  2.60222E-12  2.03214E-12  1.42092E-12  0.00000E+00  0.00000E+00
  6.300E+01  2.73005E-01  3.51579E-12  2.59321E-12  2.00725E-12  1.42958E-12  0.00000E+00  0.00000E+00
  6.350E+01  2.76901E-01  3.43813E-12  2.58350E-12  1.98263E-12  1.43781E-12  0.00000E+00  0.00000E+00
  6.400E+01  2.80814E-01  3.36224E-12  2.57314E-12  1.95826E-12  1.44563E-12  0.00000E+00  0.00000E+00
  6.450E+01  2.84744E-01  3.28808E-12  2.56215E-12  1.93415E-12  1.45304E-12  0.00000E+00  0.00000E+00
  6.500E+01  2.88691E-01  3.21560E-12  2.55058E-12  1.91029E-12  1.46005E-12  0.00000E+00  0.00000E+00
  6.550E+01  2.92653E-01  3.14476E-12  2.53845E-12  1.88670E-12  1.46668E-12  0.00000E+00  0.00000E+00
  6.600E+01  2.96632E-01  3.07552E-12  2.52581E-12  1.86335E-12  1.47293E-12  0.00000E+00  0.00000E+00
  6.650E+01  3.00625E-01  3.00784E-12  2.51267E-12  1.84025E-12  1.47881E-12  0.00000E+00  0.00000E+00
  6.700E+01  3.04634E-01  2.94168E-12  2.49907E-12  1.81741E-12  1.48434E-12  0.00000E+00  0.00000E+00
  6.750E+01  3.08658E-01  2.87700E-12  2.48504E-12  1.79480E-12  1.48952E-12  0.00000E+00  0.00000E+00
  6.800E+01  3.12697E-01  2.81377E-12  2.47061E-12  1.77245E-12  1.49437E-12  0.00000E+00  0.00000E+00
  6.850E+01  3.16749E-01  2.75194E-12  2.45581E-12  1.75033E-12  1.49888E-12  0.00000E+00  0.00000E+00
  6.900E+01  3.20816E-01  2.69149E-12  2.44064E-12  1.72846E-12  1.50307E-12  0.00000E+00  0.00000E+00
  6.950E+01  3.24896E-01  2.63238E-12  2.42514E-12  1.70683E-12  1.50695E-12  0.00000E+00  0.00000E+00
  7.000E+01  3.28990E-01  2.57458E-12  2.40932E-12  1.68543E-12  1.51052E-12  0.00000E+00  0.00000E+00
  7.050E+01  3.33097E-01  2.51806E-12  2.39321E-12  1.66426E-12  1.51379E-12  0.00000E+00  0.00000E+00
  7.100E+01  3.37216E-01  2.46278E-12  2.37685E-12  1.64333E-12  1.51677E-12  0.00000E+00  0.00000E+00
  7.150E+01  3.41348E-01  2.40871E-12  2.36024E-12  1.62263E-12  1.51947E-12  0.00000E+00  0.00000E+00
  7.200E+01  3.45492E-01  2.35584E-12  2.34339E-12  1.60216E-12  1.52189E-12  0.00000E+00  0.00000E+00
  7.250E+01  3.49647E-01  2.30411E-12  2.32632E-12  1.58191E-12  1.52405E-12  0.00000E+00  0.00000E+00
  7.300E+01  3.53814E-01  2.25352E-12  2.30904E-12  1.56189E-12  1.52594E-12  0.00000E+00  0.00000E+00
  7.350E+01  3.57992E-01  2.20403E-12  2.29159E-12  1.54208E-12  1.52757E-12  0.00000E+00  0.00000E+00
  7.400E+01  3.62181E-01  2.15561E-12  2.27397E-12  1.52250E-12  1.52895E-12  0.00000E+00  0.00000E+00
  7.450E+01  3.66381E-01  2.10825E-12  2.25621E-12  1.50314E-12  1.53009E-12  0.00000E+00  0.00000E+00
  7.500E+01  3.70590E-01  2.06191E-12  2.23830E-12  1.48399E-12  1.53099E-12  0.00000E+00  0.00000E+00
  7.550E+01  3.74810E-01  2.01658E-12  2.22026E-12  1.46505E-12  1.53165E-12  0.00000E+00  0.00000E+00
  7.600E+01  3.79039E-01  1.97222E-12  2.20210E-12  1.44633E-12  1.53209E-12  0.00000E+00  0.00000E+00
  7.650E+01  3.83277E-01  1.92882E-12  2.18384E-12  1.42781E-12  1.53231E-12  0.00000E+00  0.00000E+00
  7.700E+01  3.87524E-01  1.88635E-12  2.16549E-12  1.40950E-12  1.53231E-12  0.00000E+00  0.00000E+00
  7.750E+01  3.91780E-01  1.84479E-12  2.14706E-12  1.39140E-12  1.53210E-12  0.00000E+00  0.00000E+00
  7.800E+01  3.96044E-01  1.80413E-12  2.12856E-12  1.37350E-12  1.53168E-12  0.00000E+00  0.00000E+00
  7.850E+01  4.00316E-01  1.76433E-12  2.11000E-12  1.35580E-12  1.53106E-12  0.00000E+00  0.00000E+00
  7.900E+01  4.04596E-01  1.72538E-12  2.09139E-12  1.33831E-12  1.53025E-12  0.00000E+00  0.00000E+00
  7.950E+01  4.08882E-01  1.68726E-12  2.07273E-12  1.32100E-12  1.52924E-12  0.00000E+00  0.00000E+00
  8.000E+01  4.13176E-01  1.64996E-12  2.05404E-12  1.30390E-12  1.52805E-12  0.00000E+00  0.00000E+00
  8.050E+01  4.17476E-01  1.61344E-12  2.03532E-12  1.28699E-12  1.52667E-12  0.00000E+00  0.00000E+00
  8.100E+01  4.21783E-01  1.57770E-12  2.01659E-12  1.27026E-12  1.52511E-12  0.00000E+00  0.00000E+00
  8.150E+01  4.26095E-01  1.54272E-12  1.99784E-12  1.25373E-12  1.52338E-12  0.00000E+00  0.00000E+00
  8.200E+01  4.30413E-01  1.50848E-12  1.97909E-12  1.23739E-12  1.52148E-12  0.00000E+00  0.00000E+00
  8.250E+01  4.34737E-01  1.47496E-12  1.96035E-12  1.22123E-12  1.51941E-12  0.00000E+00  0.00000E+00
  8.300E+01  4.39065E-01  1.44215E-12  1.94161E-12  1.20526E-12  1.51718E-12  0.00000E+00  0.00000E+00
  8.350E+01  4.43398E-01  1.41003E-12  1.92288E-12  1.18946E-12  1.51478E-12  0.00000E+00  0.00000E+00
  8.400E+01  4.47736E-01  1.37859E-12  1.90417E-12  1.17385E-12  1.51224E-12  0.00000E+00  0.00000E+00
  8.450E+01  4.52077E-01  1.34781E-12  1.88550E-12  1.15842E-12  1.50954E-12  0.00000E+00  0.00000E+00
  8.500E+01  4.56422E-01  1.31767E-12  1.86685E-12  1.14316E-12  1.50669E-12  0.00000E+00  0.00000E+00
  8.550E+01  4.60770E-01  1.28817E-12  1.84824E-12  1.12807E-12  1.50370E-12  0.00000E+00  0.00000E+00
  8.600E+01  4.65122E-01  1.25928E-12  1.82967E-12  1.11316E-12  1.50056E-12  0.00000E+00  0.00000E+00
  8.650E+01  4.69476E-01  1.23100E-12  1.81114E-12  1.09842E-12  1.49729E-12  0.00000E+00  0.00000E+00
  8.700E+01  4.73832E-01  1.20331E-12  1.79267E-12  1.08385E-12  1.49388E-12  0.00000E+00  0.00000E+00
  8.750E+01  4.78190E-01  1.17620E-12  1.77424E-12  1.06945E-12  1.49034E-12  0.00000E+00  0.00000E+00
  8.800E+01  4.82550E-01  1.14965E-12  1.75588E-12  1.05521E-12  1.48667E-12  0.00000E+00  0.00000E+00
  8.850E+01  4.86912E-01  1.12366E-12  1.73758E-12  1.04114E-12  1.48287E-12  0.00000E+00  0.00000E+00
  8.900E+01  4.91274E-01  1.09821E-12  1.71934E-12  1.02723E-12  1.47895E-12  0.00000E+00  0.00000E+00
  8.950E+01  4.95637E-01  1.07328E-12  1.70117E-12  1.01348E-12  1.47490E-12  0.00000E+00  0.00000E+00
  9.000E+01  5.00000E-01  1.04888E-12  1.68307E-12  9.99888E-13  1.47074E-12  0.00000E+00  0.00000E+00
  9.050E+01  5.04363E-01  1.02498E-12  1.66505E-12  9.86454E-13  1.46647E-12  0.00000E+00  0.00000E+00
  9.100E+01  5.08726E-01  1.00158E-12  1.64710E-12  9.73176E-13  1.46208E-12  0.00000E+00  0.00000E+00
  9.150E+01  5.13088E-01  9.78666E-13  1.62923E-12  9.60052E-13  1.45758E-12  0.00000E+00  0.00000E+00
  9.200E+01  5.17450E-01  9.56226E-13  1.61144E-12  9.47080E-13  1.45297E-12  0.00000E+00  0.00000E+00
  9.250E+01  5.21810E-01  9.34251E-13  1.59374E-12  9.34259E-13  1.44825E-12  0.00000E+00  0.00000E+00
  9.300E+01  5.26168E-01  9.12730E-13  1.57613E-12  9.21588E-13  1.44343E-12  0.00000E+00  0.00000E+00
  9.350E+01  5.30524E-01  8.91656E-13  1.55860E-12  9.09064E-13  1.43851E-12  0.00000E+00  0.00000E+00
  9.400E+01  5.34878E-01  8.71017E-13  1.54117E-12  8.96686E-13  1.43350E-12  0.00000E+00  0.00000E+00
  9.450E+01  5.39230E-01  8.50805E-13  1.52383E-12  8.84453E-13  1.42838E-12  0.00000E+00  0.00000E+00
  9.500E+01  5.43578E-01  8.31011E-13  1.50658E-12  8.72363E-13  1.42317E-12  0.00000E+00  0.00000E+00
  9.550E+01  5.47923E-01  8.11626E-13  1.48943E-12  8.60415E-13  1.41787E-12  0.00000E+00  0.00000E+00
  9.600E+01  5.52264E-01  7.92642E-13  1.47238E-12  8.48607E-13  1.41248E-12  0.00000E+00  0.00000E+00
  9.650E+01  5.56602E-01  7.74049E-13  1.45543E-12  8.36937E-13  1.40700E-12  0.00000E+00  0.00000E+00
  9.700E+01  5.60935E-01  7.55841E-13  1.43858E-12  8.25405E-13  1.40143E-12  0.00000E+00  0.00000E+00
  9.750E+01  5.65263E-01  7.38008E-13  1.42183E-12  8.14008E-13  1.39578E-12  0.00000E+00  0.00000E+00
  9.800E+01  5.69587E-01  7.20543E-13  1.40519E-12  8.02745E-13  1.39004E-12  0.00000E+00  0.00000E+00
  9.850E+01  5.73905E-01  7.03438E-13  1.38865E-12  7.91616E-13  1.38422E-12  0.00000E+00  0.00000E+00
  9.900E+01  5.78217E-01  6.86687E-13  1.37222E-12  7.80618E-13  1.37833E-12  0.00000E+00  0.00000E+00
  9.950E+01  5.82524E-01  6.70280E-13  1.35589E-12  7.69750E-13  1.37235E-12  0.00000E+00  0.00000E+00
  1.000E+02  5.86824E-01  6.54213E-13  1.33968E-12  7.59010E-13  1.36630E-12  0.00000E+00  0.00000E+00
  1.005E+02  5.91118E-01  6.38476E-13  1.32357E-12  7.48398E-13  1.36018E-12  0.00000E+00  0.00000E+00
  1.010E+02  5.95404E-01  6.23065E-13  1.30757E-12  7.37912E-13  1.35398E-12  0.00000E+00  0.00000E+00
  1.015E+02  5.99684E-01  6.07971E-13  1.29168E-12  7.27551E-13  1.34772E-12  0.00000E+00  0.00000E+00
  1.020E+02  6.03956E-01  5.93189E-13  1.27591E-12  7.17313E-13  1.34138E-12  0.00000E+00  0.00000E+00
  1.025E+02  6.08220E-01  5.78711E-13  1.26024E-12  7.07197E-13  1.33497E-12  0.00000E+00  0.00000E+00
  1.030E+02  6.12476E-01  5.64533E-13  1.24469E-12  6.97201E-13  1.32850E-12  0.00000E+00  0.00000E+00
  1.035E+02  6.16723E-01  5.50647E-13  1.22925E-12  6.87325E-13  1.32196E-12  0.00000E+00  0.00000E+00
  1.040E+02  6.20961E-01  5.37048E-13  1.21393E-12  6.77567E-13  1.31536E-12  0.00000E+00  0.00000E+00
  1.045E+02  6.25190E-01  5.23730E-13  1.19872E-12  6.67926E-13  1.30870E-12  0.00000E+00  0.00000E+00
  1.050E+02  6.29410E-01  5.10686E-13  1.18362E-12  6.58400E-13  1.30197E-12  0.00000E+00  0.00000E+00
  1.055E+02  6.33619E-01  4.97913E-13  1.16864E-12  6.48989E-13  1.29519E-12  0.00000E+00  0.00000E+00
  1.060E+02  6.37819E-01  4.85404E-13  1.15378E-12  6.39691E-13  1.28835E-12  0.00000E+00  0.00000E+00
  1.065E+02  6.42008E-01  4.73153E-13  1.13903E-12  6.30505E-13  1.28145E-12  0.00000E+00  0.00000E+00
  1.070E+02  6.46186E-01  4.61156E-13  1.12440E-12  6.21429E-13  1.27449E-12  0.00000E+00  0.00000E+00
  1.075E+02  6.50353E-01  4.49407E-13  1.10988E-12  6.12463E-13  1.26748E-12  0.00000E+00  0.00000E+00
  1.080E+02  6.54508E-01  4.37901E-13  1.09548E-12  6.03606E-13  1.26041E-12  0.00000E+00  0.00000E+00
  1.085E+02  6.58652E-01  4.26634E-13  1.08120E-12  5.94855E-13  1.25330E-12  0.00000E+00  0.00000E+00
  1.090E+02  6.62784E-01  4.15601E-13  1.06703E-12  5.86211E-13  1.24613E-12  0.00000E+00  0.00000E+00
  1.095E+02  6.66903E-01  4.04797E-13  1.05298E-12  5.77671E-13  1.23891E-12  0.00000E+00  0.00000E+00
  1.100E+02  6.71010E-01  3.94217E-13  1.03904E-12  5.69235E-13  1.23164E-12  0.00000E+00  0.00000E+00
  1.105E+02  6.75104E-01  3.83856E-13  1.02523E-12  5.60901E-13  1.22433E-12  0.00000E+00  0.00000E+00
  1.110E+02  6.79184E-01  3.73712E-13  1.01153E-12  5.52669E-13  1.21696E-12  0.00000E+00  0.00000E+00
  1.115E+02  6.83251E-01  3.63778E-13  9.97945E-13  5.44537E-13  1.20955E-12  0.00000E+00  0.00000E+00
  1.120E+02  6.87303E-01  3.54051E-13  9.84479E-13  5.36505E-13  1.20210E-12  0.00000E+00  0.00000E+00
  1.125E+02  6.91342E-01  3.44528E-13  9.71130E-13  5.28570E-13  1.19460E-12  0.00000E+00  0.00000E+00
  1.130E+02  6.95366E-01  3.35202E-13  9.57898E-13  5.20733E-13  1.18706E-12  0.00000E+00  0.00000E+00
  1.135E+02  6.99375E-01  3.26072E-13  9.44782E-13  5.12992E-13  1.17947E-12  0.00000E+00  0.00000E+00
  1.140E+02  7.03368E-01  3.17132E-13  9.31784E-13  5.05345E-13  1.17185E-12  0.00000E+00  0.00000E+00
  1.145E+02  7.07347E-01  3.08380E-13  9.18902E-13  4.97793E-13  1.16418E-12  0.00000E+00  0.00000E+00
  1.150E+02  7.11309E-01  2.99811E-13  9.06137E-13  4.90333E-13  1.15647E-12  0.00000E+00  0.00000E+00
  1.155E+02  7.15256E-01  2.91421E-13  8.93488E-13  4.82965E-13  1.14873E-12  0.00000E+00  0.00000E+00
  1.160E+02  7.19186E-01  2.83208E-13  8.80954E-13  4.75687E-13  1.14095E-12  0.00000E+00  0.00000E+00
  1.165E+02  7.23099E-01  2.75167E-13  8.68536E-13  4.68500E-13  1.13313E-12  0.00000E+00  0.00000E+00
  1.170E+02  7.26995E-01  2.67295E-13  8.56234E-13  4.61401E-13  1.12527E-12  0.00000E+00  0.00000E+00
  1.175E+02  7.30874E-01  2.59589E-13  8.44048E-13  4.54390E-13  1.11738E-12  0.00000E+00  0.00000E+00
  1.180E+02  7.34736E-01  2.52046E-13  8.31978E-13  4.47465E-13  1.10945E-12  0.00000E+00  0.00000E+00
  1.185E+02  7.38579E-01  2.44662E-13  8.20023E-13  4.40627E-13  1.10149E-12  0.00000E+00  0.00000E+00
  1.190E+02  7.42405E-01  2.37434E-13  8.08182E-13  4.33873E-13  1.09350E-12  0.00000E+00  0.00000E+00
  1.195E+02  7.46212E-01  2.30359E-13  7.96455E-13  4.27203E-13  1.08547E-12  0.00000E+00  0.00000E+00
  1.200E+02  7.50000E-01  2.23434E-13  7.84842E-13  4.20616E-13  1.07741E-12  0.00000E+00  0.00000E+00
  1.205E+02  7.53769E-01  2.16656E-13  7.73344E-13  4.14110E-13  1.06932E-12  0.00000E+00  0.00000E+00
  1.210E+02  7.57519E-01  2.10022E-13  7.61960E-13  4.07686E-13  1.06120E-12  0.00000E+00  0.00000E+00
  1.215E+02  7.61249E-01  2.03530E-13  7.50690E-13  4.01342E-13  1.05305E-12  0.00000E+00  0.00000E+00
  1.220E+02  7.64960E-01  1.97176E-13  7.39533E-13  3.95077E-13  1.04487E-12  0.00000E+00  0.00000E+00
  1.225E+02  7.68650E-01  1.90957E-13  7.28488E-13  3.88890E-13  1.03666E-12  0.00000E+00  0.00000E+00
  1.230E+02  7.72320E-01  1.84872E-13  7.17555E-13  3.82780E-13  1.02842E-12  0.00000E+00  0.00000E+00
  1.235E+02  7.75968E-01  1.78917E-13  7.06735E-13  3.76747E-13  1.02016E-12  0.00000E+00  0.00000E+00
  1.240E+02  7.79596E-01  1.73090E-13  6.96027E-13  3.70789E-13  1.01187E-12  0.00000E+00  0.00000E+00
  1.245E+02  7.83203E-01  1.67388E-13  6.85431E-13  3.64905E-13  1.00355E-12  0.00000E+00  0.00000E+00
  1.250E+02  7.86788E-01  1.61809E-13  6.74946E-13  3.59096E-13  9.95207E-13  0.00000E+00  0.00000E+00
  1.255E+02  7.90351E-01  1.56351E-13  6.64572E-13  3.53359E-13  9.86839E-13  0.00000E+00  0.00000E+00
  1.260E+02  7.93893E-01  1.51010E-13  6.54309E-13  3.47694E-13  9.78447E-13  0.00000E+00  0.00000E+00
  1.265E+02  7.97411E-01  1.45785E-13  6.44156E-13  3.42100E-13  9.70030E-13  0.00000E+00  0.00000E+00
  1.270E+02  8.00908E-01  1.40673E-13  6.34112E-13  3.36576E-13  9.61590E-13  0.00000E+00  0.00000E+00
  1.275E+02  8.04381E-01  1.35673E-13  6.24178E-13  3.31122E-13  9.53127E-13  0.00000E+00  0.00000E+00
  1.280E+02  8.07831E-01  1.30782E-13  6.14354E-13  3.25736E-13  9.44641E-13  0.00000E+00  0.00000E+00
  1.285E+02  8.11257E-01  1.25997E-13  6.04639E-13  3.20418E-13  9.36133E-13  0.00000E+00  0.00000E+00
  1.290E+02  8.14660E-01  1.21317E-13  5.95032E-13  3.15167E-13  9.27604E-13  0.00000E+00  0.00000E+00
  1.295E+02  8.18039E-01  1.16739E-13  5.85534E-13  3.09982E-13  9.19053E-13  0.00000E+00  0.00000E+00
  1.300E+02  8.21394E-01  1.12262E-13  5.76142E-13  3.04862E-13  9.10482E-13  0.00000E+00  0.00000E+00
  1.305E+02  8.24724E-01  1.07884E-13  5.66858E-13  2.99806E-13  9.01891E-13  0.00000E+00  0.00000E+00
  1.310E+02  8.28030E-01  1.03603E-13  5.57682E-13  2.94814E-13  8.93280E-13  0.00000E+00  0.00000E+00
  1.315E+02  8.31310E-01  9.94156E-14  5.48612E-13  2.89884E-13  8.84650E-13  0.00000E+00  0.00000E+00
  1.320E+02  8.34565E-01  9.53214E-14  5.39649E-13  2.85017E-13  8.76001E-13  0.00000E+00  0.00000E+00
  1.325E+02  8.37795E-01  9.13183E-14  5.30792E-13  2.80211E-13  8.67333E-13  0.00000E+00  0.00000E+00
  1.330E+02  8.40999E-01  8.74044E-14  5.22041E-13  2.75465E-13  8.58648E-13  0.00000E+00  0.00000E+00
  1.335E+02  8.44177E-01  8.35780E-14  5.13395E-13  2.70779E-13  8.49945E-13  0.00000E+00  0.00000E+00
  1.340E+02  8.47329E-01  7.98373E-14  5.04853E-13  2.66151E-13  8.41224E-13  0.00000E+00  0.00000E+00
  1.345E+02  8.50455E-01  7.61806E-14  4.96416E-13  2.61582E-13  8.32487E-13  0.00000E+00  0.00000E+00
  1.350E+02  8.53553E-01  7.26062E-14  4.88083E-13  2.57070E-13  8.23733E-13  0.00000E+00  0.00000E+00
  1.355E+02  8.56625E-01  6.91125E-14  4.79855E-13  2.52614E-13  8.14963E-13  0.00000E+00  0.00000E+00
  1.360E+02  8.59670E-01  6.56980E-14  4.71730E-13  2.48215E-13  8.06178E-13  0.00000E+00  0.00000E+00
  1.365E+02  8.62687E-01  6.23610E-14  4.63709E-13  2.43870E-13  7.97377E-13  0.00000E+00  0.00000E+00
  1.370E+02  8.65677E-01  5.91001E-14  4.55789E-13  2.39579E-13  7.88561E-13  0.00000E+00  0.00000E+00
  1.375E+02  8.68639E-01  5.59137E-14  4.47972E-13  2.35342E-13  7.79730E-13  0.00000E+00  0.00000E+00
  1.380E+02  8.71572E-01  5.28004E-14  4.40257E-13  2.31158E-13  7.70885E-13  0.00000E+00  0.00000E+00
  1.385E+02  8.74478E-01  4.97587E-14  4.32644E-13  2.27026E-13  7.62026E-13  1.34592E-17  0.00000E+00
  1.390E+02  8.77355E-01  4.67871E-14  4.25133E-13  2.22945E-13  7.53153E-13  0.00000E+00  0.00000E+00
  1.395E+02  8.80203E-01  4.38842E-14  4.17723E-13  2.18915E-13  7.44266E-13  1.37741E-17  0.00000E+00
  1.400E+02  8.83022E-01  4.10489E-14  4.10414E-13  2.14934E-13  7.35367E-13  0.00000E+00  0.00000E+00
  1.405E+02  8.85812E-01  3.82797E-14  4.03205E-13  2.11003E-13  7.26454E-13  2.82081E-17  0.00000E+00
  1.410E+02  8.88573E-01  3.55753E-14  3.96095E-13  2.07120E-13  7.17530E-13  1.42748E-17  0.00000E+00
  1.415E+02  8.91304E-01  3.29345E-14  3.89085E-13  2.03285E-13  7.08593E-13  0.00000E+00  0.00000E+00
  1.420E+02  8.94005E-01  3.03558E-14  3.82174E-13  1.99497E-13  6.99644E-13  0.00000E+00  0.00000E+00
  1.425E+02  8.96677E-01  2.78382E-14  3.75363E-13  1.95755E-13  6.90683E-13  2.96222E-17  0.00000E+00
  1.430E+02  8.99318E-01  2.53804E-14  3.68652E-13  1.92059E-13  6.81711E-13  1.49979E-17  0.00000E+00
  1.435E+02  9.01928E-01  2.29815E-14  3.62039E-13  1.88408E-13  6.72728E-13  2.27835E-17  0.00000E+00
  1.440E+02  9.04508E-01  2.06401E-14  3.55523E-13  1.84801E-13  6.63734E-13  7.69214E-18  0.00000E+00
  1.445E+02  9.07058E-01  1.83547E-14  3.49104E-13  1.81238E-13  6.54729E-13  3.89599E-17  0.00000E+00
  1.450E+02  9.09576E-01  1.61248E-14  3.42782E-13  1.77717E-13  6.45714E-13  2.36819E-17  0.00000E+00
  1.455E+02  9.12063E-01  1.39493E-14  3.36558E-13  1.74239E-13  6.36689E-13  1.59963E-17  0.00000E+00
  1.460E+02  9.14519E-01  1.18268E-14  3.30433E-13  1.70802E-13  6.27654E-13  4.05224E-18  0.00000E+00
  1.465E+02  9.16943E-01  9.75633E-15  3.24403E-13  1.67406E-13  6.18610E-13  2.46392E-17  0.00000E+00
  1.470E+02  9.19335E-01  7.73688E-15  3.18470E-13  1.64050E-13  6.09556E-13  3.74576E-17  0.00000E+00
  1.475E+02  9.21696E-01  5.76759E-15  3.12631E-13  1.60734E-13  6.00493E-13  2.53111E-17  0.00000E+00
  1.480E+02  9.24024E-01  3.84749E-15  3.06888E-13  1.57456E-13  5.91421E-13  1.49668E-17  0.00000E+00
  1.485E+02  9.26320E-01  1.97560E-15  3.01240E-13  1.54217E-13  5.82340E-13  1.08377E-17  0.00000E+00
  1.490E+02  9.28584E-01  1.50906E-16  2.95688E-13  1.51015E-13  5.73251E-13  2.97354E-17  0.00000E+00
  1.495E+02  9.30815E-01 -1.62752E-15  2.90231E-13  1.47850E-13  5.64153E-13  3.34215E-17  0.00000E+00
  1.500E+02  9.33013E-01 -3.36054E-15  2.84869E-13  1.44721E-13  5.55048E-13  2.25923E-17  0.00000E+00
  1.505E+02  9.35178E-01 -5.04900E-15  2.79601E-13  1.41628E-13  5.45934E-13  0.00000E+00  0.00000E+00
  1.510E+02  9.37310E-01 -6.69370E-15  2.74426E-13  1.38570E-13  5.36813E-13  3.25251E-17  0.00000E+00
  1.515E+02  9.39409E-01 -8.29547E-15  2.69344E-13  1.35546E-13  5.27685E-13  3.76972E-17  0.00000E+00
  1.520E+02  9.41474E-01 -9.85516E-15  2.64356E-13  1.32556E-13  5.18549E-13  2.38948E-17  0.00000E+00
  1.525E+02  9.43505E-01 -1.13736E-14  2.59461E-13  1.29599E-13  5.09406E-13  0.00000E+00  0.00000E+00
  1.530E+02  9.45503E-01 -1.28516E-14  2.54660E-13  1.26674E-13  5.00256E-13  3.93272E-17  0.00000E+00
  1.535E+02  9.47467E-01 -1.42899E-14  2.49951E-13  1.23781E-13  4.91099E-13  3.98877E-17  0.00000E+00
  1.540E+02  9.49397E-01 -1.56891E-14  2.45335E-13  1.20919E-13  4.81936E-13  3.03425E-17  0.00000E+00
  1.545E+02  9.51293E-01 -1.70501E-14  2.40811E-13  1.18087E-13  4.72766E-13  0.00000E+00  0.00000E+00
  1.550E+02  9.53154E-01 -1.83734E-14  2.36378E-13  1.15285E-13  4.63590E-13  2.08095E-17  0.00000E+00
  1.555E+02  9.54981E-01 -1.96599E-14  2.32036E-13  1.12513E-13  4.54409E-13  5.27646E-17  0.00000E+00
  1.560E+02  9.56773E-01 -2.09102E-14  2.27787E-13  1.09769E-13  4.45221E-13  5.35148E-17  0.00000E+00
  1.565E+02  9.58530E-01 -2.21249E-14  2.23628E-13  1.07053E-13  4.36027E-13  4.34188E-17  0.00000E+00
  1.570E+02  9.60252E-01 -2.33047E-14  2.19562E-13  1.04365E-13  4.26828E-13  4.40323E-17  0.00000E+00
  1.575E+02  9.61940E-01 -2.44503E-14  2.15586E-13  1.01703E-13  4.17624E-13  2.23260E-17  0.00000E+00
  1.580E+02  9.63592E-01 -2.55621E-14  2.11700E-13  9.90675E-14  4.08414E-13  4.52774E-17  0.00000E+00
  1.585E+02  9.65209E-01 -2.66408E-14  2.07904E-13  9.64575E-14  3.99200E-13  9.18162E-17  0.00000E+00
  1.590E+02  9.66790E-01 -2.76870E-14  2.04198E-13  9.38724E-14  3.89980E-13  2.32718E-17  0.00000E+00
  1.595E+02  9.68336E-01 -2.87011E-14  2.00582E-13  9.13117E-14  3.80756E-13  2.35915E-17  0.00000E+00
  1.600E+02  9.69846E-01 -2.96839E-14  1.97056E-13  8.87747E-14  3.71527E-13  0.00000E+00  0.00000E+00
  1.605E+02  9.71321E-01 -3.06358E-14  1.93621E-13  8.62609E-14  3.62293E-13  7.27070E-17  0.00000E+00
  1.610E+02  9.72759E-01 -3.15574E-14  1.90274E-13  8.37696E-14  3.53055E-13  4.91188E-17  0.00000E+00
  1.615E+02  9.74162E-01 -3.24490E-14  1.87017E-13  8.13002E-14  3.43813E-13  0.00000E+00  0.00000E+00
  1.620E+02  9.75528E-01 -3.33112E-14  1.83848E-13  7.88521E-14  3.34567E-13  2.52085E-17  0.00000E+00
  1.625E+02  9.76858E-01 -3.41444E-14  1.80768E-13  7.64248E-14  3.25317E-13  5.10663E-17  0.00000E+00
  1.630E+02  9.78152E-01 -3.49491E-14  1.77776E-13  7.40176E-14  3.16063E-13  7.75714E-17  0.00000E+00
  1.635E+02  9.79410E-01 -3.57258E-14  1.74874E-13  7.16300E-14  3.06805E-13  5.23599E-17  0.00000E+00
  1.640E+02  9.80631E-01 -3.64749E-14  1.72060E-13  6.92613E-14  2.97544E-13  2.65012E-17  0.00000E+00
  1.645E+02  9.81815E-01 -3.71968E-14  1.69334E-13  6.69110E-14  2.88280E-13  5.36406E-17  0.00000E+00
  1.650E+02  9.82963E-01 -3.78920E-14  1.66697E-13  6.45785E-14  2.79012E-13  5.42737E-17  0.00000E+00
  1.655E+02  9.84074E-01 -3.85606E-14  1.64147E-13  6.22632E-14  2.69741E-13  5.49009E-17  0.00000E+00
  1.660E+02  9.85148E-01 -3.92031E-14  1.61684E-13  5.99644E-14  2.60466E-13  0.00000E+00  0.00000E+00
  1.665E+02  9.86185E-01 -3.98200E-14  1.59309E-13  5.76818E-14  2.51189E-13  5.61327E-17  0.00000E+00
  1.670E+02  9.87185E-01 -4.04115E-14  1.57021E-13  5.54145E-14  2.41909E-13  2.83674E-17  0.00000E+00
  1.675E+02  9.88148E-01 -4.09780E-14  1.54822E-13  5.31622E-14  2.32627E-13  5.73262E-17  0.00000E+00
  1.680E+02  9.89074E-01 -4.15198E-14  1.52710E-13  5.09241E-14  2.23342E-13  0.00000E+00  0.00000E+00
  1.685E+02  9.89962E-01 -4.20372E-14  1.50685E-13  4.86997E-14  2.14054E-13  5.84723E-17  0.00000E+00
  1.690E+02  9.90814E-01 -4.25305E-14  1.48746E-13  4.64884E-14  2.04764E-13  0.00000E+00  0.00000E+00
  1.695E+02  9.91627E-01 -4.29998E-14  1.46894E-13  4.42897E-14  1.95471E-13  0.00000E+00  0.00000E+00
  1.700E+02  9.92404E-01 -4.34456E-14  1.45129E-13  4.21029E-14  1.86177E-13  0.00000E+00  0.00000E+00
  1.705E+02  9.93143E-01 -4.38681E-14  1.43450E-13  3.99276E-14  1.76881E-13  6.05890E-17  0.00000E+00
  1.710E+02  9.93844E-01 -4.42675E-14  1.41859E-13  3.77630E-14  1.67582E-13  6.10744E-17  0.00000E+00
  1.715E+02  9.94508E-01 -4.46441E-14  1.40355E-13  3.56088E-14  1.58282E-13  0.00000E+00  0.00000E+00
  1.720E+02  9.95134E-01 -4.49980E-14  1.38937E-13  3.34641E-14  1.48980E-13  6.19853E-17  0.00000E+00
  1.725E+02  9.95722E-01 -4.53295E-14  1.37605E-13  3.13286E-14  1.39676E-13  1.24818E-16  0.00000E+00
  1.730E+02  9.96273E-01 -4.56386E-14  1.36359E-13  2.92016E-14  1.30371E-13  6.28108E-17  0.00000E+00
  1.735E+02  9.96786E-01 -4.59257E-14  1.35199E-13  2.70826E-14  1.21065E-13  6.31891E-17  6.58650E-17
  1.740E+02  9.97261E-01 -4.61908E-14  1.34125E-13  2.49709E-14  1.11757E-13  6.35430E-17  6.58239E-17
  1.745E+02  9.97698E-01 -4.64342E-14  1.33137E-13  2.28661E-14  1.02448E-13  6.38714E-17  0.00000E+00
  1.750E+02  9.98097E-01 -4.66561E-14  1.32237E-13  2.07675E-14  9.31382E-14  1.28347E-16  6.57518E-17
  1.755E+02  9.98459E-01 -4.68564E-14  1.31423E-13  1.86746E-14  8.38272E-14  1.28898E-16  1.97162E-16
  1.760E+02  9.98782E-01 -4.70353E-14  1.30694E-13  1.65868E-14  7.45153E-14  0.00000E+00  1.97078E-16
  1.765E+02  9.99067E-01 -4.71929E-14  1.30050E-13  1.45035E-14  6.52026E-14  0.00000E+00  6.56682E-17
  1.770E+02  9.99315E-01 -4.73292E-14  1.29491E-13  1.24242E-14  5.58893E-14  1.30223E-16  6.56469E-17
  1.775E+02  9.99524E-01 -4.74444E-14  1.29018E-13  1.03483E-14  4.65753E-14  1.30552E-16  3.60959E-16
  1.780E+02  9.99695E-01 -4.75386E-14  1.28632E-13  8.27524E-15  3.72608E-14  1.30821E-16  7.54564E-16
  1.785E+02  9.99829E-01 -4.76120E-14  1.28333E-13  6.20446E-15  2.79459E-14  6.55147E-17  1.01684E-15
  1.790E+02  9.99924E-01 -4.76643E-14  1.28121E-13  4.13537E-15  1.86308E-14  3.27944E-16  9.18326E-16
  1.795E+02  9.99981E-01 -4.76960E-14  1.27994E-13  2.06740E-15  9.31542E-15  3.93798E-16  9.18258E-16
  1.800E+02  1.00000E+00 -4.77060E-14  1.27953E-13  2.90113E-29  1.30727E-28  6.56476E-15  7.12620E-12
