 #  Scattering amplitudes (in cm)      MU=(1-cos(TH))/2
 #  Z =  47,   projectile: electron
 #  Kinetic energy = 6.05000E+06 eV
 #
 # TH (deg)      MU          Re(F)        Im(F)        Re(G)        Im(G)        ERRF         ERRG 
 #-----------------------------------------------------------------------------------------------------------------
  0.000E+00  0.00000E+00  1.08923E-06  1.14046E-07  0.00000E+00  0.00000E+00  3.74316E-09  0.00000E+00
  1.000E-04  7.61557E-13  1.08923E-06  1.14046E-07  8.76502E-13  9.17757E-14  3.74171E-09  1.88270E-07
  1.250E-04  1.18994E-12  1.08923E-06  1.14046E-07  1.09562E-12  1.14720E-13  3.74089E-09  1.88250E-07
  1.500E-04  1.71346E-12  1.08922E-06  1.14046E-07  1.31474E-12  1.37663E-13  3.73989E-09  1.88225E-07
  1.750E-04  2.33225E-12  1.08922E-06  1.14046E-07  1.53386E-12  1.60607E-13  3.73870E-09  1.88196E-07
  2.000E-04  3.04617E-12  1.08921E-06  1.14046E-07  1.75298E-12  1.83551E-13  3.73734E-09  1.88162E-07
  2.250E-04  3.85530E-12  1.08921E-06  1.14046E-07  1.97209E-12  2.06495E-13  3.73579E-09  1.88123E-07
  2.500E-04  4.75964E-12  1.08920E-06  1.14046E-07  2.19120E-12  2.29439E-13  3.73406E-09  1.88080E-07
  2.750E-04  5.75917E-12  1.08920E-06  1.14045E-07  2.41031E-12  2.52382E-13  3.73216E-09  1.88033E-07
  3.000E-04  6.85391E-12  1.08919E-06  1.14045E-07  2.62941E-12  2.75326E-13  3.73006E-09  1.87981E-07
  3.250E-04  8.04379E-12  1.08918E-06  1.14045E-07  2.84850E-12  2.98270E-13  3.72779E-09  1.87924E-07
  3.500E-04  9.32893E-12  1.08917E-06  1.14045E-07  3.06760E-12  3.21213E-13  3.72534E-09  1.87863E-07
  3.750E-04  1.07092E-11  1.08916E-06  1.14045E-07  3.28668E-12  3.44157E-13  3.72271E-09  1.87798E-07
  4.000E-04  1.21847E-11  1.08915E-06  1.14045E-07  3.50576E-12  3.67101E-13  3.71989E-09  1.87728E-07
  4.250E-04  1.37554E-11  1.08914E-06  1.14045E-07  3.72484E-12  3.90044E-13  3.71690E-09  1.87653E-07
  4.500E-04  1.54213E-11  1.08913E-06  1.14045E-07  3.94391E-12  4.12987E-13  3.71372E-09  1.87574E-07
  4.750E-04  1.71823E-11  1.08912E-06  1.14045E-07  4.16297E-12  4.35931E-13  3.71037E-09  1.87491E-07
  5.000E-04  1.90386E-11  1.08911E-06  1.14045E-07  4.38202E-12  4.58874E-13  3.70683E-09  1.87403E-07
  5.250E-04  2.09900E-11  1.08909E-06  1.14045E-07  4.60107E-12  4.81817E-13  3.70312E-09  1.87310E-07
  5.500E-04  2.30367E-11  1.08908E-06  1.14044E-07  4.82011E-12  5.04760E-13  3.69922E-09  1.87213E-07
  5.750E-04  2.51785E-11  1.08907E-06  1.14044E-07  5.03914E-12  5.27703E-13  3.69515E-09  1.87112E-07
  6.000E-04  2.74156E-11  1.08905E-06  1.14044E-07  5.25816E-12  5.50646E-13  3.69090E-09  1.87006E-07
  6.250E-04  2.97478E-11  1.08904E-06  1.14044E-07  5.47717E-12  5.73589E-13  3.68647E-09  1.86896E-07
  6.500E-04  3.21752E-11  1.08902E-06  1.14044E-07  5.69618E-12  5.96532E-13  3.68186E-09  1.86781E-07
  6.750E-04  3.46979E-11  1.08900E-06  1.14044E-07  5.91517E-12  6.19475E-13  3.67708E-09  1.86661E-07
  7.000E-04  3.73157E-11  1.08899E-06  1.14044E-07  6.13415E-12  6.42418E-13  3.67212E-09  1.86538E-07
  7.250E-04  4.00286E-11  1.08897E-06  1.14043E-07  6.35312E-12  6.65360E-13  3.66698E-09  1.86410E-07
  7.500E-04  4.28368E-11  1.08895E-06  1.14043E-07  6.57209E-12  6.88303E-13  3.66166E-09  1.86277E-07
  7.750E-04  4.57402E-11  1.08893E-06  1.14043E-07  6.79104E-12  7.11245E-13  3.65617E-09  1.86140E-07
  8.000E-04  4.87388E-11  1.08891E-06  1.14043E-07  7.00997E-12  7.34187E-13  3.65050E-09  1.85998E-07
  8.250E-04  5.18325E-11  1.08889E-06  1.14043E-07  7.22890E-12  7.57129E-13  3.64465E-09  1.85852E-07
  8.500E-04  5.50215E-11  1.08887E-06  1.14043E-07  7.44781E-12  7.80071E-13  3.63863E-09  1.85702E-07
  8.750E-04  5.83057E-11  1.08885E-06  1.14042E-07  7.66672E-12  8.03013E-13  3.63244E-09  1.85547E-07
  9.000E-04  6.16850E-11  1.08883E-06  1.14042E-07  7.88560E-12  8.25955E-13  3.62607E-09  1.85388E-07
  9.250E-04  6.51595E-11  1.08880E-06  1.14042E-07  8.10448E-12  8.48897E-13  3.61953E-09  1.85225E-07
  9.500E-04  6.87293E-11  1.08878E-06  1.14042E-07  8.32334E-12  8.71838E-13  3.61282E-09  1.85057E-07
  9.750E-04  7.23943E-11  1.08876E-06  1.14042E-07  8.54218E-12  8.94780E-13  3.60593E-09  1.84885E-07
  1.000E-03  7.61544E-11  1.08873E-06  1.14041E-07  8.76101E-12  9.17721E-13  3.59887E-09  1.84708E-07
  1.250E-03  1.18991E-10  1.08845E-06  1.14039E-07  1.09484E-11  1.14713E-12  3.51890E-09  1.82704E-07
  1.500E-03  1.71347E-10  1.08810E-06  1.14036E-07  1.31339E-11  1.37651E-12  3.42233E-09  1.80273E-07
  1.750E-03  2.33223E-10  1.08770E-06  1.14032E-07  1.53172E-11  1.60588E-12  3.30985E-09  1.77427E-07
  2.000E-03  3.04617E-10  1.08723E-06  1.14028E-07  1.74978E-11  1.83523E-12  3.18224E-09  1.74179E-07
  2.250E-03  3.85531E-10  1.08670E-06  1.14023E-07  1.96754E-11  2.06454E-12  3.04041E-09  1.70545E-07
  2.500E-03  4.75965E-10  1.08610E-06  1.14018E-07  2.18497E-11  2.29383E-12  2.88536E-09  1.66541E-07
  2.750E-03  5.75917E-10  1.08545E-06  1.14012E-07  2.40202E-11  2.52309E-12  2.71819E-09  1.62186E-07
  3.000E-03  6.85389E-10  1.08473E-06  1.14006E-07  2.61866E-11  2.75230E-12  2.54007E-09  1.57499E-07
  3.250E-03  8.04380E-10  1.08396E-06  1.13999E-07  2.83485E-11  2.98148E-12  2.35226E-09  1.52502E-07
  3.500E-03  9.32891E-10  1.08312E-06  1.13991E-07  3.05056E-11  3.21061E-12  2.15606E-09  1.47218E-07
  3.750E-03  1.07092E-09  1.08223E-06  1.13983E-07  3.26576E-11  3.43970E-12  1.95284E-09  1.41671E-07
  4.000E-03  1.21847E-09  1.08127E-06  1.13974E-07  3.48040E-11  3.66873E-12  1.74403E-09  1.35885E-07
  4.250E-03  1.37554E-09  1.08026E-06  1.13965E-07  3.69446E-11  3.89771E-12  1.53105E-09  1.29887E-07
  4.500E-03  1.54213E-09  1.07919E-06  1.13956E-07  3.90790E-11  4.12664E-12  1.31538E-09  1.23703E-07
  4.750E-03  1.71823E-09  1.07806E-06  1.13945E-07  4.12069E-11  4.35550E-12  1.09851E-09  1.17361E-07
  5.000E-03  1.90386E-09  1.07687E-06  1.13934E-07  4.33279E-11  4.58430E-12  8.81890E-10  1.10889E-07
  5.250E-03  2.09900E-09  1.07563E-06  1.13923E-07  4.54418E-11  4.81304E-12  6.67004E-10  1.04314E-07
  5.500E-03  2.30367E-09  1.07433E-06  1.13911E-07  4.75481E-11  5.04170E-12  4.55289E-10  9.76644E-08
  5.750E-03  2.51785E-09  1.07297E-06  1.13899E-07  4.96467E-11  5.27029E-12  2.48156E-10  9.09691E-08
  6.000E-03  2.74156E-09  1.07156E-06  1.13886E-07  5.17372E-11  5.49880E-12  4.69646E-11  8.42561E-08
  6.250E-03  2.97478E-09  1.07010E-06  1.13872E-07  5.38193E-11  5.72724E-12  1.46972E-10  7.75530E-08
  6.500E-03  3.21752E-09  1.06858E-06  1.13858E-07  5.58926E-11  5.95559E-12  3.32413E-10  7.08874E-08
  6.750E-03  3.46978E-09  1.06701E-06  1.13843E-07  5.79571E-11  6.18385E-12  5.08186E-10  6.42861E-08
  7.000E-03  3.73156E-09  1.06539E-06  1.13828E-07  6.00122E-11  6.41202E-12  6.73205E-10  5.77750E-08
  7.250E-03  4.00286E-09  1.06371E-06  1.13812E-07  6.20579E-11  6.64010E-12  8.26472E-10  5.13795E-08
  7.500E-03  4.28368E-09  1.06199E-06  1.13796E-07  6.40937E-11  6.86808E-12  9.67090E-10  4.51237E-08
  7.750E-03  4.57402E-09  1.06022E-06  1.13779E-07  6.61196E-11  7.09597E-12  1.09426E-09  3.90307E-08
  8.000E-03  4.87388E-09  1.05839E-06  1.13761E-07  6.81351E-11  7.32375E-12  1.20731E-09  3.31224E-08
  8.250E-03  5.18326E-09  1.05652E-06  1.13743E-07  7.01401E-11  7.55142E-12  1.30566E-09  2.74194E-08
  8.500E-03  5.50215E-09  1.05460E-06  1.13725E-07  7.21344E-11  7.77899E-12  1.38887E-09  2.19406E-08
  8.750E-03  5.83057E-09  1.05264E-06  1.13706E-07  7.41177E-11  8.00644E-12  1.45661E-09  1.67037E-08
  9.000E-03  6.16850E-09  1.05063E-06  1.13686E-07  7.60897E-11  8.23378E-12  1.50866E-09  1.17245E-08
  9.250E-03  6.51596E-09  1.04857E-06  1.13666E-07  7.80504E-11  8.46100E-12  1.54497E-09  7.01738E-09
  9.500E-03  6.87293E-09  1.04647E-06  1.13646E-07  7.99994E-11  8.68809E-12  1.56556E-09  2.59482E-09
  9.750E-03  7.23942E-09  1.04433E-06  1.13624E-07  8.19366E-11  8.91506E-12  1.57062E-09  1.53244E-09
  1.000E-02  7.61544E-09  1.04215E-06  1.13603E-07  8.38619E-11  9.14191E-12  1.56042E-09  5.35548E-09
  1.250E-02  1.18991E-08  1.01820E-06  1.13356E-07  1.02418E-10  1.14026E-11  7.61735E-10  2.62074E-08
  1.500E-02  1.71347E-08  9.91064E-07  1.13057E-07  1.19627E-10  1.36471E-11  5.64681E-10  1.98439E-08
  1.750E-02  2.33223E-08  9.61644E-07  1.12708E-07  1.35421E-10  1.58724E-11  1.26752E-09  1.30365E-09
  2.000E-02  3.04617E-08  9.30772E-07  1.12310E-07  1.49799E-10  1.80758E-11  8.13726E-10  1.24833E-08
  2.250E-02  3.85531E-08  8.99163E-07  1.11865E-07  1.62801E-10  2.02546E-11  3.29020E-10  1.28994E-08
  2.500E-02  4.75965E-08  8.67400E-07  1.11374E-07  1.74499E-10  2.24065E-11  1.13326E-09  2.99665E-09
  2.750E-02  5.75917E-08  8.35927E-07  1.10841E-07  1.84985E-10  2.45292E-11  9.03546E-10  7.29215E-09
  3.000E-02  6.85389E-08  8.05072E-07  1.10267E-07  1.94353E-10  2.66205E-11  1.33071E-10  9.75116E-09
  3.250E-02  8.04380E-08  7.75054E-07  1.09655E-07  2.02698E-10  2.86787E-11  1.04037E-09  3.74471E-09
  3.500E-02  9.32891E-08  7.46013E-07  1.09006E-07  2.10111E-10  3.07021E-11  1.00442E-09  4.52110E-09
  3.750E-02  1.07092E-07  7.18023E-07  1.08323E-07  2.16673E-10  3.26890E-11  5.68160E-11  7.89958E-09
  4.000E-02  1.21847E-07  6.91116E-07  1.07609E-07  2.22457E-10  3.46383E-11  9.50352E-10  4.17482E-09
  4.250E-02  1.37554E-07  6.65289E-07  1.06865E-07  2.27528E-10  3.65487E-11  1.10353E-09  2.71776E-09
  4.500E-02  1.54213E-07  6.40522E-07  1.06093E-07  2.31943E-10  3.84193E-11  2.51310E-10  6.60621E-09
  4.750E-02  1.71823E-07  6.16781E-07  1.05296E-07  2.35755E-10  4.02492E-11  8.46661E-10  4.44888E-09
  5.000E-02  1.90386E-07  5.94025E-07  1.04477E-07  2.39007E-10  4.20377E-11  1.19252E-09  1.38972E-09
  5.250E-02  2.09900E-07  5.72212E-07  1.03635E-07  2.41742E-10  4.37842E-11  4.53091E-10  5.58685E-09
  5.500E-02  2.30367E-07  5.51297E-07  1.02775E-07  2.43997E-10  4.54884E-11  7.21028E-10  4.62167E-09
  5.750E-02  2.51785E-07  5.31239E-07  1.01897E-07  2.45807E-10  4.71499E-11  1.26477E-09  3.31336E-10
  6.000E-02  2.74156E-07  5.11998E-07  1.01004E-07  2.47204E-10  4.87685E-11  6.61370E-10  4.71143E-09
  6.250E-02  2.97478E-07  4.93534E-07  1.00097E-07  2.48218E-10  5.03442E-11  5.68815E-10  4.71409E-09
  6.500E-02  3.21752E-07  4.75812E-07  9.91768E-08  2.48877E-10  5.18769E-11  1.31417E-09  5.55375E-10
  6.750E-02  3.46978E-07  4.58800E-07  9.82464E-08  2.49209E-10  5.33668E-11  8.73292E-10  3.91267E-09
  7.000E-02  3.73156E-07  4.42466E-07  9.73068E-08  2.49238E-10  5.48140E-11  3.87419E-10  4.73338E-09
  7.250E-02  4.00286E-07  4.26780E-07  9.63592E-08  2.48988E-10  5.62189E-11  1.33469E-09  1.32030E-09
  7.500E-02  4.28368E-07  4.11715E-07  9.54052E-08  2.48482E-10  5.75817E-11  1.08436E-09  3.15323E-09
  7.750E-02  4.57402E-07  3.97246E-07  9.44460E-08  2.47741E-10  5.89029E-11  1.75858E-10  4.68063E-09
  8.000E-02  4.87388E-07  3.83347E-07  9.34828E-08  2.46785E-10  6.01829E-11  1.32042E-09  1.98877E-09
  8.250E-02  5.18325E-07  3.69997E-07  9.25167E-08  2.45635E-10  6.14222E-11  1.28863E-09  2.41228E-09
  8.500E-02  5.50215E-07  3.57174E-07  9.15488E-08  2.44307E-10  6.26215E-11  6.52204E-11  4.55425E-09
  8.750E-02  5.83057E-07  3.44855E-07  9.05802E-08  2.42819E-10  6.37813E-11  1.26573E-09  2.57227E-09
  9.000E-02  6.16850E-07  3.33022E-07  8.96118E-08  2.41186E-10  6.49023E-11  1.47886E-09  1.67933E-09
  9.250E-02  6.51596E-07  3.21655E-07  8.86446E-08  2.39425E-10  6.59851E-11  3.33399E-10  4.35193E-09
  9.500E-02  6.87293E-07  3.10737E-07  8.76792E-08  2.37549E-10  6.70306E-11  1.16569E-09  3.07401E-09
  9.750E-02  7.23942E-07  3.00249E-07  8.67167E-08  2.35572E-10  6.80393E-11  1.64674E-09  9.51077E-10
  1.000E-01  7.61543E-07  2.90174E-07  8.57577E-08  2.33505E-10  6.90122E-11  6.24356E-10  4.07196E-09
  1.250E-01  1.18991E-06  2.08900E-07  7.64918E-08  2.10130E-10  7.69449E-11  2.60028E-10  4.19506E-09
  1.500E-01  1.71347E-06  1.54442E-07  6.80839E-08  1.86422E-10  8.21851E-11  1.46331E-09  3.42828E-09
  1.750E-01  2.33223E-06  1.17579E-07  6.06969E-08  1.65581E-10  8.54799E-11  2.66800E-09  1.84682E-09
  2.000E-01  3.04617E-06  9.21171E-08  5.43137E-08  1.48257E-10  8.74181E-11  3.42862E-09  2.24891E-10
  2.250E-01  3.85531E-06  7.40141E-08  4.88312E-08  1.34012E-10  8.84189E-11  3.34260E-09  2.29038E-09
  2.500E-01  4.75964E-06  6.06965E-08  4.41177E-08  1.22110E-10  8.87608E-11  2.21808E-09  3.83488E-09
  2.750E-01  5.75916E-06  5.05539E-08  4.00443E-08  1.11876E-10  8.86224E-11  1.69638E-10  4.47083E-09
  3.000E-01  6.85388E-06  4.25845E-08  3.64981E-08  1.02807E-10  8.81180E-11  2.38001E-09  4.03151E-09
  3.250E-01  8.04378E-06  3.61619E-08  3.33868E-08  9.45768E-11  8.73242E-11  4.78519E-09  2.60506E-09
  3.500E-01  9.32888E-06  3.08862E-08  3.06372E-08  8.69929E-11  8.62971E-11  6.33094E-09  5.13264E-10
  3.750E-01  1.07092E-05  2.64940E-08  2.81920E-08  7.99524E-11  8.50821E-11  6.42523E-09  1.75823E-09
  4.000E-01  1.21846E-05  2.28037E-08  2.60061E-08  7.34040E-11  8.37183E-11  4.78657E-09  3.66691E-09
  4.250E-01  1.37553E-05  1.96840E-08  2.40442E-08  6.73220E-11  8.22406E-11  1.57474E-09  4.73848E-09
  4.500E-01  1.54212E-05  1.70354E-08  2.22774E-08  6.16906E-11  8.06803E-11  2.58297E-09  4.68336E-09
  4.750E-01  1.71822E-05  1.47795E-08  2.06822E-08  5.64948E-11  7.90650E-11  6.69599E-09  3.47548E-09
  5.000E-01  1.90385E-05  1.28530E-08  1.92387E-08  5.17168E-11  7.74181E-11  9.63605E-09  1.37078E-09
  5.250E-01  2.09899E-05  1.12038E-08  1.79299E-08  4.73349E-11  7.57595E-11  1.04359E-08  1.14365E-09
  5.500E-01  2.30365E-05  9.78841E-09  1.67410E-08  4.33243E-11  7.41049E-11  8.58363E-09  3.46120E-09
  5.750E-01  2.51783E-05  8.57043E-09  1.56591E-08  3.96576E-11  7.24669E-11  4.22642E-09  5.00250E-09
  6.000E-01  2.74153E-05  7.51935E-09  1.46727E-08  3.63067E-11  7.08549E-11  1.78735E-09  5.36127E-09
  6.250E-01  2.97475E-05  6.60955E-09  1.37717E-08  3.32434E-11  6.92757E-11  8.05757E-09  4.41179E-09
  6.500E-01  3.21749E-05  5.81950E-09  1.29473E-08  3.04405E-11  6.77342E-11  1.29526E-08  2.34926E-09
  6.750E-01  3.46974E-05  5.13118E-09  1.21914E-08  2.78723E-11  6.62332E-11  1.50280E-08  3.49249E-10
  7.000E-01  3.73152E-05  4.52944E-09  1.14970E-08  2.55147E-11  6.47746E-11  1.34366E-08  3.03572E-09
  7.250E-01  4.00281E-05  4.00159E-09  1.08579E-08  2.33462E-11  6.33589E-11  8.21702E-09  5.04775E-09
  7.500E-01  4.28362E-05  3.53699E-09  1.02684E-08  2.13470E-11  6.19861E-11  3.69667E-10  5.87261E-09
  7.750E-01  4.57395E-05  3.12670E-09  9.72381E-09  1.94996E-11  6.06555E-11  8.31888E-09  5.27805E-09
  8.000E-01  4.87380E-05  2.76319E-09  9.21961E-09  1.77883E-11  5.93660E-11  1.56770E-08  3.37629E-09
  8.250E-01  5.18317E-05  2.44015E-09  8.75198E-09  1.61993E-11  5.81164E-11  1.96864E-08  6.04219E-10
  8.500E-01  5.50205E-05  2.15222E-09  8.31748E-09  1.47206E-11  5.69053E-11  1.90246E-08  2.37734E-09
  8.750E-01  5.83045E-05  1.89488E-09  7.91306E-09  1.33413E-11  5.57311E-11  1.34690E-08  4.84165E-09
  9.000E-01  6.16838E-05  1.66429E-09  7.53600E-09  1.20523E-11  5.45924E-11  4.04300E-09  6.17369E-09
  9.250E-01  6.51582E-05  1.45717E-09  7.18388E-09  1.08453E-11  5.34875E-11  7.15104E-09  6.02369E-09
  9.500E-01  6.87277E-05  1.27074E-09  6.85454E-09  9.71296E-12  5.24152E-11  1.73941E-08  4.39845E-09
  9.750E-01  7.23925E-05  1.10259E-09  6.54606E-09  8.64910E-12  5.13739E-11  2.40063E-08  1.66664E-09
  1.000E+00  7.61524E-05  9.50657E-10  6.25669E-09  7.64809E-12  5.03624E-11  2.90215E-13  3.28489E-13
  1.100E+00  9.21439E-05  4.72719E-10  5.26168E-09  4.18166E-12  4.65900E-11  1.59655E-13  8.91179E-13
  1.200E+00  1.09658E-04  1.46330E-10  4.47277E-09  1.40948E-12  4.32063E-11  8.52455E-14  7.06347E-13
  1.300E+00  1.28695E-04 -7.87984E-11  3.83733E-09 -8.28675E-13  4.01583E-11  1.65922E-13  9.69061E-14
  1.400E+00  1.49255E-04 -2.34376E-10  3.31877E-09 -2.64557E-12  3.74043E-11  5.13370E-14  4.93582E-13
  1.500E+00  1.71338E-04 -3.41260E-10  2.89085E-09 -4.12507E-12  3.49099E-11  8.63366E-14  2.43928E-13
  1.600E+00  1.94942E-04 -4.13606E-10  2.53431E-09 -5.33187E-12  3.26456E-11  9.76517E-14  1.74790E-13
  1.700E+00  2.20070E-04 -4.61241E-10  2.23468E-09 -6.31704E-12  3.05861E-11  1.10908E-15  2.77687E-13
  1.800E+00  2.46720E-04 -4.91097E-10  1.98092E-09 -7.12131E-12  2.87087E-11  7.56497E-14  5.42952E-14
  1.900E+00  2.74892E-04 -5.08123E-10  1.76448E-09 -7.77745E-12  2.69936E-11  5.35670E-14  1.65039E-13
  2.000E+00  3.04586E-04 -5.15884E-10  1.57868E-09 -8.31187E-12  2.54231E-11  2.37499E-14  1.46520E-13
  2.100E+00  3.35803E-04 -5.16968E-10  1.41820E-09 -8.74591E-12  2.39815E-11  6.04840E-14  2.83076E-14
  2.200E+00  3.68542E-04 -5.13263E-10  1.27882E-09 -9.09690E-12  2.26552E-11  2.26860E-14  1.29829E-13
  2.300E+00  4.02802E-04 -5.06155E-10  1.15713E-09 -9.37891E-12  2.14320E-11  3.46044E-14  6.29875E-14
  2.400E+00  4.38585E-04 -4.96663E-10  1.05037E-09 -9.60344E-12  2.03012E-11  4.35581E-14  6.02521E-14
  2.500E+00  4.75889E-04 -4.85541E-10  9.56283E-10 -9.77987E-12  1.92535E-11  1.44174E-15  8.94032E-14
  2.600E+00  5.14715E-04 -4.73345E-10  8.73009E-10 -9.91593E-12  1.82806E-11  3.63360E-14  1.08838E-14
  2.700E+00  5.55063E-04 -4.60490E-10  7.99015E-10 -1.00180E-11  1.73753E-11  2.68063E-14  6.51364E-14
  2.800E+00  5.96931E-04 -4.47278E-10  7.33022E-10 -1.00913E-11  1.65312E-11  1.28179E-14  5.21145E-14
  2.900E+00  6.40321E-04 -4.33936E-10  6.73961E-10 -1.01404E-11  1.57427E-11  3.23910E-14  1.90369E-14
  3.000E+00  6.85233E-04 -4.20629E-10  6.20932E-10 -1.01687E-11  1.50047E-11  1.17339E-14  5.56646E-14
  3.100E+00  7.31665E-04 -4.07476E-10  5.73173E-10 -1.01796E-11  1.43128E-11  2.02774E-14  2.17523E-14
  3.200E+00  7.79618E-04 -3.94565E-10  5.30037E-10 -1.01754E-11  1.36631E-11  2.47625E-14  3.23765E-14
  3.300E+00  8.29092E-04 -3.81956E-10  4.90971E-10 -1.01585E-11  1.30521E-11  6.55169E-16  3.97160E-14
  3.400E+00  8.80086E-04 -3.69690E-10  4.55501E-10 -1.01306E-11  1.24766E-11  2.25805E-14  1.00100E-15
  3.500E+00  9.32601E-04 -3.57795E-10  4.23219E-10 -1.00935E-11  1.19338E-11  1.56198E-14  3.44400E-14
  3.600E+00  9.86636E-04 -3.46287E-10  3.93772E-10 -1.00484E-11  1.14211E-11  9.46703E-15  2.24210E-14
  3.700E+00  1.04219E-03 -3.35173E-10  3.66853E-10 -9.99652E-12  1.09363E-11  2.06321E-14  1.50247E-14
  3.800E+00  1.09927E-03 -3.24456E-10  3.42196E-10 -9.93887E-12  1.04774E-11  6.39119E-15  2.91246E-14
  3.900E+00  1.15786E-03 -3.14132E-10  3.19567E-10 -9.87632E-12  1.00424E-11  1.42228E-14  7.06336E-15
  4.000E+00  1.21797E-03 -3.04195E-10  2.98761E-10 -9.80961E-12  9.62973E-12  1.59448E-14  2.12025E-14
  4.100E+00  1.27961E-03 -2.94638E-10  2.79599E-10 -9.73940E-12  9.23776E-12  1.89546E-15  2.03898E-14
  4.200E+00  1.34276E-03 -2.85449E-10  2.61921E-10 -9.66625E-12  8.86512E-12  1.57419E-14  4.55494E-15
  4.300E+00  1.40743E-03 -2.76617E-10  2.45587E-10 -9.59067E-12  8.51053E-12  9.36702E-15  2.09848E-14
  4.400E+00  1.47362E-03 -2.68129E-10  2.30473E-10 -9.51307E-12  8.17282E-12  7.57098E-15  1.00616E-14
  4.500E+00  1.54133E-03 -2.59974E-10  2.16466E-10 -9.43383E-12  7.85091E-12  1.42043E-14  1.15900E-14
  4.600E+00  1.61056E-03 -2.52139E-10  2.03469E-10 -9.35329E-12  7.54381E-12  3.33340E-15  1.70292E-14
  4.700E+00  1.68131E-03 -2.44610E-10  1.91392E-10 -9.27174E-12  7.25063E-12  1.11679E-14  8.62389E-16
  4.800E+00  1.75357E-03 -2.37375E-10  1.80157E-10 -9.18941E-12  6.97050E-12  1.05473E-14  1.40451E-14
  4.900E+00  1.82735E-03 -2.30422E-10  1.69692E-10 -9.10654E-12  6.70268E-12  2.78514E-15  1.09323E-14
  5.000E+00  1.90265E-03 -2.23738E-10  1.59934E-10 -9.02332E-12  6.44643E-12  1.13959E-14  5.77792E-15
  5.100E+00  1.97947E-03 -2.17312E-10  1.50824E-10 -8.93991E-12  6.20110E-12  5.67598E-15  1.37276E-14
  5.200E+00  2.05780E-03 -2.11132E-10  1.42311E-10 -8.85647E-12  5.96608E-12  6.88549E-15  4.07085E-15
  5.300E+00  2.13765E-03 -2.05188E-10  1.34348E-10 -8.77313E-12  5.74078E-12  1.04987E-14  9.45219E-15
  5.400E+00  2.21902E-03 -1.99469E-10  1.26891E-10 -8.69000E-12  5.52469E-12  9.62621E-16  1.01389E-14
  5.500E+00  2.30190E-03 -1.93966E-10  1.19902E-10 -8.60718E-12  5.31730E-12  8.57851E-15  1.50260E-15
  5.600E+00  2.38630E-03 -1.88667E-10  1.13346E-10 -8.52476E-12  5.11817E-12  7.15266E-15  1.05012E-14
  5.700E+00  2.47222E-03 -1.83565E-10  1.07190E-10 -8.44282E-12  4.92685E-12  2.91099E-15  5.58855E-15
  5.800E+00  2.55965E-03 -1.78651E-10  1.01405E-10 -8.36141E-12  4.74294E-12  8.84624E-15  5.61874E-15
  5.900E+00  2.64859E-03 -1.73916E-10  9.59651E-11 -8.28060E-12  4.56608E-12  3.31726E-15  9.11636E-15
  6.000E+00  2.73905E-03 -1.69352E-10  9.08447E-11 -8.20043E-12  4.39591E-12  5.82903E-15  1.04874E-15
  6.100E+00  2.83103E-03 -1.64952E-10  8.60217E-11 -8.12095E-12  4.23209E-12  7.51554E-15  7.30085E-15
  6.200E+00  2.92452E-03 -1.60708E-10  8.14756E-11 -8.04220E-12  4.07433E-12  0.00000E+00  5.68955E-15
  6.300E+00  3.01952E-03 -1.56614E-10  7.71875E-11 -7.96420E-12  3.92232E-12  7.03908E-15  2.46866E-15
  6.400E+00  3.11604E-03 -1.52663E-10  7.31399E-11 -7.88698E-12  3.77580E-12  5.28364E-15  7.53985E-15
  6.500E+00  3.21407E-03 -1.48849E-10  6.93168E-11 -7.81057E-12  3.63452E-12  2.80771E-15  2.49449E-15
  6.600E+00  3.31362E-03 -1.45166E-10  6.57035E-11 -7.73497E-12  3.49822E-12  6.88513E-15  5.18155E-15
  6.700E+00  3.41468E-03 -1.41609E-10  6.22864E-11 -7.66021E-12  3.36668E-12  1.86367E-15  5.52762E-15
  6.800E+00  3.51725E-03 -1.38172E-10  5.90529E-11 -7.58629E-12  3.23969E-12  5.57607E-15  6.50079E-16
  6.900E+00  3.62133E-03 -1.34850E-10  5.59913E-11 -7.51323E-12  3.11705E-12  5.41326E-15  5.67912E-15
  7.000E+00  3.72692E-03 -1.31638E-10  5.30910E-11 -7.44102E-12  2.99856E-12  1.56303E-15  3.67661E-15
  7.100E+00  3.83403E-03 -1.28531E-10  5.03419E-11 -7.36968E-12  2.88404E-12  5.79855E-15  2.97648E-15
  7.200E+00  3.94265E-03 -1.25526E-10  4.77348E-11 -7.29921E-12  2.77332E-12  2.95232E-15  5.20699E-15
  7.300E+00  4.05278E-03 -1.22618E-10  4.52610E-11 -7.22960E-12  2.66624E-12  3.13180E-15  8.43754E-16
  7.400E+00  4.16442E-03 -1.19804E-10  4.29127E-11 -7.16086E-12  2.56265E-12  5.20444E-15  4.37684E-15
  7.500E+00  4.27757E-03 -1.17078E-10  4.06824E-11 -7.09298E-12  2.46241E-12  4.94104E-16  3.99243E-15
  7.600E+00  4.39223E-03 -1.14439E-10  3.85631E-11 -7.02595E-12  2.36536E-12  4.44923E-15  1.29533E-15
  7.700E+00  4.50840E-03 -1.11881E-10  3.65485E-11 -6.95978E-12  2.27139E-12  3.98144E-15  4.41429E-15
  7.800E+00  4.62608E-03 -1.09403E-10  3.46326E-11 -6.89446E-12  2.18037E-12  1.59704E-15  1.84267E-15
  7.900E+00  4.74527E-03 -1.07001E-10  3.28097E-11 -6.82998E-12  2.09219E-12  4.66883E-15  3.23166E-15
  8.000E+00  4.86597E-03 -1.04672E-10  3.10747E-11 -6.76634E-12  2.00672E-12  1.73377E-15  4.08298E-15
  8.100E+00  4.98817E-03 -1.02413E-10  2.94226E-11 -6.70352E-12  1.92387E-12  3.16988E-15  0.00000E+00
  8.200E+00  5.11188E-03 -1.00222E-10  2.78489E-11 -6.64153E-12  1.84353E-12  3.91642E-15  3.43853E-15
  8.300E+00  5.23711E-03 -9.80958E-11  2.63493E-11 -6.58034E-12  1.76561E-12  4.02236E-16  2.16416E-15
  8.400E+00  5.36383E-03 -9.60320E-11  2.49197E-11 -6.51995E-12  1.69001E-12  3.92576E-15  1.90068E-15
  8.500E+00  5.49207E-03 -9.40283E-11  2.35566E-11 -6.46036E-12  1.61665E-12  3.06607E-15  3.29827E-15
  8.600E+00  5.62181E-03 -9.20827E-11  2.22563E-11 -6.40155E-12  1.54544E-12  1.87134E-15  6.03821E-16
  8.700E+00  5.75306E-03 -9.01928E-11  2.10155E-11 -6.34352E-12  1.47631E-12  3.83867E-15  2.75204E-15
  8.800E+00  5.88581E-03 -8.83566E-11  1.98311E-11 -6.28624E-12  1.40918E-12  3.57205E-16  2.30443E-15
  8.900E+00  6.02007E-03 -8.65723E-11  1.87002E-11 -6.22972E-12  1.34398E-12  2.96740E-15  7.50604E-16
  9.000E+00  6.15583E-03 -8.48379E-11  1.76201E-11 -6.17395E-12  1.28063E-12  2.73022E-15  2.75120E-15
  9.100E+00  6.29310E-03 -8.31517E-11  1.65883E-11 -6.11890E-12  1.21908E-12  8.34271E-16  1.25521E-15
  9.200E+00  6.43187E-03 -8.15118E-11  1.56022E-11 -6.06458E-12  1.15925E-12  2.93748E-15  1.57817E-15
  9.300E+00  6.57214E-03 -7.99168E-11  1.46596E-11 -6.01097E-12  1.10109E-12  1.91582E-15  2.40124E-15
  9.400E+00  6.71392E-03 -7.83650E-11  1.37583E-11 -5.95806E-12  1.04455E-12  1.87467E-15  1.67805E-16
  9.500E+00  6.85720E-03 -7.68550E-11  1.28964E-11 -5.90584E-12  9.89555E-13  3.21096E-15  2.13475E-15
  9.600E+00  7.00198E-03 -7.53852E-11  1.20718E-11 -5.85431E-12  9.36064E-13  1.49687E-16  2.08949E-15
  9.700E+00  7.14827E-03 -7.39544E-11  1.12829E-11 -5.80344E-12  8.84025E-13  2.19857E-15  7.86784E-16
  9.800E+00  7.29605E-03 -7.25611E-11  1.05278E-11 -5.75324E-12  8.33389E-13  2.44038E-15  1.84905E-15
  9.900E+00  7.44534E-03 -7.12042E-11  9.80504E-12 -5.70369E-12  7.84109E-13  1.26561E-15  7.54590E-16
  1.000E+01  7.59612E-03 -6.98824E-11  9.11301E-12 -5.65477E-12  7.36141E-13  2.48011E-15  1.77413E-15
  1.025E+01  7.97965E-03 -6.67240E-11  7.50822E-12 -5.53523E-12  6.21681E-13  6.55239E-16  1.54608E-15
  1.050E+01  8.37255E-03 -6.37609E-11  6.06635E-12 -5.41947E-12  5.14530E-13  1.99667E-15  8.02686E-16
  1.075E+01  8.77480E-03 -6.09777E-11  4.76953E-12 -5.30735E-12  4.14126E-13  8.32797E-16  1.52977E-15
  1.100E+01  9.18641E-03 -5.83607E-11  3.60208E-12 -5.19873E-12  3.19957E-13  1.58965E-15  3.64831E-16
  1.125E+01  9.60736E-03 -5.58971E-11  2.55027E-12 -5.09346E-12  2.31558E-13  1.30180E-15  1.27744E-15
  1.150E+01  1.00376E-02 -5.35756E-11  1.60198E-12 -4.99142E-12  1.48509E-13  8.29997E-16  1.11009E-16
  1.175E+01  1.04773E-02 -5.13857E-11  7.46543E-13 -4.89248E-12  7.04235E-14  1.78772E-15  6.37280E-16
  1.200E+01  1.09262E-02 -4.93178E-11 -2.54707E-14 -4.79651E-12 -3.04780E-15  1.90326E-16  4.06871E-16
  1.225E+01  1.13844E-02 -4.73634E-11 -7.22425E-13 -4.70339E-12 -7.22261E-14  1.64273E-15  9.74978E-16
  1.250E+01  1.18520E-02 -4.55145E-11 -1.35175E-12 -4.61302E-12 -1.37405E-13  0.00000E+00  3.74125E-16
  1.275E+01  1.23288E-02 -4.37639E-11 -1.92004E-12 -4.52529E-12 -1.98854E-13  1.34634E-15  0.00000E+00
  1.300E+01  1.28150E-02 -4.21049E-11 -2.43318E-12 -4.44008E-12 -2.56820E-13  3.23579E-16  3.45126E-16
  1.325E+01  1.33104E-02 -4.05313E-11 -2.89643E-12 -4.35732E-12 -3.11531E-13  9.33933E-16  3.31856E-16
  1.350E+01  1.38150E-02 -3.90376E-11 -3.31450E-12 -4.27689E-12 -3.63197E-13  2.99726E-16  6.38652E-16
  1.375E+01  1.43290E-02 -3.76186E-11 -3.69158E-12 -4.19871E-12 -4.12010E-13  8.66321E-16  4.61221E-16
  1.400E+01  1.48521E-02 -3.62696E-11 -4.03146E-12 -4.12270E-12 -4.58150E-13  5.56820E-16  4.44409E-16
  1.425E+01  1.53845E-02 -3.49861E-11 -4.33753E-12 -4.04877E-12 -5.01781E-13  8.05778E-16  2.85657E-16
  1.450E+01  1.59262E-02 -3.37641E-11 -4.61286E-12 -3.97685E-12 -5.43055E-13  6.48213E-16  1.37796E-16
  1.475E+01  1.64770E-02 -3.25998E-11 -4.86020E-12 -3.90686E-12 -5.82115E-13  2.50452E-16  0.00000E+00
  1.500E+01  1.70371E-02 -3.14898E-11 -5.08203E-12 -3.83873E-12 -6.19092E-13  7.26188E-16  3.85456E-16
  1.525E+01  1.76063E-02 -3.04308E-11 -5.28061E-12 -3.77239E-12 -6.54108E-13  1.17044E-16  1.24174E-16
  1.550E+01  1.81848E-02 -2.94198E-11 -5.45796E-12 -3.70778E-12 -6.87275E-13  6.79499E-16  3.60219E-16
  1.575E+01  1.87724E-02 -2.84541E-11 -5.61594E-12 -3.64483E-12 -7.18701E-13  3.28913E-16  1.16168E-16
  1.600E+01  1.93692E-02 -2.75311E-11 -5.75622E-12 -3.58349E-12 -7.48483E-13  0.00000E+00  2.24895E-16
  1.625E+01  1.99751E-02 -2.66484E-11 -5.88031E-12 -3.52370E-12 -7.76713E-13  4.11652E-16  1.08900E-16
  1.650E+01  2.05901E-02 -2.58037E-11 -5.98960E-12 -3.46540E-12 -8.03477E-13  0.00000E+00  0.00000E+00
  1.675E+01  2.12143E-02 -2.49949E-11 -6.08534E-12 -3.40855E-12 -8.28854E-13  3.87157E-16  4.09126E-16
  1.700E+01  2.18476E-02 -2.42201E-11 -6.16868E-12 -3.35309E-12 -8.52919E-13  1.87862E-16  1.98385E-16
  1.725E+01  2.24900E-02 -2.34776E-11 -6.24065E-12 -3.29897E-12 -8.75743E-13  5.47185E-16  0.00000E+00
  1.750E+01  2.31415E-02 -2.27655E-11 -6.30222E-12 -3.24616E-12 -8.97392E-13  1.77164E-16  1.86826E-16
  1.775E+01  2.38021E-02 -2.20823E-11 -6.35425E-12 -3.19460E-12 -9.17925E-13  3.44312E-16  0.00000E+00
  1.800E+01  2.44717E-02 -2.14264E-11 -6.39753E-12 -3.14426E-12 -9.37402E-13  1.67359E-16  0.00000E+00
  1.825E+01  2.51504E-02 -2.07966E-11 -6.43281E-12 -3.09509E-12 -9.55876E-13  1.62759E-16  0.00000E+00
  1.850E+01  2.58382E-02 -2.01915E-11 -6.46073E-12 -3.04707E-12 -9.73399E-13  0.00000E+00  1.66499E-16
  1.875E+01  2.65349E-02 -1.96098E-11 -6.48192E-12 -3.00014E-12 -9.90017E-13  1.54115E-16  1.61927E-16
  1.900E+01  2.72407E-02 -1.90504E-11 -6.49692E-12 -2.95428E-12 -1.00578E-12  0.00000E+00  0.00000E+00
  1.925E+01  2.79555E-02 -1.85122E-11 -6.50627E-12 -2.90945E-12 -1.02072E-12  1.46146E-16  0.00000E+00
  1.950E+01  2.86793E-02 -1.79942E-11 -6.51043E-12 -2.86562E-12 -1.03489E-12  1.42393E-16  1.49267E-16
  1.975E+01  2.94120E-02 -1.74955E-11 -6.50983E-12 -2.82276E-12 -1.04831E-12  0.00000E+00  1.45369E-16
  2.000E+01  3.01537E-02 -1.70150E-11 -6.50488E-12 -2.78083E-12 -1.06104E-12  2.70624E-16  1.41620E-16
  2.025E+01  3.09043E-02 -1.65520E-11 -6.49593E-12 -2.73982E-12 -1.07309E-12  2.63940E-16  0.00000E+00
  2.050E+01  3.16639E-02 -1.61057E-11 -6.48334E-12 -2.69969E-12 -1.08451E-12  1.28751E-16  0.00000E+00
  2.075E+01  3.24324E-02 -1.56753E-11 -6.46740E-12 -2.66041E-12 -1.09531E-12  0.00000E+00  1.31188E-16
  2.100E+01  3.32098E-02 -1.52600E-11 -6.44841E-12 -2.62197E-12 -1.10554E-12  0.00000E+00  1.27961E-16
  2.125E+01  3.39961E-02 -1.48593E-11 -6.42663E-12 -2.58433E-12 -1.11522E-12  2.39558E-16  0.00000E+00
  2.150E+01  3.47912E-02 -1.44724E-11 -6.40230E-12 -2.54747E-12 -1.12436E-12  1.16999E-16  1.21849E-16
  2.175E+01  3.55952E-02 -1.40988E-11 -6.37565E-12 -2.51137E-12 -1.13300E-12  1.14315E-16  1.18952E-16
  2.200E+01  3.64081E-02 -1.37378E-11 -6.34689E-12 -2.47601E-12 -1.14116E-12  1.11725E-16  0.00000E+00
  2.225E+01  3.72297E-02 -1.33889E-11 -6.31620E-12 -2.44137E-12 -1.14887E-12  1.09223E-16  1.13456E-16
  2.250E+01  3.80602E-02 -1.30517E-11 -6.28377E-12 -2.40743E-12 -1.15613E-12  0.00000E+00  0.00000E+00
  2.275E+01  3.88995E-02 -1.27256E-11 -6.24976E-12 -2.37416E-12 -1.16297E-12  0.00000E+00  0.00000E+00
  2.300E+01  3.97476E-02 -1.24102E-11 -6.21431E-12 -2.34155E-12 -1.16941E-12  0.00000E+00  0.00000E+00
  2.325E+01  4.06044E-02 -1.21049E-11 -6.17758E-12 -2.30957E-12 -1.17547E-12  1.00023E-16  1.03529E-16
  2.350E+01  4.14700E-02 -1.18095E-11 -6.13969E-12 -2.27823E-12 -1.18116E-12  1.95817E-16  0.00000E+00
  2.375E+01  4.23443E-02 -1.15235E-11 -6.10075E-12 -2.24748E-12 -1.18649E-12  1.91723E-16  0.00000E+00
  2.400E+01  4.32273E-02 -1.12465E-11 -6.06089E-12 -2.21733E-12 -1.19150E-12  1.87760E-16  3.87601E-16
  2.425E+01  4.41190E-02 -1.09781E-11 -6.02019E-12 -2.18775E-12 -1.19618E-12  0.00000E+00  1.89658E-16
  2.450E+01  4.50194E-02 -1.07181E-11 -5.97876E-12 -2.15873E-12 -1.20055E-12  3.60401E-16  5.56937E-16
  2.475E+01  4.59284E-02 -1.04661E-11 -5.93669E-12 -2.13025E-12 -1.20462E-12  0.00000E+00  1.81757E-16
  2.500E+01  4.68461E-02 -1.02217E-11 -5.89404E-12 -2.10230E-12 -1.20841E-12  1.73100E-16  1.77986E-16
  2.550E+01  4.87074E-02 -9.75494E-12 -5.80735E-12 -2.04793E-12 -1.21520E-12  0.00000E+00  5.12352E-16
  2.600E+01  5.06030E-02 -9.31549E-12 -5.71921E-12 -1.99553E-12 -1.22098E-12  1.60135E-16  1.64003E-16
  2.650E+01  5.25328E-02 -8.90140E-12 -5.63009E-12 -1.94499E-12 -1.22585E-12  1.54209E-16  0.00000E+00
  2.700E+01  5.44967E-02 -8.51084E-12 -5.54038E-12 -1.89621E-12 -1.22987E-12  0.00000E+00  1.51580E-16
  2.750E+01  5.64946E-02 -8.14213E-12 -5.45042E-12 -1.84913E-12 -1.23311E-12  1.43334E-16  1.45884E-16
  2.800E+01  5.85262E-02 -7.79375E-12 -5.36049E-12 -1.80364E-12 -1.23563E-12  0.00000E+00  0.00000E+00
  2.850E+01  6.05914E-02 -7.46430E-12 -5.27082E-12 -1.75969E-12 -1.23750E-12  1.33611E-16  0.00000E+00
  2.900E+01  6.26901E-02 -7.15250E-12 -5.18162E-12 -1.71720E-12 -1.23875E-12  3.87397E-16  2.61142E-16
  2.950E+01  6.48222E-02 -6.85716E-12 -5.09306E-12 -1.67610E-12 -1.23943E-12  2.49771E-16  1.25992E-16
  3.000E+01  6.69873E-02 -6.57721E-12 -5.00530E-12 -1.63632E-12 -1.23960E-12  0.00000E+00  0.00000E+00
  3.050E+01  6.91854E-02 -6.31164E-12 -4.91845E-12 -1.59782E-12 -1.23928E-12  0.00000E+00  2.35039E-16
  3.100E+01  7.14163E-02 -6.05955E-12 -4.83262E-12 -1.56054E-12 -1.23852E-12  0.00000E+00  1.13596E-16
  3.150E+01  7.36799E-02 -5.82007E-12 -4.74789E-12 -1.52441E-12 -1.23734E-12  2.19854E-16  0.00000E+00
  3.200E+01  7.59760E-02 -5.59242E-12 -4.66433E-12 -1.48940E-12 -1.23579E-12  1.06631E-16  0.00000E+00
  3.250E+01  7.83043E-02 -5.37588E-12 -4.58198E-12 -1.45546E-12 -1.23388E-12  0.00000E+00  1.02924E-16
  3.300E+01  8.06647E-02 -5.16978E-12 -4.50090E-12 -1.42253E-12 -1.23164E-12  2.00995E-16  9.96961E-17
  3.350E+01  8.30571E-02 -4.97349E-12 -4.42112E-12 -1.39059E-12 -1.22910E-12  1.95283E-16  9.66158E-17
  3.400E+01  8.54812E-02 -4.78644E-12 -4.34267E-12 -1.35959E-12 -1.22628E-12  1.89830E-16  9.36749E-17
  3.450E+01  8.79369E-02 -4.60809E-12 -4.26557E-12 -1.32949E-12 -1.22321E-12  9.23099E-17  9.08651E-17
  3.500E+01  9.04240E-02 -4.43792E-12 -4.18982E-12 -1.30025E-12 -1.21989E-12  0.00000E+00  8.81788E-17
  3.550E+01  9.29422E-02 -4.27550E-12 -4.11543E-12 -1.27185E-12 -1.21635E-12  8.74382E-17  8.56091E-17
  3.600E+01  9.54915E-02 -4.12036E-12 -4.04239E-12 -1.24425E-12 -1.21261E-12  1.70318E-16  8.31494E-17
  3.650E+01  9.80716E-02 -3.97213E-12 -3.97071E-12 -1.21742E-12 -1.20868E-12  8.29764E-17  8.07936E-17
  3.700E+01  1.00682E-01 -3.83041E-12 -3.90038E-12 -1.19133E-12 -1.20457E-12  8.08852E-17  1.57072E-16
  3.750E+01  1.03323E-01 -3.69485E-12 -3.83139E-12 -1.16595E-12 -1.20029E-12  1.57761E-16  1.52743E-16
  3.800E+01  1.05995E-01 -3.56513E-12 -3.76374E-12 -1.14127E-12 -1.19587E-12  7.69577E-17  1.48589E-16
  3.850E+01  1.08696E-01 -3.44094E-12 -3.69740E-12 -1.11724E-12 -1.19131E-12  0.00000E+00  0.00000E+00
  3.900E+01  1.11427E-01 -3.32198E-12 -3.63235E-12 -1.09385E-12 -1.18663E-12  0.00000E+00  1.40774E-16
  3.950E+01  1.14188E-01 -3.20798E-12 -3.56859E-12 -1.07108E-12 -1.18182E-12  0.00000E+00  0.00000E+00
  4.000E+01  1.16978E-01 -3.09870E-12 -3.50608E-12 -1.04890E-12 -1.17691E-12  0.00000E+00  1.33559E-16
  4.050E+01  1.19797E-01 -2.99389E-12 -3.44481E-12 -1.02729E-12 -1.17189E-12  0.00000E+00  1.30158E-16
  4.100E+01  1.22645E-01 -2.89334E-12 -3.38477E-12 -1.00623E-12 -1.16679E-12  0.00000E+00  0.00000E+00
  4.150E+01  1.25522E-01 -2.79682E-12 -3.32593E-12 -9.85713E-13 -1.16160E-12  0.00000E+00  0.00000E+00
  4.200E+01  1.28428E-01 -2.70414E-12 -3.26826E-12 -9.65709E-13 -1.15633E-12  0.00000E+00  3.62104E-16
  4.250E+01  1.31361E-01 -2.61512E-12 -3.21175E-12 -9.46204E-13 -1.15099E-12  0.00000E+00  1.17778E-16
  4.300E+01  1.34323E-01 -2.52958E-12 -3.15637E-12 -9.27181E-13 -1.14559E-12  0.00000E+00  1.14960E-16
  4.350E+01  1.37313E-01 -2.44735E-12 -3.10210E-12 -9.08624E-13 -1.14013E-12  0.00000E+00  1.12243E-16
  4.400E+01  1.40330E-01 -2.36828E-12 -3.04892E-12 -8.90518E-13 -1.13462E-12  0.00000E+00  1.09622E-16
  4.450E+01  1.43375E-01 -2.29222E-12 -2.99680E-12 -8.72849E-13 -1.12906E-12  0.00000E+00  1.07093E-16
  4.500E+01  1.46447E-01 -2.21904E-12 -2.94573E-12 -8.55603E-13 -1.12345E-12  0.00000E+00  1.04651E-16
  4.550E+01  1.49545E-01 -2.14859E-12 -2.89568E-12 -8.38766E-13 -1.11781E-12  0.00000E+00  0.00000E+00
  4.600E+01  1.52671E-01 -2.08076E-12 -2.84663E-12 -8.22326E-13 -1.11213E-12  0.00000E+00  1.00014E-16
  4.650E+01  1.55823E-01 -2.01543E-12 -2.79855E-12 -8.06271E-13 -1.10642E-12  0.00000E+00  0.00000E+00
  4.700E+01  1.59001E-01 -1.95249E-12 -2.75143E-12 -7.90587E-13 -1.10068E-12  0.00000E+00  9.56825E-17
  4.750E+01  1.62205E-01 -1.89183E-12 -2.70524E-12 -7.75265E-13 -1.09491E-12  0.00000E+00  1.87246E-16
  4.800E+01  1.65435E-01 -1.83335E-12 -2.65997E-12 -7.60294E-13 -1.08913E-12  0.00000E+00  1.83262E-16
  4.850E+01  1.68690E-01 -1.77696E-12 -2.61559E-12 -7.45662E-13 -1.08333E-12  0.00000E+00  0.00000E+00
  4.900E+01  1.71970E-01 -1.72257E-12 -2.57209E-12 -7.31360E-13 -1.07751E-12  0.00000E+00  8.78359E-17
  4.950E+01  1.75276E-01 -1.67010E-12 -2.52943E-12 -7.17378E-13 -1.07168E-12  0.00000E+00  8.60280E-17
  5.000E+01  1.78606E-01 -1.61945E-12 -2.48761E-12 -7.03707E-13 -1.06584E-12  0.00000E+00  0.00000E+00
  5.050E+01  1.81961E-01 -1.57057E-12 -2.44660E-12 -6.90338E-13 -1.05999E-12  0.00000E+00  0.00000E+00
  5.100E+01  1.85340E-01 -1.52337E-12 -2.40639E-12 -6.77262E-13 -1.05413E-12  0.00000E+00  0.00000E+00
  5.150E+01  1.88743E-01 -1.47778E-12 -2.36695E-12 -6.64471E-13 -1.04827E-12  0.00000E+00  0.00000E+00
  5.200E+01  1.92169E-01 -1.43374E-12 -2.32828E-12 -6.51956E-13 -1.04241E-12  0.00000E+00  7.77927E-17
  5.250E+01  1.95619E-01 -1.39119E-12 -2.29035E-12 -6.39712E-13 -1.03654E-12  0.00000E+00  0.00000E+00
  5.300E+01  1.99092E-01 -1.35006E-12 -2.25315E-12 -6.27728E-13 -1.03068E-12  0.00000E+00  7.48355E-17
  5.350E+01  2.02589E-01 -1.31031E-12 -2.21665E-12 -6.16000E-13 -1.02482E-12  0.00000E+00  0.00000E+00
  5.400E+01  2.06107E-01 -1.27187E-12 -2.18084E-12 -6.04519E-13 -1.01897E-12  0.00000E+00  7.20491E-17
  5.450E+01  2.09649E-01 -1.23469E-12 -2.14571E-12 -5.93279E-13 -1.01312E-12  0.00000E+00  7.07161E-17
  5.500E+01  2.13212E-01 -1.19873E-12 -2.11124E-12 -5.82274E-13 -1.00727E-12  0.00000E+00  6.94210E-17
  5.550E+01  2.16797E-01 -1.16393E-12 -2.07742E-12 -5.71497E-13 -1.00144E-12  0.00000E+00  6.81627E-17
  5.600E+01  2.20404E-01 -1.13026E-12 -2.04423E-12 -5.60942E-13 -9.95613E-13  0.00000E+00  0.00000E+00
  5.650E+01  2.24032E-01 -1.09767E-12 -2.01166E-12 -5.50604E-13 -9.89796E-13  0.00000E+00  6.57507E-17
  5.700E+01  2.27680E-01 -1.06612E-12 -1.97969E-12 -5.40477E-13 -9.83990E-13  0.00000E+00  0.00000E+00
  5.750E+01  2.31350E-01 -1.03557E-12 -1.94830E-12 -5.30555E-13 -9.78195E-13  0.00000E+00  0.00000E+00
  5.800E+01  2.35040E-01 -1.00599E-12 -1.91749E-12 -5.20834E-13 -9.72413E-13  0.00000E+00  0.00000E+00
  5.850E+01  2.38751E-01 -9.77328E-13 -1.88725E-12 -5.11308E-13 -9.66644E-13  0.00000E+00  6.13115E-17
  5.900E+01  2.42481E-01 -9.49564E-13 -1.85756E-12 -5.01972E-13 -9.60890E-13  0.00000E+00  0.00000E+00
  5.950E+01  2.46231E-01 -9.22662E-13 -1.82840E-12 -4.92821E-13 -9.55150E-13  0.00000E+00  5.92668E-17
  6.000E+01  2.50000E-01 -8.96590E-13 -1.79977E-12 -4.83852E-13 -9.49425E-13  0.00000E+00  0.00000E+00
  6.050E+01  2.53788E-01 -8.71318E-13 -1.77165E-12 -4.75059E-13 -9.43716E-13  0.00000E+00  5.73282E-17
  6.100E+01  2.57595E-01 -8.46817E-13 -1.74404E-12 -4.66438E-13 -9.38023E-13  0.00000E+00  0.00000E+00
  6.150E+01  2.61421E-01 -8.23060E-13 -1.71691E-12 -4.57986E-13 -9.32347E-13  0.00000E+00  0.00000E+00
  6.200E+01  2.65264E-01 -8.00023E-13 -1.69027E-12 -4.49697E-13 -9.26688E-13  0.00000E+00  0.00000E+00
  6.250E+01  2.69126E-01 -7.77679E-13 -1.66410E-12 -4.41568E-13 -9.21047E-13  0.00000E+00  5.37419E-17
  6.300E+01  2.73005E-01 -7.56004E-13 -1.63839E-12 -4.33596E-13 -9.15424E-13  0.00000E+00  5.29014E-17
  6.350E+01  2.76901E-01 -7.34975E-13 -1.61312E-12 -4.25776E-13 -9.09819E-13  0.00000E+00  0.00000E+00
  6.400E+01  2.80814E-01 -7.14570E-13 -1.58830E-12 -4.18105E-13 -9.04234E-13  0.00000E+00  0.00000E+00
  6.450E+01  2.84744E-01 -6.94766E-13 -1.56391E-12 -4.10580E-13 -8.98667E-13  0.00000E+00  5.05027E-17
  6.500E+01  2.88691E-01 -6.75544E-13 -1.53993E-12 -4.03197E-13 -8.93119E-13  0.00000E+00  4.97420E-17
  6.550E+01  2.92653E-01 -6.56886E-13 -1.51637E-12 -3.95953E-13 -8.87591E-13  0.00000E+00  0.00000E+00
  6.600E+01  2.96632E-01 -6.38771E-13 -1.49321E-12 -3.88844E-13 -8.82083E-13  0.00000E+00  0.00000E+00
  6.650E+01  3.00625E-01 -6.21183E-13 -1.47045E-12 -3.81869E-13 -8.76594E-13  0.00000E+00  0.00000E+00
  6.700E+01  3.04634E-01 -6.04103E-13 -1.44808E-12 -3.75023E-13 -8.71126E-13  0.00000E+00  4.68779E-17
  6.750E+01  3.08658E-01 -5.87513E-13 -1.42608E-12 -3.68304E-13 -8.65678E-13  0.00000E+00  4.62038E-17
  6.800E+01  3.12697E-01 -5.71399E-13 -1.40445E-12 -3.61709E-13 -8.60251E-13  0.00000E+00  9.10910E-17
  6.850E+01  3.16749E-01 -5.55743E-13 -1.38318E-12 -3.55235E-13 -8.54844E-13  0.00000E+00  0.00000E+00
  6.900E+01  3.20816E-01 -5.40534E-13 -1.36227E-12 -3.48880E-13 -8.49457E-13  0.00000E+00  4.42743E-17
  6.950E+01  3.24896E-01 -5.25756E-13 -1.34170E-12 -3.42641E-13 -8.44091E-13  0.00000E+00  0.00000E+00
  7.000E+01  3.28990E-01 -5.11396E-13 -1.32148E-12 -3.36515E-13 -8.38747E-13  0.00000E+00  0.00000E+00
  7.050E+01  3.33097E-01 -4.97440E-13 -1.30159E-12 -3.30500E-13 -8.33423E-13  0.00000E+00  0.00000E+00
  7.100E+01  3.37216E-01 -4.83874E-13 -1.28203E-12 -3.24595E-13 -8.28120E-13  0.00000E+00  4.19013E-17
  7.150E+01  3.41348E-01 -4.70684E-13 -1.26278E-12 -3.18795E-13 -8.22838E-13  0.00000E+00  4.13410E-17
  7.200E+01  3.45492E-01 -4.57860E-13 -1.24384E-12 -3.13100E-13 -8.17577E-13  0.00000E+00  4.07932E-17
  7.250E+01  3.49647E-01 -4.45397E-13 -1.22522E-12 -3.07507E-13 -8.12336E-13  0.00000E+00  4.02574E-17
  7.300E+01  3.53814E-01 -4.33278E-13 -1.20690E-12 -3.02014E-13 -8.07117E-13  0.00000E+00  3.97333E-17
  7.350E+01  3.57992E-01 -4.21491E-13 -1.18887E-12 -2.96618E-13 -8.01919E-13  0.00000E+00  3.92207E-17
  7.400E+01  3.62181E-01 -4.10027E-13 -1.17112E-12 -2.91319E-13 -7.96742E-13  0.00000E+00  0.00000E+00
  7.450E+01  3.66381E-01 -3.98876E-13 -1.15366E-12 -2.86113E-13 -7.91586E-13  0.00000E+00  0.00000E+00
  7.500E+01  3.70590E-01 -3.88030E-13 -1.13648E-12 -2.80999E-13 -7.86451E-13  0.00000E+00  3.77481E-17
  7.550E+01  3.74810E-01 -3.77480E-13 -1.11957E-12 -2.75975E-13 -7.81336E-13  0.00000E+00  3.72781E-17
  7.600E+01  3.79039E-01 -3.67216E-13 -1.10293E-12 -2.71039E-13 -7.76243E-13  0.00000E+00  3.68179E-17
  7.650E+01  3.83277E-01 -3.57230E-13 -1.08655E-12 -2.66190E-13 -7.71170E-13  0.00000E+00  7.27349E-17
  7.700E+01  3.87524E-01 -3.47513E-13 -1.07043E-12 -2.61425E-13 -7.66118E-13  0.00000E+00  3.59264E-17
  7.750E+01  3.91780E-01 -3.38057E-13 -1.05455E-12 -2.56744E-13 -7.61087E-13  0.00000E+00  3.54945E-17
  7.800E+01  3.96044E-01 -3.28854E-13 -1.03892E-12 -2.52144E-13 -7.56076E-13  0.00000E+00  0.00000E+00
  7.850E+01  4.00316E-01 -3.19898E-13 -1.02354E-12 -2.47624E-13 -7.51086E-13  0.00000E+00  0.00000E+00
  7.900E+01  4.04596E-01 -3.11181E-13 -1.00839E-12 -2.43182E-13 -7.46117E-13  0.00000E+00  0.00000E+00
  7.950E+01  4.08882E-01 -3.02697E-13 -9.93476E-13 -2.38816E-13 -7.41167E-13  0.00000E+00  0.00000E+00
  8.000E+01  4.13176E-01 -2.94438E-13 -9.78790E-13 -2.34527E-13 -7.36238E-13  0.00000E+00  0.00000E+00
  8.050E+01  4.17476E-01 -2.86398E-13 -9.64328E-13 -2.30310E-13 -7.31330E-13  0.00000E+00  0.00000E+00
  8.100E+01  4.21783E-01 -2.78570E-13 -9.50085E-13 -2.26167E-13 -7.26441E-13  0.00000E+00  0.00000E+00
  8.150E+01  4.26095E-01 -2.70948E-13 -9.36058E-13 -2.22094E-13 -7.21572E-13  0.00000E+00  0.00000E+00
  8.200E+01  4.30413E-01 -2.63528E-13 -9.22242E-13 -2.18091E-13 -7.16723E-13  0.00000E+00  0.00000E+00
  8.250E+01  4.34737E-01 -2.56302E-13 -9.08635E-13 -2.14157E-13 -7.11894E-13  0.00000E+00  0.00000E+00
  8.300E+01  4.39065E-01 -2.49266E-13 -8.95232E-13 -2.10290E-13 -7.07085E-13  0.00000E+00  0.00000E+00
  8.350E+01  4.43398E-01 -2.42415E-13 -8.82030E-13 -2.06488E-13 -7.02295E-13  0.00000E+00  0.00000E+00
  8.400E+01  4.47736E-01 -2.35742E-13 -8.69025E-13 -2.02751E-13 -6.97525E-13  0.00000E+00  0.00000E+00
  8.450E+01  4.52077E-01 -2.29243E-13 -8.56212E-13 -1.99078E-13 -6.92774E-13  0.00000E+00  0.00000E+00
  8.500E+01  4.56422E-01 -2.22913E-13 -8.43589E-13 -1.95467E-13 -6.88042E-13  0.00000E+00  0.00000E+00
  8.550E+01  4.60770E-01 -2.16748E-13 -8.31152E-13 -1.91917E-13 -6.83330E-13  0.00000E+00  0.00000E+00
  8.600E+01  4.65122E-01 -2.10743E-13 -8.18898E-13 -1.88427E-13 -6.78636E-13  0.00000E+00  0.00000E+00
  8.650E+01  4.69476E-01 -2.04893E-13 -8.06825E-13 -1.84996E-13 -6.73961E-13  0.00000E+00  0.00000E+00
  8.700E+01  4.73832E-01 -1.99195E-13 -7.94928E-13 -1.81623E-13 -6.69305E-13  0.00000E+00  0.00000E+00
  8.750E+01  4.78190E-01 -1.93644E-13 -7.83205E-13 -1.78307E-13 -6.64668E-13  0.00000E+00  0.00000E+00
  8.800E+01  4.82550E-01 -1.88236E-13 -7.71652E-13 -1.75047E-13 -6.60049E-13  0.00000E+00  0.00000E+00
  8.850E+01  4.86912E-01 -1.82968E-13 -7.60266E-13 -1.71842E-13 -6.55448E-13  0.00000E+00  0.00000E+00
  8.900E+01  4.91274E-01 -1.77835E-13 -7.49045E-13 -1.68690E-13 -6.50866E-13  0.00000E+00  0.00000E+00
  8.950E+01  4.95637E-01 -1.72834E-13 -7.37986E-13 -1.65591E-13 -6.46302E-13  0.00000E+00  0.00000E+00
  9.000E+01  5.00000E-01 -1.67961E-13 -7.27086E-13 -1.62545E-13 -6.41756E-13  0.00000E+00  0.00000E+00
  9.050E+01  5.04363E-01 -1.63213E-13 -7.16343E-13 -1.59549E-13 -6.37227E-13  0.00000E+00  0.00000E+00
  9.100E+01  5.08726E-01 -1.58587E-13 -7.05753E-13 -1.56604E-13 -6.32717E-13  0.00000E+00  0.00000E+00
  9.150E+01  5.13088E-01 -1.54080E-13 -6.95315E-13 -1.53708E-13 -6.28224E-13  0.00000E+00  0.00000E+00
  9.200E+01  5.17450E-01 -1.49687E-13 -6.85024E-13 -1.50861E-13 -6.23748E-13  2.38743E-17  0.00000E+00
  9.250E+01  5.21810E-01 -1.45407E-13 -6.74880E-13 -1.48061E-13 -6.19290E-13  4.76900E-17  2.58285E-17
  9.300E+01  5.26168E-01 -1.41236E-13 -6.64879E-13 -1.45308E-13 -6.14849E-13  0.00000E+00  5.11820E-17
  9.350E+01  5.30524E-01 -1.37172E-13 -6.55020E-13 -1.42601E-13 -6.10425E-13  2.37967E-17  2.53577E-17
  9.400E+01  5.34878E-01 -1.33211E-13 -6.45300E-13 -1.39939E-13 -6.06018E-13  2.37776E-17  2.51285E-17
  9.450E+01  5.39230E-01 -1.29351E-13 -6.35717E-13 -1.37322E-13 -6.01628E-13  2.37619E-17  2.49033E-17
  9.500E+01  5.43578E-01 -1.25590E-13 -6.26268E-13 -1.34749E-13 -5.97254E-13  4.74991E-17  0.00000E+00
  9.550E+01  5.47923E-01 -1.21924E-13 -6.16952E-13 -1.32219E-13 -5.92897E-13  2.37406E-17  2.44647E-17
  9.600E+01  5.52264E-01 -1.18351E-13 -6.07765E-13 -1.29731E-13 -5.88556E-13  2.37350E-17  2.42511E-17
  9.650E+01  5.56602E-01 -1.14869E-13 -5.98706E-13 -1.27284E-13 -5.84232E-13  2.37328E-17  2.40412E-17
  9.700E+01  5.60935E-01 -1.11476E-13 -5.89774E-13 -1.24878E-13 -5.79923E-13  2.37339E-17  2.38350E-17
  9.750E+01  5.65263E-01 -1.08170E-13 -5.80966E-13 -1.22513E-13 -5.75631E-13  0.00000E+00  4.72644E-17
  9.800E+01  5.69587E-01 -1.04947E-13 -5.72280E-13 -1.20187E-13 -5.71354E-13  2.37460E-17  2.34330E-17
  9.850E+01  5.73905E-01 -1.01806E-13 -5.63714E-13 -1.17900E-13 -5.67094E-13  2.37571E-17  2.32371E-17
  9.900E+01  5.78217E-01 -9.87451E-14 -5.55266E-13 -1.15652E-13 -5.62848E-13  2.37715E-17  2.30445E-17
  9.950E+01  5.82524E-01 -9.57619E-14 -5.46935E-13 -1.13441E-13 -5.58619E-13  2.37893E-17  0.00000E+00
  1.000E+02  5.86824E-01 -9.28544E-14 -5.38718E-13 -1.11267E-13 -5.54404E-13  4.76209E-17  2.26692E-17
  1.005E+02  5.91118E-01 -9.00209E-14 -5.30614E-13 -1.09130E-13 -5.50205E-13  2.38349E-17  2.24862E-17
  1.010E+02  5.95404E-01 -8.72596E-14 -5.22621E-13 -1.07028E-13 -5.46021E-13  2.38627E-17  2.23063E-17
  1.015E+02  5.99684E-01 -8.45685E-14 -5.14738E-13 -1.04962E-13 -5.41852E-13  0.00000E+00  4.42588E-17
  1.020E+02  6.03956E-01 -8.19459E-14 -5.06963E-13 -1.02930E-13 -5.37697E-13  0.00000E+00  2.19555E-17
  1.025E+02  6.08220E-01 -7.93900E-14 -4.99294E-13 -1.00932E-13 -5.33557E-13  2.39664E-17  2.17844E-17
  1.030E+02  6.12476E-01 -7.68991E-14 -4.91729E-13 -9.89685E-14 -5.29432E-13  2.40078E-17  2.16162E-17
  1.035E+02  6.16723E-01 -7.44716E-14 -4.84267E-13 -9.70376E-14 -5.25321E-13  2.40526E-17  0.00000E+00
  1.040E+02  6.20961E-01 -7.21060E-14 -4.76906E-13 -9.51393E-14 -5.21225E-13  2.41008E-17  2.12880E-17
  1.045E+02  6.25190E-01 -6.98008E-14 -4.69646E-13 -9.32731E-14 -5.17142E-13  4.83050E-17  2.11279E-17
  1.050E+02  6.29410E-01 -6.75546E-14 -4.62485E-13 -9.14383E-14 -5.13074E-13  4.84154E-17  2.09705E-17
  1.055E+02  6.33619E-01 -6.53657E-14 -4.55420E-13 -8.96346E-14 -5.09020E-13  0.00000E+00  4.16313E-17
  1.060E+02  6.37819E-01 -6.32326E-14 -4.48451E-13 -8.78614E-14 -5.04979E-13  2.43286E-17  4.13266E-17
  1.065E+02  6.42008E-01 -6.11542E-14 -4.41577E-13 -8.61182E-14 -5.00952E-13  0.00000E+00  2.05134E-17
  1.070E+02  6.46186E-01 -5.91288E-14 -4.34795E-13 -8.44046E-14 -4.96938E-13  0.00000E+00  2.03659E-17
  1.075E+02  6.50353E-01 -5.71554E-14 -4.28104E-13 -8.27202E-14 -4.92938E-13  2.45368E-17  2.02209E-17
  1.080E+02  6.54508E-01 -5.52325E-14 -4.21504E-13 -8.10644E-14 -4.88951E-13  4.92268E-17  2.00781E-17
  1.085E+02  6.58652E-01 -5.33593E-14 -4.14994E-13 -7.94369E-14 -4.84977E-13  2.46937E-17  1.99377E-17
  1.090E+02  6.62784E-01 -5.15341E-14 -4.08571E-13 -7.78371E-14 -4.81017E-13  2.47778E-17  1.97995E-17
  1.095E+02  6.66903E-01 -4.97560E-14 -4.02235E-13 -7.62647E-14 -4.77069E-13  2.48656E-17  3.93271E-17
  1.100E+02  6.71010E-01 -4.80235E-14 -3.95983E-13 -7.47192E-14 -4.73134E-13  0.00000E+00  3.90594E-17
  1.105E+02  6.75104E-01 -4.63357E-14 -3.89816E-13 -7.32003E-14 -4.69211E-13  2.50527E-17  3.87961E-17
  1.110E+02  6.79184E-01 -4.46915E-14 -3.83732E-13 -7.17074E-14 -4.65301E-13  2.51520E-17  1.92685E-17
  1.115E+02  6.83251E-01 -4.30899E-14 -3.77729E-13 -7.02403E-14 -4.61404E-13  6.31383E-17  0.00000E+00
  1.120E+02  6.87303E-01 -4.15299E-14 -3.71808E-13 -6.87984E-14 -4.57519E-13  5.07251E-17  0.00000E+00
  1.125E+02  6.91342E-01 -4.00104E-14 -3.65966E-13 -6.73815E-14 -4.53646E-13  3.82108E-17  1.88919E-17
  1.130E+02  6.95366E-01 -3.85304E-14 -3.60203E-13 -6.59892E-14 -4.49785E-13  2.55892E-17  1.87703E-17
  1.135E+02  6.99375E-01 -3.70889E-14 -3.54518E-13 -6.46210E-14 -4.45936E-13  2.57087E-17  3.73014E-17
  1.140E+02  7.03368E-01 -3.56848E-14 -3.48908E-13 -6.32766E-14 -4.42098E-13  1.29162E-17  3.70658E-17
  1.145E+02  7.07347E-01 -3.43175E-14 -3.43374E-13 -6.19556E-14 -4.38273E-13  1.29802E-17  3.68340E-17
  1.150E+02  7.11309E-01 -3.29859E-14 -3.37915E-13 -6.06577E-14 -4.34459E-13  1.30463E-17  1.83029E-17
  1.155E+02  7.15256E-01 -3.16893E-14 -3.32529E-13 -5.93826E-14 -4.30656E-13  3.93439E-17  1.81906E-17
  1.160E+02  7.19186E-01 -3.04269E-14 -3.27216E-13 -5.81298E-14 -4.26865E-13  2.63703E-17  0.00000E+00
  1.165E+02  7.23099E-01 -2.91977E-14 -3.21975E-13 -5.68991E-14 -4.23085E-13  3.97738E-17  3.59424E-17
  1.170E+02  7.26995E-01 -2.80008E-14 -3.16804E-13 -5.56901E-14 -4.19316E-13  3.99990E-17  1.78641E-17
  1.175E+02  7.30874E-01 -2.68355E-14 -3.11703E-13 -5.45024E-14 -4.15558E-13  1.34104E-17  1.77586E-17
  1.180E+02  7.34736E-01 -2.57011E-14 -3.06670E-13 -5.33359E-14 -4.11812E-13  0.00000E+00  3.53096E-17
  1.185E+02  7.38579E-01 -2.45967E-14 -3.01706E-13 -5.21900E-14 -4.08075E-13  0.00000E+00  3.51053E-17
  1.190E+02  7.42405E-01 -2.35219E-14 -2.96809E-13 -5.10646E-14 -4.04350E-13  0.00000E+00  3.49041E-17
  1.195E+02  7.46212E-01 -2.24757E-14 -2.91979E-13 -4.99593E-14 -4.00635E-13  2.74880E-17  1.73530E-17
  1.200E+02  7.50000E-01 -2.14575E-14 -2.87214E-13 -4.88738E-14 -3.96931E-13  4.15008E-17  0.00000E+00
  1.205E+02  7.53769E-01 -2.04666E-14 -2.82513E-13 -4.78079E-14 -3.93236E-13  2.78515E-17  1.71595E-17
  1.210E+02  7.57519E-01 -1.95022E-14 -2.77877E-13 -4.67611E-14 -3.89553E-13  2.80411E-17  3.41301E-17
  1.215E+02  7.61249E-01 -1.85637E-14 -2.73303E-13 -4.57333E-14 -3.85879E-13  1.41180E-17  1.69720E-17
  1.220E+02  7.64960E-01 -1.76506E-14 -2.68792E-13 -4.47241E-14 -3.82215E-13  4.26544E-17  3.37609E-17
  1.225E+02  7.68650E-01 -1.67622E-14 -2.64343E-13 -4.37333E-14 -3.78561E-13  7.16053E-18  3.35806E-17
  1.230E+02  7.72320E-01 -1.58981E-14 -2.59955E-13 -4.27605E-14 -3.74917E-13  2.16401E-17  3.34031E-17
  1.235E+02  7.75968E-01 -1.50575E-14 -2.55627E-13 -4.18056E-14 -3.71283E-13  2.90706E-17  1.66142E-17
  1.240E+02  7.79596E-01 -1.42398E-14 -2.51359E-13 -4.08682E-14 -3.67658E-13  4.39404E-17  0.00000E+00
  1.245E+02  7.83203E-01 -1.34444E-14 -2.47149E-13 -3.99481E-14 -3.64043E-13  4.42837E-17  1.64435E-17
  1.250E+02  7.86788E-01 -1.26708E-14 -2.42997E-13 -3.90450E-14 -3.60437E-13  3.71968E-17  1.63602E-17
  1.255E+02  7.90351E-01 -1.19184E-14 -2.38902E-13 -3.81586E-14 -3.56840E-13  2.99986E-17  1.62781E-17
  1.260E+02  7.93893E-01 -1.11869E-14 -2.34864E-13 -3.72888E-14 -3.53252E-13  1.51230E-17  1.61974E-17
  1.265E+02  7.97411E-01 -1.04758E-14 -2.30883E-13 -3.64351E-14 -3.49674E-13  7.62496E-18  3.22357E-17
  1.270E+02  8.00908E-01 -9.78447E-15 -2.26957E-13 -3.55975E-14 -3.46105E-13  3.07602E-17  1.60396E-17
  1.275E+02  8.04381E-01 -9.11238E-15 -2.23087E-13 -3.47757E-14 -3.42544E-13  3.10272E-17  3.19251E-17
  1.280E+02  8.07831E-01 -8.45902E-15 -2.19270E-13 -3.39693E-14 -3.38992E-13  4.69516E-17  1.58867E-17
  1.285E+02  8.11257E-01 -7.82393E-15 -2.15507E-13 -3.31783E-14 -3.35449E-13  5.52683E-17  0.00000E+00
  1.290E+02  8.14660E-01 -7.20670E-15 -2.11796E-13 -3.24022E-14 -3.31914E-13  4.38209E-17  3.14771E-17
  1.295E+02  8.18039E-01 -6.60695E-15 -2.08139E-13 -3.16410E-14 -3.28388E-13  3.61855E-17  3.13325E-17
  1.300E+02  8.21394E-01 -6.02429E-15 -2.04533E-13 -3.08944E-14 -3.24870E-13  2.84089E-17  3.11902E-17
  1.305E+02  8.24724E-01 -5.45827E-15 -2.00979E-13 -3.01622E-14 -3.21361E-13  8.19432E-18  1.55250E-17
  1.310E+02  8.28030E-01 -4.90840E-15 -1.97476E-13 -2.94440E-14 -3.17859E-13  1.24106E-17  1.54561E-17
  1.315E+02  8.31310E-01 -4.37422E-15 -1.94023E-13 -2.87398E-14 -3.14366E-13  2.08877E-17  0.00000E+00
  1.320E+02  8.34565E-01 -3.85533E-15 -1.90620E-13 -2.80493E-14 -3.10881E-13  4.64116E-17  0.00000E+00
  1.325E+02  8.37795E-01 -3.35138E-15 -1.87265E-13 -2.73723E-14 -3.07403E-13  5.75364E-17  0.00000E+00
  1.330E+02  8.40999E-01 -2.86207E-15 -1.83960E-13 -2.67086E-14 -3.03934E-13  5.81270E-17  1.51911E-17
  1.335E+02  8.44177E-01 -2.38708E-15 -1.80703E-13 -2.60579E-14 -3.00472E-13  5.00309E-17  3.02549E-17
  1.340E+02  8.47329E-01 -1.92603E-15 -1.77494E-13 -2.54201E-14 -2.97017E-13  3.95676E-17  4.51946E-17
  1.345E+02  8.50455E-01 -1.47852E-15 -1.74332E-13 -2.47950E-14 -2.93570E-13  1.33302E-17  3.00065E-17
  1.350E+02  8.53553E-01 -1.04412E-15 -1.71217E-13 -2.41823E-14 -2.90131E-13  1.23517E-17  1.49427E-17
  1.355E+02  8.56625E-01 -6.22471E-16 -1.68149E-13 -2.35819E-14 -2.86698E-13  3.46237E-17  1.48831E-17
  1.360E+02  8.59670E-01 -2.13287E-16 -1.65125E-13 -2.29936E-14 -2.83273E-13  5.59562E-17  1.48244E-17
  1.365E+02  8.62687E-01  1.83684E-16 -1.62148E-13 -2.24172E-14 -2.79855E-13  6.97892E-17  1.47667E-17
  1.370E+02  8.65677E-01  5.68697E-16 -1.59216E-13 -2.18524E-14 -2.76444E-13  7.27852E-17  1.47100E-17
  1.375E+02  8.68639E-01  9.42049E-16 -1.56328E-13 -2.12991E-14 -2.73040E-13  6.53117E-17  4.39626E-17
  1.380E+02  8.71572E-01  1.30409E-15 -1.53485E-13 -2.07571E-14 -2.69643E-13  5.04560E-17  4.37980E-17
  1.385E+02  8.74478E-01  1.65520E-15 -1.50685E-13 -2.02263E-14 -2.66253E-13  1.45861E-17  2.90907E-17
  1.390E+02  8.77355E-01  1.99570E-15 -1.47929E-13 -1.97064E-14 -2.62869E-13  1.96802E-17  2.89846E-17
  1.395E+02  8.80203E-01  2.32587E-15 -1.45215E-13 -1.91973E-14 -2.59492E-13  4.97942E-17  1.44401E-17
  1.400E+02  8.83022E-01  2.64592E-15 -1.42544E-13 -1.86988E-14 -2.56121E-13  8.56830E-17  1.43888E-17
  1.405E+02  8.85812E-01  2.95601E-15 -1.39915E-13 -1.82106E-14 -2.52757E-13  1.12251E-16  0.00000E+00
  1.410E+02  8.88573E-01  3.25636E-15 -1.37328E-13 -1.77327E-14 -2.49399E-13  1.29147E-16  1.42889E-17
  1.415E+02  8.91304E-01  3.54725E-15 -1.34783E-13 -1.72649E-14 -2.46047E-13  1.30772E-16  5.69607E-17
  1.420E+02  8.94005E-01  3.82904E-15 -1.32279E-13 -1.68070E-14 -2.42701E-13  9.53522E-17  7.09615E-17
  1.425E+02  8.96677E-01  4.10210E-15 -1.29815E-13 -1.63588E-14 -2.39361E-13  6.43840E-17  7.07263E-17
  1.430E+02  8.99318E-01  4.36670E-15 -1.27392E-13 -1.59201E-14 -2.36028E-13  1.08697E-17  5.63962E-17
  1.435E+02  9.01928E-01  4.62305E-15 -1.25008E-13 -1.54909E-14 -2.32700E-13  4.95535E-17  1.40536E-17
  1.440E+02  9.04508E-01  4.87100E-15 -1.22665E-13 -1.50708E-14 -2.29377E-13  8.92575E-17  1.40091E-17
  1.445E+02  9.07058E-01  5.11047E-15 -1.20361E-13 -1.46599E-14 -2.26061E-13  1.35667E-16  1.39653E-17
  1.450E+02  9.09576E-01  5.34240E-15 -1.18097E-13 -1.42578E-14 -2.22750E-13  1.83316E-16  4.17667E-17
  1.455E+02  9.12063E-01  5.56706E-15 -1.15871E-13 -1.38645E-14 -2.19445E-13  2.09021E-16  4.16400E-17
  1.460E+02  9.14519E-01  5.78454E-15 -1.13683E-13 -1.34798E-14 -2.16145E-13  1.82445E-16  7.61120E-17
  1.465E+02  9.16943E-01  5.99488E-15 -1.11533E-13 -1.31035E-14 -2.12850E-13  1.73020E-16  7.58882E-17
  1.470E+02  9.19335E-01  6.19819E-15 -1.09421E-13 -1.27355E-14 -2.09561E-13  1.45171E-16  7.56685E-17
  1.475E+02  9.21696E-01  6.39462E-15 -1.07347E-13 -1.23757E-14 -2.06276E-13  3.67985E-17  7.54529E-17
  1.480E+02  9.24024E-01  6.58444E-15 -1.05310E-13 -1.20238E-14 -2.02997E-13  3.73146E-17  2.73605E-17
  1.485E+02  9.26320E-01  6.76792E-15 -1.03311E-13 -1.16797E-14 -1.99723E-13  1.38751E-16  1.36425E-17
  1.490E+02  9.28584E-01  6.94531E-15 -1.01347E-13 -1.13434E-14 -1.96454E-13  2.04686E-16  3.40138E-17
  1.495E+02  9.30815E-01  7.11678E-15 -9.94206E-14 -1.10145E-14 -1.93189E-13  2.33561E-16  6.78463E-17
  1.500E+02  9.33013E-01  7.28245E-15 -9.75299E-14 -1.06931E-14 -1.89930E-13  2.36916E-16  1.08270E-16
  1.505E+02  9.35178E-01  7.44239E-15 -9.56752E-14 -1.03789E-14 -1.86674E-13  2.53686E-16  1.41738E-16
  1.510E+02  9.37310E-01  7.59672E-15 -9.38565E-14 -1.00718E-14 -1.83424E-13  2.03182E-16  1.48112E-16
  1.515E+02  9.39409E-01  7.74561E-15 -9.20734E-14 -9.77168E-15 -1.80178E-13  1.64910E-16  1.47744E-16
  1.520E+02  9.41474E-01  7.88927E-15 -9.03256E-14 -9.47836E-15 -1.76936E-13  9.76027E-17  1.33985E-16
  1.525E+02  9.43505E-01  8.02795E-15 -8.86126E-14 -9.19173E-15 -1.73699E-13  2.82952E-17  1.00248E-16
  1.530E+02  9.45503E-01  8.16180E-15 -8.69342E-14 -8.91164E-15 -1.70466E-13  1.00489E-16  6.00072E-17
  1.535E+02  9.47467E-01  8.29095E-15 -8.52901E-14 -8.63795E-15 -1.67237E-13  2.18506E-16  0.00000E+00
  1.540E+02  9.49397E-01  8.41545E-15 -8.36804E-14 -8.37053E-15 -1.64013E-13  2.51296E-16  8.62817E-17
  1.545E+02  9.51293E-01  8.53538E-15 -8.21050E-14 -8.10924E-15 -1.60792E-13  2.70011E-16  1.39069E-16
  1.550E+02  9.53154E-01  8.65085E-15 -8.05637E-14 -7.85395E-15 -1.57575E-13  2.89228E-16  1.78415E-16
  1.555E+02  9.54981E-01  8.76205E-15 -7.90562E-14 -7.60452E-15 -1.54362E-13  2.93507E-16  2.04411E-16
  1.560E+02  9.56773E-01  8.86918E-15 -7.75821E-14 -7.36083E-15 -1.51153E-13  2.35144E-16  2.10565E-16
  1.565E+02  9.58530E-01  8.97241E-15 -7.61411E-14 -7.12274E-15 -1.47947E-13  7.95401E-17  1.90435E-16
  1.570E+02  9.60252E-01  9.07185E-15 -7.47330E-14 -6.89013E-15 -1.44745E-13  1.61429E-17  1.76948E-16
  1.575E+02  9.61940E-01  9.16753E-15 -7.33579E-14 -6.66285E-15 -1.41547E-13  9.82845E-17  9.81127E-17
  1.580E+02  9.63592E-01  9.25951E-15 -7.20156E-14 -6.44079E-15 -1.38352E-13  2.32700E-16  3.91702E-17
  1.585E+02  9.65209E-01  9.34784E-15 -7.07062E-14 -6.22381E-15 -1.35160E-13  2.86700E-16  5.21297E-17
  1.590E+02  9.66790E-01  9.43269E-15 -6.94293E-14 -6.01180E-15 -1.31972E-13  3.25099E-16  1.17078E-16
  1.595E+02  9.68336E-01  9.51423E-15 -6.81846E-14 -5.80462E-15 -1.28787E-13  3.12455E-16  1.81798E-16
  1.600E+02  9.69846E-01  9.59264E-15 -6.69718E-14 -5.60214E-15 -1.25605E-13  2.99352E-16  2.13891E-16
  1.605E+02  9.71321E-01  9.66800E-15 -6.57907E-14 -5.40425E-15 -1.22426E-13  2.14335E-16  2.26471E-16
  1.610E+02  9.72759E-01  9.74035E-15 -6.46413E-14 -5.21082E-15 -1.19250E-13  1.44922E-16  1.93799E-16
  1.615E+02  9.74162E-01  9.80970E-15 -6.35236E-14 -5.02172E-15 -1.16077E-13  1.83707E-17  1.54791E-16
  1.620E+02  9.75528E-01  9.87608E-15 -6.24377E-14 -4.83684E-15 -1.12906E-13  9.31363E-17  8.37145E-17
  1.625E+02  9.76858E-01  9.93960E-15 -6.13833E-14 -4.65605E-15 -1.09739E-13  2.07730E-16  1.28596E-17
  1.630E+02  9.78152E-01  1.00004E-14 -6.03601E-14 -4.47924E-15 -1.06574E-13  3.25422E-16  7.70443E-17
  1.635E+02  9.79410E-01  1.00588E-14 -5.93678E-14 -4.30627E-15 -1.03412E-13  3.68612E-16  1.47457E-16
  1.640E+02  9.80631E-01  1.01146E-14 -5.84062E-14 -4.13704E-15 -1.00252E-13  3.93174E-16  1.85667E-16
  1.645E+02  9.81815E-01  1.01681E-14 -5.74752E-14 -3.97141E-15 -9.70944E-14  3.18661E-16  2.23780E-16
  1.650E+02  9.82963E-01  1.02191E-14 -5.65751E-14 -3.80929E-15 -9.39393E-14  2.82422E-16  1.97948E-16
  1.655E+02  9.84074E-01  1.02677E-14 -5.57059E-14 -3.65053E-15 -9.07865E-14  1.83854E-16  1.65812E-16
  1.660E+02  9.85148E-01  1.03140E-14 -5.48674E-14 -3.49504E-15 -8.76359E-14  4.13632E-17  8.91753E-17
  1.665E+02  9.86185E-01  1.03580E-14 -5.40592E-14 -3.34269E-15 -8.44874E-14  8.37309E-17  1.27244E-17
  1.670E+02  9.87185E-01  1.04000E-14 -5.32812E-14 -3.19336E-15 -8.13410E-14  1.69450E-16  1.20746E-16
  1.675E+02  9.88148E-01  1.04401E-14 -5.25331E-14 -3.04694E-15 -7.81965E-14  2.99973E-16  2.22185E-16
  1.680E+02  9.89074E-01  1.04782E-14 -5.18148E-14 -2.90331E-15 -7.50539E-14  4.33368E-16  3.10736E-16
  1.685E+02  9.89962E-01  1.05143E-14 -5.11266E-14 -2.76236E-15 -7.19131E-14  4.38119E-16  3.54772E-16
  1.690E+02  9.90814E-01  1.05484E-14 -5.04686E-14 -2.62398E-15 -6.87740E-14  3.54219E-16  3.48104E-16
  1.695E+02  9.91627E-01  1.05805E-14 -4.98407E-14 -2.48804E-15 -6.56366E-14  2.23660E-16  2.84552E-16
  1.700E+02  9.92404E-01  1.06108E-14 -4.92426E-14 -2.35444E-15 -6.25008E-14  2.25875E-16  1.76901E-16
  1.705E+02  9.93143E-01  1.06394E-14 -4.86741E-14 -2.22306E-15 -5.93665E-14  1.36816E-16  6.31265E-18
  1.710E+02  9.93844E-01  1.06664E-14 -4.81347E-14 -2.09379E-15 -5.62336E-14  4.60221E-17  2.01846E-16
  1.715E+02  9.94508E-01  1.06918E-14 -4.76247E-14 -1.96651E-15 -5.31021E-14  4.64243E-17  4.15999E-16
  1.720E+02  9.95134E-01  1.07156E-14 -4.71441E-14 -1.84112E-15 -4.99718E-14  2.34052E-16  5.85770E-16
  1.725E+02  9.95722E-01  1.07376E-14 -4.66933E-14 -1.71750E-15 -4.68427E-14  1.88717E-16  7.36452E-16
  1.730E+02  9.96273E-01  1.07579E-14 -4.62721E-14 -1.59553E-15 -4.37148E-14  1.90118E-16  7.92614E-16
  1.735E+02  9.96786E-01  1.07766E-14 -4.58804E-14 -1.47512E-15 -4.05879E-14  1.43582E-16  7.54439E-16
  1.740E+02  9.97261E-01  1.07938E-14 -4.55178E-14 -1.35614E-15 -3.74620E-14  1.44515E-16  5.84380E-16
  1.745E+02  9.97698E-01  1.08098E-14 -4.51841E-14 -1.23848E-15 -3.43370E-14  2.42310E-16  2.76346E-16
  1.750E+02  9.98097E-01  1.08244E-14 -4.48791E-14 -1.12204E-15 -3.12129E-14  2.43654E-16  1.63223E-16
  1.755E+02  9.98459E-01  1.08376E-14 -4.46031E-14 -1.00670E-15 -2.80894E-14  0.00000E+00  7.27932E-16
  1.760E+02  9.98782E-01  1.08492E-14 -4.43566E-14 -8.92346E-16 -2.49667E-14  0.00000E+00  1.37379E-15
  1.765E+02  9.99067E-01  1.08592E-14 -4.41395E-14 -7.78876E-16 -2.18445E-14  9.87923E-17  2.05690E-15
  1.770E+02  9.99315E-01  1.08677E-14 -4.39520E-14 -6.66177E-16 -1.87229E-14  9.91362E-17  2.73968E-15
  1.775E+02  9.99524E-01  1.08749E-14 -4.37933E-14 -5.54140E-16 -1.56017E-14  9.94292E-17  3.22794E-15
  1.780E+02  9.99695E-01  1.08809E-14 -4.36631E-14 -4.42654E-16 -1.24810E-14  1.99342E-16  3.38398E-15
  1.785E+02  9.99829E-01  1.08858E-14 -4.35611E-14 -3.31608E-16 -9.36046E-15  2.49653E-16  2.75064E-15
  1.790E+02  9.99924E-01  1.08897E-14 -4.34876E-14 -2.20890E-16 -6.24019E-15  1.99998E-16  1.06505E-16
  1.795E+02  9.99981E-01  1.08920E-14 -4.34432E-14 -1.10391E-16 -3.12006E-15  3.00247E-16  1.47156E-14
  1.800E+02  1.00000E+00  1.08932E-14 -4.34282E-14 -1.54894E-30 -4.37850E-29  6.45714E-15  6.67995E-11
