 #  Spin polarization functions (in cm)      MU=(1-cos(TH))/2
 #  Z =  79,   projectile: electron
 #  Kinetic energy = 2.90000E+06 eV
 #
 # TH (deg)      MU            U            S            T      1-U^2-T^2-S^2
 #------------------------------------------------------------------------------
  0.000E+00  0.00000E+00  0.00000E+00  0.00000E+00  1.00000E+00  0.00000E+00
  1.000E-04  7.61557E-13  1.48388E-06  3.76713E-11  1.00000E+00 -2.22045E-16
  1.250E-04  1.18994E-12  1.85486E-06  4.70892E-11  1.00000E+00 -4.44089E-16
  1.500E-04  1.71346E-12  2.22583E-06  5.65070E-11  1.00000E+00  2.22045E-16
  1.750E-04  2.33225E-12  2.59680E-06  6.59249E-11  1.00000E+00 -2.22045E-16
  2.000E-04  3.04617E-12  2.96777E-06  7.53427E-11  1.00000E+00  2.22045E-16
  2.250E-04  3.85530E-12  3.33874E-06  8.47606E-11  1.00000E+00  3.33067E-16
  2.500E-04  4.75964E-12  3.70971E-06  9.41784E-11  1.00000E+00  3.33067E-16
  2.750E-04  5.75917E-12  4.08068E-06  1.03596E-10  1.00000E+00  2.22045E-16
  3.000E-04  6.85391E-12  4.45165E-06  1.13014E-10  1.00000E+00  2.22045E-16
  3.250E-04  8.04379E-12  4.82262E-06  1.22432E-10  1.00000E+00  0.00000E+00
  3.500E-04  9.32893E-12  5.19359E-06  1.31850E-10  1.00000E+00  3.33067E-16
  3.750E-04  1.07092E-11  5.56457E-06  1.41268E-10  1.00000E+00  0.00000E+00
  4.000E-04  1.21847E-11  5.93554E-06  1.50686E-10  1.00000E+00  3.33067E-16
  4.250E-04  1.37554E-11  6.30651E-06  1.60103E-10  1.00000E+00 -4.44089E-16
  4.500E-04  1.54213E-11  6.67748E-06  1.69521E-10  1.00000E+00 -4.44089E-16
  4.750E-04  1.71823E-11  7.04845E-06  1.78939E-10  1.00000E+00 -2.22045E-16
  5.000E-04  1.90386E-11  7.41942E-06  1.88357E-10  1.00000E+00 -2.22045E-16
  5.250E-04  2.09900E-11  7.79039E-06  1.97775E-10  1.00000E+00 -2.22045E-16
  5.500E-04  2.30367E-11  8.16136E-06  2.07193E-10  1.00000E+00  4.44089E-16
  5.750E-04  2.51785E-11  8.53233E-06  2.16611E-10  1.00000E+00  1.11022E-16
  6.000E-04  2.74156E-11  8.90331E-06  2.26029E-10  1.00000E+00  0.00000E+00
  6.250E-04  2.97478E-11  9.27428E-06  2.35446E-10  1.00000E+00 -4.44089E-16
  6.500E-04  3.21752E-11  9.64525E-06  2.44864E-10  1.00000E+00  3.33067E-16
  6.750E-04  3.46979E-11  1.00162E-05  2.54282E-10  1.00000E+00  0.00000E+00
  7.000E-04  3.73157E-11  1.03872E-05  2.63700E-10  1.00000E+00 -2.22045E-16
  7.250E-04  4.00286E-11  1.07582E-05  2.73118E-10  1.00000E+00  3.33067E-16
  7.500E-04  4.28368E-11  1.11291E-05  2.82536E-10  1.00000E+00  0.00000E+00
  7.750E-04  4.57402E-11  1.15001E-05  2.91954E-10  1.00000E+00 -2.22045E-16
  8.000E-04  4.87388E-11  1.18711E-05  3.01372E-10  1.00000E+00 -4.44089E-16
  8.250E-04  5.18325E-11  1.22420E-05  3.10790E-10  1.00000E+00  2.22045E-16
  8.500E-04  5.50215E-11  1.26130E-05  3.20208E-10  1.00000E+00  1.11022E-16
  8.750E-04  5.83057E-11  1.29840E-05  3.29626E-10  1.00000E+00  1.11022E-16
  9.000E-04  6.16850E-11  1.33550E-05  3.39044E-10  1.00000E+00  2.22045E-16
  9.250E-04  6.51595E-11  1.37259E-05  3.48462E-10  1.00000E+00  4.44089E-16
  9.500E-04  6.87293E-11  1.40969E-05  3.57880E-10  1.00000E+00 -2.22045E-16
  9.750E-04  7.23943E-11  1.44679E-05  3.67298E-10  1.00000E+00  1.11022E-16
  1.000E-03  7.61544E-11  1.48388E-05  3.76716E-10  1.00000E+00 -2.22045E-16
  1.250E-03  1.18991E-10  1.85486E-05  4.70896E-10  1.00000E+00  2.22045E-16
  1.500E-03  1.71347E-10  2.22583E-05  5.65078E-10  1.00000E+00  3.33067E-16
  1.750E-03  2.33223E-10  2.59680E-05  6.59261E-10  1.00000E+00  0.00000E+00
  2.000E-03  3.04617E-10  2.96777E-05  7.53446E-10  1.00000E+00 -2.22045E-16
  2.250E-03  3.85531E-10  3.33874E-05  8.47633E-10  1.00000E+00 -2.22045E-16
  2.500E-03  4.75965E-10  3.70971E-05  9.41822E-10  1.00000E+00  4.44089E-16
  2.750E-03  5.75917E-10  4.08068E-05  1.03601E-09  1.00000E+00 -4.44089E-16
  3.000E-03  6.85389E-10  4.45165E-05  1.13021E-09  1.00000E+00  1.11022E-16
  3.250E-03  8.04380E-10  4.82262E-05  1.22441E-09  1.00000E+00  4.44089E-16
  3.500E-03  9.32891E-10  5.19360E-05  1.31861E-09  1.00000E+00  4.44089E-16
  3.750E-03  1.07092E-09  5.56457E-05  1.41282E-09  1.00000E+00  3.33067E-16
  4.000E-03  1.21847E-09  5.93554E-05  1.50703E-09  1.00000E+00  3.33067E-16
  4.250E-03  1.37554E-09  6.30651E-05  1.60125E-09  1.00000E+00 -4.44089E-16
  4.500E-03  1.54213E-09  6.67748E-05  1.69548E-09  1.00000E+00  1.11022E-16
  4.750E-03  1.71823E-09  7.04845E-05  1.78971E-09  1.00000E+00 -2.22045E-16
  5.000E-03  1.90386E-09  7.41942E-05  1.88395E-09  1.00000E+00  0.00000E+00
  5.250E-03  2.09900E-09  7.79039E-05  1.97820E-09  1.00000E+00  0.00000E+00
  5.500E-03  2.30367E-09  8.16137E-05  2.07246E-09  1.00000E+00  1.11022E-16
  5.750E-03  2.51785E-09  8.53234E-05  2.16674E-09  1.00000E+00 -2.22045E-16
  6.000E-03  2.74156E-09  8.90331E-05  2.26102E-09  1.00000E+00  1.11022E-16
  6.250E-03  2.97478E-09  9.27428E-05  2.35532E-09  1.00000E+00 -4.44089E-16
  6.500E-03  3.21752E-09  9.64525E-05  2.44963E-09  1.00000E+00  0.00000E+00
  6.750E-03  3.46978E-09  1.00162E-04  2.54396E-09  1.00000E+00  1.11022E-16
  7.000E-03  3.73156E-09  1.03872E-04  2.63831E-09  1.00000E+00  2.22045E-16
  7.250E-03  4.00286E-09  1.07582E-04  2.73268E-09  1.00000E+00 -2.22045E-16
  7.500E-03  4.28368E-09  1.11291E-04  2.82706E-09  1.00000E+00  1.11022E-16
  7.750E-03  4.57402E-09  1.15001E-04  2.92147E-09  1.00000E+00  0.00000E+00
  8.000E-03  4.87388E-09  1.18711E-04  3.01591E-09  1.00000E+00  2.22045E-16
  8.250E-03  5.18326E-09  1.22421E-04  3.11037E-09  1.00000E+00  0.00000E+00
  8.500E-03  5.50215E-09  1.26130E-04  3.20485E-09  1.00000E+00  0.00000E+00
  8.750E-03  5.83057E-09  1.29840E-04  3.29937E-09  1.00000E+00  0.00000E+00
  9.000E-03  6.16850E-09  1.33550E-04  3.39392E-09  1.00000E+00 -2.22045E-16
  9.250E-03  6.51596E-09  1.37259E-04  3.48851E-09  1.00000E+00  1.11022E-16
  9.500E-03  6.87293E-09  1.40969E-04  3.58313E-09  1.00000E+00  2.22045E-16
  9.750E-03  7.23942E-09  1.44679E-04  3.67779E-09  1.00000E+00  0.00000E+00
  1.000E-02  7.61544E-09  1.48389E-04  3.77249E-09  1.00000E+00  0.00000E+00
  1.250E-02  1.18991E-08  1.85486E-04  4.72244E-09  1.00000E+00  0.00000E+00
  1.500E-02  1.71347E-08  2.22583E-04  5.68004E-09  1.00000E+00 -2.22045E-16
  1.750E-02  2.33223E-08  2.59680E-04  6.64922E-09  1.00000E+00  1.11022E-16
  2.000E-02  3.04617E-08  2.96778E-04  7.63450E-09  1.00000E+00  0.00000E+00
  2.250E-02  3.85531E-08  3.33875E-04  8.64065E-09  1.00000E+00  0.00000E+00
  2.500E-02  4.75965E-08  3.70973E-04  9.67224E-09  1.00000E+00 -2.22045E-16
  2.750E-02  5.75917E-08  4.08070E-04  1.07333E-08  1.00000E+00  0.00000E+00
  3.000E-02  6.85389E-08  4.45167E-04  1.18270E-08  1.00000E+00  0.00000E+00
  3.250E-02  8.04380E-08  4.82265E-04  1.29553E-08  1.00000E+00 -2.22045E-16
  3.500E-02  9.32891E-08  5.19362E-04  1.41194E-08  1.00000E+00  0.00000E+00
  3.750E-02  1.07092E-07  5.56459E-04  1.53192E-08  1.00000E+00  0.00000E+00
  4.000E-02  1.21847E-07  5.93557E-04  1.65543E-08  1.00000E+00  1.11022E-16
  4.250E-02  1.37554E-07  6.30654E-04  1.78237E-08  1.00000E+00 -2.22045E-16
  4.500E-02  1.54213E-07  6.67752E-04  1.91269E-08  1.00000E+00  3.33067E-16
  4.750E-02  1.71823E-07  7.04849E-04  2.04639E-08  1.00000E+00  0.00000E+00
  5.000E-02  1.90386E-07  7.41947E-04  2.18354E-08  1.00000E+00  3.33067E-16
  5.250E-02  2.09900E-07  7.79045E-04  2.32434E-08  1.00000E+00  3.33067E-16
  5.500E-02  2.30367E-07  8.16142E-04  2.46905E-08  1.00000E+00 -2.22045E-16
  5.750E-02  2.51785E-07  8.53240E-04  2.61798E-08  1.00000E+00  3.33067E-16
  6.000E-02  2.74156E-07  8.90338E-04  2.77148E-08  1.00000E+00  0.00000E+00
  6.250E-02  2.97478E-07  9.27436E-04  2.92985E-08  1.00000E+00  2.22045E-16
  6.500E-02  3.21752E-07  9.64534E-04  3.09334E-08  1.00000E+00 -2.22045E-16
  6.750E-02  3.46978E-07  1.00163E-03  3.26207E-08  9.99999E-01 -2.22045E-16
  7.000E-02  3.73156E-07  1.03873E-03  3.43606E-08  9.99999E-01 -4.44089E-16
  7.250E-02  4.00286E-07  1.07583E-03  3.61520E-08  9.99999E-01  1.11022E-16
  7.500E-02  4.28368E-07  1.11293E-03  3.79934E-08  9.99999E-01 -2.22045E-16
  7.750E-02  4.57402E-07  1.15002E-03  3.98827E-08  9.99999E-01 -2.22045E-16
  8.000E-02  4.87388E-07  1.18712E-03  4.18182E-08  9.99999E-01  0.00000E+00
  8.250E-02  5.18325E-07  1.22422E-03  4.37989E-08  9.99999E-01  0.00000E+00
  8.500E-02  5.50215E-07  1.26132E-03  4.58249E-08  9.99999E-01  1.11022E-16
  8.750E-02  5.83057E-07  1.29842E-03  4.78976E-08  9.99999E-01  2.22045E-16
  9.000E-02  6.16850E-07  1.33551E-03  5.00194E-08  9.99999E-01  2.22045E-16
  9.250E-02  6.51596E-07  1.37261E-03  5.21938E-08  9.99999E-01  2.22045E-16
  9.500E-02  6.87293E-07  1.40971E-03  5.44241E-08  9.99999E-01  3.33067E-16
  9.750E-02  7.23942E-07  1.44681E-03  5.67134E-08  9.99999E-01  2.22045E-16
  1.000E-01  7.61543E-07  1.48391E-03  5.90640E-08  9.99999E-01  4.44089E-16
  1.250E-01  1.18991E-06  1.85490E-03  8.56944E-08  9.99998E-01  0.00000E+00
  1.500E-01  1.71347E-06  2.22589E-03  1.18200E-07  9.99998E-01  3.33067E-16
  1.750E-01  2.33223E-06  2.59690E-03  1.56621E-07  9.99997E-01  1.11022E-16
  2.000E-01  3.04617E-06  2.96791E-03  2.01094E-07  9.99996E-01 -2.22045E-16
  2.250E-01  3.85531E-06  3.33893E-03  2.51679E-07  9.99994E-01  3.33067E-16
  2.500E-01  4.75964E-06  3.70997E-03  3.07948E-07  9.99993E-01  1.11022E-16
  2.750E-01  5.75916E-06  4.08101E-03  3.69515E-07  9.99992E-01 -4.44089E-16
  3.000E-01  6.85388E-06  4.45206E-03  4.36559E-07  9.99990E-01 -2.22045E-16
  3.250E-01  8.04378E-06  4.82312E-03  5.09061E-07  9.99988E-01  0.00000E+00
  3.500E-01  9.32888E-06  5.19420E-03  5.86427E-07  9.99987E-01  0.00000E+00
  3.750E-01  1.07092E-05  5.56528E-03  6.68681E-07  9.99985E-01  2.22045E-16
  4.000E-01  1.21846E-05  5.93637E-03  7.56537E-07  9.99982E-01  1.11022E-16
  4.250E-01  1.37553E-05  6.30747E-03  8.49803E-07  9.99980E-01 -2.22045E-16
  4.500E-01  1.54212E-05  6.67858E-03  9.47737E-07  9.99978E-01  0.00000E+00
  4.750E-01  1.71822E-05  7.04971E-03  1.05081E-06  9.99975E-01  4.44089E-16
  5.000E-01  1.90385E-05  7.42084E-03  1.15973E-06  9.99972E-01  1.11022E-16
  5.250E-01  2.09899E-05  7.79199E-03  1.27351E-06  9.99970E-01 -4.44089E-16
  5.500E-01  2.30365E-05  8.16315E-03  1.39143E-06  9.99967E-01  1.11022E-16
  5.750E-01  2.51783E-05  8.53432E-03  1.51438E-06  9.99964E-01  2.22045E-16
  6.000E-01  2.74153E-05  8.90550E-03  1.64261E-06  9.99960E-01  1.11022E-16
  6.250E-01  2.97475E-05  9.27670E-03  1.77438E-06  9.99957E-01 -2.22045E-16
  6.500E-01  3.21749E-05  9.64791E-03  1.90952E-06  9.99953E-01 -2.22045E-16
  6.750E-01  3.46974E-05  1.00191E-02  2.04937E-06  9.99950E-01  2.22045E-16
  7.000E-01  3.73152E-05  1.03904E-02  2.19342E-06  9.99946E-01 -2.22045E-16
  7.250E-01  4.00281E-05  1.07616E-02  2.33979E-06  9.99942E-01  4.44089E-16
  7.500E-01  4.28362E-05  1.11329E-02  2.48928E-06  9.99938E-01 -2.22045E-16
  7.750E-01  4.57395E-05  1.15042E-02  2.64376E-06  9.99934E-01  1.11022E-16
  8.000E-01  4.87380E-05  1.18755E-02  2.80144E-06  9.99929E-01  2.22045E-16
  8.250E-01  5.18317E-05  1.22468E-02  2.96110E-06  9.99925E-01  2.22045E-16
  8.500E-01  5.50205E-05  1.26181E-02  3.12481E-06  9.99920E-01  0.00000E+00
  8.750E-01  5.83045E-05  1.29894E-02  3.29397E-06  9.99916E-01  4.44089E-16
  9.000E-01  6.16838E-05  1.33608E-02  3.46600E-06  9.99911E-01  0.00000E+00
  9.250E-01  6.51582E-05  1.37321E-02  3.64094E-06  9.99906E-01 -2.22045E-16
  9.500E-01  6.87277E-05  1.41035E-02  3.82160E-06  9.99901E-01 -2.22045E-16
  9.750E-01  7.23925E-05  1.44749E-02  4.00798E-06  9.99895E-01  1.11022E-16
  1.000E+00  7.61524E-05  1.48462E-02  4.19697E-06  9.99890E-01 -2.22045E-16
  1.100E+00  9.21439E-05  1.63319E-02  5.00784E-06  9.99867E-01 -2.22045E-16
  1.200E+00  1.09658E-04  1.78177E-02  5.90575E-06  9.99841E-01 -2.22045E-16
  1.300E+00  1.28695E-04  1.93037E-02  6.89306E-06  9.99814E-01 -4.44089E-16
  1.400E+00  1.49255E-04  2.07899E-02  7.96575E-06  9.99784E-01  1.11022E-16
  1.500E+00  1.71338E-04  2.22762E-02  9.11779E-06  9.99752E-01 -2.22045E-16
  1.600E+00  1.94942E-04  2.37628E-02  1.03433E-05  9.99718E-01  1.11022E-16
  1.700E+00  2.20070E-04  2.52495E-02  1.16366E-05  9.99681E-01 -2.22045E-16
  1.800E+00  2.46720E-04  2.67363E-02  1.29973E-05  9.99643E-01  1.11022E-16
  1.900E+00  2.74892E-04  2.82234E-02  1.44240E-05  9.99602E-01 -2.22045E-16
  2.000E+00  3.04586E-04  2.97107E-02  1.59188E-05  9.99559E-01  0.00000E+00
  2.100E+00  3.35803E-04  3.11981E-02  1.74862E-05  9.99513E-01  0.00000E+00
  2.200E+00  3.68542E-04  3.26857E-02  1.91303E-05  9.99466E-01  0.00000E+00
  2.300E+00  4.02802E-04  3.41734E-02  2.08568E-05  9.99416E-01  0.00000E+00
  2.400E+00  4.38585E-04  3.56613E-02  2.26719E-05  9.99364E-01 -2.22045E-16
  2.500E+00  4.75889E-04  3.71494E-02  2.45796E-05  9.99310E-01  2.22045E-16
  2.600E+00  5.14715E-04  3.86377E-02  2.65847E-05  9.99253E-01  1.11022E-16
  2.700E+00  5.55063E-04  4.01261E-02  2.86894E-05  9.99195E-01  1.11022E-16
  2.800E+00  5.96931E-04  4.16146E-02  3.08970E-05  9.99134E-01  0.00000E+00
  2.900E+00  6.40321E-04  4.31033E-02  3.32099E-05  9.99071E-01  2.22045E-16
  3.000E+00  6.85233E-04  4.45922E-02  3.56295E-05  9.99005E-01  0.00000E+00
  3.100E+00  7.31665E-04  4.60812E-02  3.81581E-05  9.98938E-01  1.11022E-16
  3.200E+00  7.79618E-04  4.75704E-02  4.07950E-05  9.98868E-01 -2.22045E-16
  3.300E+00  8.29092E-04  4.90597E-02  4.35402E-05  9.98796E-01 -4.44089E-16
  3.400E+00  8.80086E-04  5.05491E-02  4.63932E-05  9.98722E-01 -2.22045E-16
  3.500E+00  9.32601E-04  5.20387E-02  4.93545E-05  9.98645E-01  2.22045E-16
  3.600E+00  9.86636E-04  5.35285E-02  5.24236E-05  9.98566E-01  0.00000E+00
  3.700E+00  1.04219E-03  5.50183E-02  5.55999E-05  9.98485E-01  0.00000E+00
  3.800E+00  1.09927E-03  5.65084E-02  5.88834E-05  9.98402E-01  0.00000E+00
  3.900E+00  1.15786E-03  5.79985E-02  6.22723E-05  9.98317E-01 -2.22045E-16
  4.000E+00  1.21797E-03  5.94888E-02  6.57670E-05  9.98229E-01  1.11022E-16
  4.100E+00  1.27961E-03  6.09793E-02  6.93670E-05  9.98139E-01  1.11022E-16
  4.200E+00  1.34276E-03  6.24699E-02  7.30716E-05  9.98047E-01 -2.22045E-16
  4.300E+00  1.40743E-03  6.39606E-02  7.68805E-05  9.97952E-01 -2.22045E-16
  4.400E+00  1.47362E-03  6.54514E-02  8.07934E-05  9.97856E-01  3.33067E-16
  4.500E+00  1.54133E-03  6.69424E-02  8.48097E-05  9.97757E-01  1.11022E-16
  4.600E+00  1.61056E-03  6.84335E-02  8.89293E-05  9.97656E-01 -4.44089E-16
  4.700E+00  1.68131E-03  6.99247E-02  9.31521E-05  9.97552E-01 -2.22045E-16
  4.800E+00  1.75357E-03  7.14161E-02  9.74779E-05  9.97447E-01 -2.22045E-16
  4.900E+00  1.82735E-03  7.29076E-02  1.01906E-04  9.97339E-01  0.00000E+00
  5.000E+00  1.90265E-03  7.43993E-02  1.06437E-04  9.97229E-01  0.00000E+00
  5.100E+00  1.97947E-03  7.58910E-02  1.11070E-04  9.97116E-01  0.00000E+00
  5.200E+00  2.05780E-03  7.73829E-02  1.15805E-04  9.97001E-01  1.11022E-16
  5.300E+00  2.13765E-03  7.88749E-02  1.20641E-04  9.96885E-01  0.00000E+00
  5.400E+00  2.21902E-03  8.03671E-02  1.25580E-04  9.96765E-01  0.00000E+00
  5.500E+00  2.30190E-03  8.18594E-02  1.30619E-04  9.96644E-01  1.11022E-16
  5.600E+00  2.38630E-03  8.33517E-02  1.35759E-04  9.96520E-01  0.00000E+00
  5.700E+00  2.47222E-03  8.48443E-02  1.41000E-04  9.96394E-01 -6.66134E-16
  5.800E+00  2.55965E-03  8.63369E-02  1.46341E-04  9.96266E-01  0.00000E+00
  5.900E+00  2.64859E-03  8.78296E-02  1.51782E-04  9.96135E-01  0.00000E+00
  6.000E+00  2.73905E-03  8.93225E-02  1.57323E-04  9.96003E-01  0.00000E+00
  6.100E+00  2.83103E-03  9.08155E-02  1.62961E-04  9.95868E-01  2.22045E-16
  6.200E+00  2.92452E-03  9.23086E-02  1.68696E-04  9.95730E-01 -4.44089E-16
  6.300E+00  3.01952E-03  9.38018E-02  1.74531E-04  9.95591E-01  1.11022E-16
  6.400E+00  3.11604E-03  9.52951E-02  1.80464E-04  9.95449E-01  0.00000E+00
  6.500E+00  3.21407E-03  9.67885E-02  1.86491E-04  9.95305E-01  3.33067E-16
  6.600E+00  3.31362E-03  9.82821E-02  1.92615E-04  9.95159E-01 -2.22045E-16
  6.700E+00  3.41468E-03  9.97757E-02  1.98830E-04  9.95010E-01  1.11022E-16
  6.800E+00  3.51725E-03  1.01269E-01  2.05138E-04  9.94859E-01  3.33067E-16
  6.900E+00  3.62133E-03  1.02763E-01  2.11542E-04  9.94706E-01 -2.22045E-16
  7.000E+00  3.72692E-03  1.04257E-01  2.18037E-04  9.94550E-01 -2.22045E-16
  7.100E+00  3.83403E-03  1.05751E-01  2.24624E-04  9.94393E-01  1.11022E-16
  7.200E+00  3.94265E-03  1.07246E-01  2.31298E-04  9.94233E-01  0.00000E+00
  7.300E+00  4.05278E-03  1.08740E-01  2.38059E-04  9.94070E-01  0.00000E+00
  7.400E+00  4.16442E-03  1.10234E-01  2.44904E-04  9.93906E-01  2.22045E-16
  7.500E+00  4.27757E-03  1.11729E-01  2.51840E-04  9.93739E-01  0.00000E+00
  7.600E+00  4.39223E-03  1.13223E-01  2.58860E-04  9.93570E-01 -2.22045E-16
  7.700E+00  4.50840E-03  1.14718E-01  2.65963E-04  9.93398E-01  3.33067E-16
  7.800E+00  4.62608E-03  1.16212E-01  2.73147E-04  9.93224E-01  1.11022E-16
  7.900E+00  4.74527E-03  1.17707E-01  2.80405E-04  9.93048E-01 -4.44089E-16
  8.000E+00  4.86597E-03  1.19202E-01  2.87743E-04  9.92870E-01  0.00000E+00
  8.100E+00  4.98817E-03  1.20697E-01  2.95160E-04  9.92689E-01 -2.22045E-16
  8.200E+00  5.11188E-03  1.22192E-01  3.02654E-04  9.92506E-01  1.11022E-16
  8.300E+00  5.23711E-03  1.23687E-01  3.10222E-04  9.92321E-01  1.11022E-16
  8.400E+00  5.36383E-03  1.25182E-01  3.17859E-04  9.92134E-01  1.11022E-16
  8.500E+00  5.49207E-03  1.26678E-01  3.25562E-04  9.91944E-01  1.11022E-16
  8.600E+00  5.62181E-03  1.28173E-01  3.33334E-04  9.91752E-01  1.11022E-16
  8.700E+00  5.75306E-03  1.29668E-01  3.41175E-04  9.91557E-01  1.11022E-16
  8.800E+00  5.88581E-03  1.31164E-01  3.49084E-04  9.91361E-01 -2.22045E-16
  8.900E+00  6.02007E-03  1.32659E-01  3.57055E-04  9.91162E-01  2.22045E-16
  9.000E+00  6.15583E-03  1.34155E-01  3.65083E-04  9.90960E-01  0.00000E+00
  9.100E+00  6.29310E-03  1.35651E-01  3.73166E-04  9.90757E-01  1.11022E-16
  9.200E+00  6.43187E-03  1.37146E-01  3.81306E-04  9.90551E-01  0.00000E+00
  9.300E+00  6.57214E-03  1.38642E-01  3.89506E-04  9.90342E-01  1.11022E-16
  9.400E+00  6.71392E-03  1.40138E-01  3.97763E-04  9.90132E-01  1.11022E-16
  9.500E+00  6.85720E-03  1.41634E-01  4.06069E-04  9.89919E-01 -2.22045E-16
  9.600E+00  7.00198E-03  1.43130E-01  4.14420E-04  9.89704E-01 -2.22045E-16
  9.700E+00  7.14827E-03  1.44626E-01  4.22813E-04  9.89486E-01  1.11022E-16
  9.800E+00  7.29605E-03  1.46122E-01  4.31252E-04  9.89267E-01 -4.44089E-16
  9.900E+00  7.44534E-03  1.47618E-01  4.39740E-04  9.89044E-01  3.33067E-16
  1.000E+01  7.59612E-03  1.49114E-01  4.48272E-04  9.88820E-01 -2.22045E-16
  1.025E+01  7.97965E-03  1.52854E-01  4.69749E-04  9.88249E-01 -2.22045E-16
  1.050E+01  8.37255E-03  1.56595E-01  4.91428E-04  9.87663E-01 -2.22045E-16
  1.075E+01  8.77480E-03  1.60335E-01  5.13293E-04  9.87062E-01  0.00000E+00
  1.100E+01  9.18641E-03  1.64076E-01  5.35266E-04  9.86448E-01  1.11022E-16
  1.125E+01  9.60736E-03  1.67817E-01  5.57371E-04  9.85818E-01  1.11022E-16
  1.150E+01  1.00376E-02  1.71557E-01  5.79505E-04  9.85174E-01  2.22045E-16
  1.175E+01  1.04773E-02  1.75298E-01  6.01687E-04  9.84515E-01  4.44089E-16
  1.200E+01  1.09262E-02  1.79038E-01  6.23849E-04  9.83842E-01 -2.22045E-16
  1.225E+01  1.13844E-02  1.82779E-01  6.45948E-04  9.83154E-01  0.00000E+00
  1.250E+01  1.18520E-02  1.86519E-01  6.67991E-04  9.82451E-01  0.00000E+00
  1.275E+01  1.23288E-02  1.90258E-01  6.89864E-04  9.81734E-01  3.33067E-16
  1.300E+01  1.28150E-02  1.93998E-01  7.11621E-04  9.81002E-01 -2.22045E-16
  1.325E+01  1.33104E-02  1.97737E-01  7.33141E-04  9.80255E-01 -4.44089E-16
  1.350E+01  1.38150E-02  2.01475E-01  7.54437E-04  9.79493E-01  4.44089E-16
  1.375E+01  1.43290E-02  2.05213E-01  7.75470E-04  9.78717E-01 -2.22045E-16
  1.400E+01  1.48521E-02  2.08951E-01  7.96145E-04  9.77926E-01 -2.22045E-16
  1.425E+01  1.53845E-02  2.12688E-01  8.16530E-04  9.77120E-01  0.00000E+00
  1.450E+01  1.59262E-02  2.16424E-01  8.36456E-04  9.76299E-01  0.00000E+00
  1.475E+01  1.64770E-02  2.20159E-01  8.56008E-04  9.75464E-01  2.22045E-16
  1.500E+01  1.70371E-02  2.23894E-01  8.75069E-04  9.74613E-01  1.11022E-16
  1.525E+01  1.76063E-02  2.27627E-01  8.93602E-04  9.73748E-01 -2.22045E-16
  1.550E+01  1.81848E-02  2.31360E-01  9.11660E-04  9.72868E-01  2.22045E-16
  1.575E+01  1.87724E-02  2.35092E-01  9.29043E-04  9.71973E-01  3.33067E-16
  1.600E+01  1.93692E-02  2.38822E-01  9.45929E-04  9.71063E-01  2.22045E-16
  1.625E+01  1.99751E-02  2.42551E-01  9.62072E-04  9.70138E-01  0.00000E+00
  1.650E+01  2.05901E-02  2.46279E-01  9.77576E-04  9.69198E-01  1.11022E-16
  1.675E+01  2.12143E-02  2.50006E-01  9.92390E-04  9.68244E-01 -2.22045E-16
  1.700E+01  2.18476E-02  2.53731E-01  1.00634E-03  9.67274E-01  0.00000E+00
  1.725E+01  2.24900E-02  2.57455E-01  1.01970E-03  9.66290E-01  0.00000E+00
  1.750E+01  2.31415E-02  2.61177E-01  1.03196E-03  9.65290E-01  1.11022E-16
  1.775E+01  2.38021E-02  2.64898E-01  1.04369E-03  9.64276E-01 -2.22045E-16
  1.800E+01  2.44717E-02  2.68617E-01  1.05419E-03  9.63247E-01  0.00000E+00
  1.825E+01  2.51504E-02  2.72334E-01  1.06405E-03  9.62202E-01  1.11022E-16
  1.850E+01  2.58382E-02  2.76049E-01  1.07274E-03  9.61143E-01 -2.22045E-16
  1.875E+01  2.65349E-02  2.79762E-01  1.08057E-03  9.60069E-01 -2.22045E-16
  1.900E+01  2.72407E-02  2.83473E-01  1.08734E-03  9.58979E-01  0.00000E+00
  1.925E+01  2.79555E-02  2.87183E-01  1.09302E-03  9.57875E-01 -2.22045E-16
  1.950E+01  2.86793E-02  2.90890E-01  1.09772E-03  9.56756E-01  0.00000E+00
  1.975E+01  2.94120E-02  2.94594E-01  1.10120E-03  9.55622E-01 -4.44089E-16
  2.000E+01  3.01537E-02  2.98296E-01  1.10365E-03  9.54473E-01  0.00000E+00
  2.025E+01  3.09043E-02  3.01996E-01  1.10487E-03  9.53308E-01  2.22045E-16
  2.050E+01  3.16639E-02  3.05694E-01  1.10493E-03  9.52129E-01  1.11022E-16
  2.075E+01  3.24324E-02  3.09388E-01  1.10378E-03  9.50935E-01 -2.22045E-16
  2.100E+01  3.32098E-02  3.13080E-01  1.10135E-03  9.49726E-01  0.00000E+00
  2.125E+01  3.39961E-02  3.16769E-01  1.09768E-03  9.48502E-01 -2.22045E-16
  2.150E+01  3.47912E-02  3.20456E-01  1.09265E-03  9.47263E-01  1.11022E-16
  2.175E+01  3.55952E-02  3.24139E-01  1.08633E-03  9.46009E-01 -2.22045E-16
  2.200E+01  3.64081E-02  3.27819E-01  1.07864E-03  9.44740E-01  2.22045E-16
  2.225E+01  3.72297E-02  3.31497E-01  1.06956E-03  9.43456E-01  0.00000E+00
  2.250E+01  3.80602E-02  3.35171E-01  1.05909E-03  9.42157E-01  2.22045E-16
  2.275E+01  3.88995E-02  3.38841E-01  1.04719E-03  9.40843E-01  0.00000E+00
  2.300E+01  3.97476E-02  3.42509E-01  1.03387E-03  9.39514E-01  2.22045E-16
  2.325E+01  4.06044E-02  3.46173E-01  1.01908E-03  9.38170E-01  0.00000E+00
  2.350E+01  4.14700E-02  3.49833E-01  1.00282E-03  9.36812E-01 -4.44089E-16
  2.375E+01  4.23443E-02  3.53489E-01  9.85068E-04  9.35438E-01 -2.22045E-16
  2.400E+01  4.32273E-02  3.57142E-01  9.65793E-04  9.34049E-01  3.33067E-16
  2.425E+01  4.41190E-02  3.60791E-01  9.44994E-04  9.32646E-01  0.00000E+00
  2.450E+01  4.50194E-02  3.64436E-01  9.22614E-04  9.31228E-01 -2.22045E-16
  2.475E+01  4.59284E-02  3.68078E-01  8.98651E-04  9.29795E-01  0.00000E+00
  2.500E+01  4.68461E-02  3.71715E-01  8.73065E-04  9.28347E-01  0.00000E+00
  2.550E+01  4.87074E-02  3.78976E-01  8.16998E-04  9.25406E-01  2.22045E-16
  2.600E+01  5.06030E-02  3.86220E-01  7.54275E-04  9.22406E-01  1.11022E-16
  2.650E+01  5.25328E-02  3.93446E-01  6.84840E-04  9.19348E-01 -2.22045E-16
  2.700E+01  5.44967E-02  4.00653E-01  6.08642E-04  9.16230E-01  1.11022E-16
  2.750E+01  5.64946E-02  4.07840E-01  5.25564E-04  9.13053E-01  2.22045E-16
  2.800E+01  5.85262E-02  4.15007E-01  4.35493E-04  9.09818E-01  3.33067E-16
  2.850E+01  6.05914E-02  4.22153E-01  3.38216E-04  9.06524E-01 -2.22045E-16
  2.900E+01  6.26901E-02  4.29278E-01  2.33640E-04  9.03172E-01  4.44089E-16
  2.950E+01  6.48222E-02  4.36380E-01  1.21701E-04  8.99762E-01  0.00000E+00
  3.000E+01  6.69873E-02  4.43459E-01  2.40632E-06  8.96295E-01  2.22045E-16
  3.050E+01  6.91854E-02  4.50515E-01 -1.24177E-04  8.92769E-01 -2.22045E-16
  3.100E+01  7.14163E-02  4.57546E-01 -2.58170E-04  8.89186E-01  0.00000E+00
  3.150E+01  7.36799E-02  4.64551E-01 -3.99617E-04  8.85546E-01  0.00000E+00
  3.200E+01  7.59760E-02  4.71531E-01 -5.48753E-04  8.81849E-01  2.22045E-16
  3.250E+01  7.83043E-02  4.78485E-01 -7.05643E-04  8.78095E-01  0.00000E+00
  3.300E+01  8.06647E-02  4.85412E-01 -8.70236E-04  8.74285E-01 -2.22045E-16
  3.350E+01  8.30571E-02  4.92311E-01 -1.04256E-03  8.70419E-01 -2.22045E-16
  3.400E+01  8.54812E-02  4.99181E-01 -1.22229E-03  8.66497E-01 -4.44089E-16
  3.450E+01  8.79369E-02  5.06023E-01 -1.40981E-03  8.62519E-01  2.22045E-16
  3.500E+01  9.04240E-02  5.12834E-01 -1.60472E-03  8.58486E-01  0.00000E+00
  3.550E+01  9.29422E-02  5.19616E-01 -1.80789E-03  8.54398E-01  2.22045E-16
  3.600E+01  9.54915E-02  5.26366E-01 -2.01868E-03  8.50255E-01  1.11022E-16
  3.650E+01  9.80716E-02  5.33085E-01 -2.23750E-03  8.46058E-01 -2.22045E-16
  3.700E+01  1.00682E-01  5.39772E-01 -2.46388E-03  8.41807E-01  0.00000E+00
  3.750E+01  1.03323E-01  5.46426E-01 -2.69802E-03  8.37503E-01  0.00000E+00
  3.800E+01  1.05995E-01  5.53047E-01 -2.93957E-03  8.33145E-01 -2.22045E-16
  3.850E+01  1.08696E-01  5.59634E-01 -3.18894E-03  8.28734E-01  0.00000E+00
  3.900E+01  1.11427E-01  5.66187E-01 -3.44617E-03  8.24270E-01  2.22045E-16
  3.950E+01  1.14188E-01  5.72704E-01 -3.71133E-03  8.19754E-01  0.00000E+00
  4.000E+01  1.16978E-01  5.79186E-01 -3.98434E-03  8.15186E-01  3.33067E-16
  4.050E+01  1.19797E-01  5.85631E-01 -4.26493E-03  8.10566E-01 -4.44089E-16
  4.100E+01  1.22645E-01  5.92040E-01 -4.55299E-03  8.05896E-01  0.00000E+00
  4.150E+01  1.25522E-01  5.98411E-01 -4.84849E-03  8.01174E-01  0.00000E+00
  4.200E+01  1.28428E-01  6.04745E-01 -5.15162E-03  7.96402E-01  4.44089E-16
  4.250E+01  1.31361E-01  6.11040E-01 -5.46254E-03  7.91581E-01  0.00000E+00
  4.300E+01  1.34323E-01  6.17297E-01 -5.78128E-03  7.86709E-01 -2.22045E-16
  4.350E+01  1.37313E-01  6.23514E-01 -6.10771E-03  7.81789E-01  1.11022E-16
  4.400E+01  1.40330E-01  6.29691E-01 -6.44156E-03  7.76819E-01  2.22045E-16
  4.450E+01  1.43375E-01  6.35828E-01 -6.78268E-03  7.71801E-01  0.00000E+00
  4.500E+01  1.46447E-01  6.41923E-01 -7.13107E-03  7.66736E-01 -2.22045E-16
  4.550E+01  1.49545E-01  6.47978E-01 -7.48691E-03  7.61622E-01  1.11022E-16
  4.600E+01  1.52671E-01  6.53991E-01 -7.85037E-03  7.56462E-01  0.00000E+00
  4.650E+01  1.55823E-01  6.59961E-01 -8.22148E-03  7.51255E-01  0.00000E+00
  4.700E+01  1.59001E-01  6.65888E-01 -8.60008E-03  7.46002E-01  0.00000E+00
  4.750E+01  1.62205E-01  6.71773E-01 -8.98592E-03  7.40703E-01  0.00000E+00
  4.800E+01  1.65435E-01  6.77613E-01 -9.37881E-03  7.35359E-01  2.22045E-16
  4.850E+01  1.68690E-01  6.83410E-01 -9.77877E-03  7.29970E-01  0.00000E+00
  4.900E+01  1.71970E-01  6.89162E-01 -1.01860E-02  7.24536E-01  0.00000E+00
  4.950E+01  1.75276E-01  6.94869E-01 -1.06006E-02  7.19059E-01 -4.44089E-16
  5.000E+01  1.78606E-01  7.00530E-01 -1.10227E-02  7.13538E-01 -2.22045E-16
  5.050E+01  1.81961E-01  7.06146E-01 -1.14521E-02  7.07974E-01  0.00000E+00
  5.100E+01  1.85340E-01  7.11715E-01 -1.18885E-02  7.02367E-01  0.00000E+00
  5.150E+01  1.88743E-01  7.17238E-01 -1.23318E-02  6.96719E-01 -2.22045E-16
  5.200E+01  1.92169E-01  7.22714E-01 -1.27819E-02  6.91029E-01 -2.22045E-16
  5.250E+01  1.95619E-01  7.28143E-01 -1.32391E-02  6.85298E-01  0.00000E+00
  5.300E+01  1.99092E-01  7.33523E-01 -1.37035E-02  6.79526E-01 -2.22045E-16
  5.350E+01  2.02589E-01  7.38856E-01 -1.41752E-02  6.73714E-01  0.00000E+00
  5.400E+01  2.06107E-01  7.44140E-01 -1.46541E-02  6.67863E-01 -4.44089E-16
  5.450E+01  2.09649E-01  7.49375E-01 -1.51398E-02  6.61973E-01  0.00000E+00
  5.500E+01  2.13212E-01  7.54561E-01 -1.56322E-02  6.56044E-01  0.00000E+00
  5.550E+01  2.16797E-01  7.59697E-01 -1.61313E-02  6.50077E-01 -4.44089E-16
  5.600E+01  2.20404E-01  7.64784E-01 -1.66373E-02  6.44072E-01  1.11022E-16
  5.650E+01  2.24032E-01  7.69820E-01 -1.71503E-02  6.38030E-01  0.00000E+00
  5.700E+01  2.27680E-01  7.74806E-01 -1.76704E-02  6.31952E-01  2.22045E-16
  5.750E+01  2.31350E-01  7.79741E-01 -1.81977E-02  6.25838E-01  0.00000E+00
  5.800E+01  2.35040E-01  7.84625E-01 -1.87316E-02  6.19688E-01  0.00000E+00
  5.850E+01  2.38751E-01  7.89457E-01 -1.92722E-02  6.13504E-01  0.00000E+00
  5.900E+01  2.42481E-01  7.94237E-01 -1.98193E-02  6.07284E-01  1.11022E-16
  5.950E+01  2.46231E-01  7.98966E-01 -2.03730E-02  6.01031E-01  0.00000E+00
  6.000E+01  2.50000E-01  8.03642E-01 -2.09337E-02  5.94745E-01  0.00000E+00
  6.050E+01  2.53788E-01  8.08265E-01 -2.15015E-02  5.88426E-01  0.00000E+00
  6.100E+01  2.57595E-01  8.12836E-01 -2.20763E-02  5.82075E-01  0.00000E+00
  6.150E+01  2.61421E-01  8.17353E-01 -2.26578E-02  5.75692E-01  0.00000E+00
  6.200E+01  2.65264E-01  8.21817E-01 -2.32458E-02  5.69278E-01  0.00000E+00
  6.250E+01  2.69126E-01  8.26227E-01 -2.38402E-02  5.62833E-01  4.44089E-16
  6.300E+01  2.73005E-01  8.30584E-01 -2.44412E-02  5.56357E-01  0.00000E+00
  6.350E+01  2.76901E-01  8.34886E-01 -2.50491E-02  5.49853E-01 -2.22045E-16
  6.400E+01  2.80814E-01  8.39134E-01 -2.56640E-02  5.43319E-01  0.00000E+00
  6.450E+01  2.84744E-01  8.43327E-01 -2.62860E-02  5.36758E-01  2.22045E-16
  6.500E+01  2.88691E-01  8.47465E-01 -2.69147E-02  5.30169E-01  1.11022E-16
  6.550E+01  2.92653E-01  8.51548E-01 -2.75499E-02  5.23552E-01  0.00000E+00
  6.600E+01  2.96632E-01  8.55577E-01 -2.81914E-02  5.16908E-01 -2.22045E-16
  6.650E+01  3.00625E-01  8.59549E-01 -2.88394E-02  5.10238E-01 -2.22045E-16
  6.700E+01  3.04634E-01  8.63467E-01 -2.94943E-02  5.03543E-01  0.00000E+00
  6.750E+01  3.08658E-01  8.67328E-01 -3.01564E-02  4.96823E-01 -4.44089E-16
  6.800E+01  3.12697E-01  8.71133E-01 -3.08257E-02  4.90079E-01  2.22045E-16
  6.850E+01  3.16749E-01  8.74882E-01 -3.15018E-02  4.83311E-01 -2.22045E-16
  6.900E+01  3.20816E-01  8.78575E-01 -3.21842E-02  4.76519E-01  0.00000E+00
  6.950E+01  3.24896E-01  8.82211E-01 -3.28730E-02  4.69705E-01  2.22045E-16
  7.000E+01  3.28990E-01  8.85791E-01 -3.35683E-02  4.62869E-01  0.00000E+00
  7.050E+01  3.33097E-01  8.89314E-01 -3.42705E-02  4.56011E-01  0.00000E+00
  7.100E+01  3.37216E-01  8.92780E-01 -3.49802E-02  4.49132E-01  1.11022E-16
  7.150E+01  3.41348E-01  8.96189E-01 -3.56978E-02  4.42235E-01  0.00000E+00
  7.200E+01  3.45492E-01  8.99540E-01 -3.64220E-02  4.35318E-01 -2.22045E-16
  7.250E+01  3.49647E-01  9.02835E-01 -3.71517E-02  4.28380E-01  0.00000E+00
  7.300E+01  3.53814E-01  9.06073E-01 -3.78878E-02  4.21423E-01 -2.22045E-16
  7.350E+01  3.57992E-01  9.09252E-01 -3.86315E-02  4.14449E-01 -2.22045E-16
  7.400E+01  3.62181E-01  9.12374E-01 -3.93830E-02  4.07459E-01  5.55112E-16
  7.450E+01  3.66381E-01  9.15438E-01 -4.01417E-02  4.00452E-01 -4.44089E-16
  7.500E+01  3.70590E-01  9.18444E-01 -4.09073E-02  3.93429E-01 -2.22045E-16
  7.550E+01  3.74810E-01  9.21393E-01 -4.16796E-02  3.86391E-01  2.22045E-16
  7.600E+01  3.79039E-01  9.24284E-01 -4.24587E-02  3.79337E-01 -2.22045E-16
  7.650E+01  3.83277E-01  9.27117E-01 -4.32448E-02  3.72269E-01 -2.22045E-16
  7.700E+01  3.87524E-01  9.29892E-01 -4.40382E-02  3.65188E-01 -2.22045E-16
  7.750E+01  3.91780E-01  9.32608E-01 -4.48393E-02  3.58095E-01  0.00000E+00
  7.800E+01  3.96044E-01  9.35266E-01 -4.56478E-02  3.50989E-01 -2.22045E-16
  7.850E+01  4.00316E-01  9.37867E-01 -4.64636E-02  3.43871E-01 -2.22045E-16
  7.900E+01  4.04596E-01  9.40409E-01 -4.72865E-02  3.36743E-01  2.22045E-16
  7.950E+01  4.08882E-01  9.42892E-01 -4.81165E-02  3.29604E-01  0.00000E+00
  8.000E+01  4.13176E-01  9.45318E-01 -4.89539E-02  3.22455E-01 -2.22045E-16
  8.050E+01  4.17476E-01  9.47686E-01 -4.97989E-02  3.15297E-01 -2.22045E-16
  8.100E+01  4.21783E-01  9.49995E-01 -5.06516E-02  3.08131E-01  0.00000E+00
  8.150E+01  4.26095E-01  9.52245E-01 -5.15122E-02  3.00957E-01 -2.22045E-16
  8.200E+01  4.30413E-01  9.54438E-01 -5.23804E-02  2.93776E-01  1.11022E-16
  8.250E+01  4.34737E-01  9.56572E-01 -5.32561E-02  2.86589E-01  0.00000E+00
  8.300E+01  4.39065E-01  9.58649E-01 -5.41395E-02  2.79395E-01 -2.22045E-16
  8.350E+01  4.43398E-01  9.60667E-01 -5.50306E-02  2.72197E-01  0.00000E+00
  8.400E+01  4.47736E-01  9.62627E-01 -5.59296E-02  2.64993E-01 -4.44089E-16
  8.450E+01  4.52077E-01  9.64529E-01 -5.68367E-02  2.57787E-01  0.00000E+00
  8.500E+01  4.56422E-01  9.66373E-01 -5.77520E-02  2.50577E-01 -2.22045E-16
  8.550E+01  4.60770E-01  9.68159E-01 -5.86755E-02  2.43364E-01  3.33067E-16
  8.600E+01  4.65122E-01  9.69887E-01 -5.96071E-02  2.36150E-01  1.11022E-16
  8.650E+01  4.69476E-01  9.71557E-01 -6.05467E-02  2.28934E-01 -2.22045E-16
  8.700E+01  4.73832E-01  9.73170E-01 -6.14946E-02  2.21717E-01  0.00000E+00
  8.750E+01  4.78190E-01  9.74725E-01 -6.24509E-02  2.14501E-01  0.00000E+00
  8.800E+01  4.82550E-01  9.76223E-01 -6.34158E-02  2.07286E-01 -2.22045E-16
  8.850E+01  4.86912E-01  9.77663E-01 -6.43894E-02  2.00072E-01  2.22045E-16
  8.900E+01  4.91274E-01  9.79046E-01 -6.53717E-02  1.92860E-01  0.00000E+00
  8.950E+01  4.95637E-01  9.80372E-01 -6.63628E-02  1.85652E-01 -2.22045E-16
  9.000E+01  5.00000E-01  9.81641E-01 -6.73625E-02  1.78446E-01  1.11022E-16
  9.050E+01  5.04363E-01  9.82853E-01 -6.83711E-02  1.71245E-01 -4.44089E-16
  9.100E+01  5.08726E-01  9.84009E-01 -6.93887E-02  1.64049E-01  0.00000E+00
  9.150E+01  5.13088E-01  9.85108E-01 -7.04155E-02  1.56858E-01 -4.44089E-16
  9.200E+01  5.17450E-01  9.86150E-01 -7.14517E-02  1.49674E-01 -4.44089E-16
  9.250E+01  5.21810E-01  9.87137E-01 -7.24973E-02  1.42497E-01 -2.22045E-16
  9.300E+01  5.26168E-01  9.88067E-01 -7.35523E-02  1.35327E-01  2.22045E-16
  9.350E+01  5.30524E-01  9.88942E-01 -7.46169E-02  1.28166E-01 -2.22045E-16
  9.400E+01  5.34878E-01  9.89761E-01 -7.56910E-02  1.21014E-01  3.33067E-16
  9.450E+01  5.39230E-01  9.90525E-01 -7.67748E-02  1.13871E-01 -2.22045E-16
  9.500E+01  5.43578E-01  9.91233E-01 -7.78686E-02  1.06740E-01  3.33067E-16
  9.550E+01  5.47923E-01  9.91887E-01 -7.89725E-02  9.96190E-02  0.00000E+00
  9.600E+01  5.52264E-01  9.92486E-01 -8.00867E-02  9.25107E-02  0.00000E+00
  9.650E+01  5.56602E-01  9.93030E-01 -8.12113E-02  8.54151E-02  2.22045E-16
  9.700E+01  5.60935E-01  9.93521E-01 -8.23462E-02  7.83328E-02  0.00000E+00
  9.750E+01  5.65263E-01  9.93957E-01 -8.34916E-02  7.12644E-02  1.11022E-16
  9.800E+01  5.69587E-01  9.94340E-01 -8.46476E-02  6.42109E-02 -2.22045E-16
  9.850E+01  5.73905E-01  9.94669E-01 -8.58145E-02  5.71730E-02  0.00000E+00
  9.900E+01  5.78217E-01  9.94946E-01 -8.69925E-02  5.01516E-02 -2.22045E-16
  9.950E+01  5.82524E-01  9.95169E-01 -8.81818E-02  4.31475E-02  4.44089E-16
  1.000E+02  5.86824E-01  9.95341E-01 -8.93824E-02  3.61614E-02 -2.22045E-16
  1.005E+02  5.91118E-01  9.95460E-01 -9.05945E-02  2.91938E-02 -2.22045E-16
  1.010E+02  5.95404E-01  9.95527E-01 -9.18182E-02  2.22454E-02  3.33067E-16
  1.015E+02  5.99684E-01  9.95543E-01 -9.30535E-02  1.53170E-02 -4.44089E-16
  1.020E+02  6.03956E-01  9.95508E-01 -9.43009E-02  8.40956E-03  0.00000E+00
  1.025E+02  6.08220E-01  9.95422E-01 -9.55605E-02  1.52393E-03  0.00000E+00
  1.030E+02  6.12476E-01  9.95286E-01 -9.68326E-02 -5.33903E-03  1.11022E-16
  1.035E+02  6.16723E-01  9.95100E-01 -9.81173E-02 -1.21786E-02  0.00000E+00
  1.040E+02  6.20961E-01  9.94865E-01 -9.94147E-02 -1.89942E-02  4.44089E-16
  1.045E+02  6.25190E-01  9.94580E-01 -1.00725E-01 -2.57850E-02 -2.22045E-16
  1.050E+02  6.29410E-01  9.94247E-01 -1.02048E-01 -3.25504E-02  0.00000E+00
  1.055E+02  6.33619E-01  9.93865E-01 -1.03385E-01 -3.92894E-02  2.22045E-16
  1.060E+02  6.37819E-01  9.93436E-01 -1.04735E-01 -4.60010E-02 -4.44089E-16
  1.065E+02  6.42008E-01  9.92959E-01 -1.06099E-01 -5.26842E-02  1.11022E-16
  1.070E+02  6.46186E-01  9.92435E-01 -1.07477E-01 -5.93384E-02  2.22045E-16
  1.075E+02  6.50353E-01  9.91865E-01 -1.08870E-01 -6.59627E-02 -2.22045E-16
  1.080E+02  6.54508E-01  9.91249E-01 -1.10277E-01 -7.25566E-02  1.11022E-16
  1.085E+02  6.58652E-01  9.90588E-01 -1.11698E-01 -7.91192E-02  1.11022E-16
  1.090E+02  6.62784E-01  9.89881E-01 -1.13135E-01 -8.56496E-02 -2.22045E-16
  1.095E+02  6.66903E-01  9.89130E-01 -1.14586E-01 -9.21466E-02  3.33067E-16
  1.100E+02  6.71010E-01  9.88336E-01 -1.16053E-01 -9.86094E-02  3.33067E-16
  1.105E+02  6.75104E-01  9.87498E-01 -1.17537E-01 -1.05037E-01  0.00000E+00
  1.110E+02  6.79184E-01  9.86618E-01 -1.19036E-01 -1.11429E-01  4.44089E-16
  1.115E+02  6.83251E-01  9.85695E-01 -1.20551E-01 -1.17783E-01  1.11022E-16
  1.120E+02  6.87303E-01  9.84731E-01 -1.22083E-01 -1.24101E-01  2.22045E-16
  1.125E+02  6.91342E-01  9.83726E-01 -1.23632E-01 -1.30380E-01 -2.22045E-16
  1.130E+02  6.95366E-01  9.82680E-01 -1.25198E-01 -1.36619E-01  0.00000E+00
  1.135E+02  6.99375E-01  9.81595E-01 -1.26781E-01 -1.42817E-01  0.00000E+00
  1.140E+02  7.03368E-01  9.80472E-01 -1.28383E-01 -1.48974E-01 -2.22045E-16
  1.145E+02  7.07347E-01  9.79309E-01 -1.30003E-01 -1.55088E-01 -2.22045E-16
  1.150E+02  7.11309E-01  9.78110E-01 -1.31641E-01 -1.61159E-01  0.00000E+00
  1.155E+02  7.15256E-01  9.76873E-01 -1.33298E-01 -1.67185E-01 -4.44089E-16
  1.160E+02  7.19186E-01  9.75600E-01 -1.34974E-01 -1.73166E-01 -4.44089E-16
  1.165E+02  7.23099E-01  9.74292E-01 -1.36670E-01 -1.79100E-01 -2.22045E-16
  1.170E+02  7.26995E-01  9.72949E-01 -1.38386E-01 -1.84987E-01  2.22045E-16
  1.175E+02  7.30874E-01  9.71572E-01 -1.40123E-01 -1.90824E-01 -2.22045E-16
  1.180E+02  7.34736E-01  9.70162E-01 -1.41880E-01 -1.96611E-01 -2.22045E-16
  1.185E+02  7.38579E-01  9.68720E-01 -1.43658E-01 -2.02348E-01  0.00000E+00
  1.190E+02  7.42405E-01  9.67246E-01 -1.45458E-01 -2.08032E-01  2.22045E-16
  1.195E+02  7.46212E-01  9.65741E-01 -1.47280E-01 -2.13664E-01  1.11022E-16
  1.200E+02  7.50000E-01  9.64207E-01 -1.49125E-01 -2.19240E-01  1.11022E-16
  1.205E+02  7.53769E-01  9.62644E-01 -1.50992E-01 -2.24762E-01  0.00000E+00
  1.210E+02  7.57519E-01  9.61053E-01 -1.52883E-01 -2.30225E-01  0.00000E+00
  1.215E+02  7.61249E-01  9.59435E-01 -1.54798E-01 -2.35631E-01  1.11022E-16
  1.220E+02  7.64960E-01  9.57791E-01 -1.56737E-01 -2.40976E-01  0.00000E+00
  1.225E+02  7.68650E-01  9.56122E-01 -1.58702E-01 -2.46262E-01 -2.22045E-16
  1.230E+02  7.72320E-01  9.54428E-01 -1.60691E-01 -2.51485E-01  0.00000E+00
  1.235E+02  7.75968E-01  9.52712E-01 -1.62707E-01 -2.56645E-01  0.00000E+00
  1.240E+02  7.79596E-01  9.50973E-01 -1.64749E-01 -2.61740E-01  1.11022E-16
  1.245E+02  7.83203E-01  9.49214E-01 -1.66818E-01 -2.66767E-01  1.11022E-16
  1.250E+02  7.86788E-01  9.47434E-01 -1.68915E-01 -2.71727E-01 -6.66134E-16
  1.255E+02  7.90351E-01  9.45636E-01 -1.71040E-01 -2.76617E-01 -4.44089E-16
  1.260E+02  7.93893E-01  9.43820E-01 -1.73195E-01 -2.81437E-01 -2.22045E-16
  1.265E+02  7.97411E-01  9.41988E-01 -1.75378E-01 -2.86184E-01  3.33067E-16
  1.270E+02  8.00908E-01  9.40140E-01 -1.77592E-01 -2.90856E-01  0.00000E+00
  1.275E+02  8.04381E-01  9.38278E-01 -1.79837E-01 -2.95453E-01  3.33067E-16
  1.280E+02  8.07831E-01  9.36404E-01 -1.82113E-01 -2.99971E-01  0.00000E+00
  1.285E+02  8.11257E-01  9.34518E-01 -1.84422E-01 -3.04410E-01  0.00000E+00
  1.290E+02  8.14660E-01  9.32621E-01 -1.86764E-01 -3.08766E-01  0.00000E+00
  1.295E+02  8.18039E-01  9.30716E-01 -1.89140E-01 -3.13040E-01 -2.22045E-16
  1.300E+02  8.21394E-01  9.28803E-01 -1.91550E-01 -3.17228E-01  1.11022E-16
  1.305E+02  8.24724E-01  9.26884E-01 -1.93995E-01 -3.21329E-01 -2.22045E-16
  1.310E+02  8.28030E-01  9.24960E-01 -1.96476E-01 -3.25340E-01  1.11022E-16
  1.315E+02  8.31310E-01  9.23033E-01 -1.98995E-01 -3.29259E-01  0.00000E+00
  1.320E+02  8.34565E-01  9.21104E-01 -2.01551E-01 -3.33083E-01  0.00000E+00
  1.325E+02  8.37795E-01  9.19175E-01 -2.04146E-01 -3.36810E-01  2.22045E-16
  1.330E+02  8.40999E-01  9.17247E-01 -2.06781E-01 -3.40439E-01 -2.22045E-16
  1.335E+02  8.44177E-01  9.15323E-01 -2.09456E-01 -3.43966E-01  0.00000E+00
  1.340E+02  8.47329E-01  9.13402E-01 -2.12173E-01 -3.47389E-01  2.22045E-16
  1.345E+02  8.50455E-01  9.11488E-01 -2.14932E-01 -3.50705E-01  0.00000E+00
  1.350E+02  8.53553E-01  9.09582E-01 -2.17735E-01 -3.53911E-01  2.22045E-16
  1.355E+02  8.56625E-01  9.07685E-01 -2.20583E-01 -3.57003E-01  1.11022E-16
  1.360E+02  8.59670E-01  9.05800E-01 -2.23476E-01 -3.59979E-01  0.00000E+00
  1.365E+02  8.62687E-01  9.03929E-01 -2.26416E-01 -3.62835E-01  2.22045E-16
  1.370E+02  8.65677E-01  9.02072E-01 -2.29403E-01 -3.65569E-01 -2.22045E-16
  1.375E+02  8.68639E-01  9.00232E-01 -2.32440E-01 -3.68177E-01 -2.22045E-16
  1.380E+02  8.71572E-01  8.98411E-01 -2.35526E-01 -3.70655E-01 -4.44089E-16
  1.385E+02  8.74478E-01  8.96611E-01 -2.38664E-01 -3.72999E-01  1.11022E-16
  1.390E+02  8.77355E-01  8.94834E-01 -2.41855E-01 -3.75204E-01  3.33067E-16
  1.395E+02  8.80203E-01  8.93083E-01 -2.45099E-01 -3.77266E-01  2.22045E-16
  1.400E+02  8.83022E-01  8.91358E-01 -2.48399E-01 -3.79182E-01  0.00000E+00
  1.405E+02  8.85812E-01  8.89663E-01 -2.51755E-01 -3.80946E-01  2.22045E-16
  1.410E+02  8.88573E-01  8.87998E-01 -2.55169E-01 -3.82555E-01  0.00000E+00
  1.415E+02  8.91304E-01  8.86367E-01 -2.58641E-01 -3.84003E-01 -2.22045E-16
  1.420E+02  8.94005E-01  8.84772E-01 -2.62174E-01 -3.85283E-01 -2.22045E-16
  1.425E+02  8.96677E-01  8.83215E-01 -2.65769E-01 -3.86391E-01  3.33067E-16
  1.430E+02  8.99318E-01  8.81699E-01 -2.69428E-01 -3.87319E-01  2.22045E-16
  1.435E+02  9.01928E-01  8.80226E-01 -2.73151E-01 -3.88061E-01  0.00000E+00
  1.440E+02  9.04508E-01  8.78797E-01 -2.76940E-01 -3.88613E-01  2.22045E-16
  1.445E+02  9.07058E-01  8.77414E-01 -2.80797E-01 -3.88969E-01  0.00000E+00
  1.450E+02  9.09576E-01  8.76082E-01 -2.84723E-01 -3.89119E-01  3.33067E-16
  1.455E+02  9.12063E-01  8.74802E-01 -2.88720E-01 -3.89054E-01  1.11022E-16
  1.460E+02  9.14519E-01  8.73577E-01 -2.92788E-01 -3.88766E-01 -2.22045E-16
  1.465E+02  9.16943E-01  8.72408E-01 -2.96931E-01 -3.88248E-01  0.00000E+00
  1.470E+02  9.19335E-01  8.71298E-01 -3.01148E-01 -3.87490E-01  2.22045E-16
  1.475E+02  9.21696E-01  8.70250E-01 -3.05442E-01 -3.86485E-01  2.22045E-16
  1.480E+02  9.24024E-01  8.69265E-01 -3.09813E-01 -3.85220E-01  2.22045E-16
  1.485E+02  9.26320E-01  8.68346E-01 -3.14263E-01 -3.83686E-01  0.00000E+00
  1.490E+02  9.28584E-01  8.67495E-01 -3.18793E-01 -3.81869E-01  2.22045E-16
  1.495E+02  9.30815E-01  8.66714E-01 -3.23405E-01 -3.79758E-01 -2.22045E-16
  1.500E+02  9.33013E-01  8.66005E-01 -3.28100E-01 -3.77340E-01  1.11022E-16
  1.505E+02  9.35178E-01  8.65370E-01 -3.32879E-01 -3.74601E-01  0.00000E+00
  1.510E+02  9.37310E-01  8.64810E-01 -3.37742E-01 -3.71529E-01  0.00000E+00
  1.515E+02  9.39409E-01  8.64327E-01 -3.42690E-01 -3.68107E-01  2.22045E-16
  1.520E+02  9.41474E-01  8.63921E-01 -3.47724E-01 -3.64320E-01  1.11022E-16
  1.525E+02  9.43505E-01  8.63594E-01 -3.52843E-01 -3.60148E-01 -2.22045E-16
  1.530E+02  9.45503E-01  8.63347E-01 -3.58049E-01 -3.55573E-01  0.00000E+00
  1.535E+02  9.47467E-01  8.63180E-01 -3.63341E-01 -3.50576E-01  3.33067E-16
  1.540E+02  9.49397E-01  8.63092E-01 -3.68718E-01 -3.45137E-01  0.00000E+00
  1.545E+02  9.51293E-01  8.63082E-01 -3.74179E-01 -3.39234E-01  6.66134E-16
  1.550E+02  9.53154E-01  8.63149E-01 -3.79722E-01 -3.32844E-01  0.00000E+00
  1.555E+02  9.54981E-01  8.63290E-01 -3.85346E-01 -3.25942E-01  0.00000E+00
  1.560E+02  9.56773E-01  8.63504E-01 -3.91048E-01 -3.18500E-01  3.33067E-16
  1.565E+02  9.58530E-01  8.63786E-01 -3.96824E-01 -3.10490E-01  0.00000E+00
  1.570E+02  9.60252E-01  8.64132E-01 -4.02671E-01 -3.01882E-01  2.22045E-16
  1.575E+02  9.61940E-01  8.64534E-01 -4.08582E-01 -2.92645E-01  0.00000E+00
  1.580E+02  9.63592E-01  8.64986E-01 -4.14552E-01 -2.82746E-01 -4.44089E-16
  1.585E+02  9.65209E-01  8.65478E-01 -4.20573E-01 -2.72150E-01  2.22045E-16
  1.590E+02  9.66790E-01  8.66000E-01 -4.26636E-01 -2.60819E-01  0.00000E+00
  1.595E+02  9.68336E-01  8.66538E-01 -4.32730E-01 -2.48711E-01  2.22045E-16
  1.600E+02  9.69846E-01  8.67077E-01 -4.38844E-01 -2.35784E-01 -4.44089E-16
  1.605E+02  9.71321E-01  8.67599E-01 -4.44962E-01 -2.21994E-01  2.22045E-16
  1.610E+02  9.72759E-01  8.68083E-01 -4.51068E-01 -2.07293E-01 -2.22045E-16
  1.615E+02  9.74162E-01  8.68503E-01 -4.57141E-01 -1.91635E-01  0.00000E+00
  1.620E+02  9.75528E-01  8.68832E-01 -4.63159E-01 -1.74968E-01 -2.22045E-16
  1.625E+02  9.76858E-01  8.69036E-01 -4.69097E-01 -1.57239E-01 -4.44089E-16
  1.630E+02  9.78152E-01  8.69078E-01 -4.74923E-01 -1.38392E-01 -2.22045E-16
  1.635E+02  9.79410E-01  8.68913E-01 -4.80604E-01 -1.18367E-01  3.33067E-16
  1.640E+02  9.80631E-01  8.68492E-01 -4.86099E-01 -9.71060E-02  3.33067E-16
  1.645E+02  9.81815E-01  8.67758E-01 -4.91364E-01 -7.45504E-02 -2.22045E-16
  1.650E+02  9.82963E-01  8.66645E-01 -4.96348E-01 -5.06414E-02  1.11022E-16
  1.655E+02  9.84074E-01  8.65081E-01 -5.00993E-01 -2.53208E-02  0.00000E+00
  1.660E+02  9.85148E-01  8.62981E-01 -5.05234E-01  1.46921E-03  0.00000E+00
  1.665E+02  9.86185E-01  8.60253E-01 -5.08997E-01  2.97848E-02  0.00000E+00
  1.670E+02  9.87185E-01  8.56791E-01 -5.12199E-01  5.96779E-02  3.33067E-16
  1.675E+02  9.88148E-01  8.52477E-01 -5.14749E-01  9.11933E-02 -4.44089E-16
  1.680E+02  9.89074E-01  8.47182E-01 -5.16543E-01  1.24366E-01  0.00000E+00
  1.685E+02  9.89962E-01  8.40759E-01 -5.17469E-01  1.59218E-01  2.22045E-16
  1.690E+02  9.90814E-01  8.33051E-01 -5.17402E-01  1.95759E-01  0.00000E+00
  1.695E+02  9.91627E-01  8.23883E-01 -5.16207E-01  2.33979E-01  2.22045E-16
  1.700E+02  9.92404E-01  8.13069E-01 -5.13737E-01  2.73849E-01 -2.22045E-16
  1.705E+02  9.93143E-01  8.00406E-01 -5.09834E-01  3.15310E-01 -2.22045E-16
  1.710E+02  9.93844E-01  7.85680E-01 -5.04329E-01  3.58272E-01  2.22045E-16
  1.715E+02  9.94508E-01  7.68669E-01 -4.97049E-01  4.02605E-01  5.55112E-16
  1.720E+02  9.95134E-01  7.49142E-01 -4.87814E-01  4.48133E-01  2.22045E-16
  1.725E+02  9.95722E-01  7.26870E-01 -4.76444E-01  4.94632E-01 -2.22045E-16
  1.730E+02  9.96273E-01  7.01625E-01 -4.62763E-01  5.41824E-01 -2.22045E-16
  1.735E+02  9.96786E-01  6.73193E-01 -4.46600E-01  5.89372E-01  1.11022E-16
  1.740E+02  9.97261E-01  6.41378E-01 -4.27805E-01  6.36881E-01  0.00000E+00
  1.745E+02  9.97698E-01  6.06018E-01 -4.06248E-01  6.83889E-01 -2.22045E-16
  1.750E+02  9.98097E-01  5.66993E-01 -3.81837E-01  7.29877E-01  0.00000E+00
  1.755E+02  9.98459E-01  5.24237E-01 -3.54519E-01  7.74268E-01  2.22045E-16
  1.760E+02  9.98782E-01  4.77755E-01 -3.24298E-01  8.16444E-01  0.00000E+00
  1.765E+02  9.99067E-01  4.27627E-01 -2.91236E-01  8.55755E-01  0.00000E+00
  1.770E+02  9.99315E-01  3.74017E-01 -2.55461E-01  8.91544E-01 -2.22045E-16
  1.775E+02  9.99524E-01  3.17185E-01 -2.17175E-01  9.23162E-01  0.00000E+00
  1.780E+02  9.99695E-01  2.57482E-01 -1.76651E-01  9.49998E-01 -2.22045E-16
  1.785E+02  9.99829E-01  1.95355E-01 -1.34237E-01  9.71502E-01  2.22045E-16
  1.790E+02  9.99924E-01  1.31328E-01 -9.03422E-02  9.87214E-01  1.11022E-16
  1.795E+02  9.99981E-01  6.59964E-02 -4.54301E-02  9.96785E-01  0.00000E+00
  1.800E+02  1.00000E+00  9.27722E-16 -6.38760E-16  1.00000E+00  0.00000E+00
