 #  Scattering amplitudes (in cm)      MU=(1-cos(TH))/2
 #  Z =  79,   projectile: electron
 #  Kinetic energy = 5.00000E+06 eV
 #
 # TH (deg)      MU          Re(F)        Im(F)        Re(G)        Im(G)        ERRF         ERRG 
 #-----------------------------------------------------------------------------------------------------------------
  0.000E+00  0.00000E+00  1.08208E-06  1.72099E-07  0.00000E+00  0.00000E+00  3.62661E-09  0.00000E+00
  1.000E-04  7.61557E-13  1.08208E-06  1.72099E-07  8.56739E-13  1.36268E-13  3.62580E-09  1.57656E-07
  1.250E-04  1.18994E-12  1.08208E-06  1.72099E-07  1.07092E-12  1.70335E-13  3.62534E-09  1.57647E-07
  1.500E-04  1.71346E-12  1.08208E-06  1.72099E-07  1.28510E-12  2.04402E-13  3.62478E-09  1.57635E-07
  1.750E-04  2.33225E-12  1.08207E-06  1.72099E-07  1.49929E-12  2.38468E-13  3.62412E-09  1.57620E-07
  2.000E-04  3.04617E-12  1.08207E-06  1.72099E-07  1.71347E-12  2.72535E-13  3.62336E-09  1.57604E-07
  2.250E-04  3.85530E-12  1.08207E-06  1.72099E-07  1.92764E-12  3.06602E-13  3.62250E-09  1.57585E-07
  2.500E-04  4.75964E-12  1.08207E-06  1.72099E-07  2.14182E-12  3.40669E-13  3.62153E-09  1.57565E-07
  2.750E-04  5.75917E-12  1.08206E-06  1.72099E-07  2.35599E-12  3.74736E-13  3.62047E-09  1.57542E-07
  3.000E-04  6.85391E-12  1.08206E-06  1.72099E-07  2.57017E-12  4.08803E-13  3.61930E-09  1.57517E-07
  3.250E-04  8.04379E-12  1.08206E-06  1.72099E-07  2.78434E-12  4.42869E-13  3.61803E-09  1.57489E-07
  3.500E-04  9.32893E-12  1.08205E-06  1.72099E-07  2.99851E-12  4.76936E-13  3.61667E-09  1.57460E-07
  3.750E-04  1.07092E-11  1.08205E-06  1.72099E-07  3.21267E-12  5.11003E-13  3.61520E-09  1.57428E-07
  4.000E-04  1.21847E-11  1.08204E-06  1.72099E-07  3.42683E-12  5.45069E-13  3.61362E-09  1.57394E-07
  4.250E-04  1.37554E-11  1.08204E-06  1.72098E-07  3.64099E-12  5.79136E-13  3.61195E-09  1.57358E-07
  4.500E-04  1.54213E-11  1.08203E-06  1.72098E-07  3.85515E-12  6.13202E-13  3.61018E-09  1.57320E-07
  4.750E-04  1.71823E-11  1.08202E-06  1.72098E-07  4.06930E-12  6.47269E-13  3.60830E-09  1.57280E-07
  5.000E-04  1.90386E-11  1.08202E-06  1.72098E-07  4.28345E-12  6.81335E-13  3.60633E-09  1.57237E-07
  5.250E-04  2.09900E-11  1.08201E-06  1.72098E-07  4.49759E-12  7.15401E-13  3.60425E-09  1.57193E-07
  5.500E-04  2.30367E-11  1.08200E-06  1.72098E-07  4.71174E-12  7.49468E-13  3.60208E-09  1.57146E-07
  5.750E-04  2.51785E-11  1.08200E-06  1.72098E-07  4.92587E-12  7.83534E-13  3.59980E-09  1.57097E-07
  6.000E-04  2.74156E-11  1.08199E-06  1.72098E-07  5.14001E-12  8.17600E-13  3.59742E-09  1.57046E-07
  6.250E-04  2.97478E-11  1.08198E-06  1.72098E-07  5.35413E-12  8.51666E-13  3.59495E-09  1.56992E-07
  6.500E-04  3.21752E-11  1.08197E-06  1.72098E-07  5.56826E-12  8.85732E-13  3.59237E-09  1.56937E-07
  6.750E-04  3.46979E-11  1.08197E-06  1.72097E-07  5.78237E-12  9.19798E-13  3.58969E-09  1.56879E-07
  7.000E-04  3.73157E-11  1.08196E-06  1.72097E-07  5.99649E-12  9.53864E-13  3.58691E-09  1.56819E-07
  7.250E-04  4.00286E-11  1.08195E-06  1.72097E-07  6.21060E-12  9.87930E-13  3.58404E-09  1.56757E-07
  7.500E-04  4.28368E-11  1.08194E-06  1.72097E-07  6.42470E-12  1.02200E-12  3.58106E-09  1.56693E-07
  7.750E-04  4.57402E-11  1.08193E-06  1.72097E-07  6.63879E-12  1.05606E-12  3.57798E-09  1.56627E-07
  8.000E-04  4.87388E-11  1.08192E-06  1.72097E-07  6.85288E-12  1.09013E-12  3.57480E-09  1.56558E-07
  8.250E-04  5.18325E-11  1.08191E-06  1.72096E-07  7.06697E-12  1.12419E-12  3.57153E-09  1.56487E-07
  8.500E-04  5.50215E-11  1.08190E-06  1.72096E-07  7.28105E-12  1.15826E-12  3.56815E-09  1.56415E-07
  8.750E-04  5.83057E-11  1.08189E-06  1.72096E-07  7.49512E-12  1.19232E-12  3.56468E-09  1.56340E-07
  9.000E-04  6.16850E-11  1.08187E-06  1.72096E-07  7.70918E-12  1.22639E-12  3.56111E-09  1.56263E-07
  9.250E-04  6.51595E-11  1.08186E-06  1.72096E-07  7.92324E-12  1.26045E-12  3.55743E-09  1.56183E-07
  9.500E-04  6.87293E-11  1.08185E-06  1.72096E-07  8.13729E-12  1.29452E-12  3.55366E-09  1.56102E-07
  9.750E-04  7.23943E-11  1.08184E-06  1.72095E-07  8.35134E-12  1.32858E-12  3.54979E-09  1.56018E-07
  1.000E-03  7.61544E-11  1.08183E-06  1.72095E-07  8.56537E-12  1.36265E-12  3.54582E-09  1.55933E-07
  1.250E-03  1.18991E-10  1.08168E-06  1.72093E-07  1.07053E-11  1.70329E-12  3.50077E-09  1.54959E-07
  1.500E-03  1.71347E-10  1.08150E-06  1.72090E-07  1.28442E-11  2.04391E-12  3.44609E-09  1.53774E-07
  1.750E-03  2.33223E-10  1.08130E-06  1.72087E-07  1.49821E-11  2.38452E-12  3.38199E-09  1.52381E-07
  2.000E-03  3.04617E-10  1.08106E-06  1.72083E-07  1.71185E-11  2.72511E-12  3.30875E-09  1.50784E-07
  2.250E-03  3.85531E-10  1.08078E-06  1.72079E-07  1.92535E-11  3.06567E-12  3.22666E-09  1.48988E-07
  2.500E-03  4.75965E-10  1.08048E-06  1.72074E-07  2.13868E-11  3.40621E-12  3.13607E-09  1.46996E-07
  2.750E-03  5.75917E-10  1.08014E-06  1.72069E-07  2.35181E-11  3.74671E-12  3.03733E-09  1.44815E-07
  3.000E-03  6.85389E-10  1.07977E-06  1.72064E-07  2.56474E-11  4.08719E-12  2.93085E-09  1.42450E-07
  3.250E-03  8.04380E-10  1.07938E-06  1.72057E-07  2.77744E-11  4.42763E-12  2.81707E-09  1.39907E-07
  3.500E-03  9.32891E-10  1.07894E-06  1.72051E-07  2.98990E-11  4.76803E-12  2.69645E-09  1.37194E-07
  3.750E-03  1.07092E-09  1.07848E-06  1.72044E-07  3.20209E-11  5.10839E-12  2.56948E-09  1.34318E-07
  4.000E-03  1.21847E-09  1.07799E-06  1.72036E-07  3.41400E-11  5.44871E-12  2.43668E-09  1.31285E-07
  4.250E-03  1.37554E-09  1.07746E-06  1.72028E-07  3.62561E-11  5.78898E-12  2.29857E-09  1.28105E-07
  4.500E-03  1.54213E-09  1.07691E-06  1.72019E-07  3.83690E-11  6.12920E-12  2.15573E-09  1.24785E-07
  4.750E-03  1.71823E-09  1.07632E-06  1.72010E-07  4.04785E-11  6.46937E-12  2.00872E-09  1.21335E-07
  5.000E-03  1.90386E-09  1.07570E-06  1.72000E-07  4.25845E-11  6.80948E-12  1.85813E-09  1.17763E-07
  5.250E-03  2.09900E-09  1.07506E-06  1.71990E-07  4.46868E-11  7.14953E-12  1.70457E-09  1.14078E-07
  5.500E-03  2.30367E-09  1.07438E-06  1.71980E-07  4.67852E-11  7.48952E-12  1.54865E-09  1.10290E-07
  5.750E-03  2.51785E-09  1.07367E-06  1.71969E-07  4.88795E-11  7.82945E-12  1.39099E-09  1.06410E-07
  6.000E-03  2.74156E-09  1.07293E-06  1.71957E-07  5.09696E-11  8.16931E-12  1.23222E-09  1.02446E-07
  6.250E-03  2.97478E-09  1.07216E-06  1.71945E-07  5.30553E-11  8.50910E-12  1.07295E-09  9.84083E-08
  6.500E-03  3.21752E-09  1.07136E-06  1.71932E-07  5.51364E-11  8.84882E-12  9.13814E-10  9.43080E-08
  6.750E-03  3.46978E-09  1.07053E-06  1.71919E-07  5.72127E-11  9.18846E-12  7.55435E-10  9.01551E-08
  7.000E-03  3.73156E-09  1.06967E-06  1.71906E-07  5.92841E-11  9.52802E-12  5.98424E-10  8.59597E-08
  7.250E-03  4.00286E-09  1.06879E-06  1.71892E-07  6.13505E-11  9.86750E-12  4.43387E-10  8.17324E-08
  7.500E-03  4.28368E-09  1.06787E-06  1.71877E-07  6.34116E-11  1.02069E-11  2.90915E-10  7.74834E-08
  7.750E-03  4.57402E-09  1.06692E-06  1.71862E-07  6.54673E-11  1.05462E-11  1.41588E-10  7.32231E-08
  8.000E-03  4.87388E-09  1.06595E-06  1.71847E-07  6.75175E-11  1.08854E-11  4.03238E-12  6.89616E-08
  8.250E-03  5.18326E-09  1.06495E-06  1.71831E-07  6.95619E-11  1.12245E-11  1.45405E-10  6.47092E-08
  8.500E-03  5.50215E-09  1.06392E-06  1.71814E-07  7.16005E-11  1.15636E-11  2.82011E-10  6.04758E-08
  8.750E-03  5.83057E-09  1.06286E-06  1.71797E-07  7.36331E-11  1.19025E-11  4.13354E-10  5.62712E-08
  9.000E-03  6.16850E-09  1.06177E-06  1.71780E-07  7.56595E-11  1.22413E-11  5.38962E-10  5.21050E-08
  9.250E-03  6.51596E-09  1.06066E-06  1.71762E-07  7.76795E-11  1.25801E-11  6.58395E-10  4.79866E-08
  9.500E-03  6.87293E-09  1.05952E-06  1.71743E-07  7.96932E-11  1.29187E-11  7.71242E-10  4.39253E-08
  9.750E-03  7.23942E-09  1.05835E-06  1.71724E-07  8.17002E-11  1.32572E-11  8.77122E-10  3.99297E-08
  1.000E-02  7.61544E-09  1.05715E-06  1.71705E-07  8.37004E-11  1.35956E-11  9.75690E-10  3.60085E-08
  1.250E-02  1.18991E-08  1.04379E-06  1.71485E-07  1.03303E-10  1.69727E-11  1.50916E-09  2.50000E-09
  1.500E-02  1.71347E-08  1.02805E-06  1.71217E-07  1.22095E-10  2.03354E-11  1.21057E-09  1.72293E-08
  1.750E-02  2.33223E-08  1.01025E-06  1.70902E-07  1.39976E-10  2.36809E-11  3.40670E-10  2.21215E-08
  2.000E-02  3.04617E-08  9.90686E-07  1.70541E-07  1.56876E-10  2.70068E-11  6.14323E-10  1.56072E-08
  2.250E-02  3.85531E-08  9.69687E-07  1.70135E-07  1.72744E-10  3.03103E-11  1.17439E-09  3.85889E-09
  2.500E-02  4.75965E-08  9.47555E-07  1.69685E-07  1.87557E-10  3.35891E-11  1.08707E-09  6.70918E-09
  2.750E-02  5.75917E-08  9.24577E-07  1.69193E-07  2.01310E-10  3.68408E-11  4.35155E-10  1.17282E-08
  3.000E-02  6.85389E-08  9.01011E-07  1.68659E-07  2.14013E-10  4.00632E-11  4.19071E-10  1.01133E-08
  3.250E-02  8.04380E-08  8.77090E-07  1.68085E-07  2.25692E-10  4.32542E-11  1.02423E-09  3.88127E-09
  3.500E-02  9.32891E-08  8.53014E-07  1.67473E-07  2.36382E-10  4.64117E-11  1.07030E-09  3.23708E-09
  3.750E-02  1.07092E-07  8.28956E-07  1.66823E-07  2.46123E-10  4.95340E-11  5.44172E-10  7.69953E-09
  4.000E-02  1.21847E-07  8.05059E-07  1.66138E-07  2.54963E-10  5.26193E-11  2.67789E-10  7.71918E-09
  4.250E-02  1.37554E-07  7.81441E-07  1.65419E-07  2.62951E-10  5.56660E-11  9.31355E-10  3.85694E-09
  4.500E-02  1.54213E-07  7.58194E-07  1.64667E-07  2.70136E-10  5.86726E-11  1.09262E-09  1.52262E-09
  4.750E-02  1.71823E-07  7.35394E-07  1.63885E-07  2.76569E-10  6.16378E-11  6.64633E-10  5.57495E-09
  5.000E-02  1.90386E-07  7.13097E-07  1.63073E-07  2.82299E-10  6.45605E-11  1.25415E-10  6.39587E-09
  5.250E-02  2.09900E-07  6.91344E-07  1.62233E-07  2.87372E-10  6.74395E-11  8.54809E-10  3.86290E-09
  5.500E-02  2.30367E-07  6.70165E-07  1.61367E-07  2.91833E-10  7.02738E-11  1.12915E-09  4.57285E-10
  5.750E-02  2.51785E-07  6.49579E-07  1.60477E-07  2.95726E-10  7.30627E-11  7.94101E-10  4.22088E-09
  6.000E-02  2.74156E-07  6.29596E-07  1.59563E-07  2.99091E-10  7.58053E-11  2.18724E-11  5.53685E-09
  6.250E-02  2.97478E-07  6.10221E-07  1.58628E-07  3.01966E-10  7.85011E-11  7.76082E-10  3.88866E-09
  6.500E-02  3.21752E-07  5.91454E-07  1.57673E-07  3.04386E-10  8.11496E-11  1.16680E-09  3.09274E-10
  6.750E-02  3.46978E-07  5.73290E-07  1.56699E-07  3.06386E-10  8.37503E-11  9.29575E-10  3.23566E-09
  7.000E-02  3.73156E-07  5.55719E-07  1.55708E-07  3.07995E-10  8.63028E-11  1.80015E-10  4.90430E-09
  7.250E-02  4.00286E-07  5.38731E-07  1.54701E-07  3.09244E-10  8.88071E-11  6.85129E-10  3.91853E-09
  7.500E-02  4.28368E-07  5.22315E-07  1.53679E-07  3.10159E-10  9.12629E-11  1.19692E-09  9.14965E-10
  7.750E-02  4.57402E-07  5.06455E-07  1.52645E-07  3.10766E-10  9.36701E-11  1.06746E-09  2.44685E-09
  8.000E-02  4.87388E-07  4.91137E-07  1.51598E-07  3.11088E-10  9.60288E-11  3.51216E-10  4.38779E-09
  8.250E-02  5.18325E-07  4.76345E-07  1.50541E-07  3.11148E-10  9.83390E-11  5.75870E-10  3.93972E-09
  8.500E-02  5.50215E-07  4.62064E-07  1.49474E-07  3.10965E-10  1.00601E-10  1.21282E-09  1.42154E-09
  8.750E-02  5.83057E-07  4.48277E-07  1.48398E-07  3.10560E-10  1.02815E-10  1.20359E-09  1.77080E-09
  9.000E-02  6.16850E-07  4.34969E-07  1.47315E-07  3.09950E-10  1.04980E-10  5.35455E-10  3.92976E-09
  9.250E-02  6.51596E-07  4.22123E-07  1.46226E-07  3.09152E-10  1.07099E-10  4.44497E-10  3.94215E-09
  9.500E-02  6.87293E-07  4.09723E-07  1.45131E-07  3.08181E-10  1.09170E-10  1.20889E-09  1.85844E-09
  9.750E-02  7.23942E-07  3.97755E-07  1.44031E-07  3.07052E-10  1.11194E-10  1.33324E-09  1.16384E-09
  1.000E-01  7.61543E-07  3.86203E-07  1.42928E-07  3.05778E-10  1.13172E-10  7.31112E-10  3.49781E-09
  1.250E-01  1.18991E-06  2.90481E-07  1.31861E-07  2.87489E-10  1.30512E-10  1.03310E-09  2.85439E-09
  1.500E-01  1.71347E-06  2.22593E-07  1.21118E-07  2.64361E-10  1.43854E-10  1.74288E-09  1.30004E-09
  1.750E-01  2.33223E-06  1.73694E-07  1.11032E-07  2.40667E-10  1.53856E-10  5.86845E-11  3.49719E-09
  2.000E-01  3.04617E-06  1.37769E-07  1.01744E-07  2.18161E-10  1.61127E-10  2.27604E-09  1.00520E-09
  2.250E-01  3.85531E-06  1.10775E-07  9.32769E-08  1.97341E-10  1.66184E-10  1.58070E-09  2.76296E-09
  2.500E-01  4.75964E-06  9.00051E-08  8.55943E-08  1.78156E-10  1.69442E-10  1.66660E-09  2.78915E-09
  2.750E-01  5.75916E-06  7.36616E-08  7.86334E-08  1.60386E-10  1.71229E-10  3.11575E-09  9.27069E-10
  3.000E-01  6.85388E-06  6.05458E-08  7.23239E-08  1.43813E-10  1.71808E-10  2.19178E-10  3.40048E-09
  3.250E-01  8.04378E-06  4.98524E-08  6.65982E-08  1.28280E-10  1.71392E-10  3.55549E-09  1.29841E-09
  3.500E-01  9.32888E-06  4.10311E-08  6.13950E-08  1.13702E-10  1.70156E-10  2.77636E-09  2.59136E-09
  3.750E-01  1.07092E-05  3.36946E-08  5.66608E-08  1.00040E-10  1.68253E-10  2.21632E-09  3.03022E-09
  4.000E-01  1.21846E-05  2.75611E-08  5.23486E-08  8.72841E-11  1.65813E-10  4.80019E-09  6.45975E-10
  4.250E-01  1.37553E-05  2.24178E-08  4.84176E-08  7.54315E-11  1.62948E-10  7.96324E-10  3.52888E-09
  4.500E-01  1.54212E-05  1.80980E-08  4.48318E-08  6.44769E-11  1.59756E-10  4.97902E-09  1.67057E-09
  4.750E-01  1.71822E-05  1.44674E-08  4.15590E-08  5.44041E-11  1.56323E-10  4.38567E-09  2.51544E-09
  5.000E-01  1.90385E-05  1.14155E-08  3.85703E-08  4.51850E-11  1.52718E-10  2.62513E-09  3.37646E-09
  5.250E-01  2.09899E-05  8.85006E-09  3.58394E-08  3.67797E-11  1.49001E-10  6.79140E-09  3.48248E-10
  5.500E-01  2.30365E-05  6.69353E-09  3.33424E-08  2.91395E-11  1.45222E-10  1.73856E-09  3.69018E-09
  5.750E-01  2.51783E-05  4.88046E-09  3.10572E-08  2.22092E-11  1.41419E-10  6.41711E-09  2.07985E-09
  6.000E-01  2.74153E-05  3.35563E-09  2.89640E-08  1.59304E-11  1.37622E-10  6.35833E-09  2.40294E-09
  6.250E-01  2.97475E-05  2.07252E-09  2.70443E-08  1.02442E-11  1.33857E-10  2.76279E-09  3.71140E-09
  6.500E-01  3.21749E-05  9.92036E-10  2.52817E-08  5.09271E-12  1.30139E-10  8.93080E-09  7.25423E-12
  6.750E-01  3.46974E-05  8.14092E-11  2.36611E-08  4.21323E-13  1.26482E-10  3.06623E-09  3.79340E-09
  7.000E-01  3.73152E-05 -6.86743E-10  2.21688E-08 -3.82091E-12  1.22895E-10  7.71696E-09  2.49243E-09
  7.250E-01  4.00281E-05 -1.33525E-09  2.07925E-08 -7.68043E-12  1.19383E-10  8.62265E-09  2.22574E-09
  7.500E-01  4.28362E-05 -1.88309E-09  1.95213E-08 -1.11989E-11  1.15950E-10  2.55223E-09  4.00609E-09
  7.750E-01  4.57395E-05 -2.34606E-09  1.83453E-08 -1.44135E-11  1.12598E-10  1.11262E-08  3.70753E-10
  8.000E-01  4.87380E-05 -2.73725E-09  1.72555E-08 -1.73567E-11  1.09326E-10  4.78842E-09  3.83532E-09
  8.250E-01  5.18317E-05 -3.06755E-09  1.62441E-08 -2.00570E-11  1.06135E-10  8.80678E-09  2.90214E-09
  8.500E-01  5.50205E-05 -3.34599E-09  1.53040E-08 -2.25390E-11  1.03023E-10  1.11489E-08  1.99285E-09
  8.750E-01  5.83045E-05 -3.58009E-09  1.44288E-08 -2.48241E-11  9.99891E-11  1.95087E-09  4.26393E-09
  9.000E-01  6.16838E-05 -3.77614E-09  1.36129E-08 -2.69306E-11  9.70311E-11  1.33267E-08  7.78768E-10
  9.250E-01  6.51582E-05 -3.93939E-09  1.28513E-08 -2.88746E-11  9.41474E-11  6.91333E-09  3.82322E-09
  9.500E-01  6.87277E-05 -4.07425E-09  1.21394E-08 -3.06696E-11  9.13361E-11  9.62986E-09  3.30661E-09
  9.750E-01  7.23925E-05 -4.18444E-09  1.14731E-08 -3.23276E-11  8.85957E-11  1.39059E-08  1.71063E-09
  1.000E+00  7.61524E-05 -4.27313E-09  1.08489E-08 -3.38589E-11  8.59243E-11  5.91665E-13  2.53621E-12
  1.100E+00  9.21439E-05 -4.46136E-09  8.71179E-09 -3.88847E-11  7.58994E-11  1.18446E-12  7.17797E-13
  1.200E+00  1.09658E-04 -4.46549E-09  7.03545E-09 -4.24592E-11  6.68683E-11  3.75680E-15  1.48676E-12
  1.300E+00  1.28695E-04 -4.35835E-09  5.70632E-09 -4.48947E-11  5.87562E-11  7.57342E-13  1.17576E-14
  1.400E+00  1.49255E-04 -4.18556E-09  4.64353E-09 -4.64325E-11  5.14916E-11  2.45539E-13  8.42918E-13
  1.500E+00  1.71338E-04 -3.97679E-09  3.78763E-09 -4.72692E-11  4.50010E-11  4.37987E-13  2.43765E-13
  1.600E+00  1.94942E-04 -3.75153E-09  3.09389E-09 -4.75661E-11  3.92092E-11  3.16552E-13  4.48268E-13
  1.700E+00  2.20070E-04 -3.52236E-09  2.52814E-09 -4.74534E-11  3.40416E-11  2.08625E-13  2.84102E-13
  1.800E+00  2.46720E-04 -3.29717E-09  2.06405E-09 -4.70344E-11  2.94269E-11  3.01993E-13  2.08121E-13
  1.900E+00  2.74892E-04 -3.08067E-09  1.68120E-09 -4.63894E-11  2.52993E-11  5.33454E-14  2.51376E-13
  2.000E+00  3.04586E-04 -2.87544E-09  1.36366E-09 -4.55798E-11  2.15999E-11  2.46349E-13  6.67291E-14
  2.100E+00  3.35803E-04 -2.68269E-09  1.09898E-09 -4.46525E-11  1.82764E-11  4.34900E-14  1.94815E-13
  2.200E+00  3.68542E-04 -2.50273E-09  8.77361E-10 -4.36427E-11  1.52839E-11  1.76154E-13  1.21998E-14
  2.300E+00  4.02802E-04 -2.33535E-09  6.91036E-10 -4.25769E-11  1.25831E-11  9.55316E-14  1.35979E-13
  2.400E+00  4.38585E-04 -2.18003E-09  5.33832E-10 -4.14749E-11  1.01408E-11  1.06579E-13  5.08858E-14
  2.500E+00  4.75889E-04 -2.03608E-09  4.00800E-10 -4.03521E-11  7.92797E-12  1.14004E-13  8.47929E-14
  2.600E+00  5.14715E-04 -1.90275E-09  2.87947E-10 -3.92197E-11  5.91995E-12  4.61560E-14  6.42469E-14
  2.700E+00  5.55063E-04 -1.77926E-09  1.92030E-10 -3.80866E-11  4.09528E-12  1.08732E-13  4.38884E-14
  2.800E+00  5.96931E-04 -1.66487E-09  1.10393E-10 -3.69594E-11  2.43537E-12  1.06019E-15  6.26017E-14
  2.900E+00  6.40321E-04 -1.55885E-09  4.08538E-11 -3.58433E-11  9.23994E-13  8.91652E-14  1.36179E-14
  3.000E+00  6.85233E-04 -1.46054E-09 -1.83982E-11 -3.47423E-11 -4.53106E-13  3.26774E-14  5.29103E-14
  3.100E+00  7.31665E-04 -1.36931E-09 -6.88709E-11 -3.36595E-11 -1.70850E-12  6.25964E-14  6.50759E-15
  3.200E+00  7.79618E-04 -1.28460E-09 -1.11827E-10 -3.25970E-11 -2.85336E-12  4.98638E-14  3.97077E-14
  3.300E+00  8.29092E-04 -1.20587E-09 -1.48332E-10 -3.15568E-11 -3.89760E-12  3.50535E-14  1.80764E-14
  3.400E+00  8.80086E-04 -1.13264E-09 -1.79283E-10 -3.05401E-11 -4.85013E-12  5.50376E-14  2.58392E-14
  3.500E+00  9.32601E-04 -1.06449E-09 -2.05447E-10 -2.95478E-11 -5.71893E-12  1.05472E-14  2.25410E-14
  3.600E+00  9.86636E-04 -1.00100E-09 -2.27473E-10 -2.85805E-11 -6.51121E-12  5.04631E-14  1.37162E-14
  3.700E+00  1.04219E-03 -9.41807E-10 -2.45920E-10 -2.76386E-11 -7.23346E-12  9.27407E-15  2.28666E-14
  3.800E+00  1.09927E-03 -8.86583E-10 -2.61265E-10 -2.67222E-11 -7.89157E-12  3.98814E-14  3.85999E-15
  3.900E+00  1.15786E-03 -8.35020E-10 -2.73920E-10 -2.58314E-11 -8.49087E-12  2.29459E-14  2.01237E-14
  4.000E+00  1.21797E-03 -7.86837E-10 -2.84241E-10 -2.49660E-11 -9.03622E-12  2.62973E-14  3.34898E-15
  4.100E+00  1.27961E-03 -7.41779E-10 -2.92533E-10 -2.41257E-11 -9.53204E-12  2.95029E-14  1.55615E-14
  4.200E+00  1.34276E-03 -6.99613E-10 -2.99063E-10 -2.33102E-11 -9.98235E-12  1.22528E-14  7.62887E-15
  4.300E+00  1.40743E-03 -6.60124E-10 -3.04061E-10 -2.25191E-11 -1.03908E-11  2.97722E-14  1.05822E-14
  4.400E+00  1.47362E-03 -6.23116E-10 -3.07729E-10 -2.17517E-11 -1.07608E-11  3.71260E-16  9.99182E-15
  4.500E+00  1.54133E-03 -5.88408E-10 -3.10240E-10 -2.10077E-11 -1.10953E-11  2.60593E-14  5.64669E-15
  4.600E+00  1.61056E-03 -5.55834E-10 -3.11747E-10 -2.02865E-11 -1.13973E-11  1.03376E-14  1.06088E-14
  4.700E+00  1.68131E-03 -5.25243E-10 -3.12383E-10 -1.95874E-11 -1.16691E-11  1.97844E-14  1.78079E-15
  4.800E+00  1.75357E-03 -4.96494E-10 -3.12264E-10 -1.89099E-11 -1.19132E-11  1.55327E-14  9.20951E-15
  4.900E+00  1.82735E-03 -4.69460E-10 -3.11492E-10 -1.82534E-11 -1.21318E-11  1.19127E-14  1.96176E-15
  5.000E+00  1.90265E-03 -4.44020E-10 -3.10155E-10 -1.76172E-11 -1.23268E-11  1.80028E-14  6.90102E-15
  5.100E+00  1.97947E-03 -4.20067E-10 -3.08332E-10 -1.70007E-11 -1.25000E-11  3.29300E-15  4.21671E-15
  5.200E+00  2.05780E-03 -3.97499E-10 -3.06092E-10 -1.64032E-11 -1.26531E-11  1.79339E-14  4.92034E-15
  5.300E+00  2.13765E-03 -3.76223E-10 -3.03494E-10 -1.58243E-11 -1.27876E-11  3.04393E-15  5.01015E-15
  5.400E+00  2.21902E-03 -3.56154E-10 -3.00591E-10 -1.52632E-11 -1.29049E-11  1.45270E-14  2.41085E-15
  5.500E+00  2.30190E-03 -3.37212E-10 -2.97430E-10 -1.47195E-11 -1.30063E-11  8.46595E-15  5.03060E-15
  5.600E+00  2.38630E-03 -3.19323E-10 -2.94050E-10 -1.41924E-11 -1.30930E-11  9.85989E-15  3.72930E-16
  5.700E+00  2.47222E-03 -3.02421E-10 -2.90489E-10 -1.36815E-11 -1.31662E-11  1.11493E-14  4.91503E-15
  5.800E+00  2.55965E-03 -2.86442E-10 -2.86777E-10 -1.31863E-11 -1.32267E-11  4.95809E-15  1.04111E-15
  5.900E+00  2.64859E-03 -2.71327E-10 -2.82942E-10 -1.27061E-11 -1.32756E-11  1.17152E-14  3.90926E-15
  6.000E+00  2.73905E-03 -2.57022E-10 -2.79008E-10 -1.22404E-11 -1.33138E-11  0.00000E+00  2.26608E-15
  6.100E+00  2.83103E-03 -2.43479E-10 -2.74997E-10 -1.17888E-11 -1.33419E-11  1.07537E-14  2.50347E-15
  6.200E+00  2.92452E-03 -2.30648E-10 -2.70927E-10 -1.13509E-11 -1.33608E-11  4.05050E-15  2.92580E-15
  6.300E+00  3.01952E-03 -2.18489E-10 -2.66815E-10 -1.09260E-11 -1.33711E-11  8.19693E-15  1.36684E-15
  6.400E+00  3.11604E-03 -2.06959E-10 -2.62676E-10 -1.05138E-11 -1.33735E-11  6.64333E-15  3.11941E-15
  6.500E+00  3.21407E-03 -1.96021E-10 -2.58521E-10 -1.01138E-11 -1.33685E-11  4.59733E-15  2.74703E-16
  6.600E+00  3.31362E-03 -1.85642E-10 -2.54363E-10 -9.72563E-12 -1.33567E-11  7.61604E-15  2.48481E-15
  6.700E+00  3.41468E-03 -1.75787E-10 -2.50210E-10 -9.34888E-12 -1.33386E-11  1.41428E-15  6.02322E-16
  6.800E+00  3.51725E-03 -1.66427E-10 -2.46071E-10 -8.98315E-12 -1.33146E-11  7.62293E-15  2.33712E-15
  6.900E+00  3.62133E-03 -1.57533E-10 -2.41953E-10 -8.62806E-12 -1.32853E-11  1.47980E-15  1.29606E-15
  7.000E+00  3.72692E-03 -1.49079E-10 -2.37863E-10 -8.28326E-12 -1.32509E-11  6.17884E-15  1.57291E-15
  7.100E+00  3.83403E-03 -1.41040E-10 -2.33806E-10 -7.94840E-12 -1.32119E-11  3.76894E-15  1.75691E-15
  7.200E+00  3.94265E-03 -1.33392E-10 -2.29787E-10 -7.62314E-12 -1.31686E-11  4.47673E-15  8.90686E-16
  7.300E+00  4.05278E-03 -1.26115E-10 -2.25809E-10 -7.30717E-12 -1.31213E-11  5.01179E-15  1.87589E-15
  7.400E+00  4.16442E-03 -1.19188E-10 -2.21877E-10 -7.00018E-12 -1.30704E-11  2.11652E-15  7.01604E-17
  7.500E+00  4.27757E-03 -1.12592E-10 -2.17993E-10 -6.70186E-12 -1.30161E-11  5.17935E-15  1.63803E-15
  7.600E+00  4.39223E-03 -1.06309E-10 -2.14160E-10 -6.41193E-12 -1.29587E-11  0.00000E+00  5.97758E-16
  7.700E+00  4.50840E-03 -1.00322E-10 -2.10379E-10 -6.13013E-12 -1.28984E-11  4.84904E-15  1.29312E-15
  7.800E+00  4.62608E-03 -9.46153E-11 -2.06652E-10 -5.85617E-12 -1.28354E-11  1.78547E-15  6.29626E-16
  7.900E+00  4.74527E-03 -8.91751E-11 -2.02981E-10 -5.58981E-12 -1.27700E-11  3.64750E-15  8.58674E-16
  8.000E+00  4.86597E-03 -8.39869E-11 -1.99367E-10 -5.33081E-12 -1.27023E-11  2.95332E-15  1.13557E-15
  8.100E+00  4.98817E-03 -7.90377E-11 -1.95810E-10 -5.07892E-12 -1.26326E-11  2.29275E-15  6.40835E-16
  8.200E+00  5.11188E-03 -7.43154E-11 -1.92311E-10 -4.83392E-12 -1.25610E-11  3.53592E-15  1.19289E-15
  8.300E+00  5.23711E-03 -6.98084E-11 -1.88870E-10 -4.59560E-12 -1.24877E-11  8.11615E-16  1.10808E-16
  8.400E+00  5.36383E-03 -6.55059E-11 -1.85487E-10 -4.36374E-12 -1.24128E-11  3.36592E-15  1.18919E-15
  8.500E+00  5.49207E-03 -6.13976E-11 -1.82163E-10 -4.13813E-12 -1.23365E-11  5.79783E-16  2.11007E-16
  8.600E+00  5.62181E-03 -5.74739E-11 -1.78898E-10 -3.91859E-12 -1.22588E-11  3.01908E-15  9.78413E-16
  8.700E+00  5.75306E-03 -5.37256E-11 -1.75690E-10 -3.70493E-12 -1.21800E-11  1.75069E-15  5.53109E-16
  8.800E+00  5.88581E-03 -5.01443E-11 -1.72540E-10 -3.49696E-12 -1.21001E-11  2.07028E-15  5.40226E-16
  8.900E+00  6.02007E-03 -4.67219E-11 -1.69448E-10 -3.29451E-12 -1.20192E-11  2.28683E-15  7.67681E-16
  9.000E+00  6.15583E-03 -4.34505E-11 -1.66412E-10 -3.09742E-12 -1.19375E-11  1.03160E-15  4.68866E-16
  9.100E+00  6.29310E-03 -4.03231E-11 -1.63433E-10 -2.90552E-12 -1.18550E-11  2.43730E-15  7.79100E-16
  9.200E+00  6.43187E-03 -3.73328E-11 -1.60509E-10 -2.71865E-12 -1.17719E-11  1.23279E-16  8.96139E-17
  9.300E+00  6.57214E-03 -3.44731E-11 -1.57641E-10 -2.53666E-12 -1.16881E-11  2.25083E-15  8.32537E-16
  9.400E+00  6.71392E-03 -3.17380E-11 -1.54826E-10 -2.35942E-12 -1.16039E-11  7.47136E-16  2.57162E-16
  9.500E+00  6.85720E-03 -2.91215E-11 -1.52065E-10 -2.18678E-12 -1.15191E-11  1.73161E-15  6.28999E-16
  9.600E+00  7.00198E-03 -2.66182E-11 -1.49357E-10 -2.01860E-12 -1.14341E-11  1.39356E-15  3.69319E-16
  9.700E+00  7.14827E-03 -2.42230E-11 -1.46701E-10 -1.85475E-12 -1.13487E-11  1.14306E-15  4.21739E-16
  9.800E+00  7.29605E-03 -2.19309E-11 -1.44095E-10 -1.69511E-12 -1.12630E-11  1.60673E-15  4.71871E-16
  9.900E+00  7.44534E-03 -1.97371E-11 -1.41540E-10 -1.53956E-12 -1.11771E-11  4.24357E-16  2.88789E-16
  1.000E+01  7.59612E-03 -1.76374E-11 -1.39035E-10 -1.38798E-12 -1.10911E-11  1.62819E-15  5.46834E-16
  1.025E+01  7.97965E-03 -1.27721E-11 -1.32981E-10 -1.02565E-12 -1.08758E-11  1.35025E-15  4.29995E-16
  1.050E+01  8.37255E-03 -8.40825E-12 -1.27217E-10 -6.85770E-13 -1.06605E-11  1.01089E-15  2.81221E-16
  1.075E+01  8.77480E-03 -4.49287E-12 -1.21729E-10 -3.66794E-13 -1.04459E-11  6.19777E-16  1.05507E-16
  1.100E+01  9.18641E-03 -9.79178E-13 -1.16504E-10 -6.73163E-14 -1.02323E-11  2.63557E-16  3.77215E-17
  1.125E+01  9.60736E-03  2.17418E-12 -1.11529E-10  2.13960E-13 -1.00203E-11  4.42136E-17  1.62465E-16
  1.150E+01  1.00376E-02  5.00382E-12 -1.06791E-10  4.78231E-13 -9.81020E-12  2.73083E-16  2.61031E-16
  1.175E+01  1.04773E-02  7.54228E-12 -1.02279E-10  7.26600E-13 -9.60221E-12  3.98144E-16  2.83335E-16
  1.200E+01  1.09262E-02  9.81850E-12 -9.79807E-11  9.60087E-13 -9.39663E-12  4.88525E-16  3.22831E-16
  1.225E+01  1.13844E-02  1.18583E-11 -9.38848E-11  1.17963E-12 -9.19363E-12  5.02514E-16  2.22657E-16
  1.250E+01  1.18520E-02  1.36846E-11 -8.99809E-11  1.38612E-12 -8.99339E-12  4.16329E-16  2.37183E-16
  1.275E+01  1.23288E-02  1.53180E-11 -8.62592E-11  1.58034E-12 -8.79602E-12  3.15559E-16  1.13786E-16
  1.300E+01  1.28150E-02  1.67770E-11 -8.27099E-11  1.76306E-12 -8.60164E-12  2.42557E-16  4.37036E-17
  1.325E+01  1.33104E-02  1.80780E-11 -7.93241E-11  1.93497E-12 -8.41032E-12  3.88714E-17  8.39912E-17
  1.350E+01  1.38150E-02  1.92359E-11 -7.60933E-11  2.09672E-12 -8.22212E-12  7.48065E-17  4.03829E-17
  1.375E+01  1.43290E-02  2.02641E-11 -7.30094E-11  2.24891E-12 -8.03708E-12  3.60154E-17  7.77173E-17
  1.400E+01  1.48521E-02  2.11745E-11 -7.00647E-11  2.39211E-12 -7.85524E-12  1.04106E-16  1.87082E-16
  1.425E+01  1.53845E-02  2.19781E-11 -6.72520E-11  2.52683E-12 -7.67659E-12  2.67665E-16  1.80253E-16
  1.450E+01  1.59262E-02  2.26845E-11 -6.45646E-11  2.65357E-12 -7.50116E-12  2.58231E-16  6.95114E-17
  1.475E+01  1.64770E-02  2.33027E-11 -6.19960E-11  2.77278E-12 -7.32893E-12  6.23195E-17  6.70542E-17
  1.500E+01  1.70371E-02  2.38406E-11 -5.95400E-11  2.88489E-12 -7.15988E-12  6.01937E-17  1.29441E-16
  1.525E+01  1.76063E-02  2.43055E-11 -5.71911E-11  2.99030E-12 -6.99401E-12  5.81729E-17  6.25027E-17
  1.550E+01  1.81848E-02  2.47039E-11 -5.49438E-11  3.08938E-12 -6.83127E-12  0.00000E+00  6.03929E-17
  1.575E+01  1.87724E-02  2.50418E-11 -5.27930E-11  3.18247E-12 -6.67165E-12  1.63260E-16  0.00000E+00
  1.600E+01  1.93692E-02  2.53246E-11 -5.07339E-11  3.26991E-12 -6.51509E-12  1.05352E-16  5.64706E-17
  1.625E+01  1.99751E-02  2.55573E-11 -4.87620E-11  3.35200E-12 -6.36158E-12  0.00000E+00  5.46460E-17
  1.650E+01  2.05901E-02  2.57444E-11 -4.68729E-11  3.42904E-12 -6.21105E-12  1.97702E-16  1.05810E-16
  1.675E+01  2.12143E-02  2.58898E-11 -4.50627E-11  3.50128E-12 -6.06348E-12  9.58201E-17  2.04972E-16
  1.700E+01  2.18476E-02  2.59974E-11 -4.33274E-11  3.56900E-12 -5.91880E-12  9.29237E-17  0.00000E+00
  1.725E+01  2.24900E-02  2.60706E-11 -4.16635E-11  3.63241E-12 -5.77698E-12  9.01542E-17  9.62728E-17
  1.750E+01  2.31415E-02  2.61123E-11 -4.00676E-11  3.69176E-12 -5.63797E-12  1.75008E-16  0.00000E+00
  1.775E+01  2.38021E-02  2.61256E-11 -3.85364E-11  3.74724E-12 -5.50171E-12  1.69934E-16  9.05865E-17
  1.800E+01  2.44717E-02  2.61129E-11 -3.70668E-11  3.79907E-12 -5.36816E-12  1.65074E-16  8.79226E-17
  1.825E+01  2.51504E-02  2.60766E-11 -3.56561E-11  3.84742E-12 -5.23726E-12  8.02072E-17  8.53696E-17
  1.850E+01  2.58382E-02  2.60189E-11 -3.43014E-11  3.89248E-12 -5.10897E-12  7.79729E-17  8.29214E-17
  1.875E+01  2.65349E-02  2.59418E-11 -3.30002E-11  3.93441E-12 -4.98323E-12  1.51658E-16  0.00000E+00
  1.900E+01  2.72407E-02  2.58470E-11 -3.17499E-11  3.97337E-12 -4.86000E-12  2.21311E-16  7.83174E-17
  1.925E+01  2.79555E-02  2.57363E-11 -3.05484E-11  4.00951E-12 -4.73921E-12  7.17927E-17  7.61516E-17
  1.950E+01  2.86793E-02  2.56111E-11 -2.93934E-11  4.04297E-12 -4.62083E-12  1.39784E-16  7.40702E-17
  1.975E+01  2.94120E-02  2.54730E-11 -2.82827E-11  4.07389E-12 -4.50480E-12  0.00000E+00  1.44138E-16
  2.000E+01  3.01537E-02  2.53230E-11 -2.72145E-11  4.10238E-12 -4.39107E-12  0.00000E+00  2.80577E-16
  2.025E+01  3.09043E-02  2.51625E-11 -2.61869E-11  4.12857E-12 -4.27960E-12  1.29228E-16  0.00000E+00
  2.050E+01  3.16639E-02  2.49926E-11 -2.51980E-11  4.15257E-12 -4.17034E-12  1.25968E-16  2.66034E-16
  2.075E+01  3.24324E-02  2.48141E-11 -2.42463E-11  4.17449E-12 -4.06324E-12  0.00000E+00  1.29581E-16
  2.100E+01  3.32098E-02  2.46280E-11 -2.33300E-11  4.19443E-12 -3.95825E-12  0.00000E+00  2.52540E-16
  2.125E+01  3.39961E-02  2.44352E-11 -2.24476E-11  4.21249E-12 -3.85533E-12  0.00000E+00  1.23078E-16
  2.150E+01  3.47912E-02  2.42364E-11 -2.15978E-11  4.22874E-12 -3.75444E-12  0.00000E+00  1.20000E-16
  2.175E+01  3.55952E-02  2.40323E-11 -2.07790E-11  4.24330E-12 -3.65552E-12  0.00000E+00  0.00000E+00
  2.200E+01  3.64081E-02  2.38236E-11 -1.99901E-11  4.25622E-12 -3.55855E-12  0.00000E+00  0.00000E+00
  2.225E+01  3.72297E-02  2.36109E-11 -1.92298E-11  4.26760E-12 -3.46347E-12  0.00000E+00  1.11395E-16
  2.250E+01  3.80602E-02  2.33947E-11 -1.84969E-11  4.27750E-12 -3.37024E-12  0.00000E+00  1.08721E-16
  2.275E+01  3.88995E-02  2.31755E-11 -1.77902E-11  4.28600E-12 -3.27883E-12  0.00000E+00  1.06138E-16
  2.300E+01  3.97476E-02  2.29538E-11 -1.71087E-11  4.29316E-12 -3.18919E-12  0.00000E+00  0.00000E+00
  2.325E+01  4.06044E-02  2.27300E-11 -1.64514E-11  4.29905E-12 -3.10129E-12  0.00000E+00  1.01225E-16
  2.350E+01  4.14700E-02  2.25045E-11 -1.58172E-11  4.30373E-12 -3.01508E-12  0.00000E+00  9.88892E-17
  2.375E+01  4.23443E-02  2.22777E-11 -1.52053E-11  4.30724E-12 -2.93054E-12  0.00000E+00  0.00000E+00
  2.400E+01  4.32273E-02  2.20499E-11 -1.46148E-11  4.30966E-12 -2.84762E-12  0.00000E+00  9.44407E-17
  2.425E+01  4.41190E-02  2.18213E-11 -1.40448E-11  4.31102E-12 -2.76629E-12  0.00000E+00  0.00000E+00
  2.450E+01  4.50194E-02  2.15924E-11 -1.34945E-11  4.31139E-12 -2.68651E-12  0.00000E+00  3.61081E-16
  2.475E+01  4.59284E-02  2.13632E-11 -1.29632E-11  4.31080E-12 -2.60826E-12  0.00000E+00  3.53128E-16
  2.500E+01  4.68461E-02  2.11341E-11 -1.24500E-11  4.30930E-12 -2.53149E-12  0.00000E+00  0.00000E+00
  2.550E+01  4.87074E-02  2.06769E-11 -1.14756E-11  4.30375E-12 -2.38230E-12  0.00000E+00  1.65352E-16
  2.600E+01  5.06030E-02  2.02222E-11 -1.05659E-11  4.29506E-12 -2.23868E-12  0.00000E+00  0.00000E+00
  2.650E+01  5.25328E-02  1.97713E-11 -9.71626E-12  4.28350E-12 -2.10040E-12  0.00000E+00  0.00000E+00
  2.700E+01  5.44967E-02  1.93251E-11 -8.92219E-12  4.26936E-12 -1.96723E-12  0.00000E+00  1.45759E-16
  2.750E+01  5.64946E-02  1.88846E-11 -8.17969E-12  4.25287E-12 -1.83896E-12  0.00000E+00  0.00000E+00
  2.800E+01  5.85262E-02  1.84504E-11 -7.48508E-12  4.23424E-12 -1.71539E-12  0.00000E+00  0.00000E+00
  2.850E+01  6.05914E-02  1.80231E-11 -6.83495E-12  4.21369E-12 -1.59632E-12  0.00000E+00  1.29288E-16
  2.900E+01  6.26901E-02  1.76031E-11 -6.22619E-12  4.19139E-12 -1.48157E-12  0.00000E+00  0.00000E+00
  2.950E+01  6.48222E-02  1.71907E-11 -5.65593E-12  4.16751E-12 -1.37095E-12  0.00000E+00  1.19730E-16
  3.000E+01  6.69873E-02  1.67863E-11 -5.12155E-12  4.14221E-12 -1.26430E-12  0.00000E+00  0.00000E+00
  3.050E+01  6.91854E-02  1.63899E-11 -4.62061E-12  4.11562E-12 -1.16146E-12  0.00000E+00  1.11139E-16
  3.100E+01  7.14163E-02  1.60019E-11 -4.15088E-12  4.08787E-12 -1.06228E-12  0.00000E+00  0.00000E+00
  3.150E+01  7.36799E-02  1.56221E-11 -3.71026E-12  4.05909E-12 -9.66616E-13  0.00000E+00  0.00000E+00
  3.200E+01  7.59760E-02  1.52507E-11 -3.29685E-12  4.02939E-12 -8.74321E-13  0.00000E+00  0.00000E+00
  3.250E+01  7.83043E-02  1.48877E-11 -2.90887E-12  3.99885E-12 -7.85267E-13  0.00000E+00  0.00000E+00
  3.300E+01  8.06647E-02  1.45329E-11 -2.54467E-12  3.96758E-12 -6.99328E-13  0.00000E+00  0.00000E+00
  3.350E+01  8.30571E-02  1.41865E-11 -2.20274E-12  3.93565E-12 -6.16384E-13  0.00000E+00  0.00000E+00
  3.400E+01  8.54812E-02  1.38482E-11 -1.88167E-12  3.90315E-12 -5.36320E-13  0.00000E+00  0.00000E+00
  3.450E+01  8.79369E-02  1.35181E-11 -1.58016E-12  3.87014E-12 -4.59027E-13  0.00000E+00  0.00000E+00
  3.500E+01  9.04240E-02  1.31959E-11 -1.29697E-12  3.83669E-12 -3.84400E-13  0.00000E+00  0.00000E+00
  3.550E+01  9.29422E-02  1.28816E-11 -1.03099E-12  3.80287E-12 -3.12340E-13  0.00000E+00  0.00000E+00
  3.600E+01  9.54915E-02  1.25750E-11 -7.81122E-13  3.76872E-12 -2.42751E-13  0.00000E+00  0.00000E+00
  3.650E+01  9.80716E-02  1.22760E-11 -5.46433E-13  3.73430E-12 -1.75543E-13  0.00000E+00  0.00000E+00
  3.700E+01  1.00682E-01  1.19844E-11 -3.25978E-13  3.69965E-12 -1.10627E-13  0.00000E+00  0.00000E+00
  3.750E+01  1.03323E-01  1.17001E-11 -1.18935E-13  3.66483E-12 -4.79214E-14  0.00000E+00  0.00000E+00
  3.800E+01  1.05995E-01  1.14230E-11  7.55109E-14  3.62985E-12  1.26538E-14  0.00000E+00  0.00000E+00
  3.850E+01  1.08696E-01  1.11527E-11  2.58099E-13  3.59478E-12  7.11746E-14  0.00000E+00  0.00000E+00
  3.900E+01  1.11427E-01  1.08894E-11  4.29527E-13  3.55963E-12  1.27714E-13  0.00000E+00  0.00000E+00
  3.950E+01  1.14188E-01  1.06326E-11  5.90451E-13  3.52444E-12  1.82342E-13  0.00000E+00  0.00000E+00
  4.000E+01  1.16978E-01  1.03823E-11  7.41469E-13  3.48923E-12  2.35125E-13  0.00000E+00  0.00000E+00
  4.050E+01  1.19797E-01  1.01384E-11  8.83151E-13  3.45404E-12  2.86127E-13  0.00000E+00  0.00000E+00
  4.100E+01  1.22645E-01  9.90064E-12  1.01602E-12  3.41889E-12  3.35409E-13  0.00000E+00  0.00000E+00
  4.150E+01  1.25522E-01  9.66889E-12  1.14058E-12  3.38380E-12  3.83031E-13  0.00000E+00  0.00000E+00
  4.200E+01  1.28428E-01  9.44300E-12  1.25730E-12  3.34879E-12  4.29048E-13  0.00000E+00  0.00000E+00
  4.250E+01  1.31361E-01  9.22282E-12  1.36663E-12  3.31388E-12  4.73515E-13  0.00000E+00  0.00000E+00
  4.300E+01  1.34323E-01  9.00819E-12  1.46898E-12  3.27908E-12  5.16483E-13  0.00000E+00  0.00000E+00
  4.350E+01  1.37313E-01  8.79898E-12  1.56473E-12  3.24442E-12  5.58003E-13  0.00000E+00  0.00000E+00
  4.400E+01  1.40330E-01  8.59504E-12  1.65424E-12  3.20990E-12  5.98121E-13  0.00000E+00  0.00000E+00
  4.450E+01  1.43375E-01  8.39622E-12  1.73785E-12  3.17554E-12  6.36885E-13  0.00000E+00  0.00000E+00
  4.500E+01  1.46447E-01  8.20239E-12  1.81589E-12  3.14136E-12  6.74337E-13  0.00000E+00  0.00000E+00
  4.550E+01  1.49545E-01  8.01342E-12  1.88866E-12  3.10736E-12  7.10520E-13  0.00000E+00  0.00000E+00
  4.600E+01  1.52671E-01  7.82918E-12  1.95645E-12  3.07355E-12  7.45475E-13  0.00000E+00  0.00000E+00
  4.650E+01  1.55823E-01  7.64953E-12  2.01952E-12  3.03995E-12  7.79242E-13  0.00000E+00  0.00000E+00
  4.700E+01  1.59001E-01  7.47435E-12  2.07814E-12  3.00655E-12  8.11857E-13  0.00000E+00  0.00000E+00
  4.750E+01  1.62205E-01  7.30353E-12  2.13253E-12  2.97337E-12  8.43357E-13  0.00000E+00  0.00000E+00
  4.800E+01  1.65435E-01  7.13693E-12  2.18292E-12  2.94042E-12  8.73776E-13  0.00000E+00  0.00000E+00
  4.850E+01  1.68690E-01  6.97445E-12  2.22951E-12  2.90770E-12  9.03149E-13  0.00000E+00  0.00000E+00
  4.900E+01  1.71970E-01  6.81597E-12  2.27252E-12  2.87522E-12  9.31508E-13  0.00000E+00  0.00000E+00
  4.950E+01  1.75276E-01  6.66139E-12  2.31214E-12  2.84298E-12  9.58882E-13  0.00000E+00  0.00000E+00
  5.000E+01  1.78606E-01  6.51060E-12  2.34854E-12  2.81099E-12  9.85304E-13  0.00000E+00  0.00000E+00
  5.050E+01  1.81961E-01  6.36349E-12  2.38190E-12  2.77924E-12  1.01080E-12  0.00000E+00  0.00000E+00
  5.100E+01  1.85340E-01  6.21997E-12  2.41236E-12  2.74775E-12  1.03540E-12  0.00000E+00  0.00000E+00
  5.150E+01  1.88743E-01  6.07993E-12  2.44008E-12  2.71652E-12  1.05913E-12  0.00000E+00  0.00000E+00
  5.200E+01  1.92169E-01  5.94329E-12  2.46520E-12  2.68554E-12  1.08202E-12  0.00000E+00  0.00000E+00
  5.250E+01  1.95619E-01  5.80995E-12  2.48786E-12  2.65483E-12  1.10408E-12  0.00000E+00  0.00000E+00
  5.300E+01  1.99092E-01  5.67982E-12  2.50820E-12  2.62438E-12  1.12535E-12  0.00000E+00  0.00000E+00
  5.350E+01  2.02589E-01  5.55282E-12  2.52632E-12  2.59420E-12  1.14585E-12  0.00000E+00  0.00000E+00
  5.400E+01  2.06107E-01  5.42885E-12  2.54235E-12  2.56428E-12  1.16560E-12  0.00000E+00  0.00000E+00
  5.450E+01  2.09649E-01  5.30785E-12  2.55639E-12  2.53464E-12  1.18462E-12  0.00000E+00  0.00000E+00
  5.500E+01  2.13212E-01  5.18972E-12  2.56854E-12  2.50526E-12  1.20293E-12  0.00000E+00  0.00000E+00
  5.550E+01  2.16797E-01  5.07440E-12  2.57891E-12  2.47614E-12  1.22056E-12  0.00000E+00  0.00000E+00
  5.600E+01  2.20404E-01  4.96181E-12  2.58758E-12  2.44730E-12  1.23752E-12  0.00000E+00  0.00000E+00
  5.650E+01  2.24032E-01  4.85187E-12  2.59464E-12  2.41873E-12  1.25383E-12  0.00000E+00  0.00000E+00
  5.700E+01  2.27680E-01  4.74451E-12  2.60019E-12  2.39043E-12  1.26951E-12  0.00000E+00  0.00000E+00
  5.750E+01  2.31350E-01  4.63968E-12  2.60430E-12  2.36240E-12  1.28457E-12  0.00000E+00  0.00000E+00
  5.800E+01  2.35040E-01  4.53729E-12  2.60704E-12  2.33463E-12  1.29904E-12  0.00000E+00  0.00000E+00
  5.850E+01  2.38751E-01  4.43729E-12  2.60848E-12  2.30714E-12  1.31293E-12  0.00000E+00  0.00000E+00
  5.900E+01  2.42481E-01  4.33961E-12  2.60868E-12  2.27991E-12  1.32626E-12  0.00000E+00  0.00000E+00
  5.950E+01  2.46231E-01  4.24420E-12  2.60773E-12  2.25295E-12  1.33904E-12  0.00000E+00  0.00000E+00
  6.000E+01  2.50000E-01  4.15099E-12  2.60567E-12  2.22625E-12  1.35128E-12  0.00000E+00  0.00000E+00
  6.050E+01  2.53788E-01  4.05993E-12  2.60257E-12  2.19982E-12  1.36301E-12  0.00000E+00  0.00000E+00
  6.100E+01  2.57595E-01  3.97095E-12  2.59849E-12  2.17366E-12  1.37423E-12  0.00000E+00  0.00000E+00
  6.150E+01  2.61421E-01  3.88402E-12  2.59347E-12  2.14775E-12  1.38496E-12  0.00000E+00  0.00000E+00
  6.200E+01  2.65264E-01  3.79907E-12  2.58756E-12  2.12211E-12  1.39521E-12  0.00000E+00  0.00000E+00
  6.250E+01  2.69126E-01  3.71605E-12  2.58081E-12  2.09673E-12  1.40500E-12  0.00000E+00  0.00000E+00
  6.300E+01  2.73005E-01  3.63492E-12  2.57327E-12  2.07161E-12  1.41433E-12  0.00000E+00  0.00000E+00
  6.350E+01  2.76901E-01  3.55563E-12  2.56497E-12  2.04674E-12  1.42322E-12  0.00000E+00  0.00000E+00
  6.400E+01  2.80814E-01  3.47813E-12  2.55598E-12  2.02213E-12  1.43168E-12  0.00000E+00  0.00000E+00
  6.450E+01  2.84744E-01  3.40237E-12  2.54631E-12  1.99778E-12  1.43972E-12  0.00000E+00  0.00000E+00
  6.500E+01  2.88691E-01  3.32831E-12  2.53602E-12  1.97367E-12  1.44735E-12  0.00000E+00  0.00000E+00
  6.550E+01  2.92653E-01  3.25592E-12  2.52512E-12  1.94982E-12  1.45459E-12  0.00000E+00  0.00000E+00
  6.600E+01  2.96632E-01  3.18514E-12  2.51366E-12  1.92622E-12  1.46143E-12  0.00000E+00  0.00000E+00
  6.650E+01  3.00625E-01  3.11593E-12  2.50167E-12  1.90286E-12  1.46790E-12  0.00000E+00  0.00000E+00
  6.700E+01  3.04634E-01  3.04827E-12  2.48918E-12  1.87975E-12  1.47401E-12  0.00000E+00  0.00000E+00
  6.750E+01  3.08658E-01  2.98210E-12  2.47622E-12  1.85688E-12  1.47975E-12  0.00000E+00  0.00000E+00
  6.800E+01  3.12697E-01  2.91740E-12  2.46282E-12  1.83425E-12  1.48514E-12  0.00000E+00  0.00000E+00
  6.850E+01  3.16749E-01  2.85413E-12  2.44901E-12  1.81186E-12  1.49020E-12  0.00000E+00  0.00000E+00
  6.900E+01  3.20816E-01  2.79225E-12  2.43481E-12  1.78971E-12  1.49492E-12  0.00000E+00  0.00000E+00
  6.950E+01  3.24896E-01  2.73172E-12  2.42023E-12  1.76780E-12  1.49931E-12  0.00000E+00  0.00000E+00
  7.000E+01  3.28990E-01  2.67252E-12  2.40530E-12  1.74612E-12  1.50340E-12  0.00000E+00  0.00000E+00
  7.050E+01  3.33097E-01  2.61462E-12  2.39006E-12  1.72467E-12  1.50717E-12  0.00000E+00  0.00000E+00
  7.100E+01  3.37216E-01  2.55798E-12  2.37452E-12  1.70345E-12  1.51064E-12  0.00000E+00  0.00000E+00
  7.150E+01  3.41348E-01  2.50257E-12  2.35871E-12  1.68246E-12  1.51382E-12  0.00000E+00  0.00000E+00
  7.200E+01  3.45492E-01  2.44836E-12  2.34264E-12  1.66170E-12  1.51671E-12  0.00000E+00  0.00000E+00
  7.250E+01  3.49647E-01  2.39532E-12  2.32631E-12  1.64116E-12  1.51933E-12  0.00000E+00  0.00000E+00
  7.300E+01  3.53814E-01  2.34344E-12  2.30975E-12  1.62084E-12  1.52167E-12  0.00000E+00  0.00000E+00
  7.350E+01  3.57992E-01  2.29267E-12  2.29299E-12  1.60074E-12  1.52374E-12  0.00000E+00  0.00000E+00
  7.400E+01  3.62181E-01  2.24299E-12  2.27604E-12  1.58086E-12  1.52556E-12  0.00000E+00  0.00000E+00
  7.450E+01  3.66381E-01  2.19438E-12  2.25892E-12  1.56120E-12  1.52712E-12  0.00000E+00  0.00000E+00
  7.500E+01  3.70590E-01  2.14681E-12  2.24162E-12  1.54175E-12  1.52844E-12  0.00000E+00  0.00000E+00
  7.550E+01  3.74810E-01  2.10026E-12  2.22418E-12  1.52251E-12  1.52951E-12  0.00000E+00  0.00000E+00
  7.600E+01  3.79039E-01  2.05470E-12  2.20659E-12  1.50348E-12  1.53035E-12  0.00000E+00  0.00000E+00
  7.650E+01  3.83277E-01  2.01012E-12  2.18888E-12  1.48467E-12  1.53096E-12  0.00000E+00  0.00000E+00
  7.700E+01  3.87524E-01  1.96648E-12  2.17106E-12  1.46605E-12  1.53134E-12  0.00000E+00  0.00000E+00
  7.750E+01  3.91780E-01  1.92377E-12  2.15314E-12  1.44764E-12  1.53151E-12  0.00000E+00  0.00000E+00
  7.800E+01  3.96044E-01  1.88196E-12  2.13513E-12  1.42944E-12  1.53146E-12  0.00000E+00  0.00000E+00
  7.850E+01  4.00316E-01  1.84104E-12  2.11704E-12  1.41143E-12  1.53120E-12  0.00000E+00  0.00000E+00
  7.900E+01  4.04596E-01  1.80098E-12  2.09888E-12  1.39362E-12  1.53074E-12  0.00000E+00  0.00000E+00
  7.950E+01  4.08882E-01  1.76176E-12  2.08066E-12  1.37601E-12  1.53007E-12  0.00000E+00  0.00000E+00
  8.000E+01  4.13176E-01  1.72337E-12  2.06238E-12  1.35859E-12  1.52922E-12  0.00000E+00  0.00000E+00
  8.050E+01  4.17476E-01  1.68579E-12  2.04406E-12  1.34137E-12  1.52817E-12  0.00000E+00  0.00000E+00
  8.100E+01  4.21783E-01  1.64900E-12  2.02571E-12  1.32434E-12  1.52693E-12  0.00000E+00  0.00000E+00
  8.150E+01  4.26095E-01  1.61298E-12  2.00733E-12  1.30749E-12  1.52552E-12  0.00000E+00  0.00000E+00
  8.200E+01  4.30413E-01  1.57771E-12  1.98893E-12  1.29084E-12  1.52393E-12  0.00000E+00  0.00000E+00
  8.250E+01  4.34737E-01  1.54318E-12  1.97052E-12  1.27436E-12  1.52216E-12  0.00000E+00  0.00000E+00
  8.300E+01  4.39065E-01  1.50936E-12  1.95210E-12  1.25808E-12  1.52022E-12  0.00000E+00  0.00000E+00
  8.350E+01  4.43398E-01  1.47626E-12  1.93368E-12  1.24197E-12  1.51812E-12  0.00000E+00  0.00000E+00
  8.400E+01  4.47736E-01  1.44384E-12  1.91527E-12  1.22604E-12  1.51585E-12  0.00000E+00  0.00000E+00
  8.450E+01  4.52077E-01  1.41209E-12  1.89687E-12  1.21029E-12  1.51343E-12  0.00000E+00  0.00000E+00
  8.500E+01  4.56422E-01  1.38100E-12  1.87849E-12  1.19472E-12  1.51085E-12  0.00000E+00  0.00000E+00
  8.550E+01  4.60770E-01  1.35056E-12  1.86014E-12  1.17932E-12  1.50812E-12  0.00000E+00  0.00000E+00
  8.600E+01  4.65122E-01  1.32075E-12  1.84181E-12  1.16409E-12  1.50524E-12  0.00000E+00  0.00000E+00
  8.650E+01  4.69476E-01  1.29155E-12  1.82352E-12  1.14904E-12  1.50222E-12  0.00000E+00  0.00000E+00
  8.700E+01  4.73832E-01  1.26296E-12  1.80526E-12  1.13415E-12  1.49906E-12  0.00000E+00  0.00000E+00
  8.750E+01  4.78190E-01  1.23496E-12  1.78705E-12  1.11944E-12  1.49575E-12  0.00000E+00  0.00000E+00
  8.800E+01  4.82550E-01  1.20753E-12  1.76888E-12  1.10488E-12  1.49232E-12  0.00000E+00  0.00000E+00
  8.850E+01  4.86912E-01  1.18067E-12  1.75077E-12  1.09049E-12  1.48875E-12  0.00000E+00  0.00000E+00
  8.900E+01  4.91274E-01  1.15436E-12  1.73271E-12  1.07627E-12  1.48505E-12  0.00000E+00  0.00000E+00
  8.950E+01  4.95637E-01  1.12860E-12  1.71471E-12  1.06220E-12  1.48122E-12  0.00000E+00  0.00000E+00
  9.000E+01  5.00000E-01  1.10336E-12  1.69677E-12  1.04830E-12  1.47727E-12  0.00000E+00  0.00000E+00
  9.050E+01  5.04363E-01  1.07864E-12  1.67889E-12  1.03455E-12  1.47320E-12  0.00000E+00  0.00000E+00
  9.100E+01  5.08726E-01  1.05442E-12  1.66108E-12  1.02095E-12  1.46901E-12  0.00000E+00  0.00000E+00
  9.150E+01  5.13088E-01  1.03071E-12  1.64335E-12  1.00752E-12  1.46471E-12  0.00000E+00  0.00000E+00
  9.200E+01  5.17450E-01  1.00748E-12  1.62568E-12  9.94229E-13  1.46029E-12  0.00000E+00  0.00000E+00
  9.250E+01  5.21810E-01  9.84718E-13  1.60810E-12  9.81094E-13  1.45576E-12  0.00000E+00  0.00000E+00
  9.300E+01  5.26168E-01  9.62427E-13  1.59059E-12  9.68109E-13  1.45112E-12  0.00000E+00  0.00000E+00
  9.350E+01  5.30524E-01  9.40590E-13  1.57317E-12  9.55272E-13  1.44638E-12  0.00000E+00  0.00000E+00
  9.400E+01  5.34878E-01  9.19200E-13  1.55583E-12  9.42581E-13  1.44153E-12  0.00000E+00  0.00000E+00
  9.450E+01  5.39230E-01  8.98247E-13  1.53857E-12  9.30035E-13  1.43658E-12  0.00000E+00  0.00000E+00
  9.500E+01  5.43578E-01  8.77720E-13  1.52140E-12  9.17632E-13  1.43153E-12  0.00000E+00  0.00000E+00
  9.550E+01  5.47923E-01  8.57612E-13  1.50433E-12  9.05372E-13  1.42638E-12  0.00000E+00  0.00000E+00
  9.600E+01  5.52264E-01  8.37914E-13  1.48734E-12  8.93252E-13  1.42114E-12  0.00000E+00  0.00000E+00
  9.650E+01  5.56602E-01  8.18618E-13  1.47045E-12  8.81271E-13  1.41581E-12  0.00000E+00  0.00000E+00
  9.700E+01  5.60935E-01  7.99714E-13  1.45365E-12  8.69427E-13  1.41038E-12  0.00000E+00  0.00000E+00
  9.750E+01  5.65263E-01  7.81195E-13  1.43695E-12  8.57720E-13  1.40487E-12  0.00000E+00  0.00000E+00
  9.800E+01  5.69587E-01  7.63053E-13  1.42035E-12  8.46147E-13  1.39926E-12  0.00000E+00  0.00000E+00
  9.850E+01  5.73905E-01  7.45280E-13  1.40385E-12  8.34708E-13  1.39358E-12  0.00000E+00  0.00000E+00
  9.900E+01  5.78217E-01  7.27869E-13  1.38745E-12  8.23401E-13  1.38781E-12  0.00000E+00  0.00000E+00
  9.950E+01  5.82524E-01  7.10812E-13  1.37115E-12  8.12224E-13  1.38195E-12  0.00000E+00  0.00000E+00
  1.000E+02  5.86824E-01  6.94101E-13  1.35495E-12  8.01177E-13  1.37602E-12  0.00000E+00  0.00000E+00
  1.005E+02  5.91118E-01  6.77731E-13  1.33886E-12  7.90257E-13  1.37001E-12  0.00000E+00  0.00000E+00
  1.010E+02  5.95404E-01  6.61693E-13  1.32287E-12  7.79464E-13  1.36392E-12  0.00000E+00  0.00000E+00
  1.015E+02  5.99684E-01  6.45982E-13  1.30699E-12  7.68796E-13  1.35776E-12  0.00000E+00  0.00000E+00
  1.020E+02  6.03956E-01  6.30589E-13  1.29122E-12  7.58252E-13  1.35152E-12  0.00000E+00  0.00000E+00
  1.025E+02  6.08220E-01  6.15510E-13  1.27555E-12  7.47830E-13  1.34521E-12  0.00000E+00  0.00000E+00
  1.030E+02  6.12476E-01  6.00738E-13  1.25999E-12  7.37530E-13  1.33883E-12  0.00000E+00  0.00000E+00
  1.035E+02  6.16723E-01  5.86265E-13  1.24454E-12  7.27349E-13  1.33239E-12  0.00000E+00  0.00000E+00
  1.040E+02  6.20961E-01  5.72087E-13  1.22921E-12  7.17288E-13  1.32587E-12  0.00000E+00  0.00000E+00
  1.045E+02  6.25190E-01  5.58198E-13  1.21398E-12  7.07343E-13  1.31929E-12  0.00000E+00  0.00000E+00
  1.050E+02  6.29410E-01  5.44591E-13  1.19886E-12  6.97515E-13  1.31264E-12  0.00000E+00  0.00000E+00
  1.055E+02  6.33619E-01  5.31261E-13  1.18385E-12  6.87802E-13  1.30593E-12  0.00000E+00  0.00000E+00
  1.060E+02  6.37819E-01  5.18203E-13  1.16896E-12  6.78203E-13  1.29916E-12  0.00000E+00  0.00000E+00
  1.065E+02  6.42008E-01  5.05410E-13  1.15418E-12  6.68716E-13  1.29233E-12  0.00000E+00  0.00000E+00
  1.070E+02  6.46186E-01  4.92878E-13  1.13951E-12  6.59340E-13  1.28544E-12  0.00000E+00  0.00000E+00
  1.075E+02  6.50353E-01  4.80601E-13  1.12496E-12  6.50075E-13  1.27849E-12  0.00000E+00  0.00000E+00
  1.080E+02  6.54508E-01  4.68575E-13  1.11052E-12  6.40918E-13  1.27148E-12  0.00000E+00  0.00000E+00
  1.085E+02  6.58652E-01  4.56793E-13  1.09619E-12  6.31869E-13  1.26442E-12  0.00000E+00  0.00000E+00
  1.090E+02  6.62784E-01  4.45253E-13  1.08198E-12  6.22927E-13  1.25730E-12  0.00000E+00  0.00000E+00
  1.095E+02  6.66903E-01  4.33947E-13  1.06788E-12  6.14090E-13  1.25013E-12  0.00000E+00  0.00000E+00
  1.100E+02  6.71010E-01  4.22873E-13  1.05389E-12  6.05358E-13  1.24291E-12  0.00000E+00  0.00000E+00
  1.105E+02  6.75104E-01  4.12025E-13  1.04002E-12  5.96729E-13  1.23563E-12  0.00000E+00  0.00000E+00
  1.110E+02  6.79184E-01  4.01399E-13  1.02627E-12  5.88202E-13  1.22831E-12  0.00000E+00  0.00000E+00
  1.115E+02  6.83251E-01  3.90990E-13  1.01263E-12  5.79776E-13  1.22093E-12  0.00000E+00  0.00000E+00
  1.120E+02  6.87303E-01  3.80795E-13  9.99102E-13  5.71450E-13  1.21351E-12  0.00000E+00  0.00000E+00
  1.125E+02  6.91342E-01  3.70809E-13  9.85691E-13  5.63222E-13  1.20604E-12  0.00000E+00  0.00000E+00
  1.130E+02  6.95366E-01  3.61027E-13  9.72394E-13  5.55092E-13  1.19853E-12  0.00000E+00  0.00000E+00
  1.135E+02  6.99375E-01  3.51446E-13  9.59213E-13  5.47059E-13  1.19097E-12  0.00000E+00  0.00000E+00
  1.140E+02  7.03368E-01  3.42062E-13  9.46147E-13  5.39122E-13  1.18336E-12  0.00000E+00  0.00000E+00
  1.145E+02  7.07347E-01  3.32871E-13  9.33197E-13  5.31279E-13  1.17571E-12  0.00000E+00  0.00000E+00
  1.150E+02  7.11309E-01  3.23869E-13  9.20360E-13  5.23529E-13  1.16802E-12  0.00000E+00  0.00000E+00
  1.155E+02  7.15256E-01  3.15052E-13  9.07638E-13  5.15872E-13  1.16029E-12  0.00000E+00  0.00000E+00
  1.160E+02  7.19186E-01  3.06417E-13  8.95031E-13  5.08307E-13  1.15252E-12  0.00000E+00  0.00000E+00
  1.165E+02  7.23099E-01  2.97961E-13  8.82538E-13  5.00831E-13  1.14470E-12  0.00000E+00  0.00000E+00
  1.170E+02  7.26995E-01  2.89679E-13  8.70159E-13  4.93446E-13  1.13685E-12  0.00000E+00  0.00000E+00
  1.175E+02  7.30874E-01  2.81568E-13  8.57895E-13  4.86148E-13  1.12896E-12  0.00000E+00  0.00000E+00
  1.180E+02  7.34736E-01  2.73626E-13  8.45746E-13  4.78938E-13  1.12104E-12  0.00000E+00  0.00000E+00
  1.185E+02  7.38579E-01  2.65848E-13  8.33710E-13  4.71815E-13  1.11307E-12  0.00000E+00  0.00000E+00
  1.190E+02  7.42405E-01  2.58231E-13  8.21788E-13  4.64776E-13  1.10507E-12  0.00000E+00  0.00000E+00
  1.195E+02  7.46212E-01  2.50773E-13  8.09979E-13  4.57823E-13  1.09704E-12  0.00000E+00  0.00000E+00
  1.200E+02  7.50000E-01  2.43469E-13  7.98283E-13  4.50953E-13  1.08897E-12  0.00000E+00  0.00000E+00
  1.205E+02  7.53769E-01  2.36318E-13  7.86701E-13  4.44165E-13  1.08087E-12  0.00000E+00  0.00000E+00
  1.210E+02  7.57519E-01  2.29317E-13  7.75231E-13  4.37459E-13  1.07273E-12  0.00000E+00  0.00000E+00
  1.215E+02  7.61249E-01  2.22461E-13  7.63875E-13  4.30834E-13  1.06456E-12  0.00000E+00  0.00000E+00
  1.220E+02  7.64960E-01  2.15749E-13  7.52631E-13  4.24288E-13  1.05636E-12  0.00000E+00  0.00000E+00
  1.225E+02  7.68650E-01  2.09177E-13  7.41500E-13  4.17822E-13  1.04813E-12  0.00000E+00  0.00000E+00
  1.230E+02  7.72320E-01  2.02743E-13  7.30479E-13  4.11433E-13  1.03987E-12  0.00000E+00  0.00000E+00
  1.235E+02  7.75968E-01  1.96445E-13  7.19570E-13  4.05121E-13  1.03158E-12  0.00000E+00  0.00000E+00
  1.240E+02  7.79596E-01  1.90279E-13  7.08773E-13  3.98886E-13  1.02326E-12  0.00000E+00  0.00000E+00
  1.245E+02  7.83203E-01  1.84243E-13  6.98088E-13  3.92725E-13  1.01492E-12  0.00000E+00  0.00000E+00
  1.250E+02  7.86788E-01  1.78334E-13  6.87513E-13  3.86639E-13  1.00654E-12  0.00000E+00  0.00000E+00
  1.255E+02  7.90351E-01  1.72550E-13  6.77049E-13  3.80627E-13  9.98139E-13  0.00000E+00  0.00000E+00
  1.260E+02  7.93893E-01  1.66889E-13  6.66695E-13  3.74687E-13  9.89710E-13  0.00000E+00  0.00000E+00
  1.265E+02  7.97411E-01  1.61348E-13  6.56451E-13  3.68818E-13  9.81255E-13  0.00000E+00  0.00000E+00
  1.270E+02  8.00908E-01  1.55925E-13  6.46316E-13  3.63021E-13  9.72774E-13  0.00000E+00  0.00000E+00
  1.275E+02  8.04381E-01  1.50617E-13  6.36290E-13  3.57293E-13  9.64268E-13  0.00000E+00  0.00000E+00
  1.280E+02  8.07831E-01  1.45423E-13  6.26374E-13  3.51635E-13  9.55738E-13  0.00000E+00  0.00000E+00
  1.285E+02  8.11257E-01  1.40339E-13  6.16568E-13  3.46045E-13  9.47183E-13  0.00000E+00  0.00000E+00
  1.290E+02  8.14660E-01  1.35365E-13  6.06869E-13  3.40522E-13  9.38606E-13  0.00000E+00  0.00000E+00
  1.295E+02  8.18039E-01  1.30497E-13  5.97279E-13  3.35066E-13  9.30005E-13  0.00000E+00  0.00000E+00
  1.300E+02  8.21394E-01  1.25734E-13  5.87796E-13  3.29676E-13  9.21382E-13  0.00000E+00  0.00000E+00
  1.305E+02  8.24724E-01  1.21074E-13  5.78420E-13  3.24351E-13  9.12737E-13  0.00000E+00  0.00000E+00
  1.310E+02  8.28030E-01  1.16514E-13  5.69151E-13  3.19090E-13  9.04070E-13  0.00000E+00  0.00000E+00
  1.315E+02  8.31310E-01  1.12053E-13  5.59990E-13  3.13892E-13  8.95383E-13  0.00000E+00  0.00000E+00
  1.320E+02  8.34565E-01  1.07689E-13  5.50935E-13  3.08757E-13  8.86674E-13  0.00000E+00  0.00000E+00
  1.325E+02  8.37795E-01  1.03420E-13  5.41987E-13  3.03684E-13  8.77946E-13  0.00000E+00  0.00000E+00
  1.330E+02  8.40999E-01  9.92441E-14  5.33144E-13  2.98672E-13  8.69198E-13  0.00000E+00  0.00000E+00
  1.335E+02  8.44177E-01  9.51594E-14  5.24407E-13  2.93720E-13  8.60430E-13  0.00000E+00  0.00000E+00
  1.340E+02  8.47329E-01  9.11643E-14  5.15774E-13  2.88827E-13  8.51644E-13  0.00000E+00  0.00000E+00
  1.345E+02  8.50455E-01  8.72570E-14  5.07246E-13  2.83993E-13  8.42839E-13  0.00000E+00  0.00000E+00
  1.350E+02  8.53553E-01  8.34357E-14  4.98823E-13  2.79217E-13  8.34016E-13  0.00000E+00  0.00000E+00
  1.355E+02  8.56625E-01  7.96989E-14  4.90505E-13  2.74498E-13  8.25176E-13  0.00000E+00  0.00000E+00
  1.360E+02  8.59670E-01  7.60448E-14  4.82290E-13  2.69835E-13  8.16318E-13  0.00000E+00  0.00000E+00
  1.365E+02  8.62687E-01  7.24720E-14  4.74179E-13  2.65227E-13  8.07443E-13  0.00000E+00  0.00000E+00
  1.370E+02  8.65677E-01  6.89788E-14  4.66171E-13  2.60675E-13  7.98552E-13  0.00000E+00  0.00000E+00
  1.375E+02  8.68639E-01  6.55637E-14  4.58266E-13  2.56177E-13  7.89644E-13  0.00000E+00  0.00000E+00
  1.380E+02  8.71572E-01  6.22252E-14  4.50463E-13  2.51732E-13  7.80721E-13  0.00000E+00  0.00000E+00
  1.385E+02  8.74478E-01  5.89618E-14  4.42762E-13  2.47339E-13  7.71782E-13  0.00000E+00  0.00000E+00
  1.390E+02  8.77355E-01  5.57720E-14  4.35164E-13  2.42999E-13  7.62828E-13  0.00000E+00  0.00000E+00
  1.395E+02  8.80203E-01  5.26545E-14  4.27667E-13  2.38709E-13  7.53859E-13  0.00000E+00  0.00000E+00
  1.400E+02  8.83022E-01  4.96078E-14  4.20273E-13  2.34470E-13  7.44876E-13  0.00000E+00  0.00000E+00
  1.405E+02  8.85812E-01  4.66306E-14  4.12978E-13  2.30280E-13  7.35879E-13  0.00000E+00  0.00000E+00
  1.410E+02  8.88573E-01  4.37216E-14  4.05784E-13  2.26140E-13  7.26867E-13  0.00000E+00  0.00000E+00
  1.415E+02  8.91304E-01  4.08795E-14  3.98689E-13  2.22048E-13  7.17842E-13  0.00000E+00  0.00000E+00
  1.420E+02  8.94005E-01  3.81028E-14  3.91695E-13  2.18003E-13  7.08804E-13  0.00000E+00  0.00000E+00
  1.425E+02  8.96677E-01  3.53903E-14  3.84801E-13  2.14005E-13  6.99753E-13  0.00000E+00  0.00000E+00
  1.430E+02  8.99318E-01  3.27411E-14  3.78008E-13  2.10053E-13  6.90690E-13  0.00000E+00  0.00000E+00
  1.435E+02  9.01928E-01  3.01538E-14  3.71313E-13  2.06147E-13  6.81614E-13  0.00000E+00  0.00000E+00
  1.440E+02  9.04508E-01  2.76273E-14  3.64717E-13  2.02285E-13  6.72526E-13  0.00000E+00  0.00000E+00
  1.445E+02  9.07058E-01  2.51598E-14  3.58217E-13  1.98467E-13  6.63426E-13  0.00000E+00  0.00000E+00
  1.450E+02  9.09576E-01  2.27511E-14  3.51816E-13  1.94693E-13  6.54315E-13  1.53674E-17  0.00000E+00
  1.455E+02  9.12063E-01  2.03997E-14  3.45514E-13  1.90961E-13  6.45192E-13  1.55679E-17  0.00000E+00
  1.460E+02  9.14519E-01  1.81045E-14  3.39311E-13  1.87272E-13  6.36058E-13  1.57725E-17  0.00000E+00
  1.465E+02  9.16943E-01  1.58643E-14  3.33204E-13  1.83623E-13  6.26914E-13  0.00000E+00  0.00000E+00
  1.470E+02  9.19335E-01  1.36782E-14  3.27195E-13  1.80016E-13  6.17759E-13  8.09726E-18  0.00000E+00
  1.475E+02  9.21696E-01  1.15453E-14  3.21281E-13  1.76448E-13  6.08594E-13  0.00000E+00  0.00000E+00
  1.480E+02  9.24024E-01  9.46445E-15  3.15463E-13  1.72919E-13  5.99419E-13  1.66338E-17  0.00000E+00
  1.485E+02  9.26320E-01  7.43480E-15  3.09742E-13  1.69429E-13  5.90234E-13  4.21497E-18  0.00000E+00
  1.490E+02  9.28584E-01  5.45529E-15  3.04117E-13  1.65977E-13  5.81040E-13  1.06814E-17  0.00000E+00
  1.495E+02  9.30815E-01  3.52496E-15  2.98589E-13  1.62562E-13  5.71836E-13  2.16562E-18  0.00000E+00
  1.500E+02  9.33013E-01  1.64291E-15  2.93155E-13  1.59184E-13  5.62624E-13  6.58647E-18  0.00000E+00
  1.505E+02  9.35178E-01 -1.91710E-16  2.87817E-13  1.55842E-13  5.53402E-13  8.20801E-18  0.00000E+00
  1.510E+02  9.37310E-01 -1.97974E-15  2.82574E-13  1.52535E-13  5.44172E-13  1.12843E-17  0.00000E+00
  1.515E+02  9.39409E-01 -3.72203E-15  2.77424E-13  1.49263E-13  5.34934E-13  6.86500E-18  0.00000E+00
  1.520E+02  9.41474E-01 -5.41944E-15  2.72369E-13  1.46025E-13  5.25687E-13  0.00000E+00  0.00000E+00
  1.525E+02  9.43505E-01 -7.07281E-15  2.67408E-13  1.42820E-13  5.16432E-13  0.00000E+00  0.00000E+00
  1.530E+02  9.45503E-01 -8.68294E-15  2.62541E-13  1.39648E-13  5.07170E-13  4.77178E-18  0.00000E+00
  1.535E+02  9.47467E-01 -1.02506E-14  2.57769E-13  1.36508E-13  4.97900E-13  4.83882E-18  0.00000E+00
  1.540E+02  9.49397E-01 -1.17766E-14  2.53090E-13  1.33400E-13  4.88622E-13  9.81367E-18  0.00000E+00
  1.545E+02  9.51293E-01 -1.32615E-14  2.48503E-13  1.30322E-13  4.79337E-13  9.95161E-18  0.00000E+00
  1.550E+02  9.53154E-01 -1.47062E-14  2.44009E-13  1.27275E-13  4.70046E-13  0.00000E+00  0.00000E+00
  1.555E+02  9.54981E-01 -1.61113E-14  2.39608E-13  1.24257E-13  4.60747E-13  1.02330E-17  0.00000E+00
  1.560E+02  9.56773E-01 -1.74775E-14  2.35299E-13  1.21268E-13  4.51442E-13  1.03762E-17  0.00000E+00
  1.565E+02  9.58530E-01 -1.88056E-14  2.31083E-13  1.18308E-13  4.42130E-13  2.10421E-17  0.00000E+00
  1.570E+02  9.60252E-01 -2.00961E-14  2.26960E-13  1.15375E-13  4.32813E-13  1.06673E-17  0.00000E+00
  1.575E+02  9.61940E-01 -2.13497E-14  2.22928E-13  1.12469E-13  4.23489E-13  0.00000E+00  0.00000E+00
  1.580E+02  9.63592E-01 -2.25671E-14  2.18988E-13  1.09590E-13  4.14159E-13  0.00000E+00  0.00000E+00
  1.585E+02  9.65209E-01 -2.37487E-14  2.15138E-13  1.06737E-13  4.04823E-13  0.00000E+00  0.00000E+00
  1.590E+02  9.66790E-01 -2.48952E-14  2.11380E-13  1.03908E-13  3.95482E-13  0.00000E+00  0.00000E+00
  1.595E+02  9.68336E-01 -2.60072E-14  2.07713E-13  1.01105E-13  3.86135E-13  2.28354E-17  0.00000E+00
  1.600E+02  9.69846E-01 -2.70853E-14  2.04137E-13  9.83253E-14  3.76783E-13  0.00000E+00  0.00000E+00
  1.605E+02  9.71321E-01 -2.81299E-14  2.00652E-13  9.55691E-14  3.67426E-13  2.34480E-17  0.00000E+00
  1.610E+02  9.72759E-01 -2.91417E-14  1.97258E-13  9.28358E-14  3.58064E-13  0.00000E+00  0.00000E+00
  1.615E+02  9.74162E-01 -3.01211E-14  1.93954E-13  9.01246E-14  3.48697E-13  0.00000E+00  0.00000E+00
  1.620E+02  9.75528E-01 -3.10685E-14  1.90740E-13  8.74350E-14  3.39326E-13  2.43721E-17  0.00000E+00
  1.625E+02  9.76858E-01 -3.19845E-14  1.87615E-13  8.47664E-14  3.29950E-13  0.00000E+00  0.00000E+00
  1.630E+02  9.78152E-01 -3.28696E-14  1.84581E-13  8.21182E-14  3.20569E-13  0.00000E+00  0.00000E+00
  1.635E+02  9.79410E-01 -3.37242E-14  1.81636E-13  7.94898E-14  3.11185E-13  2.52936E-17  0.00000E+00
  1.640E+02  9.80631E-01 -3.45487E-14  1.78781E-13  7.68805E-14  3.01796E-13  2.55980E-17  0.00000E+00
  1.645E+02  9.81815E-01 -3.53437E-14  1.76016E-13  7.42899E-14  2.92403E-13  2.59003E-17  0.00000E+00
  1.650E+02  9.82963E-01 -3.61094E-14  1.73340E-13  7.17172E-14  2.83007E-13  0.00000E+00  0.00000E+00
  1.655E+02  9.84074E-01 -3.68462E-14  1.70753E-13  6.91620E-14  2.73607E-13  0.00000E+00  0.00000E+00
  1.660E+02  9.85148E-01 -3.75545E-14  1.68254E-13  6.66235E-14  2.64204E-13  5.35804E-17  0.00000E+00
  1.665E+02  9.86185E-01 -3.82348E-14  1.65844E-13  6.41013E-14  2.54797E-13  5.41588E-17  0.00000E+00
  1.670E+02  9.87185E-01 -3.88873E-14  1.63523E-13  6.15947E-14  2.45387E-13  2.73640E-17  0.00000E+00
  1.675E+02  9.88148E-01 -3.95124E-14  1.61291E-13  5.91032E-14  2.35974E-13  0.00000E+00  0.00000E+00
  1.680E+02  9.89074E-01 -4.01105E-14  1.59148E-13  5.66261E-14  2.26557E-13  0.00000E+00  0.00000E+00
  1.685E+02  9.89962E-01 -4.06818E-14  1.57093E-13  5.41629E-14  2.17139E-13  8.45536E-17  0.00000E+00
  1.690E+02  9.90814E-01 -4.12267E-14  1.55126E-13  5.17129E-14  2.07717E-13  0.00000E+00  0.00000E+00
  1.695E+02  9.91627E-01 -4.17453E-14  1.53247E-13  4.92757E-14  1.98293E-13  0.00000E+00  0.00000E+00
  1.700E+02  9.92404E-01 -4.22380E-14  1.51455E-13  4.68506E-14  1.88866E-13  0.00000E+00  0.00000E+00
  1.705E+02  9.93143E-01 -4.27050E-14  1.49752E-13  4.44370E-14  1.79437E-13  0.00000E+00  0.00000E+00
  1.710E+02  9.93844E-01 -4.31467E-14  1.48137E-13  4.20343E-14  1.70005E-13  0.00000E+00  0.00000E+00
  1.715E+02  9.94508E-01 -4.35632E-14  1.46611E-13  3.96421E-14  1.60572E-13  0.00000E+00  0.00000E+00
  1.720E+02  9.95134E-01 -4.39547E-14  1.45172E-13  3.72596E-14  1.51137E-13  0.00000E+00  0.00000E+00
  1.725E+02  9.95722E-01 -4.43215E-14  1.43820E-13  3.48863E-14  1.41700E-13  0.00000E+00  0.00000E+00
  1.730E+02  9.96273E-01 -4.46636E-14  1.42555E-13  3.25217E-14  1.32261E-13  0.00000E+00  9.69777E-17
  1.735E+02  9.96786E-01 -4.49814E-14  1.41378E-13  3.01651E-14  1.22820E-13  0.00000E+00  1.29216E-16
  1.740E+02  9.97261E-01 -4.52750E-14  1.40287E-13  2.78160E-14  1.13378E-13  0.00000E+00  3.22840E-17
  1.745E+02  9.97698E-01 -4.55445E-14  1.39286E-13  2.54737E-14  1.03935E-13  0.00000E+00  6.45309E-17
  1.750E+02  9.98097E-01 -4.57902E-14  1.38372E-13  2.31378E-14  9.44902E-14  0.00000E+00  0.00000E+00
  1.755E+02  9.98459E-01 -4.60121E-14  1.37545E-13  2.08077E-14  8.50444E-14  0.00000E+00  1.61166E-16
  1.760E+02  9.98782E-01 -4.62103E-14  1.36805E-13  1.84827E-14  7.55976E-14  6.22337E-17  1.61098E-16
  1.765E+02  9.99067E-01 -4.63849E-14  1.36152E-13  1.61623E-14  6.61499E-14  0.00000E+00  1.93245E-16
  1.770E+02  9.99315E-01 -4.65360E-14  1.35584E-13  1.38460E-14  5.67014E-14  0.00000E+00  1.28788E-16
  1.775E+02  9.99524E-01 -4.66636E-14  1.35104E-13  1.15330E-14  4.72522E-14  1.25555E-16  3.21882E-17
  1.780E+02  9.99695E-01 -4.67681E-14  1.34713E-13  9.22299E-15  3.78024E-14  1.25808E-16  1.60905E-16
  1.785E+02  9.99829E-01 -4.68494E-14  1.34409E-13  6.91524E-15  2.83522E-14  6.30018E-17  5.46982E-16
  1.790E+02  9.99924E-01 -4.69073E-14  1.34194E-13  4.60921E-15  1.89016E-14  6.30714E-17  1.22251E-15
  1.795E+02  9.99981E-01 -4.69424E-14  1.34065E-13  2.30432E-15  9.45086E-15  0.00000E+00  3.18474E-15
  1.800E+02  1.00000E+00 -4.69534E-14  1.34023E-13  3.23361E-29  1.32628E-28  1.64129E-15  3.94708E-12
