 #  Scattering amplitudes (in cm)      MU=(1-cos(TH))/2
 #  Z =  47,   projectile: electron
 #  Kinetic energy = 7.95000E+06 eV
 #
 # TH (deg)      MU          Re(F)        Im(F)        Re(G)        Im(G)        ERRF         ERRG 
 #-----------------------------------------------------------------------------------------------------------------
  0.000E+00  0.00000E+00  1.40470E-06  1.46884E-07  0.00000E+00  0.00000E+00  9.56728E-08  0.00000E+00
  1.000E-04  7.61557E-13  1.40469E-06  1.46884E-07  1.15174E-12  1.20442E-13  9.56281E-08  7.15475E-07
  1.250E-04  1.18994E-12  1.40468E-06  1.46884E-07  1.43966E-12  1.50552E-13  9.56030E-08  7.15382E-07
  1.500E-04  1.71346E-12  1.40467E-06  1.46884E-07  1.72759E-12  1.80662E-13  9.55723E-08  7.15269E-07
  1.750E-04  2.33225E-12  1.40466E-06  1.46884E-07  2.01550E-12  2.10773E-13  9.55360E-08  7.15136E-07
  2.000E-04  3.04617E-12  1.40465E-06  1.46884E-07  2.30342E-12  2.40883E-13  9.54942E-08  7.14982E-07
  2.250E-04  3.85530E-12  1.40464E-06  1.46884E-07  2.59132E-12  2.70993E-13  9.54468E-08  7.14807E-07
  2.500E-04  4.75964E-12  1.40463E-06  1.46884E-07  2.87922E-12  3.01103E-13  9.53938E-08  7.14612E-07
  2.750E-04  5.75917E-12  1.40462E-06  1.46883E-07  3.16711E-12  3.31213E-13  9.53353E-08  7.14397E-07
  3.000E-04  6.85391E-12  1.40460E-06  1.46883E-07  3.45499E-12  3.61323E-13  9.52712E-08  7.14161E-07
  3.250E-04  8.04379E-12  1.40458E-06  1.46883E-07  3.74286E-12  3.91433E-13  9.52015E-08  7.13904E-07
  3.500E-04  9.32893E-12  1.40456E-06  1.46883E-07  4.03072E-12  4.21543E-13  9.51263E-08  7.13627E-07
  3.750E-04  1.07092E-11  1.40455E-06  1.46883E-07  4.31857E-12  4.51653E-13  9.50456E-08  7.13330E-07
  4.000E-04  1.21847E-11  1.40452E-06  1.46883E-07  4.60641E-12  4.81762E-13  9.49593E-08  7.13012E-07
  4.250E-04  1.37554E-11  1.40450E-06  1.46882E-07  4.89423E-12  5.11872E-13  9.48675E-08  7.12674E-07
  4.500E-04  1.54213E-11  1.40448E-06  1.46882E-07  5.18204E-12  5.41981E-13  9.47702E-08  7.12316E-07
  4.750E-04  1.71823E-11  1.40445E-06  1.46882E-07  5.46984E-12  5.72090E-13  9.46674E-08  7.11937E-07
  5.000E-04  1.90386E-11  1.40443E-06  1.46882E-07  5.75761E-12  6.02199E-13  9.45591E-08  7.11538E-07
  5.250E-04  2.09900E-11  1.40440E-06  1.46882E-07  6.04538E-12  6.32308E-13  9.44453E-08  7.11118E-07
  5.500E-04  2.30367E-11  1.40437E-06  1.46881E-07  6.33312E-12  6.62417E-13  9.43260E-08  7.10678E-07
  5.750E-04  2.51785E-11  1.40434E-06  1.46881E-07  6.62085E-12  6.92525E-13  9.42012E-08  7.10218E-07
  6.000E-04  2.74156E-11  1.40431E-06  1.46881E-07  6.90855E-12  7.22634E-13  9.40710E-08  7.09738E-07
  6.250E-04  2.97478E-11  1.40428E-06  1.46880E-07  7.19624E-12  7.52742E-13  9.39354E-08  7.09237E-07
  6.500E-04  3.21752E-11  1.40424E-06  1.46880E-07  7.48391E-12  7.82850E-13  9.37943E-08  7.08716E-07
  6.750E-04  3.46979E-11  1.40421E-06  1.46880E-07  7.77155E-12  8.12958E-13  9.36477E-08  7.08175E-07
  7.000E-04  3.73157E-11  1.40417E-06  1.46880E-07  8.05917E-12  8.43065E-13  9.34958E-08  7.07614E-07
  7.250E-04  4.00286E-11  1.40413E-06  1.46879E-07  8.34677E-12  8.73173E-13  9.33385E-08  7.07033E-07
  7.500E-04  4.28368E-11  1.40409E-06  1.46879E-07  8.63435E-12  9.03280E-13  9.31757E-08  7.06432E-07
  7.750E-04  4.57402E-11  1.40405E-06  1.46878E-07  8.92190E-12  9.33387E-13  9.30076E-08  7.05810E-07
  8.000E-04  4.87388E-11  1.40401E-06  1.46878E-07  9.20942E-12  9.63494E-13  9.28342E-08  7.05169E-07
  8.250E-04  5.18325E-11  1.40396E-06  1.46878E-07  9.49692E-12  9.93601E-13  9.26554E-08  7.04508E-07
  8.500E-04  5.50215E-11  1.40392E-06  1.46877E-07  9.78439E-12  1.02371E-12  9.24713E-08  7.03827E-07
  8.750E-04  5.83057E-11  1.40387E-06  1.46877E-07  1.00718E-11  1.05381E-12  9.22818E-08  7.03126E-07
  9.000E-04  6.16850E-11  1.40382E-06  1.46876E-07  1.03593E-11  1.08392E-12  9.20871E-08  7.02405E-07
  9.250E-04  6.51595E-11  1.40377E-06  1.46876E-07  1.06466E-11  1.11402E-12  9.18870E-08  7.01664E-07
  9.500E-04  6.87293E-11  1.40372E-06  1.46876E-07  1.09340E-11  1.14413E-12  9.16818E-08  7.00903E-07
  9.750E-04  7.23943E-11  1.40367E-06  1.46875E-07  1.12213E-11  1.17423E-12  9.14712E-08  7.00123E-07
  1.000E-03  7.61544E-11  1.40362E-06  1.46875E-07  1.15086E-11  1.20434E-12  9.12555E-08  6.99323E-07
  1.250E-03  1.18991E-10  1.40301E-06  1.46869E-07  1.43795E-11  1.50537E-12  8.88144E-08  6.90251E-07
  1.500E-03  1.71347E-10  1.40227E-06  1.46863E-07  1.72464E-11  1.80636E-12  8.58732E-08  6.79265E-07
  1.750E-03  2.33223E-10  1.40140E-06  1.46855E-07  2.01083E-11  2.10731E-12  8.24567E-08  6.66426E-07
  2.000E-03  3.04617E-10  1.40039E-06  1.46846E-07  2.29644E-11  2.40821E-12  7.85936E-08  6.51804E-07
  2.250E-03  3.85531E-10  1.39926E-06  1.46836E-07  2.58140E-11  2.70905E-12  7.43163E-08  6.35479E-07
  2.500E-03  4.75965E-10  1.39799E-06  1.46824E-07  2.86563E-11  3.00982E-12  6.96609E-08  6.17541E-07
  2.750E-03  5.75917E-10  1.39659E-06  1.46812E-07  3.14905E-11  3.31052E-12  6.46662E-08  5.98086E-07
  3.000E-03  6.85389E-10  1.39507E-06  1.46798E-07  3.43158E-11  3.61113E-12  5.93740E-08  5.77220E-07
  3.250E-03  8.04380E-10  1.39342E-06  1.46783E-07  3.71315E-11  3.91166E-12  5.38284E-08  5.55057E-07
  3.500E-03  9.32891E-10  1.39164E-06  1.46767E-07  3.99368E-11  4.21210E-12  4.80756E-08  5.31713E-07
  3.750E-03  1.07092E-09  1.38974E-06  1.46750E-07  4.27310E-11  4.51243E-12  4.21631E-08  5.07315E-07
  4.000E-03  1.21847E-09  1.38771E-06  1.46731E-07  4.55134E-11  4.81265E-12  3.61397E-08  4.81991E-07
  4.250E-03  1.37554E-09  1.38557E-06  1.46711E-07  4.82833E-11  5.11276E-12  3.00549E-08  4.55875E-07
  4.500E-03  1.54213E-09  1.38330E-06  1.46691E-07  5.10401E-11  5.41274E-12  2.39584E-08  4.29103E-07
  4.750E-03  1.71823E-09  1.38092E-06  1.46669E-07  5.37829E-11  5.71258E-12  1.78997E-08  4.01815E-07
  5.000E-03  1.90386E-09  1.37842E-06  1.46645E-07  5.65113E-11  6.01229E-12  1.19276E-08  3.74149E-07
  5.250E-03  2.09900E-09  1.37581E-06  1.46621E-07  5.92246E-11  6.31186E-12  6.08992E-09  3.46246E-07
  5.500E-03  2.30367E-09  1.37309E-06  1.46595E-07  6.19221E-11  6.61127E-12  4.32783E-10  3.18248E-07
  5.750E-03  2.51785E-09  1.37025E-06  1.46569E-07  6.46033E-11  6.91052E-12  4.99948E-09  2.90291E-07
  6.000E-03  2.74156E-09  1.36731E-06  1.46541E-07  6.72676E-11  7.20960E-12  1.01649E-08  2.62513E-07
  6.250E-03  2.97478E-09  1.36427E-06  1.46512E-07  6.99145E-11  7.50851E-12  1.50244E-08  2.35047E-07
  6.500E-03  3.21752E-09  1.36112E-06  1.46481E-07  7.25434E-11  7.80724E-12  1.95417E-08  2.08022E-07
  6.750E-03  3.46978E-09  1.35787E-06  1.46450E-07  7.51538E-11  8.10578E-12  2.36840E-08  1.81564E-07
  7.000E-03  3.73156E-09  1.35452E-06  1.46417E-07  7.77453E-11  8.40412E-12  2.74223E-08  1.55790E-07
  7.250E-03  4.00286E-09  1.35108E-06  1.46384E-07  8.03174E-11  8.70227E-12  3.07315E-08  1.30815E-07
  7.500E-03  4.28368E-09  1.34754E-06  1.46349E-07  8.28696E-11  9.00020E-12  3.35906E-08  1.06744E-07
  7.750E-03  4.57402E-09  1.34392E-06  1.46313E-07  8.54015E-11  9.29792E-12  3.59829E-08  8.36751E-08
  8.000E-03  4.87388E-09  1.34020E-06  1.46275E-07  8.79128E-11  9.59541E-12  3.78964E-08  6.16995E-08
  8.250E-03  5.18326E-09  1.33640E-06  1.46237E-07  9.04030E-11  9.89267E-12  3.93233E-08  4.08988E-08
  8.500E-03  5.50215E-09  1.33251E-06  1.46198E-07  9.28718E-11  1.01897E-11  4.02608E-08  2.13455E-08
  8.750E-03  5.83057E-09  1.32855E-06  1.46157E-07  9.53189E-11  1.04865E-11  4.07105E-08  3.10318E-09
  9.000E-03  6.16850E-09  1.32450E-06  1.46115E-07  9.77440E-11  1.07830E-11  4.06788E-08  1.37748E-08
  9.250E-03  6.51596E-09  1.32038E-06  1.46072E-07  1.00147E-10  1.10793E-11  4.01764E-08  2.92446E-08
  9.500E-03  6.87293E-09  1.31619E-06  1.46028E-07  1.02527E-10  1.13753E-11  3.92184E-08  4.32730E-08
  9.750E-03  7.23942E-09  1.31193E-06  1.45983E-07  1.04884E-10  1.16711E-11  3.78244E-08  5.58365E-08
  1.000E-02  7.61544E-09  1.30760E-06  1.45937E-07  1.07218E-10  1.19665E-11  3.60178E-08  6.69220E-08
  1.250E-02  1.18991E-08  1.26111E-06  1.45414E-07  1.29259E-10  1.49045E-11  2.69192E-09  1.00558E-07
  1.500E-02  1.71347E-08  1.21055E-06  1.44784E-07  1.48891E-10  1.78080E-11  2.94109E-08  3.64614E-08
  1.750E-02  2.33223E-08  1.15803E-06  1.44052E-07  1.66170E-10  2.06709E-11  2.86707E-08  3.74497E-08
  2.000E-02  3.04617E-08  1.10520E-06  1.43223E-07  1.81245E-10  2.34880E-11  1.97223E-09  5.60108E-08
  2.250E-02  3.85531E-08  1.05325E-06  1.42304E-07  1.94315E-10  2.62544E-11  2.95678E-08  1.78645E-08
  2.500E-02  4.75965E-08  1.00292E-06  1.41300E-07  2.05589E-10  2.89658E-11  2.52524E-08  2.91372E-08
  2.750E-02  5.75917E-08  9.54662E-07  1.40218E-07  2.15267E-10  3.16184E-11  6.10120E-09  3.92745E-08
  3.000E-02  6.85389E-08  9.08684E-07  1.39064E-07  2.23526E-10  3.42089E-11  3.10697E-08  9.27812E-09
  3.250E-02  8.04380E-08  8.65036E-07  1.37844E-07  2.30521E-10  3.67345E-11  2.27926E-08  2.56332E-08
  3.500E-02  9.32891E-08  8.23676E-07  1.36564E-07  2.36384E-10  3.91929E-11  1.03543E-08  3.04818E-08
  3.750E-02  1.07092E-07  7.84513E-07  1.35231E-07  2.41227E-10  4.15823E-11  3.30557E-08  4.03674E-09
  4.000E-02  1.21847E-07  7.47434E-07  1.33849E-07  2.45148E-10  4.39013E-11  2.04031E-08  2.38615E-08
  4.250E-02  1.37554E-07  7.12320E-07  1.32424E-07  2.48233E-10  4.61486E-11  1.49179E-08  2.48812E-08
  4.500E-02  1.54213E-07  6.79053E-07  1.30962E-07  2.50560E-10  4.83237E-11  3.51801E-08  2.57216E-10
  4.750E-02  1.71823E-07  6.47522E-07  1.29467E-07  2.52198E-10  5.04261E-11  1.77140E-08  2.28731E-08
  5.000E-02  1.90386E-07  6.17621E-07  1.27944E-07  2.53213E-10  5.24557E-11  1.98600E-08  2.08175E-08
  5.250E-02  2.09900E-07  5.89257E-07  1.26397E-07  2.53664E-10  5.44126E-11  3.72416E-08  2.77938E-09
  5.500E-02  2.30367E-07  5.62342E-07  1.24831E-07  2.53606E-10  5.62974E-11  1.45111E-08  2.22729E-08
  5.750E-02  2.51785E-07  5.36798E-07  1.23249E-07  2.53090E-10  5.81106E-11  2.51954E-08  1.75605E-08
  6.000E-02  2.74156E-07  5.12551E-07  1.21655E-07  2.52164E-10  5.98529E-11  3.90696E-08  5.39940E-09
  6.250E-02  2.97478E-07  4.89534E-07  1.20053E-07  2.50875E-10  6.15256E-11  1.06395E-08  2.18545E-08
  6.500E-02  3.21752E-07  4.67681E-07  1.18445E-07  2.49263E-10  6.31296E-11  3.08940E-08  1.47342E-08
  6.750E-02  3.46978E-07  4.46932E-07  1.16834E-07  2.47367E-10  6.46662E-11  4.04898E-08  7.76270E-09
  7.000E-02  3.73156E-07  4.27234E-07  1.15224E-07  2.45222E-10  6.61370E-11  5.98063E-09  2.14887E-08
  7.250E-02  4.00286E-07  4.08532E-07  1.13616E-07  2.42862E-10  6.75433E-11  3.68828E-08  1.21263E-08
  7.500E-02  4.28368E-07  3.90778E-07  1.12013E-07  2.40318E-10  6.88867E-11  4.13192E-08  9.94608E-09
  7.750E-02  4.57402E-07  3.73922E-07  1.10418E-07  2.37617E-10  7.01690E-11  4.50964E-10  2.10847E-08
  8.000E-02  4.87388E-07  3.57920E-07  1.08831E-07  2.34786E-10  7.13919E-11  4.30450E-08  9.61131E-09
  8.250E-02  5.18325E-07  3.42728E-07  1.07256E-07  2.31846E-10  7.25570E-11  4.13686E-08  1.19797E-08
  8.500E-02  5.50215E-07  3.28306E-07  1.05693E-07  2.28820E-10  7.36662E-11  5.99386E-09  2.05738E-08
  8.750E-02  5.83057E-07  3.14615E-07  1.04143E-07  2.25727E-10  7.47214E-11  4.92224E-08  7.11617E-09
  9.000E-02  6.16850E-07  3.01618E-07  1.02609E-07  2.22585E-10  7.57242E-11  4.04514E-08  1.38656E-08
  9.250E-02  6.51596E-07  2.89279E-07  1.01092E-07  2.19409E-10  7.66766E-11  1.33530E-08  1.99029E-08
  9.500E-02  6.87293E-07  2.77563E-07  9.95916E-08  2.16213E-10  7.75804E-11  5.52183E-08  4.60268E-09
  9.750E-02  7.23942E-07  2.66439E-07  9.81099E-08  2.13010E-10  7.84374E-11  3.83941E-08  1.55884E-08
  1.000E-01  7.61543E-07  2.55876E-07  9.66473E-08  2.09810E-10  7.92494E-11  2.15757E-08  1.90317E-08
  1.250E-01  1.18991E-06  1.75288E-07  8.31847E-08  1.79664E-10  8.52632E-11  7.26157E-08  5.64150E-09
  1.500E-01  1.71347E-06  1.26083E-07  7.19159E-08  1.55077E-10  8.84557E-11  1.50208E-08  2.07176E-08
  1.750E-01  2.33223E-06  9.47399E-08  6.26421E-08  1.35947E-10  8.98910E-11  1.08479E-07  1.44752E-09
  2.000E-01  3.04617E-06  7.36324E-08  5.50091E-08  1.20754E-10  9.02150E-11  5.23418E-09  2.15516E-08
  2.250E-01  3.85531E-06  5.85874E-08  4.86683E-08  1.08091E-10  8.97935E-11  1.41415E-07  3.03342E-09
  2.500E-01  4.75964E-06  4.73397E-08  4.33340E-08  9.70438E-11  8.88355E-11  3.94601E-08  2.14450E-08
  2.750E-01  5.75916E-06  3.86364E-08  3.87905E-08  8.71231E-11  8.74738E-11  1.68838E-07  7.62631E-09
  3.000E-01  6.85388E-06  3.17506E-08  3.48803E-08  7.81050E-11  8.58073E-11  8.76243E-08  2.05876E-08
  3.250E-01  8.04378E-06  2.62286E-08  3.14883E-08  6.98979E-11  8.39184E-11  1.87490E-07  1.22673E-08
  3.500E-01  9.32888E-06  2.17636E-08  2.85282E-08  6.24603E-11  8.18784E-11  1.49094E-07  1.88824E-08
  3.750E-01  1.07092E-05  1.81333E-08  2.59334E-08  5.57589E-11  7.97481E-11  1.92353E-07  1.67979E-08
  4.000E-01  1.21846E-05  1.51688E-08  2.36506E-08  4.97530E-11  7.75771E-11  2.21245E-07  1.61882E-08
  4.250E-01  1.37553E-05  1.27381E-08  2.16358E-08  4.43913E-11  7.54042E-11  1.78195E-07  2.09538E-08
  4.500E-01  1.54212E-05  1.07360E-08  1.98521E-08  3.96152E-11  7.32581E-11  2.99267E-07  1.24713E-08
  4.750E-01  1.71822E-05  9.07922E-09  1.82683E-08  3.53630E-11  7.11590E-11  1.41010E-07  2.44411E-08
  5.000E-01  1.90385E-05  7.70109E-09  1.68575E-08  3.15739E-11  6.91201E-11  3.76761E-07  7.82598E-09
  5.250E-01  2.09899E-05  6.54846E-09  1.55969E-08  2.81904E-11  6.71493E-11  7.87270E-08  2.69991E-08
  5.500E-01  2.30365E-05  5.57888E-09  1.44668E-08  2.51600E-11  6.52501E-11  4.46486E-07  2.44207E-09
  5.750E-01  2.51783E-05  4.75864E-09  1.34504E-08  2.24364E-11  6.34238E-11  8.58413E-09  2.84269E-08
  6.000E-01  2.74153E-05  4.06093E-09  1.25333E-08  1.99790E-11  6.16694E-11  5.00988E-07  3.43135E-09
  6.250E-01  2.97475E-05  3.46418E-09  1.17033E-08  1.77529E-11  5.99847E-11  1.18748E-07  2.85910E-08
  6.500E-01  3.21749E-05  2.95111E-09  1.09496E-08  1.57285E-11  5.83669E-11  5.33113E-07  9.51287E-09
  6.750E-01  3.46974E-05  2.50793E-09  1.02632E-08  1.38805E-11  5.68128E-11  2.47585E-07  2.74241E-08
  7.000E-01  3.73152E-05  2.12347E-09  9.63643E-09  1.21875E-11  5.53192E-11  5.36461E-07  1.55065E-08
  7.250E-01  4.00281E-05  1.78858E-09  9.06247E-09  1.06318E-11  5.38826E-11  3.89061E-07  2.49241E-08
  7.500E-01  4.28362E-05  1.49581E-09  8.53556E-09  9.19791E-12  5.25000E-11  5.05840E-07  2.11150E-08
  7.750E-01  4.57395E-05  1.23910E-09  8.05066E-09  7.87311E-12  5.11684E-11  5.35521E-07  2.11524E-08
  8.000E-01  4.87380E-05  1.01341E-09  7.60342E-09  6.64636E-12  4.98851E-11  4.37692E-07  2.60520E-08
  8.250E-01  5.18317E-05  8.14485E-10  7.19004E-09  5.50822E-12  4.86474E-11  6.78003E-07  1.62322E-08
  8.500E-01  5.50205E-05  6.38787E-10  6.80720E-09  4.45061E-12  4.74531E-11  3.30485E-07  3.00540E-08
  8.750E-01  5.83045E-05  4.83386E-10  6.45198E-09  3.46646E-12  4.63000E-11  8.06682E-07  1.03444E-08
  9.000E-01  6.16838E-05  3.45760E-10  6.12182E-09  2.54961E-12  4.51861E-11  1.85023E-07  3.28926E-08
  9.250E-01  6.51582E-05  2.23708E-10  5.81443E-09  1.69461E-12  4.41096E-11  9.11388E-07  3.72192E-09
  9.500E-01  6.87277E-05  1.15384E-10  5.52781E-09  8.96641E-13  4.30689E-11  4.64738E-09  3.43859E-08
  9.750E-01  7.23925E-05  1.92311E-11  5.26017E-09  1.51402E-13  4.20624E-11  9.82224E-07  3.35923E-09
  1.000E+00  7.61524E-05 -6.61565E-11  5.00990E-09 -5.45006E-13  4.10886E-11  2.11905E-13  4.50066E-12
  1.100E+00  9.21439E-05 -3.22049E-10  4.15608E-09 -2.90789E-12  3.74955E-11  4.74318E-13  1.39126E-12
  1.200E+00  1.09658E-04 -4.79467E-10  3.48820E-09 -4.72146E-12  3.43318E-11  5.61817E-13  6.07416E-13
  1.300E+00  1.28695E-04 -5.73426E-10  2.95763E-09 -6.11672E-12  3.15364E-11  5.29065E-13  1.66450E-12
  1.400E+00  1.49255E-04 -6.25988E-10  2.53044E-09 -7.19081E-12  2.90576E-11  4.23139E-13  2.00277E-12
  1.500E+00  1.71338E-04 -6.51374E-10  2.18237E-09 -8.01682E-12  2.68514E-11  2.82931E-13  1.84971E-12
  1.600E+00  1.94942E-04 -6.58899E-10  1.89573E-09 -8.65011E-12  2.48803E-11  1.38974E-13  1.41166E-12
  1.700E+00  2.20070E-04 -6.54738E-10  1.65737E-09 -9.13284E-12  2.31121E-11  1.32383E-14  8.58567E-13
  1.800E+00  2.46720E-04 -6.43022E-10  1.45740E-09 -9.49720E-12  2.15196E-11  8.22398E-14  3.18283E-13
  1.900E+00  2.74892E-04 -6.26532E-10  1.28828E-09 -9.76797E-12  2.00798E-11  1.40508E-13  1.24886E-13
  2.000E+00  3.04586E-04 -6.07151E-10  1.14420E-09 -9.96427E-12  1.87732E-11  1.62834E-13  4.27046E-13
  2.100E+00  3.35803E-04 -5.86158E-10  1.02061E-09 -1.01010E-11  1.75832E-11  1.54421E-13  5.77586E-13
  2.200E+00  3.68542E-04 -5.64418E-10  9.13943E-10 -1.01898E-11  1.64958E-11  1.23313E-13  5.91608E-13
  2.300E+00  4.02802E-04 -5.42518E-10  8.21355E-10 -1.02400E-11  1.54989E-11  7.94152E-14  5.00544E-13
  2.400E+00  4.38585E-04 -5.20849E-10  7.40566E-10 -1.02587E-11  1.45824E-11  3.18865E-14  3.44408E-13
  2.500E+00  4.75889E-04 -4.99670E-10  6.69731E-10 -1.02520E-11  1.37375E-11  1.20637E-14  1.63096E-13
  2.600E+00  5.14715E-04 -4.79146E-10  6.07344E-10 -1.02244E-11  1.29565E-11  4.45975E-14  7.90145E-15
  2.700E+00  5.55063E-04 -4.59377E-10  5.52172E-10 -1.01800E-11  1.22329E-11  6.44023E-14  1.43739E-13
  2.800E+00  5.96931E-04 -4.40418E-10  5.03191E-10 -1.01216E-11  1.15610E-11  7.06375E-14  2.29324E-13
  2.900E+00  6.40321E-04 -4.22293E-10  4.59553E-10 -1.00521E-11  1.09358E-11  6.47285E-14  2.60212E-13
  3.000E+00  6.85233E-04 -4.05005E-10  4.20544E-10 -9.97334E-12  1.03529E-11  4.93430E-14  2.42194E-13
  3.100E+00  7.31665E-04 -3.88541E-10  3.85565E-10 -9.88721E-12  9.80848E-12  2.88893E-14  1.86563E-13
  3.200E+00  7.79618E-04 -3.72880E-10  3.54108E-10 -9.79514E-12  9.29911E-12  8.42161E-15  1.08940E-13
  3.300E+00  8.29092E-04 -3.57994E-10  3.25741E-10 -9.69834E-12  8.82177E-12  1.34282E-14  2.65058E-14
  3.400E+00  8.80086E-04 -3.43850E-10  3.00096E-10 -9.59783E-12  8.37378E-12  2.77021E-14  4.77850E-14
  3.500E+00  9.32601E-04 -3.30416E-10  2.76856E-10 -9.49447E-12  7.95274E-12  3.57270E-14  1.01910E-13
  3.600E+00  9.86636E-04 -3.17656E-10  2.55746E-10 -9.38896E-12  7.55648E-12  3.68217E-14  1.31286E-13
  3.700E+00  1.04219E-03 -3.05534E-10  2.36530E-10 -9.28192E-12  7.18307E-12  3.18765E-14  1.34457E-13
  3.800E+00  1.09927E-03 -2.94019E-10  2.19004E-10 -9.17386E-12  6.83078E-12  2.25819E-14  1.14855E-13
  3.900E+00  1.15786E-03 -2.83075E-10  2.02987E-10 -9.06520E-12  6.49802E-12  1.20959E-14  7.93233E-14
  4.000E+00  1.21797E-03 -2.72671E-10  1.88323E-10 -8.95631E-12  6.18337E-12  5.22486E-15  3.49498E-14
  4.100E+00  1.27961E-03 -2.62778E-10  1.74875E-10 -8.84749E-12  5.88554E-12  1.20901E-14  8.48983E-15
  4.200E+00  1.34276E-03 -2.53365E-10  1.62521E-10 -8.73900E-12  5.60334E-12  1.87791E-14  4.46689E-14
  4.300E+00  1.40743E-03 -2.44405E-10  1.51154E-10 -8.63106E-12  5.33570E-12  2.18889E-14  6.93623E-14
  4.400E+00  1.47362E-03 -2.35874E-10  1.40681E-10 -8.52386E-12  5.08164E-12  2.07012E-14  7.94124E-14
  4.500E+00  1.54133E-03 -2.27745E-10  1.31017E-10 -8.41753E-12  4.84026E-12  1.68640E-14  7.46780E-14
  4.600E+00  1.61056E-03 -2.19997E-10  1.22087E-10 -8.31221E-12  4.61074E-12  1.12038E-14  5.84325E-14
  4.700E+00  1.68131E-03 -2.12607E-10  1.13826E-10 -8.20801E-12  4.39232E-12  6.20936E-15  3.44551E-14
  4.800E+00  1.75357E-03 -2.05556E-10  1.06173E-10 -8.10500E-12  4.18430E-12  6.42838E-15  7.62638E-15
  4.900E+00  1.82735E-03 -1.98824E-10  9.90749E-11 -8.00327E-12  3.98605E-12  1.05801E-14  1.70316E-14
  5.000E+00  1.90265E-03 -1.92394E-10  9.24847E-11 -7.90285E-12  3.79696E-12  1.32285E-14  3.59631E-14
  5.100E+00  1.97947E-03 -1.86249E-10  8.63592E-11 -7.80381E-12  3.61650E-12  1.37309E-14  4.71071E-14
  5.200E+00  2.05780E-03 -1.80373E-10  8.06597E-11 -7.70616E-12  3.44415E-12  1.27409E-14  4.91921E-14
  5.300E+00  2.13765E-03 -1.74752E-10  7.53512E-11 -7.60994E-12  3.27945E-12  9.19254E-15  4.30538E-14
  5.400E+00  2.21902E-03 -1.69372E-10  7.04021E-11 -7.51517E-12  3.12197E-12  6.34587E-15  2.99358E-14
  5.500E+00  2.30190E-03 -1.64219E-10  6.57840E-11 -7.42185E-12  2.97128E-12  5.62698E-15  1.39448E-14
  5.600E+00  2.38630E-03 -1.59283E-10  6.14708E-11 -7.32999E-12  2.82703E-12  7.31520E-15  2.74980E-15
  5.700E+00  2.47222E-03 -1.54551E-10  5.74390E-11 -7.23959E-12  2.68886E-12  8.91142E-15  1.72423E-14
  5.800E+00  2.55965E-03 -1.50012E-10  5.36672E-11 -7.15064E-12  2.55644E-12  9.72467E-15  2.75971E-14
  5.900E+00  2.64859E-03 -1.45658E-10  5.01359E-11 -7.06314E-12  2.42947E-12  9.31195E-15  3.22880E-14
  6.000E+00  2.73905E-03 -1.41478E-10  4.68273E-11 -6.97709E-12  2.30766E-12  7.26634E-15  3.12037E-14
  6.100E+00  2.83103E-03 -1.37464E-10  4.37250E-11 -6.89246E-12  2.19075E-12  5.71654E-15  2.50369E-14
  6.200E+00  2.92452E-03 -1.33607E-10  4.08142E-11 -6.80924E-12  2.07849E-12  5.34815E-15  1.56517E-14
  6.300E+00  3.01952E-03 -1.29899E-10  3.80813E-11 -6.72742E-12  1.97064E-12  6.23612E-15  4.32878E-15
  6.400E+00  3.11604E-03 -1.26334E-10  3.55137E-11 -6.64698E-12  1.86698E-12  7.37525E-15  6.52145E-15
  6.500E+00  3.21407E-03 -1.22904E-10  3.30999E-11 -6.56789E-12  1.76732E-12  7.76150E-15  1.51206E-14
  6.600E+00  3.31362E-03 -1.19602E-10  3.08295E-11 -6.49014E-12  1.67145E-12  7.45731E-15  2.02372E-14
  6.700E+00  3.41468E-03 -1.16423E-10  2.86926E-11 -6.41372E-12  1.57919E-12  5.75199E-15  2.12190E-14
  6.800E+00  3.51725E-03 -1.13362E-10  2.66803E-11 -6.33858E-12  1.49038E-12  4.33956E-15  1.85301E-14
  6.900E+00  3.62133E-03 -1.10411E-10  2.47844E-11 -6.26473E-12  1.40485E-12  4.54646E-15  1.41904E-14
  7.000E+00  3.72692E-03 -1.07566E-10  2.29973E-11 -6.19213E-12  1.32246E-12  5.64030E-15  6.79341E-15
  7.100E+00  3.83403E-03 -1.04823E-10  2.13118E-11 -6.12075E-12  1.24305E-12  6.90602E-15  1.88574E-16
  7.200E+00  3.94265E-03 -1.02176E-10  1.97215E-11 -6.05059E-12  1.16650E-12  7.50130E-15  6.78142E-15
  7.300E+00  4.05278E-03 -9.96220E-11  1.82203E-11 -5.98161E-12  1.09268E-12  7.06946E-15  1.22963E-14
  7.400E+00  4.16442E-03 -9.71561E-11  1.68026E-11 -5.91379E-12  1.02146E-12  5.76351E-15  1.47337E-14
  7.500E+00  4.27757E-03 -9.47742E-11  1.54633E-11 -5.84712E-12  9.52731E-13  3.77489E-15  1.45051E-14
  7.600E+00  4.39223E-03 -9.24733E-11  1.41975E-11 -5.78156E-12  8.86391E-13  2.76633E-15  1.19848E-14
  7.700E+00  4.50840E-03 -9.02494E-11  1.30007E-11 -5.71710E-12  8.22334E-13  4.40974E-15  7.35363E-15
  7.800E+00  4.62608E-03 -8.80993E-11  1.18688E-11 -5.65371E-12  7.60464E-13  6.26017E-15  2.64714E-15
  7.900E+00  4.74527E-03 -8.60200E-11  1.07979E-11 -5.59138E-12  7.00689E-13  7.41415E-15  2.27586E-15
  8.000E+00  4.86597E-03 -8.40084E-11  9.78445E-12 -5.53008E-12  6.42923E-13  7.59884E-15  6.50691E-15
  8.100E+00  4.98817E-03 -8.20616E-11  8.82499E-12 -5.46979E-12  5.87083E-13  6.39736E-15  9.37215E-15
  8.200E+00  5.11188E-03 -8.01772E-11  7.91640E-12 -5.41048E-12  5.33091E-13  4.44436E-15  1.05469E-14
  8.300E+00  5.23711E-03 -7.83523E-11  7.05578E-12 -5.35215E-12  4.80872E-13  2.56368E-15  9.46627E-15
  8.400E+00  5.36383E-03 -7.65848E-11  6.24037E-12 -5.29477E-12  4.30357E-13  2.93997E-15  7.09577E-15
  8.500E+00  5.49207E-03 -7.48722E-11  5.46761E-12 -5.23832E-12  3.81477E-13  5.06398E-15  4.18207E-15
  8.600E+00  5.62181E-03 -7.32123E-11  4.73512E-12 -5.18278E-12  3.34170E-13  6.92116E-15  3.82826E-16
  8.700E+00  5.75306E-03 -7.16031E-11  4.04065E-12 -5.12813E-12  2.88373E-13  7.80958E-15  2.74195E-15
  8.800E+00  5.88581E-03 -7.00427E-11  3.38209E-12 -5.07435E-12  2.44029E-13  7.46081E-15  5.60101E-15
  8.900E+00  6.02007E-03 -6.85290E-11  2.75749E-12 -5.02143E-12  2.01084E-13  5.86323E-15  6.90114E-15
  9.000E+00  6.15583E-03 -6.70603E-11  2.16500E-12 -4.96935E-12  1.59483E-13  3.59840E-15  7.09443E-15
  9.100E+00  6.29310E-03 -6.56349E-11  1.60288E-12 -4.91809E-12  1.19177E-13  1.72684E-15  6.14022E-15
  9.200E+00  6.43187E-03 -6.42512E-11  1.06950E-12 -4.86763E-12  8.01180E-14  3.32606E-15  4.22554E-15
  9.300E+00  6.57214E-03 -6.29075E-11  5.63356E-13 -4.81796E-12  4.22603E-14  5.83992E-15  1.74032E-15
  9.400E+00  6.71392E-03 -6.16025E-11  8.29901E-14 -4.76905E-12  5.55990E-15  7.54119E-15  4.25679E-16
  9.500E+00  6.85720E-03 -6.03346E-11 -3.72940E-13 -4.72091E-12 -3.00248E-14  8.05027E-15  2.70774E-15
  9.600E+00  7.00198E-03 -5.91026E-11 -8.05705E-13 -4.67350E-12 -6.45339E-14  7.23132E-15  4.07756E-15
  9.700E+00  7.14827E-03 -5.79050E-11 -1.21650E-12 -4.62682E-12 -9.80055E-14  5.34941E-15  4.59093E-15
  9.800E+00  7.29605E-03 -5.67408E-11 -1.60646E-12 -4.58084E-12 -1.30476E-13  2.85607E-15  4.69115E-15
  9.900E+00  7.44534E-03 -5.56086E-11 -1.97664E-12 -4.53556E-12 -1.61981E-13  1.20342E-15  4.21189E-15
  1.000E+01  7.59612E-03 -5.45074E-11 -2.32805E-12 -4.49097E-12 -1.92553E-13  4.14481E-15  2.62577E-15
  1.025E+01  7.97965E-03 -5.18828E-11 -3.13048E-12 -4.38236E-12 -2.65111E-13  8.35934E-15  1.60486E-15
  1.050E+01  8.37255E-03 -4.94292E-11 -3.83471E-12 -4.27771E-12 -3.32503E-13  4.80955E-15  3.56450E-15
  1.075E+01  8.77480E-03 -4.71326E-11 -4.45234E-12 -4.17683E-12 -3.95149E-13  3.52940E-15  1.94107E-15
  1.100E+01  9.18641E-03 -4.49801E-11 -4.99347E-12 -4.07954E-12 -4.53428E-13  8.53847E-15  1.54316E-15
  1.125E+01  9.60736E-03 -4.29604E-11 -5.46691E-12 -3.98565E-12 -5.07681E-13  5.51762E-15  1.91583E-15
  1.150E+01  1.00376E-02 -4.10629E-11 -5.88037E-12 -3.89502E-12 -5.58219E-13  2.81126E-15  1.54968E-15
  1.175E+01  1.04773E-02 -3.92783E-11 -6.24060E-12 -3.80748E-12 -6.05325E-13  8.63157E-15  6.74008E-16
  1.200E+01  1.09262E-02 -3.75981E-11 -6.55353E-12 -3.72288E-12 -6.49253E-13  6.37451E-15  1.16193E-15
  1.225E+01  1.13844E-02 -3.60146E-11 -6.82438E-12 -3.64110E-12 -6.90238E-13  2.07733E-15  4.95015E-16
  1.250E+01  1.18520E-02 -3.45206E-11 -7.05776E-12 -3.56201E-12 -7.28491E-13  8.63248E-15  0.00000E+00
  1.275E+01  1.23288E-02 -3.31097E-11 -7.25772E-12 -3.48547E-12 -7.64209E-13  7.13045E-15  5.69963E-16
  1.300E+01  1.28150E-02 -3.17761E-11 -7.42787E-12 -3.41139E-12 -7.97569E-13  1.22037E-15  5.47667E-16
  1.325E+01  1.33104E-02 -3.05145E-11 -7.57141E-12 -3.33964E-12 -8.28735E-13  8.50218E-15  2.10654E-16
  1.350E+01  1.38150E-02 -2.93198E-11 -7.69115E-12 -3.27014E-12 -8.57856E-13  7.84718E-15  0.00000E+00
  1.375E+01  1.43290E-02 -2.81875E-11 -7.78963E-12 -3.20277E-12 -8.85071E-13  3.36446E-16  0.00000E+00
  1.400E+01  1.48521E-02 -2.71136E-11 -7.86908E-12 -3.13746E-12 -9.10506E-13  8.28482E-15  0.00000E+00
  1.425E+01  1.53845E-02 -2.60942E-11 -7.93152E-12 -3.07411E-12 -9.34278E-13  8.50796E-15  1.81361E-16
  1.450E+01  1.59262E-02 -2.51258E-11 -7.97872E-12 -3.01264E-12 -9.56496E-13  6.90972E-16  5.24937E-16
  1.475E+01  1.64770E-02 -2.42052E-11 -8.01229E-12 -2.95297E-12 -9.77259E-13  7.97923E-15  3.37845E-16
  1.500E+01  1.70371E-02 -2.33294E-11 -8.03366E-12 -2.89504E-12 -9.96659E-13  9.15446E-15  4.89511E-16
  1.525E+01  1.76063E-02 -2.24956E-11 -8.04411E-12 -2.83876E-12 -1.01478E-12  1.67131E-15  0.00000E+00
  1.550E+01  1.81848E-02 -2.17012E-11 -8.04480E-12 -2.78408E-12 -1.03171E-12  7.54596E-15  0.00000E+00
  1.575E+01  1.87724E-02 -2.09440E-11 -8.03675E-12 -2.73094E-12 -1.04751E-12  9.63986E-15  5.90187E-16
  1.600E+01  1.93692E-02 -2.02217E-11 -8.02090E-12 -2.67926E-12 -1.06225E-12  2.61234E-15  1.42827E-16
  1.625E+01  1.99751E-02 -1.95322E-11 -7.99809E-12 -2.62900E-12 -1.07600E-12  6.98700E-15  4.14980E-16
  1.650E+01  2.05901E-02 -1.88737E-11 -7.96906E-12 -2.58010E-12 -1.08882E-12  1.01277E-14  1.34032E-16
  1.675E+01  2.12143E-02 -1.82445E-11 -7.93450E-12 -2.53252E-12 -1.10076E-12  3.69197E-15  1.29931E-16
  1.700E+01  2.18476E-02 -1.76428E-11 -7.89502E-12 -2.48619E-12 -1.11187E-12  6.32055E-15  1.26012E-16
  1.725E+01  2.24900E-02 -1.70671E-11 -7.85117E-12 -2.44108E-12 -1.12220E-12  1.04963E-14  4.89061E-16
  1.750E+01  2.31415E-02 -1.65161E-11 -7.80345E-12 -2.39714E-12 -1.13179E-12  4.63927E-15  1.18680E-16
  1.775E+01  2.38021E-02 -1.59884E-11 -7.75231E-12 -2.35433E-12 -1.14070E-12  5.62582E-15  2.30495E-16
  1.800E+01  2.44717E-02 -1.54827E-11 -7.69815E-12 -2.31261E-12 -1.14894E-12  1.07140E-14  3.35877E-16
  1.825E+01  2.51504E-02 -1.49980E-11 -7.64135E-12 -2.27193E-12 -1.15657E-12  5.73589E-15  3.26421E-16
  1.850E+01  2.58382E-02 -1.45330E-11 -7.58223E-12 -2.23227E-12 -1.16362E-12  4.71470E-15  1.05784E-16
  1.875E+01  2.65349E-02 -1.40868E-11 -7.52110E-12 -2.19359E-12 -1.17012E-12  1.08632E-14  5.14417E-16
  1.900E+01  2.72407E-02 -1.36584E-11 -7.45824E-12 -2.15585E-12 -1.17609E-12  6.79537E-15  3.00294E-16
  1.925E+01  2.79555E-02 -1.32469E-11 -7.39388E-12 -2.11903E-12 -1.18158E-12  3.87512E-15  0.00000E+00
  1.950E+01  2.86793E-02 -1.28516E-11 -7.32826E-12 -2.08308E-12 -1.18659E-12  1.08683E-14  3.79404E-16
  1.975E+01  2.94120E-02 -1.24715E-11 -7.26157E-12 -2.04799E-12 -1.19117E-12  7.53981E-15  3.69512E-16
  2.000E+01  3.01537E-02 -1.21059E-11 -7.19401E-12 -2.01373E-12 -1.19532E-12  2.88805E-15  3.59996E-16
  2.025E+01  3.09043E-02 -1.17542E-11 -7.12572E-12 -1.98026E-12 -1.19908E-12  1.08418E-14  3.50837E-16
  2.050E+01  3.16639E-02 -1.14157E-11 -7.05687E-12 -1.94756E-12 -1.20247E-12  8.57771E-15  6.84033E-16
  2.075E+01  3.24324E-02 -1.10898E-11 -6.98759E-12 -1.91561E-12 -1.20550E-12  1.78806E-15  3.33519E-16
  2.100E+01  3.32098E-02 -1.07758E-11 -6.91800E-12 -1.88438E-12 -1.20819E-12  1.05541E-14  1.62664E-16
  2.125E+01  3.39961E-02 -1.04732E-11 -6.84821E-12 -1.85386E-12 -1.21057E-12  9.37546E-15  4.76146E-16
  2.150E+01  3.47912E-02 -1.01816E-11 -6.77832E-12 -1.82401E-12 -1.21264E-12  7.56871E-16  1.54906E-16
  2.175E+01  3.55952E-02 -9.90032E-12 -6.70843E-12 -1.79483E-12 -1.21442E-12  1.02806E-14  1.51230E-16
  2.200E+01  3.64081E-02 -9.62902E-12 -6.63861E-12 -1.76628E-12 -1.21593E-12  1.02638E-14  7.38407E-16
  2.225E+01  3.72297E-02 -9.36722E-12 -6.56894E-12 -1.73835E-12 -1.21719E-12  4.23984E-16  1.44254E-16
  2.250E+01  3.80602E-02 -9.11450E-12 -6.49948E-12 -1.71102E-12 -1.21819E-12  9.88261E-15  1.40942E-16
  2.275E+01  3.88995E-02 -8.87047E-12 -6.43030E-12 -1.68427E-12 -1.21896E-12  1.08825E-14  5.50966E-16
  2.300E+01  3.97476E-02 -8.63475E-12 -6.36144E-12 -1.65809E-12 -1.21951E-12  1.58720E-15  1.34647E-16
  2.325E+01  4.06044E-02 -8.40699E-12 -6.29296E-12 -1.63246E-12 -1.21985E-12  9.32081E-15  2.63307E-16
  2.350E+01  4.14700E-02 -8.18686E-12 -6.22490E-12 -1.60736E-12 -1.21999E-12  1.15307E-14  5.15029E-16
  2.375E+01  4.23443E-02 -7.97403E-12 -6.15729E-12 -1.58277E-12 -1.21994E-12  2.60540E-15  2.51908E-16
  2.400E+01  4.32273E-02 -7.76820E-12 -6.09018E-12 -1.55870E-12 -1.21971E-12  8.74928E-15  2.46479E-16
  2.425E+01  4.41190E-02 -7.56908E-12 -6.02358E-12 -1.53511E-12 -1.21931E-12  1.20216E-14  3.61832E-16
  2.450E+01  4.50194E-02 -7.37641E-12 -5.95753E-12 -1.51199E-12 -1.21874E-12  3.84856E-15  2.36127E-16
  2.475E+01  4.59284E-02 -7.18991E-12 -5.89204E-12 -1.48934E-12 -1.21802E-12  7.88713E-15  2.31190E-16
  2.500E+01  4.68461E-02 -7.00934E-12 -5.82715E-12 -1.46713E-12 -1.21715E-12  1.23240E-14  3.39606E-16
  2.550E+01  4.87074E-02 -6.66507E-12 -5.69919E-12 -1.42403E-12 -1.21499E-12  7.00281E-15  1.08630E-16
  2.600E+01  5.06030E-02 -6.34185E-12 -5.57377E-12 -1.38258E-12 -1.21233E-12  6.32335E-15  1.04326E-16
  2.650E+01  5.25328E-02 -6.03808E-12 -5.45097E-12 -1.34270E-12 -1.20921E-12  1.27786E-14  5.01341E-16
  2.700E+01  5.44967E-02 -5.75232E-12 -5.33085E-12 -1.30431E-12 -1.20568E-12  4.90724E-15  1.92880E-16
  2.750E+01  5.64946E-02 -5.48326E-12 -5.21344E-12 -1.26733E-12 -1.20177E-12  8.63114E-15  9.28234E-17
  2.800E+01  5.85262E-02 -5.22968E-12 -5.09874E-12 -1.23169E-12 -1.19752E-12  1.26310E-14  8.94039E-17
  2.850E+01  6.05914E-02 -4.99049E-12 -4.98676E-12 -1.19734E-12 -1.19297E-12  2.59582E-15  8.61675E-17
  2.900E+01  6.26901E-02 -4.76469E-12 -4.87748E-12 -1.16419E-12 -1.18814E-12  1.05379E-14  1.66203E-16
  2.950E+01  6.48222E-02 -4.55135E-12 -4.77087E-12 -1.13221E-12 -1.18306E-12  1.19718E-14  8.01942E-17
  3.000E+01  6.69873E-02 -4.34964E-12 -4.66691E-12 -1.10132E-12 -1.17776E-12  1.56575E-16  0.00000E+00
  3.050E+01  6.91854E-02 -4.15877E-12 -4.56556E-12 -1.07149E-12 -1.17225E-12  1.21304E-14  0.00000E+00
  3.100E+01  7.14163E-02 -3.97803E-12 -4.46677E-12 -1.04266E-12 -1.16657E-12  1.08727E-14  1.44646E-16
  3.150E+01  7.36799E-02 -3.80676E-12 -4.37049E-12 -1.01479E-12 -1.16072E-12  2.84912E-15  4.19718E-16
  3.200E+01  7.59760E-02 -3.64435E-12 -4.27668E-12 -9.87839E-13 -1.15473E-12  1.35434E-14  1.35393E-16
  3.250E+01  7.83043E-02 -3.49025E-12 -4.18526E-12 -9.61759E-13 -1.14861E-12  9.25581E-15  1.31092E-16
  3.300E+01  8.06647E-02 -3.34393E-12 -4.09619E-12 -9.36516E-13 -1.14238E-12  5.47154E-15  1.26992E-16
  3.350E+01  8.30571E-02 -3.20492E-12 -4.00942E-12 -9.12075E-13 -1.13605E-12  1.43041E-14  1.23079E-16
  3.400E+01  8.54812E-02 -3.07277E-12 -3.92488E-12 -8.88401E-13 -1.12962E-12  7.26071E-15  1.19344E-16
  3.450E+01  8.79369E-02 -2.94707E-12 -3.84252E-12 -8.65463E-13 -1.12312E-12  8.01974E-15  0.00000E+00
  3.500E+01  9.04240E-02 -2.82744E-12 -3.76228E-12 -8.43230E-13 -1.11655E-12  1.44437E-14  1.12362E-16
  3.550E+01  9.29422E-02 -2.71352E-12 -3.68410E-12 -8.21673E-13 -1.10992E-12  4.64958E-15  1.09098E-16
  3.600E+01  9.54915E-02 -2.60498E-12 -3.60792E-12 -8.00765E-13 -1.10324E-12  1.03833E-14  0.00000E+00
  3.650E+01  9.80716E-02 -2.50152E-12 -3.53370E-12 -7.80480E-13 -1.09652E-12  1.41009E-14  1.02980E-16
  3.700E+01  1.00682E-01 -2.40284E-12 -3.46135E-12 -7.60794E-13 -1.08976E-12  1.99386E-15  0.00000E+00
  3.750E+01  1.03323E-01 -2.30869E-12 -3.39086E-12 -7.41684E-13 -1.08298E-12  1.23844E-14  9.73616E-17
  3.800E+01  1.05995E-01 -2.21880E-12 -3.32215E-12 -7.23127E-13 -1.07617E-12  1.31824E-14  0.00000E+00
  3.850E+01  1.08696E-01 -2.13295E-12 -3.25518E-12 -7.05102E-13 -1.06934E-12  9.74834E-16  0.00000E+00
  3.900E+01  1.11427E-01 -2.05092E-12 -3.18989E-12 -6.87591E-13 -1.06250E-12  1.40889E-14  8.97579E-17
  3.950E+01  1.14188E-01 -1.97251E-12 -3.12622E-12 -6.70572E-13 -1.05566E-12  1.15317E-14  0.00000E+00
  4.000E+01  1.16978E-01 -1.89752E-12 -3.06415E-12 -6.54029E-13 -1.04881E-12  4.18076E-15  8.51738E-17
  4.050E+01  1.19797E-01 -1.82577E-12 -3.00361E-12 -6.37943E-13 -1.04196E-12  1.52832E-14  0.00000E+00
  4.100E+01  1.22645E-01 -1.75711E-12 -2.94457E-12 -6.22300E-13 -1.03511E-12  9.73315E-15  0.00000E+00
  4.150E+01  1.25522E-01 -1.69136E-12 -2.88698E-12 -6.07082E-13 -1.02828E-12  6.97198E-15  7.89315E-17
  4.200E+01  1.28428E-01 -1.62838E-12 -2.83079E-12 -5.92275E-13 -1.02145E-12  1.59774E-14  0.00000E+00
  4.250E+01  1.31361E-01 -1.56804E-12 -2.77597E-12 -5.77865E-13 -1.01464E-12  7.00674E-15  7.51460E-17
  4.300E+01  1.34323E-01 -1.51020E-12 -2.72248E-12 -5.63837E-13 -1.00784E-12  9.89469E-15  7.33554E-17
  4.350E+01  1.37313E-01 -1.45473E-12 -2.67026E-12 -5.50179E-13 -1.00106E-12  1.59485E-14  7.16286E-17
  4.400E+01  1.40330E-01 -1.40153E-12 -2.61930E-12 -5.36879E-13 -9.94300E-13  4.13748E-15  6.99629E-17
  4.450E+01  1.43375E-01 -1.35048E-12 -2.56954E-12 -5.23924E-13 -9.87562E-13  1.23191E-14  6.83552E-17
  4.500E+01  1.46447E-01 -1.30149E-12 -2.52097E-12 -5.11303E-13 -9.80848E-13  1.54699E-14  6.68031E-17
  4.550E+01  1.49545E-01 -1.25445E-12 -2.47353E-12 -4.99005E-13 -9.74160E-13  1.15626E-15  6.53041E-17
  4.600E+01  1.52671E-01 -1.20927E-12 -2.42721E-12 -4.87020E-13 -9.67498E-13  1.44666E-14  0.00000E+00
  4.650E+01  1.55823E-01 -1.16586E-12 -2.38195E-12 -4.75337E-13 -9.60865E-13  1.40612E-14  6.24558E-17
  4.700E+01  1.59001E-01 -1.12415E-12 -2.33774E-12 -4.63947E-13 -9.54261E-13  2.18718E-15  6.11023E-17
  4.750E+01  1.62205E-01 -1.08405E-12 -2.29455E-12 -4.52840E-13 -9.47687E-13  1.61116E-14  5.97932E-17
  4.800E+01  1.65435E-01 -1.04550E-12 -2.25234E-12 -4.42009E-13 -9.41145E-13  1.21356E-14  0.00000E+00
  4.850E+01  1.68690E-01 -1.00842E-12 -2.21109E-12 -4.31443E-13 -9.34635E-13  5.57418E-15  0.00000E+00
  4.900E+01  1.71970E-01 -9.72746E-13 -2.17077E-12 -4.21135E-13 -9.28158E-13  1.73305E-14  5.61139E-17
  4.950E+01  1.75276E-01 -9.38420E-13 -2.13136E-12 -4.11078E-13 -9.21715E-13  9.64817E-15  0.00000E+00
  5.000E+01  1.78606E-01 -9.05381E-13 -2.09282E-12 -4.01263E-13 -9.15306E-13  8.75008E-15  0.00000E+00
  5.050E+01  1.81961E-01 -8.73572E-13 -2.05513E-12 -3.91683E-13 -9.08932E-13  1.75807E-14  5.27719E-17
  5.100E+01  1.85340E-01 -8.42941E-13 -2.01827E-12 -3.82332E-13 -9.02593E-13  6.80103E-15  0.00000E+00
  5.150E+01  1.88743E-01 -8.13437E-13 -1.98222E-12 -3.73202E-13 -8.96290E-13  1.17447E-14  0.00000E+00
  5.200E+01  1.92169E-01 -7.85014E-13 -1.94696E-12 -3.64288E-13 -8.90023E-13  1.74612E-14  4.97280E-17
  5.250E+01  1.95619E-01 -7.57626E-13 -1.91246E-12 -3.55582E-13 -8.83793E-13  3.41651E-15  0.00000E+00
  5.300E+01  1.99092E-01 -7.31228E-13 -1.87870E-12 -3.47080E-13 -8.77599E-13  1.43596E-14  0.00000E+00
  5.350E+01  2.02589E-01 -7.05780E-13 -1.84566E-12 -3.38775E-13 -8.71442E-13  1.62492E-14  4.69483E-17
  5.400E+01  2.06107E-01 -6.81242E-13 -1.81332E-12 -3.30661E-13 -8.65323E-13  0.00000E+00  0.00000E+00
  5.450E+01  2.09649E-01 -6.57579E-13 -1.78167E-12 -3.22734E-13 -8.59240E-13  1.66464E-14  0.00000E+00
  5.500E+01  2.13212E-01 -6.34754E-13 -1.75068E-12 -3.14988E-13 -8.53195E-13  1.48255E-14  4.44037E-17
  5.550E+01  2.16797E-01 -6.12734E-13 -1.72034E-12 -3.07417E-13 -8.47187E-13  3.55104E-15  0.00000E+00
  5.600E+01  2.20404E-01 -5.91486E-13 -1.69063E-12 -3.00019E-13 -8.41216E-13  1.81336E-14  0.00000E+00
  5.650E+01  2.24032E-01 -5.70981E-13 -1.66153E-12 -2.92787E-13 -8.35283E-13  1.24030E-14  0.00000E+00
  5.700E+01  2.27680E-01 -5.51187E-13 -1.63303E-12 -2.85717E-13 -8.29387E-13  7.42488E-15  0.00000E+00
  5.750E+01  2.31350E-01 -5.32078E-13 -1.60511E-12 -2.78805E-13 -8.23528E-13  1.92154E-14  0.00000E+00
  5.800E+01  2.35040E-01 -5.13628E-13 -1.57776E-12 -2.72046E-13 -8.17707E-13  9.77987E-15  0.00000E+00
  5.850E+01  2.38751E-01 -4.95810E-13 -1.55096E-12 -2.65438E-13 -8.11923E-13  1.08176E-14  0.00000E+00
  5.900E+01  2.42481E-01 -4.78601E-13 -1.52469E-12 -2.58975E-13 -8.06175E-13  1.92725E-14  0.00000E+00
  5.950E+01  2.46231E-01 -4.61977E-13 -1.49896E-12 -2.52654E-13 -8.00465E-13  6.41006E-15  0.00000E+00
  6.000E+01  2.50000E-01 -4.45917E-13 -1.47373E-12 -2.46471E-13 -7.94791E-13  1.39734E-14  0.00000E+00
  6.050E+01  2.53788E-01 -4.30398E-13 -1.44900E-12 -2.40424E-13 -7.89154E-13  1.87841E-14  0.00000E+00
  6.100E+01  2.57595E-01 -4.15400E-13 -1.42475E-12 -2.34507E-13 -7.83554E-13  2.54893E-15  0.00000E+00
  6.150E+01  2.61421E-01 -4.00905E-13 -1.40098E-12 -2.28719E-13 -7.77989E-13  1.67433E-14  0.00000E+00
  6.200E+01  2.65264E-01 -3.86894E-13 -1.37767E-12 -2.23056E-13 -7.72461E-13  1.72722E-14  0.00000E+00
  6.250E+01  2.69126E-01 -3.73349E-13 -1.35481E-12 -2.17514E-13 -7.66968E-13  1.23304E-15  0.00000E+00
  6.300E+01  2.73005E-01 -3.60253E-13 -1.33239E-12 -2.12091E-13 -7.61511E-13  1.86489E-14  0.00000E+00
  6.350E+01  2.76901E-01 -3.47590E-13 -1.31040E-12 -2.06785E-13 -7.56089E-13  1.56959E-14  0.00000E+00
  6.400E+01  2.80814E-01 -3.35344E-13 -1.28882E-12 -2.01591E-13 -7.50703E-13  5.29257E-15  0.00000E+00
  6.450E+01  2.84744E-01 -3.23500E-13 -1.26765E-12 -1.96507E-13 -7.45351E-13  2.04520E-14  0.00000E+00
  6.500E+01  2.88691E-01 -3.12044E-13 -1.24688E-12 -1.91532E-13 -7.40034E-13  1.28875E-14  0.00000E+00
  6.550E+01  2.92653E-01 -3.00962E-13 -1.22650E-12 -1.86661E-13 -7.34751E-13  9.44854E-15  0.00000E+00
  6.600E+01  2.96632E-01 -2.90241E-13 -1.20650E-12 -1.81893E-13 -7.29503E-13  2.13464E-14  0.00000E+00
  6.650E+01  3.00625E-01 -2.79869E-13 -1.18687E-12 -1.77226E-13 -7.24288E-13  9.43590E-15  0.00000E+00
  6.700E+01  3.04634E-01 -2.69833E-13 -1.16761E-12 -1.72656E-13 -7.19107E-13  1.30585E-14  0.00000E+00
  6.750E+01  3.08658E-01 -2.60121E-13 -1.14869E-12 -1.68182E-13 -7.13959E-13  2.12518E-14  0.00000E+00
  6.800E+01  3.12697E-01 -2.50722E-13 -1.13012E-12 -1.63802E-13 -7.08845E-13  5.54403E-15  0.00000E+00
  6.850E+01  3.16749E-01 -2.41625E-13 -1.11188E-12 -1.59513E-13 -7.03763E-13  1.63337E-14  0.00000E+00
  6.900E+01  3.20816E-01 -2.32821E-13 -1.09398E-12 -1.55313E-13 -6.98713E-13  2.04029E-14  0.00000E+00
  6.950E+01  3.24896E-01 -2.24299E-13 -1.07640E-12 -1.51200E-13 -6.93696E-13  1.39031E-15  0.00000E+00
  7.000E+01  3.28990E-01 -2.16051E-13 -1.05913E-12 -1.47173E-13 -6.88711E-13  1.94624E-14  0.00000E+00
  7.050E+01  3.33097E-01 -2.08067E-13 -1.04218E-12 -1.43229E-13 -6.83758E-13  1.87024E-14  0.00000E+00
  7.100E+01  3.37216E-01 -2.00337E-13 -1.02552E-12 -1.39366E-13 -6.78836E-13  2.86697E-15  0.00000E+00
  7.150E+01  3.41348E-01 -1.92851E-13 -1.00915E-12 -1.35584E-13 -6.73945E-13  2.15668E-14  0.00000E+00
  7.200E+01  3.45492E-01 -1.85603E-13 -9.93065E-13 -1.31879E-13 -6.69085E-13  1.60575E-14  0.00000E+00
  7.250E+01  3.49647E-01 -1.78589E-13 -9.77271E-13 -1.28250E-13 -6.64255E-13  7.52876E-15  0.00000E+00
  7.300E+01  3.53814E-01 -1.71797E-13 -9.61753E-13 -1.24697E-13 -6.59456E-13  2.28692E-14  0.00000E+00
  7.350E+01  3.57992E-01 -1.65219E-13 -9.46501E-13 -1.21216E-13 -6.54686E-13  1.31044E-14  0.00000E+00
  7.400E+01  3.62181E-01 -1.58849E-13 -9.31510E-13 -1.17807E-13 -6.49947E-13  1.17161E-14  0.00000E+00
  7.450E+01  3.66381E-01 -1.52681E-13 -9.16775E-13 -1.14467E-13 -6.45236E-13  2.35687E-14  0.00000E+00
  7.500E+01  3.70590E-01 -1.46708E-13 -9.02292E-13 -1.11196E-13 -6.40555E-13  8.99705E-15  0.00000E+00
  7.550E+01  3.74810E-01 -1.40924E-13 -8.88058E-13 -1.07993E-13 -6.35903E-13  1.57551E-14  0.00000E+00
  7.600E+01  3.79039E-01 -1.35323E-13 -8.74066E-13 -1.04854E-13 -6.31279E-13  2.32804E-14  0.00000E+00
  7.650E+01  3.83277E-01 -1.29899E-13 -8.60311E-13 -1.01781E-13 -6.26684E-13  4.48885E-15  0.00000E+00
  7.700E+01  3.87524E-01 -1.24646E-13 -8.46785E-13 -9.87696E-14 -6.22117E-13  1.92493E-14  0.00000E+00
  7.750E+01  3.91780E-01 -1.19559E-13 -8.33485E-13 -9.58203E-14 -6.17577E-13  2.19186E-14  0.00000E+00
  7.800E+01  3.96044E-01 -1.14632E-13 -8.20406E-13 -9.29314E-14 -6.13065E-13  0.00000E+00  0.00000E+00
  7.850E+01  4.00316E-01 -1.09862E-13 -8.07544E-13 -9.01017E-14 -6.08580E-13  2.21021E-14  0.00000E+00
  7.900E+01  4.04596E-01 -1.05242E-13 -7.94895E-13 -8.73299E-14 -6.04122E-13  1.96697E-14  0.00000E+00
  7.950E+01  4.08882E-01 -1.00768E-13 -7.82456E-13 -8.46150E-14 -5.99690E-13  5.02962E-15  0.00000E+00
  8.000E+01  4.13176E-01 -9.64355E-14 -7.70220E-13 -8.19557E-14 -5.95285E-13  2.43541E-14  0.00000E+00
  8.050E+01  4.17476E-01 -9.22402E-14 -7.58184E-13 -7.93509E-14 -5.90906E-13  1.67015E-14  0.00000E+00
  8.100E+01  4.21783E-01 -8.81776E-14 -7.46343E-13 -7.67996E-14 -5.86553E-13  9.92354E-15  0.00000E+00
  8.150E+01  4.26095E-01 -8.42438E-14 -7.34694E-13 -7.43008E-14 -5.82226E-13  2.57728E-14  0.00000E+00
  8.200E+01  4.30413E-01 -8.04348E-14 -7.23233E-13 -7.18534E-14 -5.77924E-13  1.30337E-14  0.00000E+00
  8.250E+01  4.34737E-01 -7.67469E-14 -7.11957E-13 -6.94563E-14 -5.73647E-13  1.45727E-14  0.00000E+00
  8.300E+01  4.39065E-01 -7.31765E-14 -7.00862E-13 -6.71087E-14 -5.69395E-13  2.61325E-14  0.00000E+00
  8.350E+01  4.43398E-01 -6.97198E-14 -6.89944E-13 -6.48095E-14 -5.65167E-13  8.54804E-15  0.00000E+00
  8.400E+01  4.47736E-01 -6.63734E-14 -6.79200E-13 -6.25578E-14 -5.60964E-13  1.88720E-14  0.00000E+00
  8.450E+01  4.52077E-01 -6.31339E-14 -6.68626E-13 -6.03528E-14 -5.56784E-13  2.54719E-14  0.00000E+00
  8.500E+01  4.56422E-01 -5.99981E-14 -6.58218E-13 -5.81935E-14 -5.52629E-13  3.51581E-15  0.00000E+00
  8.550E+01  4.60770E-01 -5.69629E-14 -6.47974E-13 -5.60791E-14 -5.48497E-13  2.27196E-14  0.00000E+00
  8.600E+01  4.65122E-01 -5.40254E-14 -6.37892E-13 -5.40087E-14 -5.44388E-13  2.38203E-14  0.00000E+00
  8.650E+01  4.69476E-01 -5.11827E-14 -6.27967E-13 -5.19815E-14 -5.40303E-13  1.67843E-15  0.00000E+00
  8.700E+01  4.73832E-01 -4.84319E-14 -6.18197E-13 -4.99966E-14 -5.36240E-13  2.57565E-14  0.00000E+00
  8.750E+01  4.78190E-01 -4.57702E-14 -6.08579E-13 -4.80534E-14 -5.32200E-13  2.10699E-14  0.00000E+00
  8.800E+01  4.82550E-01 -4.31950E-14 -5.99110E-13 -4.61510E-14 -5.28182E-13  7.30667E-15  0.00000E+00
  8.850E+01  4.86912E-01 -4.07036E-14 -5.89786E-13 -4.42887E-14 -5.24187E-13  2.77584E-14  0.00000E+00
  8.900E+01  4.91274E-01 -3.82936E-14 -5.80606E-13 -4.24657E-14 -5.20213E-13  1.74908E-14  0.00000E+00
  8.950E+01  4.95637E-01 -3.59627E-14 -5.71567E-13 -4.06814E-14 -5.16261E-13  1.27441E-14  8.80814E-18
  9.000E+01  5.00000E-01 -3.37086E-14 -5.62666E-13 -3.89349E-14 -5.12331E-13  2.90086E-14  8.72370E-18
  9.050E+01  5.04363E-01 -3.15290E-14 -5.53901E-13 -3.72257E-14 -5.08421E-13  1.29581E-14  8.64078E-18
  9.100E+01  5.08726E-01 -2.94217E-14 -5.45270E-13 -3.55531E-14 -5.04533E-13  1.78883E-14  8.55937E-18
  9.150E+01  5.13088E-01 -2.73845E-14 -5.36769E-13 -3.39163E-14 -5.00666E-13  2.90175E-14  8.47942E-18
  9.200E+01  5.17450E-01 -2.54153E-14 -5.28397E-13 -3.23149E-14 -4.96819E-13  7.72135E-15  8.40090E-18
  9.250E+01  5.21810E-01 -2.35122E-14 -5.20150E-13 -3.07480E-14 -4.92992E-13  2.25105E-14  8.32378E-18
  9.300E+01  5.26168E-01 -2.16733E-14 -5.12028E-13 -2.92152E-14 -4.89186E-13  2.80533E-14  8.24803E-18
  9.350E+01  5.30524E-01 -1.98968E-14 -5.04027E-13 -2.77158E-14 -4.85399E-13  1.89432E-15  0.00000E+00
  9.400E+01  5.34878E-01 -1.81809E-14 -4.96146E-13 -2.62492E-14 -4.81632E-13  2.67600E-14  8.10052E-18
  9.450E+01  5.39230E-01 -1.65237E-14 -4.88383E-13 -2.48149E-14 -4.77885E-13  2.58678E-14  8.02870E-18
  9.500E+01  5.43578E-01 -1.49235E-14 -4.80736E-13 -2.34122E-14 -4.74157E-13  4.16329E-15  0.00000E+00
  9.550E+01  5.47923E-01 -1.33786E-14 -4.73201E-13 -2.20408E-14 -4.70448E-13  2.96463E-14  7.88880E-18
  9.600E+01  5.52264E-01 -1.18875E-14 -4.65778E-13 -2.06999E-14 -4.66758E-13  2.24578E-14  1.56413E-17
  9.650E+01  5.56602E-01 -1.04487E-14 -4.58465E-13 -1.93890E-14 -4.63087E-13  1.02221E-14  0.00000E+00
  9.700E+01  5.60935E-01 -9.06056E-15 -4.51259E-13 -1.81077E-14 -4.59434E-13  3.18144E-14  0.00000E+00
  9.750E+01  5.65263E-01 -7.72173E-15 -4.44160E-13 -1.68555E-14 -4.55799E-13  1.79368E-14  1.52464E-17
  9.800E+01  5.69587E-01 -6.43076E-15 -4.37164E-13 -1.56318E-14 -4.52183E-13  1.64321E-14  7.55964E-18
  9.850E+01  5.73905E-01 -5.18622E-15 -4.30272E-13 -1.44362E-14 -4.48584E-13  3.27648E-14  3.74858E-18
  9.900E+01  5.78217E-01 -3.98674E-15 -4.23479E-13 -1.32682E-14 -4.45004E-13  1.26628E-14  7.43572E-18
  9.950E+01  5.82524E-01 -2.83102E-15 -4.16785E-13 -1.21273E-14 -4.41440E-13  2.20577E-14  7.37532E-18
  1.000E+02  5.86824E-01 -1.71781E-15 -4.10189E-13 -1.10130E-14 -4.37894E-13  3.24936E-14  7.31594E-18
  1.005E+02  5.91118E-01 -6.45944E-16 -4.03689E-13 -9.92496E-15 -4.34366E-13  6.73662E-15  3.62878E-18
  1.010E+02  5.95404E-01  3.85778E-16 -3.97283E-13 -8.86269E-15 -4.30854E-13  2.72428E-14  3.60008E-18
  1.015E+02  5.99684E-01  1.37850E-15 -3.90969E-13 -7.82576E-15 -4.27359E-13  3.09869E-14  7.14371E-18
  1.020E+02  6.03956E-01  2.33341E-15 -3.84747E-13 -6.81376E-15 -4.23881E-13  4.99031E-18  1.06323E-17
  1.025E+02  6.08220E-01  3.25162E-15 -3.78614E-13 -5.82626E-15 -4.20419E-13  3.14892E-14  1.75840E-18
  1.030E+02  6.12476E-01  4.13420E-15 -3.72570E-13 -4.86286E-15 -4.16973E-13  2.79644E-14  1.74498E-18
  1.035E+02  6.16723E-01  4.98217E-15 -3.66612E-13 -3.92317E-15 -4.13544E-13  6.94270E-15  3.46356E-18
  1.040E+02  6.20961E-01  5.79648E-15 -3.60740E-13 -3.00678E-15 -4.10130E-13  3.46685E-14  3.43759E-18
  1.045E+02  6.25190E-01  6.57812E-15 -3.54951E-13 -2.11333E-15 -4.06732E-13  2.39037E-14  1.70602E-18
  1.050E+02  6.29410E-01  7.32800E-15 -3.49246E-13 -1.24243E-15 -4.03350E-13  1.41219E-14  6.77383E-18
  1.055E+02  6.33619E-01  8.04710E-15 -3.43623E-13 -3.93724E-16 -3.99983E-13  3.68997E-14  5.88385E-18
  1.060E+02  6.37819E-01  8.73634E-15 -3.38079E-13  4.33162E-16 -3.96631E-13  1.86354E-14  2.08618E-18
  1.065E+02  6.42008E-01  9.39658E-15 -3.32614E-13  1.23858E-15 -3.93295E-13  2.09164E-14  9.52764E-18
  1.070E+02  6.46186E-01  1.00287E-14 -3.27227E-13  2.02287E-15 -3.89973E-13  3.75111E-14  6.58085E-18
  1.075E+02  6.50353E-01  1.06335E-14 -3.21916E-13  2.78638E-15 -3.86667E-13  1.22396E-14  3.26727E-18
  1.080E+02  6.54508E-01  1.12118E-14 -3.16681E-13  3.52945E-15 -3.83374E-13  2.72084E-14  9.73345E-18
  1.085E+02  6.58652E-01  1.17641E-14 -3.11521E-13  4.25240E-15 -3.80097E-13  3.65899E-14  6.44413E-18
  1.090E+02  6.62784E-01  1.22916E-14 -3.06433E-13  4.95556E-15 -3.76833E-13  5.19036E-15  3.20001E-18
  1.095E+02  6.66903E-01  1.27947E-14 -3.01418E-13  5.63924E-15 -3.73584E-13  3.27372E-14  1.27132E-17
  1.100E+02  6.71010E-01  1.32744E-14 -2.96473E-13  6.30375E-15 -3.70348E-13  3.44839E-14  3.15694E-18
  1.105E+02  6.75104E-01  1.37312E-14 -2.91598E-13  6.94941E-15 -3.67127E-13  2.56042E-15  1.25437E-17
  1.110E+02  6.79184E-01  1.41660E-14 -2.86792E-13  7.57651E-15 -3.63919E-13  3.74947E-14  6.23045E-18
  1.115E+02  6.83251E-01  1.45792E-14 -2.82054E-13  8.18535E-15 -3.60725E-13  3.07325E-14  3.09487E-18
  1.120E+02  6.87303E-01  1.49715E-14 -2.77383E-13  8.77621E-15 -3.57544E-13  1.07939E-14  6.14965E-18
  1.125E+02  6.91342E-01  1.53435E-14 -2.72778E-13  9.34938E-15 -3.54376E-13  4.07791E-14  6.11021E-18
  1.130E+02  6.95366E-01  1.56960E-14 -2.68238E-13  9.90515E-15 -3.51221E-13  2.55296E-14  0.00000E+00
  1.135E+02  6.99375E-01  1.60295E-14 -2.63761E-13  1.04438E-14 -3.48080E-13  1.88655E-14  6.03317E-18
  1.140E+02  7.03368E-01  1.63446E-14 -2.59348E-13  1.09655E-14 -3.44951E-13  4.26750E-14  1.79867E-17
  1.145E+02  7.07347E-01  1.66418E-14 -2.54997E-13  1.14707E-14 -3.41834E-13  1.92114E-14  0.00000E+00
  1.150E+02  7.11309E-01  1.69217E-14 -2.50707E-13  1.19595E-14 -3.38731E-13  2.63714E-14  5.92210E-18
  1.155E+02  7.15256E-01  1.71848E-14 -2.46478E-13  1.24323E-14 -3.35639E-13  4.29784E-14  0.00000E+00
  1.160E+02  7.19186E-01  1.74316E-14 -2.42309E-13  1.28892E-14 -3.32560E-13  1.15578E-14  0.00000E+00
  1.165E+02  7.23099E-01  1.76626E-14 -2.38198E-13  1.33306E-14 -3.29493E-13  3.37369E-14  1.16323E-17
  1.170E+02  7.26995E-01  1.78784E-14 -2.34145E-13  1.37566E-14 -3.26438E-13  4.17492E-14  5.78193E-18
  1.175E+02  7.30874E-01  1.80795E-14 -2.30149E-13  1.41675E-14 -3.23395E-13  3.05321E-15  0.00000E+00
  1.180E+02  7.34736E-01  1.82662E-14 -2.26210E-13  1.45635E-14 -3.20363E-13  3.99520E-14  5.71509E-18
  1.185E+02  7.38579E-01  1.84392E-14 -2.22326E-13  1.49450E-14 -3.17343E-13  3.87475E-14  5.68244E-18
  1.190E+02  7.42405E-01  1.85986E-14 -2.18498E-13  1.53120E-14 -3.14335E-13  6.23039E-15  5.65031E-18
  1.195E+02  7.46212E-01  1.87451E-14 -2.14723E-13  1.56648E-14 -3.11338E-13  4.48158E-14  0.00000E+00
  1.200E+02  7.50000E-01  1.88790E-14 -2.11002E-13  1.60037E-14 -3.08352E-13  3.38535E-14  0.00000E+00
  1.205E+02  7.53769E-01  1.90009E-14 -2.07334E-13  1.63289E-14 -3.05377E-13  1.54596E-14  0.00000E+00
  1.210E+02  7.57519E-01  1.91110E-14 -2.03717E-13  1.66405E-14 -3.02413E-13  4.84064E-14  0.00000E+00
  1.215E+02  7.61249E-01  1.92098E-14 -2.00152E-13  1.69389E-14 -2.99459E-13  2.73890E-14  0.00000E+00
  1.220E+02  7.64960E-01  1.92977E-14 -1.96637E-13  1.72241E-14 -2.96517E-13  2.48117E-14  0.00000E+00
  1.225E+02  7.68650E-01  1.93749E-14 -1.93173E-13  1.74964E-14 -2.93585E-13  5.01752E-14  0.00000E+00
  1.230E+02  7.72320E-01  1.94419E-14 -1.89758E-13  1.77560E-14 -2.90663E-13  1.93823E-14  0.00000E+00
  1.235E+02  7.75968E-01  1.94990E-14 -1.86392E-13  1.80032E-14 -2.87752E-13  3.38424E-14  0.00000E+00
  1.240E+02  7.79596E-01  1.95466E-14 -1.83074E-13  1.82380E-14 -2.84851E-13  4.99906E-14  0.00000E+00
  1.245E+02  7.83203E-01  1.95851E-14 -1.79803E-13  1.84607E-14 -2.81960E-13  1.01811E-14  0.00000E+00
  1.250E+02  7.86788E-01  1.96147E-14 -1.76580E-13  1.86715E-14 -2.79078E-13  4.20593E-14  1.06029E-17
  1.255E+02  7.90351E-01  1.96358E-14 -1.73402E-13  1.88705E-14 -2.76207E-13  4.80267E-14  0.00000E+00
  1.260E+02  7.93893E-01  1.96487E-14 -1.70270E-13  1.90580E-14 -2.73346E-13  1.65969E-16  0.00000E+00
  1.265E+02  7.97411E-01  1.96536E-14 -1.67184E-13  1.92341E-14 -2.70494E-13  4.89107E-14  1.04480E-17
  1.270E+02  8.00908E-01  1.96508E-14 -1.64142E-13  1.93990E-14 -2.67651E-13  4.37910E-14  0.00000E+00
  1.275E+02  8.04381E-01  1.96407E-14 -1.61145E-13  1.95529E-14 -2.64818E-13  1.07537E-14  0.00000E+00
  1.280E+02  8.07831E-01  1.96237E-14 -1.58191E-13  1.96960E-14 -2.61994E-13  5.42917E-14  1.03002E-17
  1.285E+02  8.11257E-01  1.95998E-14 -1.55280E-13  1.98283E-14 -2.59179E-13  3.74227E-14  0.00000E+00
  1.290E+02  8.14660E-01  1.95695E-14 -1.52411E-13  1.99502E-14 -2.56374E-13  2.21519E-14  0.00000E+00
  1.295E+02  8.18039E-01  1.95329E-14 -1.49584E-13  2.00617E-14 -2.53577E-13  5.80768E-14  1.01593E-17
  1.300E+02  8.21394E-01  1.94903E-14 -1.46800E-13  2.01630E-14 -2.50789E-13  2.92501E-14  0.00000E+00
  1.305E+02  8.24724E-01  1.94419E-14 -1.44056E-13  2.02544E-14 -2.48009E-13  3.30038E-14  0.00000E+00
  1.310E+02  8.28030E-01  1.93881E-14 -1.41353E-13  2.03358E-14 -2.45239E-13  5.95663E-14  1.00250E-17
  1.315E+02  8.31310E-01  1.93290E-14 -1.38690E-13  2.04076E-14 -2.42476E-13  1.94537E-14  0.00000E+00
  1.320E+02  8.34565E-01  1.92649E-14 -1.36066E-13  2.04698E-14 -2.39723E-13  4.34578E-14  0.00000E+00
  1.325E+02  8.37795E-01  1.91960E-14 -1.33482E-13  2.05226E-14 -2.36977E-13  5.89086E-14  9.89688E-18
  1.330E+02  8.40999E-01  1.91226E-14 -1.30936E-13  2.05661E-14 -2.34239E-13  8.23750E-15  9.85554E-18
  1.335E+02  8.44177E-01  1.90447E-14 -1.28429E-13  2.06006E-14 -2.31510E-13  5.30954E-14  0.00000E+00
  1.340E+02  8.47329E-01  1.89626E-14 -1.25960E-13  2.06261E-14 -2.28789E-13  5.54808E-14  0.00000E+00
  1.345E+02  8.50455E-01  1.88766E-14 -1.23529E-13  2.06428E-14 -2.26075E-13  4.36416E-15  0.00000E+00
  1.350E+02  8.53553E-01  1.87869E-14 -1.21135E-13  2.06508E-14 -2.23369E-13  6.08293E-14  0.00000E+00
  1.355E+02  8.56625E-01  1.86936E-14 -1.18777E-13  2.06503E-14 -2.20671E-13  4.99885E-14  0.00000E+00
  1.360E+02  8.59670E-01  1.85970E-14 -1.16455E-13  2.06415E-14 -2.17980E-13  1.74860E-14  0.00000E+00
  1.365E+02  8.62687E-01  1.84973E-14 -1.14169E-13  2.06243E-14 -2.15297E-13  6.66544E-14  0.00000E+00
  1.370E+02  8.65677E-01  1.83945E-14 -1.11919E-13  2.05991E-14 -2.12621E-13  4.17659E-14  0.00000E+00
  1.375E+02  8.68639E-01  1.82888E-14 -1.09705E-13  2.05659E-14 -2.09952E-13  3.07657E-14  0.00000E+00
  1.380E+02  8.71572E-01  1.81804E-14 -1.07525E-13  2.05248E-14 -2.07291E-13  7.01244E-14  0.00000E+00
  1.385E+02  8.74478E-01  1.80696E-14 -1.05380E-13  2.04761E-14 -2.04636E-13  3.14678E-14  0.00000E+00
  1.390E+02  8.77355E-01  1.79566E-14 -1.03268E-13  2.04197E-14 -2.01988E-13  4.37766E-14  0.00000E+00
  1.395E+02  8.80203E-01  1.78414E-14 -1.01191E-13  2.03559E-14 -1.99348E-13  7.13950E-14  0.00000E+00
  1.400E+02  8.83022E-01  1.77242E-14 -9.91461E-14  2.02848E-14 -1.96714E-13  1.90633E-14  0.00000E+00
  1.405E+02  8.85812E-01  1.76051E-14 -9.71350E-14  2.02064E-14 -1.94086E-13  5.60143E-14  0.00000E+00
  1.410E+02  8.88573E-01  1.74843E-14 -9.51570E-14  2.01209E-14 -1.91465E-13  6.97077E-14  0.00000E+00
  1.415E+02  8.91304E-01  1.73619E-14 -9.32116E-14  2.00285E-14 -1.88851E-13  4.99865E-15  0.00000E+00
  1.420E+02  8.94005E-01  1.72380E-14 -9.12984E-14  1.99293E-14 -1.86243E-13  6.68793E-14  0.00000E+00
  1.425E+02  8.96677E-01  1.71130E-14 -8.94166E-14  1.98233E-14 -1.83641E-13  6.49091E-14  0.00000E+00
  1.430E+02  8.99318E-01  1.69869E-14 -8.75661E-14  1.97107E-14 -1.81046E-13  1.03140E-14  0.00000E+00
  1.435E+02  9.01928E-01  1.68599E-14 -8.57467E-14  1.95916E-14 -1.78456E-13  7.57892E-14  0.00000E+00
  1.440E+02  9.04508E-01  1.67319E-14 -8.39588E-14  1.94662E-14 -1.75873E-13  5.72124E-14  0.00000E+00
  1.445E+02  9.07058E-01  1.66028E-14 -8.22022E-14  1.93345E-14 -1.73295E-13  2.63749E-14  0.00000E+00
  1.450E+02  9.09576E-01  1.64732E-14 -8.04760E-14  1.91966E-14 -1.70723E-13  8.21792E-14  0.00000E+00
  1.455E+02  9.12063E-01  1.63433E-14 -7.87795E-14  1.90527E-14 -1.68157E-13  4.66120E-14  0.00000E+00
  1.460E+02  9.14519E-01  1.62131E-14 -7.71125E-14  1.89029E-14 -1.65596E-13  4.23047E-14  0.00000E+00
  1.465E+02  9.16943E-01  1.60825E-14 -7.54751E-14  1.87472E-14 -1.63041E-13  8.56629E-14  0.00000E+00
  1.470E+02  9.19335E-01  1.59517E-14 -7.38673E-14  1.85858E-14 -1.60492E-13  3.32646E-14  0.00000E+00
  1.475E+02  9.21696E-01  1.58208E-14 -7.22890E-14  1.84188E-14 -1.57948E-13  5.78963E-14  0.00000E+00
  1.480E+02  9.24024E-01  1.56898E-14 -7.07397E-14  1.82464E-14 -1.55409E-13  8.59268E-14  0.00000E+00
  1.485E+02  9.26320E-01  1.55591E-14 -6.92190E-14  1.80685E-14 -1.52875E-13  1.75238E-14  0.00000E+00
  1.490E+02  9.28584E-01  1.54286E-14 -6.77266E-14  1.78853E-14 -1.50346E-13  7.22921E-14  0.00000E+00
  1.495E+02  9.30815E-01  1.52985E-14 -6.62621E-14  1.76970E-14 -1.47823E-13  8.26157E-14  0.00000E+00
  1.500E+02  9.33013E-01  1.51689E-14 -6.48256E-14  1.75035E-14 -1.45304E-13  0.00000E+00  0.00000E+00
  1.505E+02  9.35178E-01  1.50397E-14 -6.34168E-14  1.73051E-14 -1.42790E-13  8.44560E-14  0.00000E+00
  1.510E+02  9.37310E-01  1.49112E-14 -6.20359E-14  1.71018E-14 -1.40280E-13  7.54862E-14  0.00000E+00
  1.515E+02  9.39409E-01  1.47833E-14 -6.06824E-14  1.68937E-14 -1.37776E-13  1.87041E-14  0.00000E+00
  1.520E+02  9.41474E-01  1.46561E-14 -5.93561E-14  1.66809E-14 -1.35276E-13  9.39607E-14  0.00000E+00
  1.525E+02  9.43505E-01  1.45299E-14 -5.80567E-14  1.64635E-14 -1.32780E-13  6.47827E-14  1.73769E-17
  1.530E+02  9.45503E-01  1.44047E-14 -5.67837E-14  1.62416E-14 -1.30289E-13  3.80007E-14  1.73367E-17
  1.535E+02  9.47467E-01  1.42806E-14 -5.55372E-14  1.60153E-14 -1.27802E-13  1.00309E-13  0.00000E+00
  1.540E+02  9.49397E-01  1.41575E-14 -5.43170E-14  1.57847E-14 -1.25319E-13  5.08521E-14  3.45177E-17
  1.545E+02  9.51293E-01  1.40356E-14 -5.31232E-14  1.55499E-14 -1.22841E-13  5.69710E-14  5.16636E-17
  1.550E+02  9.53154E-01  1.39149E-14 -5.19556E-14  1.53110E-14 -1.20366E-13  1.02552E-13  0.00000E+00
  1.555E+02  9.54981E-01  1.37955E-14 -5.08139E-14  1.50681E-14 -1.17896E-13  3.36039E-14  5.14451E-17
  1.560E+02  9.56773E-01  1.36775E-14 -4.96978E-14  1.48212E-14 -1.15429E-13  7.48546E-14  6.84528E-17
  1.565E+02  9.58530E-01  1.35610E-14 -4.86070E-14  1.45704E-14 -1.12966E-13  1.01122E-13  0.00000E+00
  1.570E+02  9.60252E-01  1.34461E-14 -4.75414E-14  1.43160E-14 -1.10507E-13  1.41681E-14  5.11360E-17
  1.575E+02  9.61940E-01  1.33328E-14 -4.65009E-14  1.40578E-14 -1.08051E-13  9.03224E-14  6.80504E-17
  1.580E+02  9.63592E-01  1.32211E-14 -4.54856E-14  1.37961E-14 -1.05599E-13  9.49829E-14  1.69807E-17
  1.585E+02  9.65209E-01  1.31110E-14 -4.44953E-14  1.35308E-14 -1.03151E-13  7.26044E-15  6.77981E-17
  1.590E+02  9.66790E-01  1.30027E-14 -4.35299E-14  1.32622E-14 -1.00705E-13  1.03024E-13  6.76767E-17
  1.595E+02  9.68336E-01  1.28963E-14 -4.25891E-14  1.29903E-14 -9.82636E-14  8.44351E-14  1.68896E-17
  1.600E+02  9.69846E-01  1.27917E-14 -4.16725E-14  1.27151E-14 -9.58249E-14  2.91880E-14  8.43041E-17
  1.605E+02  9.71321E-01  1.26892E-14 -4.07801E-14  1.24368E-14 -9.33894E-14  1.11685E-13  8.41640E-17
  1.610E+02  9.72759E-01  1.25886E-14 -3.99117E-14  1.21555E-14 -9.09569E-14  6.98363E-14  5.04167E-17
  1.615E+02  9.74162E-01  1.24900E-14 -3.90676E-14  1.18712E-14 -8.85274E-14  5.10146E-14  6.71163E-17
  1.620E+02  9.75528E-01  1.23935E-14 -3.82476E-14  1.15839E-14 -8.61008E-14  1.15860E-13  1.00520E-16
  1.625E+02  9.76858E-01  1.22990E-14 -3.74516E-14  1.12939E-14 -8.36769E-14  5.14769E-14  3.34568E-17
  1.630E+02  9.78152E-01  1.22068E-14 -3.66793E-14  1.10012E-14 -8.12559E-14  7.11372E-14  1.16929E-16
  1.635E+02  9.79410E-01  1.21168E-14 -3.59304E-14  1.07058E-14 -7.88374E-14  1.15098E-13  1.16765E-16
  1.640E+02  9.80631E-01  1.20290E-14 -3.52047E-14  1.04079E-14 -7.64216E-14  3.03201E-14  4.99739E-17
  1.645E+02  9.81815E-01  1.19437E-14 -3.45024E-14  1.01075E-14 -7.40082E-14  8.87666E-14  1.16452E-16
  1.650E+02  9.82963E-01  1.18606E-14 -3.38234E-14  9.80470E-15 -7.15972E-14  1.09108E-13  8.30735E-17
  1.655E+02  9.84074E-01  1.17798E-14 -3.31678E-14  9.49960E-15 -6.91886E-14  7.75976E-15  1.65942E-17
  1.660E+02  9.85148E-01  1.17014E-14 -3.25355E-14  9.19227E-15 -6.67822E-14  1.02185E-13  1.16021E-16
  1.665E+02  9.86185E-01  1.16255E-14 -3.19263E-14  8.88280E-15 -6.43780E-14  9.80703E-14  8.27765E-17
  1.670E+02  9.87185E-01  1.15521E-14 -3.13397E-14  8.57125E-15 -6.19759E-14  1.52857E-14  1.65370E-17
  1.675E+02  9.88148E-01  1.14812E-14 -3.07758E-14  8.25772E-15 -5.95758E-14  1.10822E-13  1.48674E-16
  1.680E+02  9.89074E-01  1.14129E-14 -3.02344E-14  7.94227E-15 -5.71776E-14  8.25161E-14  1.48522E-16
  1.685E+02  9.89962E-01  1.13472E-14 -2.97158E-14  7.62499E-15 -5.47813E-14  3.72409E-14  3.29724E-17
  1.690E+02  9.90814E-01  1.12840E-14 -2.92200E-14  7.30597E-15 -5.23868E-14  1.14134E-13  1.48236E-16
  1.695E+02  9.91627E-01  1.12233E-14 -2.87470E-14  6.98526E-15 -4.99940E-14  6.33670E-14  1.48103E-16
  1.700E+02  9.92404E-01  1.11653E-14 -2.82966E-14  6.66296E-15 -4.76028E-14  5.64043E-14  1.64418E-17
  1.705E+02  9.93143E-01  1.11101E-14 -2.78683E-14  6.33915E-15 -4.52131E-14  1.11182E-13  1.80713E-16
  1.710E+02  9.93844E-01  1.10575E-14 -2.74621E-14  6.01389E-15 -4.28249E-14  4.21541E-14  1.31326E-16
  1.715E+02  9.94508E-01  1.10078E-14 -2.70780E-14  5.68727E-15 -4.04381E-14  7.14758E-14  3.28075E-17
  1.720E+02  9.95134E-01  1.09608E-14 -2.67161E-14  5.35936E-15 -3.80526E-14  1.02666E-13  1.96709E-16
  1.725E+02  9.95722E-01  1.09164E-14 -2.63766E-14  5.03024E-15 -3.56684E-14  2.04304E-14  2.62110E-16
  1.730E+02  9.96273E-01  1.08748E-14 -2.60596E-14  4.69999E-15 -3.32853E-14  8.06022E-14  0.00000E+00
  1.735E+02  9.96786E-01  1.08360E-14 -2.57648E-14  4.36868E-15 -3.09032E-14  8.86092E-14  2.45441E-16
  1.740E+02  9.97261E-01  1.08000E-14 -2.54919E-14  4.03639E-15 -2.85222E-14  2.44189E-16  3.27084E-16
  1.745E+02  9.97698E-01  1.07668E-14 -2.52406E-14  3.70320E-15 -2.61421E-14  8.28692E-14  1.14424E-16
  1.750E+02  9.98097E-01  1.07366E-14 -2.50110E-14  3.36918E-15 -2.37629E-14  7.04225E-14  2.94106E-16
  1.755E+02  9.98459E-01  1.07093E-14 -2.48033E-14  3.03440E-15 -2.13844E-14  1.64811E-14  3.91985E-16
  1.760E+02  9.98782E-01  1.06848E-14 -2.46177E-14  2.69895E-15 -1.90066E-14  7.78553E-14  1.79596E-16
  1.765E+02  9.99067E-01  1.06630E-14 -2.44544E-14  2.36290E-15 -1.66294E-14  4.98264E-14  3.26437E-16
  1.770E+02  9.99315E-01  1.06440E-14 -2.43133E-14  2.02632E-15 -1.42528E-14  2.70602E-14  6.20062E-16
  1.775E+02  9.99524E-01  1.06279E-14 -2.41940E-14  1.68928E-15 -1.18766E-14  6.45174E-14  3.75215E-16
  1.780E+02  9.99695E-01  1.06149E-14 -2.40960E-14  1.35188E-15 -9.50084E-15  2.89573E-14  3.75144E-16
  1.785E+02  9.99829E-01  1.06048E-14 -2.40192E-14  1.01417E-15 -7.12537E-15  2.80088E-14  1.22312E-15
  1.790E+02  9.99924E-01  1.05978E-14 -2.39638E-14  6.76240E-16 -4.75013E-15  4.07192E-14  1.72849E-15
  1.795E+02  9.99981E-01  1.05936E-14 -2.39303E-14  3.38157E-16 -2.37503E-15  9.47636E-15  3.58720E-16
  1.800E+02  1.00000E+00  1.05925E-14 -2.39188E-14  4.74565E-30 -3.33296E-29  1.72211E-14  1.14839E-11
