 #  Spin polarization functions (in cm)      MU=(1-cos(TH))/2
 #  Z =  47,   projectile: electron
 #  Kinetic energy = 7.95000E+06 eV
 #
 # TH (deg)      MU            U            S            T      1-U^2-T^2-S^2
 #------------------------------------------------------------------------------
  0.000E+00  0.00000E+00  0.00000E+00  0.00000E+00  1.00000E+00  0.00000E+00
  1.000E-04  7.61557E-13  1.63985E-06  1.12518E-11  1.00000E+00 -2.22045E-16
  1.250E-04  1.18994E-12  2.04981E-06  1.40635E-11  1.00000E+00  2.22045E-16
  1.500E-04  1.71346E-12  2.45977E-06  1.68743E-11  1.00000E+00 -2.22045E-16
  1.750E-04  2.33225E-12  2.86973E-06  1.96842E-11  1.00000E+00  2.22045E-16
  2.000E-04  3.04617E-12  3.27970E-06  2.24929E-11  1.00000E+00 -2.22045E-16
  2.250E-04  3.85530E-12  3.68966E-06  2.53003E-11  1.00000E+00 -2.22045E-16
  2.500E-04  4.75964E-12  4.09962E-06  2.81062E-11  1.00000E+00 -2.22045E-16
  2.750E-04  5.75917E-12  4.50958E-06  3.09104E-11  1.00000E+00 -2.22045E-16
  3.000E-04  6.85391E-12  4.91954E-06  3.37128E-11  1.00000E+00  3.33067E-16
  3.250E-04  8.04379E-12  5.32951E-06  3.65132E-11  1.00000E+00 -2.22045E-16
  3.500E-04  9.32893E-12  5.73947E-06  3.93115E-11  1.00000E+00  1.11022E-16
  3.750E-04  1.07092E-11  6.14943E-06  4.21075E-11  1.00000E+00 -4.44089E-16
  4.000E-04  1.21847E-11  6.55939E-06  4.49009E-11  1.00000E+00 -2.22045E-16
  4.250E-04  1.37554E-11  6.96935E-06  4.76918E-11  1.00000E+00  1.11022E-16
  4.500E-04  1.54213E-11  7.37932E-06  5.04798E-11  1.00000E+00 -2.22045E-16
  4.750E-04  1.71823E-11  7.78928E-06  5.32648E-11  1.00000E+00 -2.22045E-16
  5.000E-04  1.90386E-11  8.19924E-06  5.60467E-11  1.00000E+00  4.44089E-16
  5.250E-04  2.09900E-11  8.60920E-06  5.88253E-11  1.00000E+00  1.11022E-16
  5.500E-04  2.30367E-11  9.01917E-06  6.16005E-11  1.00000E+00  0.00000E+00
  5.750E-04  2.51785E-11  9.42913E-06  6.43720E-11  1.00000E+00  0.00000E+00
  6.000E-04  2.74156E-11  9.83909E-06  6.71397E-11  1.00000E+00  0.00000E+00
  6.250E-04  2.97478E-11  1.02491E-05  6.99035E-11  1.00000E+00  4.44089E-16
  6.500E-04  3.21752E-11  1.06590E-05  7.26631E-11  1.00000E+00  3.33067E-16
  6.750E-04  3.46979E-11  1.10690E-05  7.54185E-11  1.00000E+00  0.00000E+00
  7.000E-04  3.73157E-11  1.14789E-05  7.81695E-11  1.00000E+00  1.11022E-16
  7.250E-04  4.00286E-11  1.18889E-05  8.09158E-11  1.00000E+00  0.00000E+00
  7.500E-04  4.28368E-11  1.22989E-05  8.36575E-11  1.00000E+00  0.00000E+00
  7.750E-04  4.57402E-11  1.27088E-05  8.63941E-11  1.00000E+00  2.22045E-16
  8.000E-04  4.87388E-11  1.31188E-05  8.91258E-11  1.00000E+00 -4.44089E-16
  8.250E-04  5.18325E-11  1.35288E-05  9.18521E-11  1.00000E+00  2.22045E-16
  8.500E-04  5.50215E-11  1.39387E-05  9.45731E-11  1.00000E+00 -4.44089E-16
  8.750E-04  5.83057E-11  1.43487E-05  9.72886E-11  1.00000E+00 -4.44089E-16
  9.000E-04  6.16850E-11  1.47586E-05  9.99983E-11  1.00000E+00  2.22045E-16
  9.250E-04  6.51595E-11  1.51686E-05  1.02702E-10  1.00000E+00  2.22045E-16
  9.500E-04  6.87293E-11  1.55786E-05  1.05400E-10  1.00000E+00  3.33067E-16
  9.750E-04  7.23943E-11  1.59885E-05  1.08092E-10  1.00000E+00  0.00000E+00
  1.000E-03  7.61544E-11  1.63985E-05  1.10777E-10  1.00000E+00 -2.22045E-16
  1.250E-03  1.18991E-10  2.04981E-05  1.37248E-10  1.00000E+00  1.11022E-16
  1.500E-03  1.71347E-10  2.45978E-05  1.62920E-10  1.00000E+00  3.33067E-16
  1.750E-03  2.33223E-10  2.86974E-05  1.87648E-10  1.00000E+00  0.00000E+00
  2.000E-03  3.04617E-10  3.27971E-05  2.11296E-10  1.00000E+00 -4.44089E-16
  2.250E-03  3.85531E-10  3.68968E-05  2.33737E-10  1.00000E+00  1.11022E-16
  2.500E-03  4.75965E-10  4.09965E-05  2.54854E-10  1.00000E+00  2.22045E-16
  2.750E-03  5.75917E-10  4.50962E-05  2.74545E-10  1.00000E+00  3.33067E-16
  3.000E-03  6.85389E-10  4.91959E-05  2.92715E-10  1.00000E+00  3.33067E-16
  3.250E-03  8.04380E-10  5.32956E-05  3.09287E-10  1.00000E+00 -2.22045E-16
  3.500E-03  9.32891E-10  5.73954E-05  3.24197E-10  1.00000E+00  0.00000E+00
  3.750E-03  1.07092E-09  6.14951E-05  3.37394E-10  1.00000E+00  2.22045E-16
  4.000E-03  1.21847E-09  6.55949E-05  3.48845E-10  1.00000E+00  2.22045E-16
  4.250E-03  1.37554E-09  6.96947E-05  3.58529E-10  1.00000E+00  3.33067E-16
  4.500E-03  1.54213E-09  7.37945E-05  3.66445E-10  1.00000E+00  2.22045E-16
  4.750E-03  1.71823E-09  7.78944E-05  3.72604E-10  1.00000E+00  0.00000E+00
  5.000E-03  1.90386E-09  8.19942E-05  3.77036E-10  1.00000E+00 -2.22045E-16
  5.250E-03  2.09900E-09  8.60941E-05  3.79784E-10  1.00000E+00  2.22045E-16
  5.500E-03  2.30367E-09  9.01940E-05  3.80909E-10  1.00000E+00  0.00000E+00
  5.750E-03  2.51785E-09  9.42939E-05  3.80484E-10  1.00000E+00  0.00000E+00
  6.000E-03  2.74156E-09  9.83938E-05  3.78600E-10  1.00000E+00  3.33067E-16
  6.250E-03  2.97478E-09  1.02494E-04  3.75357E-10  1.00000E+00  3.33067E-16
  6.500E-03  3.21752E-09  1.06594E-04  3.70872E-10  1.00000E+00  4.44089E-16
  6.750E-03  3.46978E-09  1.10694E-04  3.65270E-10  1.00000E+00  1.11022E-16
  7.000E-03  3.73156E-09  1.14794E-04  3.58689E-10  1.00000E+00  3.33067E-16
  7.250E-03  4.00286E-09  1.18894E-04  3.51276E-10  1.00000E+00 -2.22045E-16
  7.500E-03  4.28368E-09  1.22994E-04  3.43186E-10  1.00000E+00 -4.44089E-16
  7.750E-03  4.57402E-09  1.27093E-04  3.34581E-10  1.00000E+00  4.44089E-16
  8.000E-03  4.87388E-09  1.31193E-04  3.25628E-10  1.00000E+00  1.11022E-16
  8.250E-03  5.18326E-09  1.35293E-04  3.16497E-10  1.00000E+00  2.22045E-16
  8.500E-03  5.50215E-09  1.39393E-04  3.07362E-10  1.00000E+00  2.22045E-16
  8.750E-03  5.83057E-09  1.43493E-04  2.98397E-10  1.00000E+00  1.11022E-16
  9.000E-03  6.16850E-09  1.47593E-04  2.89773E-10  1.00000E+00  0.00000E+00
  9.250E-03  6.51596E-09  1.51693E-04  2.81662E-10  1.00000E+00 -2.22045E-16
  9.500E-03  6.87293E-09  1.55793E-04  2.74229E-10  1.00000E+00  0.00000E+00
  9.750E-03  7.23942E-09  1.59893E-04  2.67635E-10  1.00000E+00  1.11022E-16
  1.000E-02  7.61544E-09  1.63993E-04  2.62031E-10  1.00000E+00  0.00000E+00
  1.250E-02  1.18991E-08  2.04992E-04  2.86111E-10  1.00000E+00  0.00000E+00
  1.500E-02  1.71347E-08  2.45989E-04  4.78324E-10  1.00000E+00 -2.22045E-16
  1.750E-02  2.33223E-08  2.86986E-04  7.50437E-10  1.00000E+00  3.33067E-16
  2.000E-02  3.04617E-08  3.27984E-04  9.42144E-10  1.00000E+00  1.11022E-16
  2.250E-02  3.85531E-08  3.68983E-04  9.79641E-10  1.00000E+00  0.00000E+00
  2.500E-02  4.75965E-08  4.09982E-04  9.59469E-10  1.00000E+00  1.11022E-16
  2.750E-02  5.75917E-08  4.50981E-04  1.05933E-09  1.00000E+00 -2.22045E-16
  3.000E-02  6.85389E-08  4.91978E-04  1.35172E-09  1.00000E+00 -2.22045E-16
  3.250E-02  8.04380E-08  5.32975E-04  1.71369E-09  1.00000E+00 -2.22045E-16
  3.500E-02  9.32891E-08  5.73973E-04  1.94406E-09  1.00000E+00  2.22045E-16
  3.750E-02  1.07092E-07  6.14973E-04  1.98096E-09  1.00000E+00 -2.22045E-16
  4.000E-02  1.21847E-07  6.55972E-04  1.98719E-09  1.00000E+00  2.22045E-16
  4.250E-02  1.37554E-07  6.96971E-04  2.19185E-09  1.00000E+00  1.11022E-16
  4.500E-02  1.54213E-07  7.37968E-04  2.63903E-09  1.00000E+00 -2.22045E-16
  4.750E-02  1.71823E-07  7.78965E-04  3.11720E-09  1.00000E+00  1.11022E-16
  5.000E-02  1.90386E-07  8.19964E-04  3.37036E-09  1.00000E+00  0.00000E+00
  5.250E-02  2.09900E-07  8.60963E-04  3.38419E-09  1.00000E+00  2.22045E-16
  5.500E-02  2.30367E-07  9.01963E-04  3.43089E-09  1.00000E+00 -2.22045E-16
  5.750E-02  2.51785E-07  9.42961E-04  3.79323E-09  1.00000E+00  0.00000E+00
  6.000E-02  2.74156E-07  9.83958E-04  4.44411E-09  1.00000E+00 -2.22045E-16
  6.250E-02  2.97478E-07  1.02496E-03  5.04157E-09  9.99999E-01  0.00000E+00
  6.500E-02  3.21752E-07  1.06595E-03  5.28195E-09  9.99999E-01  3.33067E-16
  6.750E-02  3.46978E-07  1.10695E-03  5.25061E-09  9.99999E-01  2.22045E-16
  7.000E-02  3.73156E-07  1.14795E-03  5.36992E-09  9.99999E-01  0.00000E+00
  7.250E-02  4.00286E-07  1.18895E-03  5.95692E-09  9.99999E-01 -2.22045E-16
  7.500E-02  4.28368E-07  1.22995E-03  6.85029E-09  9.99999E-01 -2.22045E-16
  7.750E-02  4.57402E-07  1.27095E-03  7.54025E-09  9.99999E-01  0.00000E+00
  8.000E-02  4.87388E-07  1.31195E-03  7.71051E-09  9.99999E-01  0.00000E+00
  8.250E-02  5.18325E-07  1.35295E-03  7.62004E-09  9.99999E-01 -2.22045E-16
  8.500E-02  5.50215E-07  1.39395E-03  7.87135E-09  9.99999E-01 -2.22045E-16
  8.750E-02  5.83057E-07  1.43494E-03  8.76157E-09  9.99999E-01  0.00000E+00
  9.000E-02  6.16850E-07  1.47594E-03  9.91117E-09  9.99999E-01  0.00000E+00
  9.250E-02  6.51596E-07  1.51694E-03  1.06236E-08  9.99999E-01 -2.22045E-16
  9.500E-02  6.87293E-07  1.55794E-03  1.06442E-08  9.99999E-01  1.11022E-16
  9.750E-02  7.23942E-07  1.59894E-03  1.04949E-08  9.99999E-01  3.33067E-16
  1.000E-01  7.61543E-07  1.63994E-03  1.09607E-08  9.99999E-01  0.00000E+00
  1.250E-01  1.18991E-06  2.04993E-03  1.77858E-08  9.99998E-01  0.00000E+00
  1.500E-01  1.71347E-06  2.45993E-03  2.76781E-08  9.99997E-01  0.00000E+00
  1.750E-01  2.33223E-06  2.86993E-03  3.55679E-08  9.99996E-01  1.11022E-16
  2.000E-01  3.04617E-06  3.27994E-03  4.26769E-08  9.99995E-01 -2.22045E-16
  2.250E-01  3.85531E-06  3.68994E-03  5.71825E-08  9.99993E-01  0.00000E+00
  2.500E-01  4.75964E-06  4.09994E-03  7.40729E-08  9.99992E-01  1.11022E-16
  2.750E-01  5.75916E-06  4.50996E-03  8.34950E-08  9.99990E-01  2.22045E-16
  3.000E-01  6.85388E-06  4.91998E-03  9.44139E-08  9.99988E-01  2.22045E-16
  3.250E-01  8.04378E-06  5.33000E-03  1.18254E-07  9.99986E-01  0.00000E+00
  3.500E-01  9.32888E-06  5.74002E-03  1.39929E-07  9.99984E-01  0.00000E+00
  3.750E-01  1.07092E-05  6.15006E-03  1.47850E-07  9.99981E-01  0.00000E+00
  4.000E-01  1.21846E-05  6.56009E-03  1.63846E-07  9.99978E-01  0.00000E+00
  4.250E-01  1.37553E-05  6.97012E-03  1.98013E-07  9.99976E-01  0.00000E+00
  4.500E-01  1.54212E-05  7.38016E-03  2.20276E-07  9.99973E-01  3.33067E-16
  4.750E-01  1.71822E-05  7.79022E-03  2.25885E-07  9.99970E-01  0.00000E+00
  5.000E-01  1.90385E-05  8.20027E-03  2.50672E-07  9.99966E-01  3.33067E-16
  5.250E-01  2.09899E-05  8.61031E-03  2.94986E-07  9.99963E-01 -4.44089E-16
  5.500E-01  2.30365E-05  9.02037E-03  3.15177E-07  9.99959E-01  0.00000E+00
  5.750E-01  2.51783E-05  9.43044E-03  3.19826E-07  9.99956E-01  1.11022E-16
  6.000E-01  2.74153E-05  9.84049E-03  3.59220E-07  9.99952E-01  0.00000E+00
  6.250E-01  2.97475E-05  1.02506E-02  4.11853E-07  9.99947E-01  0.00000E+00
  6.500E-01  3.21749E-05  1.06606E-02  4.25998E-07  9.99943E-01  1.11022E-16
  6.750E-01  3.46974E-05  1.10707E-02  4.35154E-07  9.99939E-01 -4.44089E-16
  7.000E-01  3.73152E-05  1.14808E-02  4.91038E-07  9.99934E-01 -2.22045E-16
  7.250E-01  4.00281E-05  1.18908E-02  5.46922E-07  9.99929E-01 -2.22045E-16
  7.500E-01  4.28362E-05  1.23009E-02  5.52605E-07  9.99924E-01 -2.22045E-16
  7.750E-01  4.57395E-05  1.27110E-02  5.70551E-07  9.99919E-01 -2.22045E-16
  8.000E-01  4.87380E-05  1.31211E-02  6.44175E-07  9.99914E-01  1.11022E-16
  8.250E-01  5.18317E-05  1.35312E-02  6.95625E-07  9.99908E-01  0.00000E+00
  8.500E-01  5.50205E-05  1.39413E-02  6.93056E-07  9.99903E-01 -2.22045E-16
  8.750E-01  5.83045E-05  1.43514E-02  7.26269E-07  9.99897E-01  1.11022E-16
  9.000E-01  6.16838E-05  1.47615E-02  8.14854E-07  9.99891E-01  0.00000E+00
  9.250E-01  6.51582E-05  1.51716E-02  8.56368E-07  9.99885E-01 -2.22045E-16
  9.500E-01  6.87277E-05  1.55817E-02  8.49419E-07  9.99879E-01  2.22045E-16
  9.750E-01  7.23925E-05  1.59918E-02  9.03873E-07  9.99872E-01  0.00000E+00
  1.000E+00  7.61524E-05  1.64019E-02  9.67491E-07  9.99865E-01 -2.22045E-16
  1.100E+00  9.21439E-05  1.80423E-02  1.15622E-06  9.99837E-01  3.33067E-16
  1.200E+00  1.09658E-04  1.96828E-02  1.35919E-06  9.99806E-01  0.00000E+00
  1.300E+00  1.28695E-04  2.13234E-02  1.57930E-06  9.99773E-01 -2.22045E-16
  1.400E+00  1.49255E-04  2.29639E-02  1.81162E-06  9.99736E-01  1.11022E-16
  1.500E+00  1.71338E-04  2.46045E-02  2.05711E-06  9.99697E-01 -2.22045E-16
  1.600E+00  1.94942E-04  2.62451E-02  2.32220E-06  9.99656E-01  2.22045E-16
  1.700E+00  2.20070E-04  2.78857E-02  2.59916E-06  9.99611E-01  0.00000E+00
  1.800E+00  2.46720E-04  2.95263E-02  2.88842E-06  9.99564E-01  2.22045E-16
  1.900E+00  2.74892E-04  3.11669E-02  3.19684E-06  9.99514E-01 -4.44089E-16
  2.000E+00  3.04586E-04  3.28076E-02  3.51410E-06  9.99462E-01 -2.22045E-16
  2.100E+00  3.35803E-04  3.44482E-02  3.84196E-06  9.99406E-01  1.11022E-16
  2.200E+00  3.68542E-04  3.60888E-02  4.19009E-06  9.99349E-01  2.22045E-16
  2.300E+00  4.02802E-04  3.77294E-02  4.54294E-06  9.99288E-01 -2.22045E-16
  2.400E+00  4.38585E-04  3.93700E-02  4.90665E-06  9.99225E-01  3.33067E-16
  2.500E+00  4.75889E-04  4.10106E-02  5.29184E-06  9.99159E-01 -2.22045E-16
  2.600E+00  5.14715E-04  4.26512E-02  5.67470E-06  9.99090E-01 -4.44089E-16
  2.700E+00  5.55063E-04  4.42917E-02  6.06771E-06  9.99019E-01 -2.22045E-16
  2.800E+00  5.96931E-04  4.59322E-02  6.48322E-06  9.98945E-01 -4.44089E-16
  2.900E+00  6.40321E-04  4.75726E-02  6.89079E-06  9.98868E-01  1.11022E-16
  3.000E+00  6.85233E-04  4.92131E-02  7.30897E-06  9.98788E-01  2.22045E-16
  3.100E+00  7.31665E-04  5.08534E-02  7.75101E-06  9.98706E-01  2.22045E-16
  3.200E+00  7.79618E-04  5.24938E-02  8.17882E-06  9.98621E-01  0.00000E+00
  3.300E+00  8.29092E-04  5.41340E-02  8.61587E-06  9.98534E-01 -4.44089E-16
  3.400E+00  8.80086E-04  5.57743E-02  9.07627E-06  9.98443E-01 -2.22045E-16
  3.500E+00  9.32601E-04  5.74144E-02  9.52045E-06  9.98350E-01  1.11022E-16
  3.600E+00  9.86636E-04  5.90545E-02  9.97536E-06  9.98255E-01  1.11022E-16
  3.700E+00  1.04219E-03  6.06945E-02  1.04527E-05  9.98156E-01  2.22045E-16
  3.800E+00  1.09927E-03  6.23344E-02  1.09093E-05  9.98055E-01  2.22045E-16
  3.900E+00  1.15786E-03  6.39743E-02  1.13751E-05  9.97952E-01 -2.22045E-16
  4.000E+00  1.21797E-03  6.56141E-02  1.18626E-05  9.97845E-01 -4.44089E-16
  4.100E+00  1.27961E-03  6.72538E-02  1.23237E-05  9.97736E-01 -2.22045E-16
  4.200E+00  1.34276E-03  6.88934E-02  1.27973E-05  9.97624E-01 -2.22045E-16
  4.300E+00  1.40743E-03  7.05329E-02  1.32891E-05  9.97509E-01 -2.22045E-16
  4.400E+00  1.47362E-03  7.21723E-02  1.37517E-05  9.97392E-01 -2.22045E-16
  4.500E+00  1.54133E-03  7.38116E-02  1.42293E-05  9.97272E-01  1.11022E-16
  4.600E+00  1.61056E-03  7.54508E-02  1.47209E-05  9.97150E-01 -2.22045E-16
  4.700E+00  1.68131E-03  7.70898E-02  1.51802E-05  9.97024E-01  3.33067E-16
  4.800E+00  1.75357E-03  7.87288E-02  1.56571E-05  9.96896E-01  1.11022E-16
  4.900E+00  1.82735E-03  8.03676E-02  1.61458E-05  9.96765E-01  1.11022E-16
  5.000E+00  1.90265E-03  8.20063E-02  1.65991E-05  9.96632E-01  2.22045E-16
  5.100E+00  1.97947E-03  8.36448E-02  1.70701E-05  9.96496E-01  0.00000E+00
  5.200E+00  2.05780E-03  8.52833E-02  1.75490E-05  9.96357E-01 -2.22045E-16
  5.300E+00  2.13765E-03  8.69215E-02  1.79887E-05  9.96215E-01  2.22045E-16
  5.400E+00  2.21902E-03  8.85597E-02  1.84476E-05  9.96071E-01 -2.22045E-16
  5.500E+00  2.30190E-03  9.01977E-02  1.89138E-05  9.95924E-01  0.00000E+00
  5.600E+00  2.38630E-03  9.18355E-02  1.93368E-05  9.95774E-01  2.22045E-16
  5.700E+00  2.47222E-03  9.34731E-02  1.97799E-05  9.95622E-01  2.22045E-16
  5.800E+00  2.55965E-03  9.51107E-02  2.02289E-05  9.95467E-01  2.22045E-16
  5.900E+00  2.64859E-03  9.67479E-02  2.06298E-05  9.95309E-01  0.00000E+00
  6.000E+00  2.73905E-03  9.83851E-02  2.10545E-05  9.95148E-01  0.00000E+00
  6.100E+00  2.83103E-03  1.00022E-01  2.14861E-05  9.94985E-01 -2.22045E-16
  6.200E+00  2.92452E-03  1.01659E-01  2.18606E-05  9.94819E-01  2.22045E-16
  6.300E+00  3.01952E-03  1.03295E-01  2.22628E-05  9.94651E-01  3.33067E-16
  6.400E+00  3.11604E-03  1.04932E-01  2.26718E-05  9.94479E-01  1.11022E-16
  6.500E+00  3.21407E-03  1.06568E-01  2.30098E-05  9.94305E-01  1.11022E-16
  6.600E+00  3.31362E-03  1.08204E-01  2.33890E-05  9.94129E-01  1.11022E-16
  6.700E+00  3.41468E-03  1.09840E-01  2.37740E-05  9.93949E-01 -2.22045E-16
  6.800E+00  3.51725E-03  1.11475E-01  2.40632E-05  9.93767E-01 -2.22045E-16
  6.900E+00  3.62133E-03  1.13111E-01  2.44316E-05  9.93582E-01  1.11022E-16
  7.000E+00  3.72692E-03  1.14746E-01  2.47713E-05  9.93395E-01  1.11022E-16
  7.100E+00  3.83403E-03  1.16381E-01  2.50142E-05  9.93205E-01  0.00000E+00
  7.200E+00  3.94265E-03  1.18016E-01  2.53848E-05  9.93012E-01  1.11022E-16
  7.300E+00  4.05278E-03  1.19650E-01  2.56412E-05  9.92816E-01  0.00000E+00
  7.400E+00  4.16442E-03  1.21284E-01  2.58906E-05  9.92618E-01 -2.22045E-16
  7.500E+00  4.27757E-03  1.22918E-01  2.62043E-05  9.92417E-01  0.00000E+00
  7.600E+00  4.39223E-03  1.24552E-01  2.64054E-05  9.92213E-01  2.22045E-16
  7.700E+00  4.50840E-03  1.26185E-01  2.66444E-05  9.92007E-01  1.11022E-16
  7.800E+00  4.62608E-03  1.27819E-01  2.68817E-05  9.91798E-01  0.00000E+00
  7.900E+00  4.74527E-03  1.29451E-01  2.70569E-05  9.91586E-01 -4.44089E-16
  8.000E+00  4.86597E-03  1.31084E-01  2.72480E-05  9.91371E-01  2.22045E-16
  8.100E+00  4.98817E-03  1.32717E-01  2.74263E-05  9.91154E-01  0.00000E+00
  8.200E+00  5.11188E-03  1.34349E-01  2.75608E-05  9.90934E-01  0.00000E+00
  8.300E+00  5.23711E-03  1.35981E-01  2.76985E-05  9.90712E-01  2.22045E-16
  8.400E+00  5.36383E-03  1.37612E-01  2.78233E-05  9.90486E-01  1.11022E-16
  8.500E+00  5.49207E-03  1.39243E-01  2.79132E-05  9.90258E-01  2.22045E-16
  8.600E+00  5.62181E-03  1.40874E-01  2.79969E-05  9.90027E-01  1.11022E-16
  8.700E+00  5.75306E-03  1.42505E-01  2.80643E-05  9.89794E-01  0.00000E+00
  8.800E+00  5.88581E-03  1.44135E-01  2.80992E-05  9.89558E-01  1.11022E-16
  8.900E+00  6.02007E-03  1.45765E-01  2.81218E-05  9.89319E-01  0.00000E+00
  9.000E+00  6.15583E-03  1.47395E-01  2.81273E-05  9.89078E-01  3.33067E-16
  9.100E+00  6.29310E-03  1.49024E-01  2.81031E-05  9.88834E-01  3.33067E-16
  9.200E+00  6.43187E-03  1.50654E-01  2.80619E-05  9.88587E-01 -2.22045E-16
  9.300E+00  6.57214E-03  1.52282E-01  2.80016E-05  9.88337E-01 -4.44089E-16
  9.400E+00  6.71392E-03  1.53911E-01  2.79131E-05  9.88085E-01 -2.22045E-16
  9.500E+00  6.85720E-03  1.55539E-01  2.78064E-05  9.87830E-01  2.22045E-16
  9.600E+00  7.00198E-03  1.57166E-01  2.76817E-05  9.87572E-01 -4.44089E-16
  9.700E+00  7.14827E-03  1.58794E-01  2.75312E-05  9.87312E-01  0.00000E+00
  9.800E+00  7.29605E-03  1.60421E-01  2.73595E-05  9.87049E-01 -2.22045E-16
  9.900E+00  7.44534E-03  1.62047E-01  2.71665E-05  9.86783E-01  1.11022E-16
  1.000E+01  7.59612E-03  1.63674E-01  2.69465E-05  9.86515E-01  1.11022E-16
  1.025E+01  7.97965E-03  1.67738E-01  2.62949E-05  9.85832E-01  2.22045E-16
  1.050E+01  8.37255E-03  1.71800E-01  2.54874E-05  9.85132E-01  2.22045E-16
  1.075E+01  8.77480E-03  1.75859E-01  2.45259E-05  9.84415E-01  2.22045E-16
  1.100E+01  9.18641E-03  1.79916E-01  2.34122E-05  9.83682E-01  1.11022E-16
  1.125E+01  9.60736E-03  1.83970E-01  2.21318E-05  9.82932E-01  1.11022E-16
  1.150E+01  1.00376E-02  1.88021E-01  2.06771E-05  9.82165E-01  1.11022E-16
  1.175E+01  1.04773E-02  1.92070E-01  1.90407E-05  9.81381E-01  0.00000E+00
  1.200E+01  1.09262E-02  1.96116E-01  1.72258E-05  9.80581E-01  1.11022E-16
  1.225E+01  1.13844E-02  2.00159E-01  1.52265E-05  9.79764E-01  3.33067E-16
  1.250E+01  1.18520E-02  2.04199E-01  1.30280E-05  9.78929E-01  0.00000E+00
  1.275E+01  1.23288E-02  2.08235E-01  1.06229E-05  9.78079E-01  0.00000E+00
  1.300E+01  1.28150E-02  2.12269E-01  8.01003E-06  9.77211E-01 -4.44089E-16
  1.325E+01  1.33104E-02  2.16300E-01  5.19794E-06  9.76327E-01  4.44089E-16
  1.350E+01  1.38150E-02  2.20327E-01  2.18114E-06  9.75426E-01 -2.22045E-16
  1.375E+01  1.43290E-02  2.24351E-01 -1.05013E-06  9.74508E-01  1.11022E-16
  1.400E+01  1.48521E-02  2.28371E-01 -4.50023E-06  9.73574E-01  2.22045E-16
  1.425E+01  1.53845E-02  2.32388E-01 -8.16366E-06  9.72623E-01 -2.22045E-16
  1.450E+01  1.59262E-02  2.36402E-01 -1.20377E-05  9.71655E-01  1.11022E-16
  1.475E+01  1.64770E-02  2.40411E-01 -1.61273E-05  9.70671E-01  0.00000E+00
  1.500E+01  1.70371E-02  2.44417E-01 -2.04472E-05  9.69670E-01  2.22045E-16
  1.525E+01  1.76063E-02  2.48419E-01 -2.50009E-05  9.68653E-01 -2.22045E-16
  1.550E+01  1.81848E-02  2.52418E-01 -2.97854E-05  9.67618E-01 -4.44089E-16
  1.575E+01  1.87724E-02  2.56412E-01 -3.48046E-05  9.66568E-01 -2.22045E-16
  1.600E+01  1.93692E-02  2.60402E-01 -4.00735E-05  9.65500E-01 -4.44089E-16
  1.625E+01  1.99751E-02  2.64389E-01 -4.56054E-05  9.64416E-01  1.11022E-16
  1.650E+01  2.05901E-02  2.68371E-01 -5.13969E-05  9.63316E-01 -2.22045E-16
  1.675E+01  2.12143E-02  2.72348E-01 -5.74397E-05  9.62199E-01 -2.22045E-16
  1.700E+01  2.18476E-02  2.76322E-01 -6.37290E-05  9.61065E-01  1.11022E-16
  1.725E+01  2.24900E-02  2.80291E-01 -7.02783E-05  9.59915E-01  0.00000E+00
  1.750E+01  2.31415E-02  2.84255E-01 -7.70774E-05  9.58749E-01  0.00000E+00
  1.775E+01  2.38021E-02  2.88215E-01 -8.41569E-05  9.57566E-01 -2.22045E-16
  1.800E+01  2.44717E-02  2.92170E-01 -9.14808E-05  9.56366E-01  0.00000E+00
  1.825E+01  2.51504E-02  2.96121E-01 -9.90052E-05  9.55150E-01  0.00000E+00
  1.850E+01  2.58382E-02  3.00067E-01 -1.06844E-04  9.53918E-01  0.00000E+00
  1.875E+01  2.65349E-02  3.04008E-01 -1.14946E-04  9.52670E-01  1.11022E-16
  1.900E+01  2.72407E-02  3.07944E-01 -1.23307E-04  9.51405E-01  1.11022E-16
  1.925E+01  2.79555E-02  3.11875E-01 -1.31941E-04  9.50123E-01  1.11022E-16
  1.950E+01  2.86793E-02  3.15801E-01 -1.40855E-04  9.48826E-01 -2.22045E-16
  1.975E+01  2.94120E-02  3.19722E-01 -1.50070E-04  9.47512E-01 -2.22045E-16
  2.000E+01  3.01537E-02  3.23637E-01 -1.59580E-04  9.46181E-01 -2.22045E-16
  2.025E+01  3.09043E-02  3.27547E-01 -1.69381E-04  9.44835E-01 -2.22045E-16
  2.050E+01  3.16639E-02  3.31452E-01 -1.79465E-04  9.43472E-01  0.00000E+00
  2.075E+01  3.24324E-02  3.35352E-01 -1.89833E-04  9.42093E-01  1.11022E-16
  2.100E+01  3.32098E-02  3.39246E-01 -2.00488E-04  9.40698E-01  1.11022E-16
  2.125E+01  3.39961E-02  3.43134E-01 -2.11418E-04  9.39286E-01  1.11022E-16
  2.150E+01  3.47912E-02  3.47017E-01 -2.22623E-04  9.37859E-01 -2.22045E-16
  2.175E+01  3.55952E-02  3.50894E-01 -2.34102E-04  9.36415E-01  1.11022E-16
  2.200E+01  3.64081E-02  3.54765E-01 -2.45868E-04  9.34956E-01  0.00000E+00
  2.225E+01  3.72297E-02  3.58630E-01 -2.57924E-04  9.33480E-01  0.00000E+00
  2.250E+01  3.80602E-02  3.62489E-01 -2.70270E-04  9.31988E-01  3.33067E-16
  2.275E+01  3.88995E-02  3.66343E-01 -2.82912E-04  9.30480E-01  0.00000E+00
  2.300E+01  3.97476E-02  3.70190E-01 -2.95859E-04  9.28956E-01  1.11022E-16
  2.325E+01  4.06044E-02  3.74031E-01 -3.09125E-04  9.27416E-01  0.00000E+00
  2.350E+01  4.14700E-02  3.77866E-01 -3.22711E-04  9.25860E-01  0.00000E+00
  2.375E+01  4.23443E-02  3.81694E-01 -3.36614E-04  9.24289E-01  0.00000E+00
  2.400E+01  4.32273E-02  3.85516E-01 -3.50829E-04  9.22701E-01  2.22045E-16
  2.425E+01  4.41190E-02  3.89332E-01 -3.65347E-04  9.21097E-01  0.00000E+00
  2.450E+01  4.50194E-02  3.93141E-01 -3.80167E-04  9.19478E-01  0.00000E+00
  2.475E+01  4.59284E-02  3.96943E-01 -3.95279E-04  9.17843E-01 -4.44089E-16
  2.500E+01  4.68461E-02  4.00739E-01 -4.10679E-04  9.16192E-01  0.00000E+00
  2.550E+01  4.87074E-02  4.08311E-01 -4.42346E-04  9.12843E-01  0.00000E+00
  2.600E+01  5.06030E-02  4.15855E-01 -4.75199E-04  9.09431E-01 -2.22045E-16
  2.650E+01  5.25328E-02  4.23371E-01 -5.09323E-04  9.05956E-01 -2.22045E-16
  2.700E+01  5.44967E-02  4.30858E-01 -5.44771E-04  9.02420E-01  0.00000E+00
  2.750E+01  5.64946E-02  4.38316E-01 -5.81544E-04  8.98821E-01  2.22045E-16
  2.800E+01  5.85262E-02  4.45744E-01 -6.19609E-04  8.95160E-01  0.00000E+00
  2.850E+01  6.05914E-02  4.53142E-01 -6.58855E-04  8.91438E-01  0.00000E+00
  2.900E+01  6.26901E-02  4.60509E-01 -6.99287E-04  8.87655E-01  1.11022E-16
  2.950E+01  6.48222E-02  4.67845E-01 -7.40925E-04  8.83810E-01  2.22045E-16
  3.000E+01  6.69873E-02  4.75149E-01 -7.83877E-04  8.79905E-01  3.33067E-16
  3.050E+01  6.91854E-02  4.82420E-01 -8.28208E-04  8.75940E-01  0.00000E+00
  3.100E+01  7.14163E-02  4.89658E-01 -8.73885E-04  8.71914E-01  0.00000E+00
  3.150E+01  7.36799E-02  4.96863E-01 -9.20913E-04  8.67829E-01 -2.22045E-16
  3.200E+01  7.59760E-02  5.04033E-01 -9.69098E-04  8.63684E-01 -2.22045E-16
  3.250E+01  7.83043E-02  5.11170E-01 -1.01851E-03  8.59479E-01  0.00000E+00
  3.300E+01  8.06647E-02  5.18271E-01 -1.06913E-03  8.55216E-01 -2.22045E-16
  3.350E+01  8.30571E-02  5.25336E-01 -1.12104E-03  8.50894E-01  0.00000E+00
  3.400E+01  8.54812E-02  5.32366E-01 -1.17447E-03  8.46514E-01  1.11022E-16
  3.450E+01  8.79369E-02  5.39358E-01 -1.22912E-03  8.42076E-01  3.33067E-16
  3.500E+01  9.04240E-02  5.46313E-01 -1.28533E-03  8.37580E-01  0.00000E+00
  3.550E+01  9.29422E-02  5.53230E-01 -1.34239E-03  8.33027E-01  1.11022E-16
  3.600E+01  9.54915E-02  5.60111E-01 -1.40118E-03  8.28417E-01 -2.22045E-16
  3.650E+01  9.80716E-02  5.66951E-01 -1.46053E-03  8.23750E-01 -2.22045E-16
  3.700E+01  1.00682E-01  5.73753E-01 -1.52184E-03  8.19027E-01 -2.22045E-16
  3.750E+01  1.03323E-01  5.80515E-01 -1.58416E-03  8.14248E-01 -4.44089E-16
  3.800E+01  1.05995E-01  5.87237E-01 -1.64811E-03  8.09414E-01  0.00000E+00
  3.850E+01  1.08696E-01  5.93918E-01 -1.71329E-03  8.04524E-01 -4.44089E-16
  3.900E+01  1.11427E-01  6.00557E-01 -1.77967E-03  7.99580E-01  0.00000E+00
  3.950E+01  1.14188E-01  6.07156E-01 -1.84731E-03  7.94580E-01  2.22045E-16
  4.000E+01  1.16978E-01  6.13713E-01 -1.91610E-03  7.89527E-01 -2.22045E-16
  4.050E+01  1.19797E-01  6.20227E-01 -1.98634E-03  7.84420E-01 -2.22045E-16
  4.100E+01  1.22645E-01  6.26697E-01 -2.05795E-03  7.79260E-01  0.00000E+00
  4.150E+01  1.25522E-01  6.33124E-01 -2.13099E-03  7.74047E-01  1.11022E-16
  4.200E+01  1.28428E-01  6.39507E-01 -2.20535E-03  7.68782E-01 -2.22045E-16
  4.250E+01  1.31361E-01  6.45846E-01 -2.28089E-03  7.63464E-01 -2.22045E-16
  4.300E+01  1.34323E-01  6.52141E-01 -2.35768E-03  7.58094E-01  2.22045E-16
  4.350E+01  1.37313E-01  6.58390E-01 -2.43569E-03  7.52673E-01  1.11022E-16
  4.400E+01  1.40330E-01  6.64593E-01 -2.51509E-03  7.47201E-01 -2.22045E-16
  4.450E+01  1.43375E-01  6.70750E-01 -2.59589E-03  7.41679E-01  0.00000E+00
  4.500E+01  1.46447E-01  6.76860E-01 -2.67810E-03  7.36107E-01 -2.22045E-16
  4.550E+01  1.49545E-01  6.82923E-01 -2.76164E-03  7.30485E-01  0.00000E+00
  4.600E+01  1.52671E-01  6.88939E-01 -2.84638E-03  7.24814E-01  0.00000E+00
  4.650E+01  1.55823E-01  6.94907E-01 -2.93238E-03  7.19094E-01  2.22045E-16
  4.700E+01  1.59001E-01  7.00827E-01 -3.01962E-03  7.13325E-01  1.11022E-16
  4.750E+01  1.62205E-01  7.06698E-01 -3.10823E-03  7.07508E-01  0.00000E+00
  4.800E+01  1.65435E-01  7.12520E-01 -3.19826E-03  7.01645E-01  0.00000E+00
  4.850E+01  1.68690E-01  7.18292E-01 -3.28968E-03  6.95734E-01  0.00000E+00
  4.900E+01  1.71970E-01  7.24014E-01 -3.38244E-03  6.89777E-01  0.00000E+00
  4.950E+01  1.75276E-01  7.29686E-01 -3.47644E-03  6.83774E-01  0.00000E+00
  5.000E+01  1.78606E-01  7.35308E-01 -3.57169E-03  6.77724E-01  1.11022E-16
  5.050E+01  1.81961E-01  7.40878E-01 -3.66822E-03  6.71629E-01  2.22045E-16
  5.100E+01  1.85340E-01  7.46398E-01 -3.76611E-03  6.65490E-01  0.00000E+00
  5.150E+01  1.88743E-01  7.51865E-01 -3.86542E-03  6.59306E-01 -2.22045E-16
  5.200E+01  1.92169E-01  7.57279E-01 -3.96611E-03  6.53079E-01  0.00000E+00
  5.250E+01  1.95619E-01  7.62641E-01 -4.06817E-03  6.46809E-01  0.00000E+00
  5.300E+01  1.99092E-01  7.67950E-01 -4.17149E-03  6.40496E-01  0.00000E+00
  5.350E+01  2.02589E-01  7.73206E-01 -4.27608E-03  6.34140E-01  0.00000E+00
  5.400E+01  2.06107E-01  7.78409E-01 -4.38200E-03  6.27742E-01  2.22045E-16
  5.450E+01  2.09649E-01  7.83558E-01 -4.48925E-03  6.21303E-01  0.00000E+00
  5.500E+01  2.13212E-01  7.88652E-01 -4.59794E-03  6.14823E-01  1.11022E-16
  5.550E+01  2.16797E-01  7.93691E-01 -4.70802E-03  6.08303E-01  0.00000E+00
  5.600E+01  2.20404E-01  7.98675E-01 -4.81947E-03  6.01744E-01 -2.22045E-16
  5.650E+01  2.24032E-01  8.03603E-01 -4.93223E-03  5.95145E-01  3.33067E-16
  5.700E+01  2.27680E-01  8.08477E-01 -5.04630E-03  5.88506E-01  0.00000E+00
  5.750E+01  2.31350E-01  8.13295E-01 -5.16169E-03  5.81829E-01  0.00000E+00
  5.800E+01  2.35040E-01  8.18056E-01 -5.27848E-03  5.75114E-01  0.00000E+00
  5.850E+01  2.38751E-01  8.22760E-01 -5.39668E-03  5.68363E-01  0.00000E+00
  5.900E+01  2.42481E-01  8.27408E-01 -5.51630E-03  5.61575E-01  0.00000E+00
  5.950E+01  2.46231E-01  8.31998E-01 -5.63731E-03  5.54751E-01  0.00000E+00
  6.000E+01  2.50000E-01  8.36530E-01 -5.75967E-03  5.47891E-01  0.00000E+00
  6.050E+01  2.53788E-01  8.41005E-01 -5.88338E-03  5.40995E-01 -4.44089E-16
  6.100E+01  2.57595E-01  8.45423E-01 -6.00846E-03  5.34064E-01  1.11022E-16
  6.150E+01  2.61421E-01  8.49782E-01 -6.13495E-03  5.27099E-01  2.22045E-16
  6.200E+01  2.65264E-01  8.54082E-01 -6.26288E-03  5.20101E-01 -2.22045E-16
  6.250E+01  2.69126E-01  8.58323E-01 -6.39226E-03  5.13070E-01  1.11022E-16
  6.300E+01  2.73005E-01  8.62504E-01 -6.52304E-03  5.06007E-01  0.00000E+00
  6.350E+01  2.76901E-01  8.66627E-01 -6.65521E-03  4.98913E-01  0.00000E+00
  6.400E+01  2.80814E-01  8.70690E-01 -6.78879E-03  4.91786E-01 -2.22045E-16
  6.450E+01  2.84744E-01  8.74693E-01 -6.92379E-03  4.84627E-01 -2.22045E-16
  6.500E+01  2.88691E-01  8.78637E-01 -7.06026E-03  4.77438E-01  0.00000E+00
  6.550E+01  2.92653E-01  8.82520E-01 -7.19821E-03  4.70220E-01 -4.44089E-16
  6.600E+01  2.96632E-01  8.86342E-01 -7.33763E-03  4.62974E-01  0.00000E+00
  6.650E+01  3.00625E-01  8.90102E-01 -7.47846E-03  4.55699E-01  0.00000E+00
  6.700E+01  3.04634E-01  8.93802E-01 -7.62070E-03  4.48397E-01  2.22045E-16
  6.750E+01  3.08658E-01  8.97441E-01 -7.76440E-03  4.41066E-01  1.11022E-16
  6.800E+01  3.12697E-01  9.01019E-01 -7.90964E-03  4.33707E-01  0.00000E+00
  6.850E+01  3.16749E-01  9.04536E-01 -8.05648E-03  4.26321E-01  4.44089E-16
  6.900E+01  3.20816E-01  9.07990E-01 -8.20491E-03  4.18910E-01  0.00000E+00
  6.950E+01  3.24896E-01  9.11382E-01 -8.35475E-03  4.11476E-01  2.22045E-16
  7.000E+01  3.28990E-01  9.14711E-01 -8.50585E-03  4.04019E-01  1.11022E-16
  7.050E+01  3.33097E-01  9.17978E-01 -8.65824E-03  3.96537E-01  2.22045E-16
  7.100E+01  3.37216E-01  9.21183E-01 -8.81236E-03  3.89030E-01 -2.22045E-16
  7.150E+01  3.41348E-01  9.24327E-01 -8.96874E-03  3.81496E-01  1.11022E-16
  7.200E+01  3.45492E-01  9.27408E-01 -9.12744E-03  3.73941E-01  0.00000E+00
  7.250E+01  3.49647E-01  9.30423E-01 -9.28537E-03  3.66369E-01  0.00000E+00
  7.300E+01  3.53814E-01  9.33375E-01 -9.44525E-03  3.58778E-01 -2.22045E-16
  7.350E+01  3.57992E-01  9.36265E-01 -9.60753E-03  3.51164E-01 -2.22045E-16
  7.400E+01  3.62181E-01  9.39092E-01 -9.77176E-03  3.43527E-01 -2.22045E-16
  7.450E+01  3.66381E-01  9.41856E-01 -9.93745E-03  3.35871E-01  0.00000E+00
  7.500E+01  3.70590E-01  9.44556E-01 -1.01045E-02  3.28196E-01  2.22045E-16
  7.550E+01  3.74810E-01  9.47191E-01 -1.02729E-02  3.20505E-01  1.11022E-16
  7.600E+01  3.79039E-01  9.49762E-01 -1.04430E-02  3.12798E-01  1.11022E-16
  7.650E+01  3.83277E-01  9.52270E-01 -1.06148E-02  3.05074E-01  3.33067E-16
  7.700E+01  3.87524E-01  9.54713E-01 -1.07885E-02  2.97332E-01  2.22045E-16
  7.750E+01  3.91780E-01  9.57093E-01 -1.09640E-02  2.89574E-01  2.22045E-16
  7.800E+01  3.96044E-01  9.59408E-01 -1.11411E-02  2.81801E-01 -2.22045E-16
  7.850E+01  4.00316E-01  9.61659E-01 -1.13198E-02  2.74013E-01  0.00000E+00
  7.900E+01  4.04596E-01  9.63846E-01 -1.15002E-02  2.66212E-01  0.00000E+00
  7.950E+01  4.08882E-01  9.65968E-01 -1.16823E-02  2.58399E-01 -2.22045E-16
  8.000E+01  4.13176E-01  9.68025E-01 -1.18662E-02  2.50573E-01  0.00000E+00
  8.050E+01  4.17476E-01  9.70018E-01 -1.20519E-02  2.42735E-01  0.00000E+00
  8.100E+01  4.21783E-01  9.71946E-01 -1.22395E-02  2.34885E-01  0.00000E+00
  8.150E+01  4.26095E-01  9.73810E-01 -1.24290E-02  2.27024E-01  2.22045E-16
  8.200E+01  4.30413E-01  9.75609E-01 -1.26202E-02  2.19153E-01  3.33067E-16
  8.250E+01  4.34737E-01  9.77343E-01 -1.28132E-02  2.11273E-01 -2.22045E-16
  8.300E+01  4.39065E-01  9.79013E-01 -1.30080E-02  2.03384E-01  1.11022E-16
  8.350E+01  4.43398E-01  9.80617E-01 -1.32047E-02  1.95488E-01  2.22045E-16
  8.400E+01  4.47736E-01  9.82157E-01 -1.34033E-02  1.87584E-01  0.00000E+00
  8.450E+01  4.52077E-01  9.83632E-01 -1.36039E-02  1.79672E-01 -2.22045E-16
  8.500E+01  4.56422E-01  9.85043E-01 -1.38065E-02  1.71754E-01  2.22045E-16
  8.550E+01  4.60770E-01  9.86389E-01 -1.40111E-02  1.63829E-01 -2.22045E-16
  8.600E+01  4.65122E-01  9.87670E-01 -1.42176E-02  1.55900E-01  0.00000E+00
  8.650E+01  4.69476E-01  9.88887E-01 -1.44261E-02  1.47967E-01 -4.44089E-16
  8.700E+01  4.73832E-01  9.90039E-01 -1.46365E-02  1.40031E-01  3.33067E-16
  8.750E+01  4.78190E-01  9.91126E-01 -1.48490E-02  1.32091E-01 -4.44089E-16
  8.800E+01  4.82550E-01  9.92149E-01 -1.50636E-02  1.24149E-01  0.00000E+00
  8.850E+01  4.86912E-01  9.93108E-01 -1.52804E-02  1.16204E-01  0.00000E+00
  8.900E+01  4.91274E-01  9.94002E-01 -1.54993E-02  1.08257E-01  1.11022E-16
  8.950E+01  4.95637E-01  9.94832E-01 -1.57204E-02  1.00310E-01 -2.22045E-16
  9.000E+01  5.00000E-01  9.95598E-01 -1.59436E-02  9.23641E-02  2.22045E-16
  9.050E+01  5.04363E-01  9.96299E-01 -1.61689E-02  8.44187E-02  2.22045E-16
  9.100E+01  5.08726E-01  9.96937E-01 -1.63964E-02  7.64748E-02  0.00000E+00
  9.150E+01  5.13088E-01  9.97510E-01 -1.66262E-02  6.85324E-02  0.00000E+00
  9.200E+01  5.17450E-01  9.98020E-01 -1.68584E-02  6.05922E-02  2.22045E-16
  9.250E+01  5.21810E-01  9.98466E-01 -1.70929E-02  5.26549E-02  2.22045E-16
  9.300E+01  5.26168E-01  9.98849E-01 -1.73298E-02  4.47215E-02  4.44089E-16
  9.350E+01  5.30524E-01  9.99168E-01 -1.75690E-02  3.67930E-02  0.00000E+00
  9.400E+01  5.34878E-01  9.99424E-01 -1.78105E-02  2.88700E-02 -2.22045E-16
  9.450E+01  5.39230E-01  9.99617E-01 -1.80544E-02  2.09531E-02  0.00000E+00
  9.500E+01  5.43578E-01  9.99747E-01 -1.83009E-02  1.30424E-02  0.00000E+00
  9.550E+01  5.47923E-01  9.99815E-01 -1.85499E-02  5.13840E-03 -2.22045E-16
  9.600E+01  5.52264E-01  9.99819E-01 -1.88016E-02 -2.75832E-03  0.00000E+00
  9.650E+01  5.56602E-01  9.99762E-01 -1.90558E-02 -1.06467E-02  5.55112E-16
  9.700E+01  5.60935E-01  9.99642E-01 -1.93126E-02 -1.85257E-02 -2.22045E-16
  9.750E+01  5.65263E-01  9.99460E-01 -1.95719E-02 -2.63946E-02 -2.22045E-16
  9.800E+01  5.69587E-01  9.99216E-01 -1.98339E-02 -3.42529E-02 -2.22045E-16
  9.850E+01  5.73905E-01  9.98911E-01 -2.00986E-02 -4.21003E-02  0.00000E+00
  9.900E+01  5.78217E-01  9.98545E-01 -2.03662E-02 -4.99365E-02 -2.22045E-16
  9.950E+01  5.82524E-01  9.98117E-01 -2.06367E-02 -5.77609E-02 -2.22045E-16
  1.000E+02  5.86824E-01  9.97629E-01 -2.09102E-02 -6.55725E-02  3.33067E-16
  1.005E+02  5.91118E-01  9.97080E-01 -2.11864E-02 -7.33703E-02  0.00000E+00
  1.010E+02  5.95404E-01  9.96470E-01 -2.14655E-02 -8.11534E-02  0.00000E+00
  1.015E+02  5.99684E-01  9.95801E-01 -2.17475E-02 -8.89212E-02 -2.22045E-16
  1.020E+02  6.03956E-01  9.95072E-01 -2.20326E-02 -9.66735E-02  4.44089E-16
  1.025E+02  6.08220E-01  9.94284E-01 -2.23208E-02 -1.04410E-01  1.11022E-16
  1.030E+02  6.12476E-01  9.93436E-01 -2.26123E-02 -1.12130E-01  0.00000E+00
  1.035E+02  6.16723E-01  9.92530E-01 -2.29070E-02 -1.19833E-01 -2.22045E-16
  1.040E+02  6.20961E-01  9.91565E-01 -2.32050E-02 -1.27518E-01  0.00000E+00
  1.045E+02  6.25190E-01  9.90542E-01 -2.35062E-02 -1.35183E-01  2.22045E-16
  1.050E+02  6.29410E-01  9.89461E-01 -2.38106E-02 -1.42828E-01  3.33067E-16
  1.055E+02  6.33619E-01  9.88323E-01 -2.41184E-02 -1.50454E-01  4.44089E-16
  1.060E+02  6.37819E-01  9.87127E-01 -2.44297E-02 -1.58059E-01  2.22045E-16
  1.065E+02  6.42008E-01  9.85875E-01 -2.47447E-02 -1.65642E-01 -2.22045E-16
  1.070E+02  6.46186E-01  9.84567E-01 -2.50635E-02 -1.73204E-01  0.00000E+00
  1.075E+02  6.50353E-01  9.83203E-01 -2.53857E-02 -1.80744E-01 -2.22045E-16
  1.080E+02  6.54508E-01  9.81783E-01 -2.57120E-02 -1.88259E-01  1.11022E-16
  1.085E+02  6.58652E-01  9.80308E-01 -2.60414E-02 -1.95750E-01  2.22045E-16
  1.090E+02  6.62784E-01  9.78779E-01 -2.63751E-02 -2.03216E-01  0.00000E+00
  1.095E+02  6.66903E-01  9.77195E-01 -2.67125E-02 -2.10657E-01 -4.44089E-16
  1.100E+02  6.71010E-01  9.75558E-01 -2.70542E-02 -2.18072E-01 -2.22045E-16
  1.105E+02  6.75104E-01  9.73867E-01 -2.74001E-02 -2.25461E-01  0.00000E+00
  1.110E+02  6.79184E-01  9.72123E-01 -2.77501E-02 -2.32823E-01 -2.22045E-16
  1.115E+02  6.83251E-01  9.70327E-01 -2.81044E-02 -2.40156E-01  0.00000E+00
  1.120E+02  6.87303E-01  9.68480E-01 -2.84628E-02 -2.47460E-01 -2.22045E-16
  1.125E+02  6.91342E-01  9.66581E-01 -2.88256E-02 -2.54734E-01  0.00000E+00
  1.130E+02  6.95366E-01  9.64632E-01 -2.91929E-02 -2.61978E-01  0.00000E+00
  1.135E+02  6.99375E-01  9.62633E-01 -2.95650E-02 -2.69192E-01 -2.22045E-16
  1.140E+02  7.03368E-01  9.60583E-01 -2.99419E-02 -2.76375E-01 -2.22045E-16
  1.145E+02  7.07347E-01  9.58485E-01 -3.03237E-02 -2.83526E-01 -2.22045E-16
  1.150E+02  7.11309E-01  9.56338E-01 -3.07103E-02 -2.90644E-01  3.33067E-16
  1.155E+02  7.15256E-01  9.54144E-01 -3.11017E-02 -2.97728E-01  2.22045E-16
  1.160E+02  7.19186E-01  9.51903E-01 -3.14981E-02 -3.04778E-01  0.00000E+00
  1.165E+02  7.23099E-01  9.49615E-01 -3.18997E-02 -3.11792E-01  0.00000E+00
  1.170E+02  7.26995E-01  9.47281E-01 -3.23068E-02 -3.18772E-01  3.33067E-16
  1.175E+02  7.30874E-01  9.44901E-01 -3.27196E-02 -3.25716E-01  0.00000E+00
  1.180E+02  7.34736E-01  9.42478E-01 -3.31380E-02 -3.32623E-01 -2.22045E-16
  1.185E+02  7.38579E-01  9.40010E-01 -3.35621E-02 -3.39492E-01  1.11022E-16
  1.190E+02  7.42405E-01  9.37499E-01 -3.39918E-02 -3.46323E-01  1.11022E-16
  1.195E+02  7.46212E-01  9.34947E-01 -3.44272E-02 -3.53114E-01 -2.22045E-16
  1.200E+02  7.50000E-01  9.32353E-01 -3.48687E-02 -3.59865E-01 -2.22045E-16
  1.205E+02  7.53769E-01  9.29718E-01 -3.53166E-02 -3.66576E-01 -2.22045E-16
  1.210E+02  7.57519E-01  9.27042E-01 -3.57711E-02 -3.73246E-01  0.00000E+00
  1.215E+02  7.61249E-01  9.24328E-01 -3.62322E-02 -3.79875E-01  0.00000E+00
  1.220E+02  7.64960E-01  9.21575E-01 -3.67001E-02 -3.86462E-01  2.22045E-16
  1.225E+02  7.68650E-01  9.18785E-01 -3.71746E-02 -3.93004E-01 -4.44089E-16
  1.230E+02  7.72320E-01  9.15959E-01 -3.76558E-02 -3.99501E-01  3.33067E-16
  1.235E+02  7.75968E-01  9.13097E-01 -3.81442E-02 -4.05953E-01 -2.22045E-16
  1.240E+02  7.79596E-01  9.10201E-01 -3.86400E-02 -4.12360E-01  2.22045E-16
  1.245E+02  7.83203E-01  9.07271E-01 -3.91437E-02 -4.18722E-01  0.00000E+00
  1.250E+02  7.86788E-01  9.04307E-01 -3.96553E-02 -4.25036E-01  0.00000E+00
  1.255E+02  7.90351E-01  9.01312E-01 -4.01749E-02 -4.31303E-01  3.33067E-16
  1.260E+02  7.93893E-01  8.98287E-01 -4.07024E-02 -4.37520E-01 -2.22045E-16
  1.265E+02  7.97411E-01  8.95232E-01 -4.12379E-02 -4.43687E-01  0.00000E+00
  1.270E+02  8.00908E-01  8.92150E-01 -4.17819E-02 -4.49804E-01  1.11022E-16
  1.275E+02  8.04381E-01  8.89040E-01 -4.23348E-02 -4.55869E-01  0.00000E+00
  1.280E+02  8.07831E-01  8.85903E-01 -4.28970E-02 -4.61883E-01  2.22045E-16
  1.285E+02  8.11257E-01  8.82741E-01 -4.34688E-02 -4.67844E-01 -2.22045E-16
  1.290E+02  8.14660E-01  8.79556E-01 -4.40502E-02 -4.73752E-01  1.11022E-16
  1.295E+02  8.18039E-01  8.76348E-01 -4.46413E-02 -4.79605E-01  1.11022E-16
  1.300E+02  8.21394E-01  8.73120E-01 -4.52420E-02 -4.85401E-01 -6.66134E-16
  1.305E+02  8.24724E-01  8.69873E-01 -4.58529E-02 -4.91141E-01  0.00000E+00
  1.310E+02  8.28030E-01  8.66607E-01 -4.64745E-02 -4.96823E-01  0.00000E+00
  1.315E+02  8.31310E-01  8.63324E-01 -4.71073E-02 -5.02447E-01  3.33067E-16
  1.320E+02  8.34565E-01  8.60025E-01 -4.77518E-02 -5.08013E-01 -2.22045E-16
  1.325E+02  8.37795E-01  8.56712E-01 -4.84081E-02 -5.13519E-01  3.33067E-16
  1.330E+02  8.40999E-01  8.53387E-01 -4.90762E-02 -5.18963E-01  3.33067E-16
  1.335E+02  8.44177E-01  8.50052E-01 -4.97563E-02 -5.24343E-01  0.00000E+00
  1.340E+02  8.47329E-01  8.46709E-01 -5.04487E-02 -5.29660E-01 -4.44089E-16
  1.345E+02  8.50455E-01  8.43358E-01 -5.11541E-02 -5.34911E-01 -4.44089E-16
  1.350E+02  8.53553E-01  8.40002E-01 -5.18733E-02 -5.40098E-01 -4.44089E-16
  1.355E+02  8.56625E-01  8.36642E-01 -5.26069E-02 -5.45218E-01  2.22045E-16
  1.360E+02  8.59670E-01  8.33279E-01 -5.33551E-02 -5.50271E-01 -2.22045E-16
  1.365E+02  8.62687E-01  8.29918E-01 -5.41181E-02 -5.55255E-01  3.33067E-16
  1.370E+02  8.65677E-01  8.26559E-01 -5.48960E-02 -5.60166E-01  0.00000E+00
  1.375E+02  8.68639E-01  8.23206E-01 -5.56892E-02 -5.65005E-01  2.22045E-16
  1.380E+02  8.71572E-01  8.19860E-01 -5.64984E-02 -5.69770E-01  0.00000E+00
  1.385E+02  8.74478E-01  8.16523E-01 -5.73248E-02 -5.74460E-01  3.33067E-16
  1.390E+02  8.77355E-01  8.13197E-01 -5.81692E-02 -5.79075E-01  1.11022E-16
  1.395E+02  8.80203E-01  8.09883E-01 -5.90321E-02 -5.83613E-01  0.00000E+00
  1.400E+02  8.83022E-01  8.06587E-01 -5.99138E-02 -5.88072E-01  2.22045E-16
  1.405E+02  8.85812E-01  8.03310E-01 -6.08144E-02 -5.92448E-01 -2.22045E-16
  1.410E+02  8.88573E-01  8.00057E-01 -6.17343E-02 -5.96740E-01  0.00000E+00
  1.415E+02  8.91304E-01  7.96829E-01 -6.26742E-02 -6.00945E-01  1.11022E-16
  1.420E+02  8.94005E-01  7.93630E-01 -6.36355E-02 -6.05064E-01 -2.22045E-16
  1.425E+02  8.96677E-01  7.90460E-01 -6.46199E-02 -6.09096E-01  2.22045E-16
  1.430E+02  8.99318E-01  7.87322E-01 -6.56289E-02 -6.13039E-01  0.00000E+00
  1.435E+02  9.01928E-01  7.84221E-01 -6.66629E-02 -6.16890E-01  2.22045E-16
  1.440E+02  9.04508E-01  7.81164E-01 -6.77202E-02 -6.20642E-01  1.11022E-16
  1.445E+02  9.07058E-01  7.78156E-01 -6.87992E-02 -6.24291E-01  0.00000E+00
  1.450E+02  9.09576E-01  7.75197E-01 -6.99065E-02 -6.27840E-01 -4.44089E-16
  1.455E+02  9.12063E-01  7.72288E-01 -7.10437E-02 -6.31288E-01  0.00000E+00
  1.460E+02  9.14519E-01  7.69434E-01 -7.22110E-02 -6.34632E-01  0.00000E+00
  1.465E+02  9.16943E-01  7.66641E-01 -7.34084E-02 -6.37866E-01  0.00000E+00
  1.470E+02  9.19335E-01  7.63916E-01 -7.46361E-02 -6.40985E-01  2.22045E-16
  1.475E+02  9.21696E-01  7.61264E-01 -7.58953E-02 -6.43985E-01  0.00000E+00
  1.480E+02  9.24024E-01  7.58690E-01 -7.71880E-02 -6.46863E-01  2.22045E-16
  1.485E+02  9.26320E-01  7.56197E-01 -7.85163E-02 -6.49617E-01  2.22045E-16
  1.490E+02  9.28584E-01  7.53790E-01 -7.98824E-02 -6.52242E-01  0.00000E+00
  1.495E+02  9.30815E-01  7.51474E-01 -8.12879E-02 -6.54736E-01  1.11022E-16
  1.500E+02  9.33013E-01  7.49258E-01 -8.27339E-02 -6.57091E-01 -2.22045E-16
  1.505E+02  9.35178E-01  7.47148E-01 -8.42216E-02 -6.59300E-01  0.00000E+00
  1.510E+02  9.37310E-01  7.45152E-01 -8.57522E-02 -6.61358E-01 -2.22045E-16
  1.515E+02  9.39409E-01  7.43278E-01 -8.73279E-02 -6.63258E-01  0.00000E+00
  1.520E+02  9.41474E-01  7.41533E-01 -8.89514E-02 -6.64994E-01  1.11022E-16
  1.525E+02  9.43505E-01  7.39922E-01 -9.06257E-02 -6.66560E-01  3.33067E-16
  1.530E+02  9.45503E-01  7.38453E-01 -9.23536E-02 -6.67950E-01 -4.44089E-16
  1.535E+02  9.47467E-01  7.37137E-01 -9.41372E-02 -6.69154E-01  4.44089E-16
  1.540E+02  9.49397E-01  7.35985E-01 -9.59784E-02 -6.70160E-01  0.00000E+00
  1.545E+02  9.51293E-01  7.35006E-01 -9.78792E-02 -6.70959E-01  0.00000E+00
  1.550E+02  9.53154E-01  7.34213E-01 -9.98425E-02 -6.71537E-01 -2.22045E-16
  1.555E+02  9.54981E-01  7.33616E-01 -1.01872E-01 -6.71885E-01  0.00000E+00
  1.560E+02  9.56773E-01  7.33224E-01 -1.03972E-01 -6.71991E-01  2.22045E-16
  1.565E+02  9.58530E-01  7.33050E-01 -1.06147E-01 -6.71841E-01  0.00000E+00
  1.570E+02  9.60252E-01  7.33107E-01 -1.08400E-01 -6.71419E-01  0.00000E+00
  1.575E+02  9.61940E-01  7.33411E-01 -1.10735E-01 -6.70706E-01 -2.22045E-16
  1.580E+02  9.63592E-01  7.33977E-01 -1.13154E-01 -6.69682E-01  2.22045E-16
  1.585E+02  9.65209E-01  7.34824E-01 -1.15662E-01 -6.68323E-01  3.33067E-16
  1.590E+02  9.66790E-01  7.35966E-01 -1.18265E-01 -6.66609E-01  1.11022E-16
  1.595E+02  9.68336E-01  7.37420E-01 -1.20967E-01 -6.64514E-01  0.00000E+00
  1.600E+02  9.69846E-01  7.39203E-01 -1.23777E-01 -6.62011E-01  1.11022E-16
  1.605E+02  9.71321E-01  7.41333E-01 -1.26699E-01 -6.59069E-01  0.00000E+00
  1.610E+02  9.72759E-01  7.43835E-01 -1.29739E-01 -6.55651E-01  3.33067E-16
  1.615E+02  9.74162E-01  7.46731E-01 -1.32901E-01 -6.51714E-01  0.00000E+00
  1.620E+02  9.75528E-01  7.50046E-01 -1.36192E-01 -6.47212E-01  4.44089E-16
  1.625E+02  9.76858E-01  7.53803E-01 -1.39618E-01 -6.42096E-01  2.22045E-16
  1.630E+02  9.78152E-01  7.58025E-01 -1.43189E-01 -6.36313E-01  2.22045E-16
  1.635E+02  9.79410E-01  7.62736E-01 -1.46912E-01 -6.29802E-01  1.11022E-16
  1.640E+02  9.80631E-01  7.67962E-01 -1.50797E-01 -6.22491E-01  2.22045E-16
  1.645E+02  9.81815E-01  7.73729E-01 -1.54850E-01 -6.14300E-01  0.00000E+00
  1.650E+02  9.82963E-01  7.80069E-01 -1.59077E-01 -6.05134E-01  0.00000E+00
  1.655E+02  9.84074E-01  7.87008E-01 -1.63484E-01 -5.94888E-01  2.22045E-16
  1.660E+02  9.85148E-01  7.94571E-01 -1.68079E-01 -5.83444E-01  2.22045E-16
  1.665E+02  9.86185E-01  8.02777E-01 -1.72868E-01 -5.70671E-01  2.22045E-16
  1.670E+02  9.87185E-01  8.11642E-01 -1.77860E-01 -5.56419E-01  1.11022E-16
  1.675E+02  9.88148E-01  8.21177E-01 -1.83059E-01 -5.40516E-01 -2.22045E-16
  1.680E+02  9.89074E-01  8.31386E-01 -1.88466E-01 -5.22760E-01  1.11022E-16
  1.685E+02  9.89962E-01  8.42263E-01 -1.94074E-01 -5.02919E-01 -2.22045E-16
  1.690E+02  9.90814E-01  8.53787E-01 -1.99874E-01 -4.80727E-01 -4.44089E-16
  1.695E+02  9.91627E-01  8.65908E-01 -2.05850E-01 -4.55882E-01 -2.22045E-16
  1.700E+02  9.92404E-01  8.78545E-01 -2.11981E-01 -4.28045E-01 -2.22045E-16
  1.705E+02  9.93143E-01  8.91572E-01 -2.18234E-01 -3.96829E-01  0.00000E+00
  1.710E+02  9.93844E-01  9.04808E-01 -2.24558E-01 -3.61796E-01 -4.44089E-16
  1.715E+02  9.94508E-01  9.18001E-01 -2.30878E-01 -3.22444E-01  2.22045E-16
  1.720E+02  9.95134E-01  9.30801E-01 -2.37084E-01 -2.78210E-01  7.77156E-16
  1.725E+02  9.95722E-01  9.42728E-01 -2.43029E-01 -2.28476E-01 -2.22045E-16
  1.730E+02  9.96273E-01  9.53128E-01 -2.48518E-01 -1.72585E-01 -2.22045E-16
  1.735E+02  9.96786E-01  9.61130E-01 -2.53294E-01 -1.09866E-01  3.33067E-16
  1.740E+02  9.97261E-01  9.65590E-01 -2.57026E-01 -3.96758E-02  3.33067E-16
  1.745E+02  9.97698E-01  9.65033E-01 -2.59281E-01  3.85416E-02  3.33067E-16
  1.750E+02  9.98097E-01  9.57598E-01 -2.59508E-01  1.25148E-01  0.00000E+00
  1.755E+02  9.98459E-01  9.40995E-01 -2.57021E-01  2.20155E-01  2.22045E-16
  1.760E+02  9.98782E-01  9.12506E-01 -2.51006E-01  3.23000E-01  2.22045E-16
  1.765E+02  9.99067E-01  8.69071E-01 -2.40554E-01  4.32260E-01  0.00000E+00
  1.770E+02  9.99315E-01  8.07521E-01 -2.24729E-01  5.45350E-01  2.22045E-16
  1.775E+02  9.99524E-01  7.24989E-01 -2.02690E-01  6.58261E-01  0.00000E+00
  1.780E+02  9.99695E-01  6.19523E-01 -1.73864E-01  7.65482E-01  1.11022E-16
  1.785E+02  9.99829E-01  4.90838E-01 -1.38167E-01  8.60225E-01 -2.22045E-16
  1.790E+02  9.99924E-01  3.41032E-01 -9.62115E-02  9.35115E-01  0.00000E+00
  1.795E+02  9.99981E-01  1.74961E-01 -4.94265E-02  9.83334E-01  1.11022E-16
  1.800E+02  1.00000E+00  2.47686E-15 -7.00075E-16  1.00000E+00  0.00000E+00
