 #  Scattering amplitudes (in cm)      MU=(1-cos(TH))/2
 #  Z =  47,   projectile: electron
 #  Kinetic energy = 8.10000E+06 eV
 #
 # TH (deg)      MU          Re(F)        Im(F)        Re(G)        Im(G)        ERRF         ERRG 
 #-----------------------------------------------------------------------------------------------------------------
  0.000E+00  0.00000E+00  1.42960E-06  1.49478E-07  0.00000E+00  0.00000E+00  1.18977E-07  0.00000E+00
  1.000E-04  7.61557E-13  1.42959E-06  1.49478E-07  1.17345E-12  1.22706E-13  1.18921E-07  8.51505E-07
  1.250E-04  1.18994E-12  1.42958E-06  1.49478E-07  1.46681E-12  1.53382E-13  1.18890E-07  8.51395E-07
  1.500E-04  1.71346E-12  1.42957E-06  1.49478E-07  1.76016E-12  1.84058E-13  1.18852E-07  8.51261E-07
  1.750E-04  2.33225E-12  1.42956E-06  1.49478E-07  2.05351E-12  2.14735E-13  1.18807E-07  8.51102E-07
  2.000E-04  3.04617E-12  1.42955E-06  1.49478E-07  2.34685E-12  2.45411E-13  1.18755E-07  8.50919E-07
  2.250E-04  3.85530E-12  1.42954E-06  1.49478E-07  2.64018E-12  2.76087E-13  1.18696E-07  8.50711E-07
  2.500E-04  4.75964E-12  1.42953E-06  1.49477E-07  2.93350E-12  3.06763E-13  1.18630E-07  8.50479E-07
  2.750E-04  5.75917E-12  1.42951E-06  1.49477E-07  3.22682E-12  3.37439E-13  1.18557E-07  8.50223E-07
  3.000E-04  6.85391E-12  1.42950E-06  1.49477E-07  3.52013E-12  3.68115E-13  1.18478E-07  8.49943E-07
  3.250E-04  8.04379E-12  1.42948E-06  1.49477E-07  3.81343E-12  3.98791E-13  1.18391E-07  8.49638E-07
  3.500E-04  9.32893E-12  1.42946E-06  1.49477E-07  4.10671E-12  4.29467E-13  1.18298E-07  8.49309E-07
  3.750E-04  1.07092E-11  1.42944E-06  1.49477E-07  4.39998E-12  4.60142E-13  1.18197E-07  8.48955E-07
  4.000E-04  1.21847E-11  1.42942E-06  1.49476E-07  4.69324E-12  4.90818E-13  1.18090E-07  8.48578E-07
  4.250E-04  1.37554E-11  1.42939E-06  1.49476E-07  4.98649E-12  5.21493E-13  1.17976E-07  8.48176E-07
  4.500E-04  1.54213E-11  1.42937E-06  1.49476E-07  5.27972E-12  5.52169E-13  1.17855E-07  8.47749E-07
  4.750E-04  1.71823E-11  1.42934E-06  1.49476E-07  5.57294E-12  5.82844E-13  1.17727E-07  8.47299E-07
  5.000E-04  1.90386E-11  1.42931E-06  1.49476E-07  5.86613E-12  6.13519E-13  1.17593E-07  8.46824E-07
  5.250E-04  2.09900E-11  1.42929E-06  1.49475E-07  6.15932E-12  6.44194E-13  1.17451E-07  8.46326E-07
  5.500E-04  2.30367E-11  1.42926E-06  1.49475E-07  6.45248E-12  6.74868E-13  1.17303E-07  8.45803E-07
  5.750E-04  2.51785E-11  1.42922E-06  1.49475E-07  6.74562E-12  7.05543E-13  1.17148E-07  8.45256E-07
  6.000E-04  2.74156E-11  1.42919E-06  1.49474E-07  7.03875E-12  7.36217E-13  1.16986E-07  8.44685E-07
  6.250E-04  2.97478E-11  1.42915E-06  1.49474E-07  7.33185E-12  7.66891E-13  1.16817E-07  8.44090E-07
  6.500E-04  3.21752E-11  1.42912E-06  1.49474E-07  7.62493E-12  7.97565E-13  1.16642E-07  8.43470E-07
  6.750E-04  3.46979E-11  1.42908E-06  1.49473E-07  7.91799E-12  8.28239E-13  1.16460E-07  8.42827E-07
  7.000E-04  3.73157E-11  1.42904E-06  1.49473E-07  8.21102E-12  8.58912E-13  1.16271E-07  8.42160E-07
  7.250E-04  4.00286E-11  1.42900E-06  1.49473E-07  8.50403E-12  8.89586E-13  1.16076E-07  8.41470E-07
  7.500E-04  4.28368E-11  1.42896E-06  1.49472E-07  8.79702E-12  9.20259E-13  1.15873E-07  8.40755E-07
  7.750E-04  4.57402E-11  1.42892E-06  1.49472E-07  9.08997E-12  9.50931E-13  1.15664E-07  8.40016E-07
  8.000E-04  4.87388E-11  1.42887E-06  1.49472E-07  9.38291E-12  9.81604E-13  1.15449E-07  8.39254E-07
  8.250E-04  5.18325E-11  1.42882E-06  1.49471E-07  9.67581E-12  1.01228E-12  1.15227E-07  8.38468E-07
  8.500E-04  5.50215E-11  1.42878E-06  1.49471E-07  9.96868E-12  1.04295E-12  1.14998E-07  8.37658E-07
  8.750E-04  5.83057E-11  1.42873E-06  1.49470E-07  1.02615E-11  1.07362E-12  1.14762E-07  8.36825E-07
  9.000E-04  6.16850E-11  1.42868E-06  1.49470E-07  1.05543E-11  1.10429E-12  1.14520E-07  8.35968E-07
  9.250E-04  6.51595E-11  1.42863E-06  1.49469E-07  1.08471E-11  1.13496E-12  1.14272E-07  8.35087E-07
  9.500E-04  6.87293E-11  1.42857E-06  1.49469E-07  1.11399E-11  1.16563E-12  1.14016E-07  8.34183E-07
  9.750E-04  7.23943E-11  1.42852E-06  1.49468E-07  1.14326E-11  1.19630E-12  1.13755E-07  8.33255E-07
  1.000E-03  7.61544E-11  1.42846E-06  1.49468E-07  1.17253E-11  1.22698E-12  1.13487E-07  8.32304E-07
  1.250E-03  1.18991E-10  1.42782E-06  1.49462E-07  1.46501E-11  1.53366E-12  1.10453E-07  8.21519E-07
  1.500E-03  1.71347E-10  1.42704E-06  1.49455E-07  1.75705E-11  1.84031E-12  1.06797E-07  8.08459E-07
  1.750E-03  2.33223E-10  1.42612E-06  1.49447E-07  2.04857E-11  2.14691E-12  1.02550E-07  7.93195E-07
  2.000E-03  3.04617E-10  1.42506E-06  1.49438E-07  2.33949E-11  2.45345E-12  9.77480E-08  7.75811E-07
  2.250E-03  3.85531E-10  1.42387E-06  1.49427E-07  2.62971E-11  2.75994E-12  9.24310E-08  7.56402E-07
  2.500E-03  4.75965E-10  1.42253E-06  1.49415E-07  2.91917E-11  3.06635E-12  8.66435E-08  7.35074E-07
  2.750E-03  5.75917E-10  1.42106E-06  1.49402E-07  3.20777E-11  3.37269E-12  8.04340E-08  7.11941E-07
  3.000E-03  6.85389E-10  1.41945E-06  1.49387E-07  3.49543E-11  3.67894E-12  7.38542E-08  6.87129E-07
  3.250E-03  8.04380E-10  1.41771E-06  1.49371E-07  3.78209E-11  3.98510E-12  6.69589E-08  6.60772E-07
  3.500E-03  9.32891E-10  1.41584E-06  1.49354E-07  4.06765E-11  4.29115E-12  5.98054E-08  6.33011E-07
  3.750E-03  1.07092E-09  1.41384E-06  1.49336E-07  4.35204E-11  4.59710E-12  5.24528E-08  6.03993E-07
  4.000E-03  1.21847E-09  1.41171E-06  1.49317E-07  4.63518E-11  4.90293E-12  4.49618E-08  5.73872E-07
  4.250E-03  1.37554E-09  1.40945E-06  1.49296E-07  4.91701E-11  5.20864E-12  3.73936E-08  5.42806E-07
  4.500E-03  1.54213E-09  1.40706E-06  1.49274E-07  5.19745E-11  5.51422E-12  2.98102E-08  5.10958E-07
  4.750E-03  1.71823E-09  1.40456E-06  1.49251E-07  5.47644E-11  5.81966E-12  2.22730E-08  4.78492E-07
  5.000E-03  1.90386E-09  1.40193E-06  1.49226E-07  5.75390E-11  6.12495E-12  1.48427E-08  4.45574E-07
  5.250E-03  2.09900E-09  1.39918E-06  1.49200E-07  6.02977E-11  6.43009E-12  7.57876E-09  4.12372E-07
  5.500E-03  2.30367E-09  1.39632E-06  1.49174E-07  6.30398E-11  6.73507E-12  5.38620E-10  3.79051E-07
  5.750E-03  2.51785E-09  1.39334E-06  1.49145E-07  6.57648E-11  7.03988E-12  6.22260E-09  3.45777E-07
  6.000E-03  2.74156E-09  1.39025E-06  1.49116E-07  6.84721E-11  7.34451E-12  1.26527E-08  3.12712E-07
  6.250E-03  2.97478E-09  1.38705E-06  1.49085E-07  7.11610E-11  7.64896E-12  1.87028E-08  2.80015E-07
  6.500E-03  3.21752E-09  1.38374E-06  1.49053E-07  7.38311E-11  7.95322E-12  2.43279E-08  2.47839E-07
  6.750E-03  3.46978E-09  1.38032E-06  1.49020E-07  7.64817E-11  8.25728E-12  2.94872E-08  2.16333E-07
  7.000E-03  3.73156E-09  1.37681E-06  1.48986E-07  7.91125E-11  8.56113E-12  3.41443E-08  1.85639E-07
  7.250E-03  4.00286E-09  1.37319E-06  1.48950E-07  8.17230E-11  8.86477E-12  3.82679E-08  1.55892E-07
  7.500E-03  4.28368E-09  1.36948E-06  1.48914E-07  8.43126E-11  9.16819E-12  4.18316E-08  1.27217E-07
  7.750E-03  4.57402E-09  1.36567E-06  1.48876E-07  8.68809E-11  9.47138E-12  4.48148E-08  9.97326E-08
  8.000E-03  4.87388E-09  1.36177E-06  1.48836E-07  8.94276E-11  9.77433E-12  4.72021E-08  7.35465E-08
  8.250E-03  5.18326E-09  1.35778E-06  1.48796E-07  9.19523E-11  1.00770E-11  4.89839E-08  4.87563E-08
  8.500E-03  5.50215E-09  1.35371E-06  1.48755E-07  9.44546E-11  1.03795E-11  5.01564E-08  2.54490E-08
  8.750E-03  5.83057E-09  1.34955E-06  1.48712E-07  9.69341E-11  1.06817E-11  5.07215E-08  3.70037E-09
  9.000E-03  6.16850E-09  1.34531E-06  1.48668E-07  9.93907E-11  1.09837E-11  5.06868E-08  1.64254E-08
  9.250E-03  6.51596E-09  1.34099E-06  1.48623E-07  1.01824E-10  1.12853E-11  5.00656E-08  3.48759E-08
  9.500E-03  6.87293E-09  1.33660E-06  1.48576E-07  1.04233E-10  1.15867E-11  4.88767E-08  5.16107E-08
  9.750E-03  7.23942E-09  1.33214E-06  1.48529E-07  1.06619E-10  1.18878E-11  4.71441E-08  6.66016E-08
  1.000E-02  7.61544E-09  1.32760E-06  1.48480E-07  1.08981E-10  1.21887E-11  4.48969E-08  7.98327E-08
  1.250E-02  1.18991E-08  1.27903E-06  1.47929E-07  1.31242E-10  1.51793E-11  3.35910E-09  1.20086E-07
  1.500E-02  1.71347E-08  1.22637E-06  1.47266E-07  1.51006E-10  1.81335E-11  3.67410E-08  4.35905E-08
  1.750E-02  2.33223E-08  1.17185E-06  1.46496E-07  1.68341E-10  2.10451E-11  3.58556E-08  4.48208E-08
  2.000E-02  3.04617E-08  1.11720E-06  1.45625E-07  1.83416E-10  2.39086E-11  2.46909E-09  6.71061E-08
  2.250E-02  3.85531E-08  1.06359E-06  1.44659E-07  1.96443E-10  2.67188E-11  3.70532E-08  2.14249E-08
  2.500E-02  4.75965E-08  1.01180E-06  1.43605E-07  2.07642E-10  2.94712E-11  3.16750E-08  3.49762E-08
  2.750E-02  5.75917E-08  9.62244E-07  1.42470E-07  2.17220E-10  3.21621E-11  7.65970E-09  4.71867E-08
  3.000E-02  6.85389E-08  9.15111E-07  1.41260E-07  2.25359E-10  3.47879E-11  3.90386E-08  1.11568E-08
  3.250E-02  8.04380E-08  8.70433E-07  1.39982E-07  2.32219E-10  3.73460E-11  2.86614E-08  3.08474E-08
  3.500E-02  9.32891E-08  8.28148E-07  1.38643E-07  2.37933E-10  3.98339E-11  1.30305E-08  3.67110E-08
  3.750E-02  1.07092E-07  7.88150E-07  1.37248E-07  2.42617E-10  4.22498E-11  4.16307E-08  4.86560E-09
  4.000E-02  1.21847E-07  7.50315E-07  1.35804E-07  2.46369E-10  4.45923E-11  2.57149E-08  2.87805E-08
  4.250E-02  1.37554E-07  7.14516E-07  1.34316E-07  2.49277E-10  4.68604E-11  1.88153E-08  3.00326E-08
  4.500E-02  1.54213E-07  6.80629E-07  1.32791E-07  2.51422E-10  4.90533E-11  4.44032E-08  3.10978E-10
  4.750E-02  1.71823E-07  6.48535E-07  1.31232E-07  2.52876E-10  5.11708E-11  2.23738E-08  2.76478E-08
  5.000E-02  1.90386E-07  6.18126E-07  1.29645E-07  2.53704E-10  5.32128E-11  2.51019E-08  2.51809E-08
  5.250E-02  2.09900E-07  5.89303E-07  1.28036E-07  2.53968E-10  5.51797E-11  4.71034E-08  3.36392E-09
  5.500E-02  2.30367E-07  5.61975E-07  1.26407E-07  2.53724E-10  5.70719E-11  1.83661E-08  2.69777E-08
  5.750E-02  2.51785E-07  5.36062E-07  1.24763E-07  2.53026E-10  5.88902E-11  3.19097E-08  2.12841E-08
  6.000E-02  2.74156E-07  5.11488E-07  1.23108E-07  2.51923E-10  6.06354E-11  4.95130E-08  6.54815E-09
  6.250E-02  2.97478E-07  4.88179E-07  1.21445E-07  2.50461E-10  6.23089E-11  1.34918E-08  2.65219E-08
  6.500E-02  3.21752E-07  4.66070E-07  1.19778E-07  2.48682E-10  6.39117E-11  3.92003E-08  1.78922E-08
  6.750E-02  3.46978E-07  4.45097E-07  1.18110E-07  2.46627E-10  6.54454E-11  5.14063E-08  9.43152E-09
  7.000E-02  3.73156E-07  4.25204E-07  1.16443E-07  2.44331E-10  6.69115E-11  7.59732E-09  2.61240E-08
  7.250E-02  4.00286E-07  4.06336E-07  1.14780E-07  2.41827E-10  6.83116E-11  4.68789E-08  1.47505E-08
  7.500E-02  4.28368E-07  3.88440E-07  1.13124E-07  2.39148E-10  6.96474E-11  5.25450E-08  1.21041E-08
  7.750E-02  4.57402E-07  3.71466E-07  1.11476E-07  2.36321E-10  7.09207E-11  5.73701E-10  2.56731E-08
  8.000E-02  4.87388E-07  3.55366E-07  1.09839E-07  2.33371E-10  7.21333E-11  5.47933E-08  1.17088E-08
  8.250E-02  5.18325E-07  3.40096E-07  1.08214E-07  2.30323E-10  7.32872E-11  5.26830E-08  1.45999E-08
  8.500E-02  5.50215E-07  3.25613E-07  1.06603E-07  2.27197E-10  7.43842E-11  7.63655E-09  2.50851E-08
  8.750E-02  5.83057E-07  3.11877E-07  1.05008E-07  2.24013E-10  7.54262E-11  6.27370E-08  8.68043E-09
  9.000E-02  6.16850E-07  2.98849E-07  1.03430E-07  2.20788E-10  7.64153E-11  5.15772E-08  1.69188E-08
  9.250E-02  6.51596E-07  2.86491E-07  1.01870E-07  2.17537E-10  7.73532E-11  1.70317E-08  2.42947E-08
  9.500E-02  6.87293E-07  2.74768E-07  1.00329E-07  2.14275E-10  7.82419E-11  7.04538E-08  5.62058E-09
  9.750E-02  7.23942E-07  2.63646E-07  9.88073E-08  2.11013E-10  7.90834E-11  4.90024E-08  1.90398E-08
  1.000E-01  7.61543E-07  2.53094E-07  9.73068E-08  2.07762E-10  7.98795E-11  2.75449E-08  2.32525E-08
  1.250E-01  1.18991E-06  1.72906E-07  8.35436E-08  1.77420E-10  8.57269E-11  9.28582E-08  6.90337E-09
  1.500E-01  1.71347E-06  1.24224E-07  7.20872E-08  1.52962E-10  8.87657E-11  1.92129E-08  2.53600E-08
  1.750E-01  2.33223E-06  9.32907E-08  6.26973E-08  1.34018E-10  9.00709E-11  1.38729E-07  1.77069E-09
  2.000E-01  3.04617E-06  7.24529E-08  5.49892E-08  1.18953E-10  9.02832E-11  6.69352E-09  2.63773E-08
  2.250E-01  3.85531E-06  5.75773E-08  4.85960E-08  1.06346E-10  8.97603E-11  1.80928E-07  3.71531E-09
  2.500E-01  4.75964E-06  4.64419E-08  4.32228E-08  9.53099E-11  8.87068E-11  5.05196E-08  2.62750E-08
  2.750E-01  5.75916E-06  3.78235E-08  3.86500E-08  8.53855E-11  8.72546E-11  2.16338E-07  9.35308E-09
  3.000E-01  6.85388E-06  3.10112E-08  3.47182E-08  7.63715E-11  8.55040E-11  1.12365E-07  2.52648E-08
  3.250E-01  8.04378E-06  2.55580E-08  3.13111E-08  6.81870E-11  8.35396E-11  2.40600E-07  1.50669E-08
  3.500E-01  9.32888E-06  2.11589E-08  2.83417E-08  6.07926E-11  8.14341E-11  1.91433E-07  2.32011E-08
  3.750E-01  1.07092E-05  1.75911E-08  2.57422E-08  5.41522E-11  7.92487E-11  2.47084E-07  2.06513E-08
  4.000E-01  1.21846E-05  1.46849E-08  2.34585E-08  4.82196E-11  7.70329E-11  2.84275E-07  1.99040E-08
  4.250E-01  1.37553E-05  1.23074E-08  2.14455E-08  4.29384E-11  7.48246E-11  2.29005E-07  2.57719E-08
  4.500E-01  1.54212E-05  1.03532E-08  1.96657E-08  3.82452E-11  7.26513E-11  3.84633E-07  1.53372E-08
  4.750E-01  1.71822E-05  8.73870E-09  1.80870E-08  3.40748E-11  7.05318E-11  1.81246E-07  3.00652E-08
  5.000E-01  1.90385E-05  7.39770E-09  1.66823E-08  3.03640E-11  6.84780E-11  4.84267E-07  9.62347E-09
  5.250E-01  2.09899E-05  6.27741E-09  1.54280E-08  2.70537E-11  6.64965E-11  1.01196E-07  3.32119E-08
  5.500E-01  2.30365E-05  5.33588E-09  1.43045E-08  2.40910E-11  6.45901E-11  5.73890E-07  3.00026E-09
  5.750E-01  2.51783E-05  4.53995E-09  1.32946E-08  2.14292E-11  6.27590E-11  1.10283E-08  3.49677E-08
  6.000E-01  2.74153E-05  3.86332E-09  1.23838E-08  1.90280E-11  6.10016E-11  6.43957E-07  4.22509E-09
  6.250E-01  2.97475E-05  3.28490E-09  1.15598E-08  1.68529E-11  5.93154E-11  1.52632E-07  3.51698E-08
  6.500E-01  3.21749E-05  2.78783E-09  1.08118E-08  1.48748E-11  5.76971E-11  6.85288E-07  1.17069E-08
  6.750E-01  3.46974E-05  2.35866E-09  1.01309E-08  1.30689E-11  5.61433E-11  3.18262E-07  3.37358E-08
  7.000E-01  3.73152E-05  1.98657E-09  9.50932E-09  1.14145E-11  5.46504E-11  6.89658E-07  1.90819E-08
  7.250E-01  4.00281E-05  1.66266E-09  8.94023E-09  9.89415E-12  5.32152E-11  5.00183E-07  3.06624E-08
  7.500E-01  4.28362E-05  1.37966E-09  8.41791E-09  8.49308E-12  5.18342E-11  6.50374E-07  2.59849E-08
  7.750E-01  4.57395E-05  1.13172E-09  7.93736E-09  7.19878E-12  5.05046E-11  6.88567E-07  2.60241E-08
  8.000E-01  4.87380E-05  9.13950E-10  7.49423E-09  6.00059E-12  4.92236E-11  5.62835E-07  3.20634E-08
  8.250E-01  5.18317E-05  7.22201E-10  7.08475E-09  4.88935E-12  4.79885E-11  8.71897E-07  1.99714E-08
  8.500E-01  5.50205E-05  5.53030E-10  6.70560E-09  3.85721E-12  4.67970E-11  4.25042E-07  3.69928E-08
  8.750E-01  5.83045E-05  4.03604E-10  6.35390E-09  2.89728E-12  4.56470E-11  1.03753E-06  1.27260E-08
  9.000E-01  6.16838E-05  2.71467E-10  6.02708E-09  2.00354E-12  4.45365E-11  2.38003E-07  4.04912E-08
  9.250E-01  6.51582E-05  1.54462E-10  5.72289E-09  1.17067E-12  4.34636E-11  1.17236E-06  4.57428E-09
  9.500E-01  6.87277E-05  5.07934E-11  5.43933E-09  3.93948E-13  4.24268E-11  5.99634E-09  4.23336E-08
  9.750E-01  7.23925E-05 -4.10456E-11  5.17461E-09 -3.30863E-13  4.14244E-11  1.26365E-06  4.14410E-09
  1.000E+00  7.61524E-05 -1.22434E-10  4.92715E-09 -1.00760E-12  4.04550E-11  1.32275E-13  1.38122E-11
  1.100E+00  9.21439E-05 -3.64954E-10  4.08345E-09 -3.29856E-12  3.68814E-11  3.08779E-13  8.05842E-12
  1.200E+00  1.09658E-04 -5.12265E-10  3.42422E-09 -5.04980E-12  3.37397E-11  3.69408E-13  3.61964E-12
  1.300E+00  1.28695E-04 -5.98509E-10  2.90106E-09 -6.39120E-12  3.09677E-11  3.50150E-13  5.51402E-13
  1.400E+00  1.49255E-04 -6.45145E-10  2.48024E-09 -7.41896E-12  2.85129E-11  2.81695E-13  1.30237E-12
  1.500E+00  1.71338E-04 -6.65952E-10  2.13765E-09 -8.20523E-12  2.63305E-11  1.90306E-13  2.18510E-12
  1.600E+00  1.94942E-04 -6.69920E-10  1.85572E-09 -8.80447E-12  2.43824E-11  9.57484E-14  2.36053E-12
  1.700E+00  2.20070E-04 -6.62979E-10  1.62144E-09 -9.25798E-12  2.26362E-11  1.40024E-14  2.07793E-12
  1.800E+00  2.46720E-04 -6.49077E-10  1.42500E-09 -9.59721E-12  2.10646E-11  5.14514E-14  1.54943E-12
  1.900E+00  2.74892E-04 -6.30859E-10  1.25895E-09 -9.84627E-12  1.96445E-11  9.06619E-14  9.42279E-13
  2.000E+00  3.04586E-04 -6.10103E-10  1.11755E-09 -1.00238E-11  1.83563E-11  1.06334E-13  3.75389E-13
  2.100E+00  3.35803E-04 -5.88011E-10  9.96313E-10 -1.01441E-11  1.71837E-11  1.01602E-13  7.78420E-14
  2.200E+00  3.68542E-04 -5.65388E-10  8.91718E-10 -1.02186E-11  1.61125E-11  8.22113E-14  3.83666E-13
  2.300E+00  4.02802E-04 -5.42777E-10  8.00962E-10 -1.02561E-11  1.51309E-11  5.41585E-14  5.39118E-13
  2.400E+00  4.38585E-04 -5.20533E-10  7.21801E-10 -1.02638E-11  1.42287E-11  2.41947E-14  5.63899E-13
  2.500E+00  4.75889E-04 -4.98888E-10  6.52418E-10 -1.02472E-11  1.33972E-11  9.73957E-15  4.90348E-13
  2.600E+00  5.14715E-04 -4.77987E-10  5.91331E-10 -1.02109E-11  1.26289E-11  2.83674E-14  3.56831E-13
  2.700E+00  5.55063E-04 -4.57912E-10  5.37327E-10 -1.01587E-11  1.19172E-11  4.13377E-14  1.99419E-13
  2.800E+00  5.96931E-04 -4.38705E-10  4.89401E-10 -1.00934E-11  1.12566E-11  4.58427E-14  4.82639E-14
  2.900E+00  6.40321E-04 -4.20381E-10  4.46715E-10 -1.00176E-11  1.06421E-11  4.26111E-14  7.42083E-14
  3.000E+00  6.85233E-04 -4.02933E-10  4.08571E-10 -9.93326E-12  1.00693E-11  3.34012E-14  1.55913E-13
  3.100E+00  7.31665E-04 -3.86343E-10  3.74379E-10 -9.84210E-12  9.53446E-12  2.08815E-14  1.93744E-13
  3.200E+00  7.79618E-04 -3.70583E-10  3.43640E-10 -9.74550E-12  9.03420E-12  1.03708E-14  1.91798E-13
  3.300E+00  8.29092E-04 -3.55620E-10  3.15931E-10 -9.64462E-12  8.56554E-12  1.13747E-14  1.59025E-13
  3.400E+00  8.80086E-04 -3.41418E-10  2.90888E-10 -9.54043E-12  8.12580E-12  1.80325E-14  1.07727E-13
  3.500E+00  9.32601E-04 -3.27942E-10  2.68200E-10 -9.43374E-12  7.71262E-12  2.28890E-14  4.96223E-14
  3.600E+00  9.86636E-04 -3.15153E-10  2.47600E-10 -9.32523E-12  7.32387E-12  2.35991E-14  4.76234E-15
  3.700E+00  1.04219E-03 -3.03014E-10  2.28855E-10 -9.21548E-12  6.95764E-12  2.11314E-14  4.69366E-14
  3.800E+00  1.09927E-03 -2.91491E-10  2.11762E-10 -9.10497E-12  6.61220E-12  1.59015E-14  7.30497E-14
  3.900E+00  1.15786E-03 -2.80547E-10  1.96148E-10 -8.99410E-12  6.28601E-12  1.14386E-14  8.25712E-14
  4.000E+00  1.21797E-03 -2.70150E-10  1.81857E-10 -8.88322E-12  5.97764E-12  9.36079E-15  7.67405E-14
  4.100E+00  1.27961E-03 -2.60268E-10  1.68755E-10 -8.77261E-12  5.68583E-12  1.10529E-14  5.92377E-14
  4.200E+00  1.34276E-03 -2.50872E-10  1.56724E-10 -8.66250E-12  5.40941E-12  1.30443E-14  3.55163E-14
  4.300E+00  1.40743E-03 -2.41933E-10  1.45658E-10 -8.55311E-12  5.14732E-12  1.38973E-14  1.07552E-14
  4.400E+00  1.47362E-03 -2.33425E-10  1.35464E-10 -8.44460E-12  4.89858E-12  1.31680E-14  1.16586E-14
  4.500E+00  1.54133E-03 -2.25323E-10  1.26062E-10 -8.33711E-12  4.66233E-12  1.11989E-14  2.82094E-14
  4.600E+00  1.61056E-03 -2.17603E-10  1.17377E-10 -8.23075E-12  4.43773E-12  9.93968E-15  3.64724E-14
  4.700E+00  1.68131E-03 -2.10243E-10  1.09345E-10 -8.12562E-12  4.22404E-12  9.52257E-15  3.77956E-14
  4.800E+00  1.75357E-03 -2.03224E-10  1.01907E-10 -8.02180E-12  4.02059E-12  9.93226E-15  3.23906E-14
  4.900E+00  1.82735E-03 -1.96524E-10  9.50109E-11 -7.91933E-12  3.82673E-12  1.02301E-14  2.26093E-14
  5.000E+00  1.90265E-03 -1.90128E-10  8.86103E-11 -7.81829E-12  3.64187E-12  1.00510E-14  1.09480E-14
  5.100E+00  1.97947E-03 -1.84017E-10  8.26630E-11 -7.71869E-12  3.46549E-12  8.88870E-15  1.87793E-16
  5.200E+00  2.05780E-03 -1.78175E-10  7.71313E-11 -7.62056E-12  3.29709E-12  7.85979E-15  9.92920E-15
  5.300E+00  2.13765E-03 -1.72589E-10  7.19809E-11 -7.52393E-12  3.13619E-12  7.68915E-15  1.64996E-14
  5.400E+00  2.21902E-03 -1.67243E-10  6.71810E-11 -7.42881E-12  2.98237E-12  8.26932E-15  1.82258E-14
  5.500E+00  2.30190E-03 -1.62125E-10  6.27036E-11 -7.33521E-12  2.83524E-12  9.51562E-15  1.72368E-14
  5.600E+00  2.38630E-03 -1.57223E-10  5.85235E-11 -7.24311E-12  2.69441E-12  1.00277E-14  1.36665E-14
  5.700E+00  2.47222E-03 -1.52526E-10  5.46175E-11 -7.15253E-12  2.55955E-12  9.43665E-15  7.94027E-15
  5.800E+00  2.55965E-03 -1.48022E-10  5.09647E-11 -7.06344E-12  2.43034E-12  7.48621E-15  2.60307E-15
  5.900E+00  2.64859E-03 -1.43701E-10  4.75461E-11 -6.97585E-12  2.30647E-12  5.85512E-15  3.21259E-15
  6.000E+00  2.73905E-03 -1.39555E-10  4.43443E-11 -6.88974E-12  2.18766E-12  5.23265E-15  6.47941E-15
  6.100E+00  2.83103E-03 -1.35574E-10  4.13433E-11 -6.80509E-12  2.07365E-12  6.48288E-15  8.87592E-15
  6.200E+00  2.92452E-03 -1.31749E-10  3.85287E-11 -6.72189E-12  1.96421E-12  8.51707E-15  9.09249E-15
  6.300E+00  3.01952E-03 -1.28074E-10  3.58871E-11 -6.64011E-12  1.85908E-12  9.64744E-15  7.57908E-15
  6.400E+00  3.11604E-03 -1.24540E-10  3.34063E-11 -6.55974E-12  1.75807E-12  9.49143E-15  4.97244E-15
  6.500E+00  3.21407E-03 -1.21141E-10  3.10750E-11 -6.48075E-12  1.66097E-12  8.07438E-15  2.17963E-15
  6.600E+00  3.31362E-03 -1.17871E-10  2.88831E-11 -6.40313E-12  1.56759E-12  5.80441E-15  3.33631E-16
  6.700E+00  3.41468E-03 -1.14722E-10  2.68211E-11 -6.32685E-12  1.47775E-12  3.18640E-15  2.80438E-15
  6.800E+00  3.51725E-03 -1.11689E-10  2.48800E-11 -6.25188E-12  1.39128E-12  4.48672E-15  3.76771E-15
  6.900E+00  3.62133E-03 -1.08768E-10  2.30520E-11 -6.17821E-12  1.30803E-12  6.55622E-15  4.26704E-15
  7.000E+00  3.72692E-03 -1.05952E-10  2.13296E-11 -6.10581E-12  1.22785E-12  8.57020E-15  3.15728E-15
  7.100E+00  3.83403E-03 -1.03236E-10  1.97059E-11 -6.03466E-12  1.15059E-12  9.39075E-15  2.49230E-15
  7.200E+00  3.94265E-03 -1.00617E-10  1.81747E-11 -5.96473E-12  1.07612E-12  8.79002E-15  9.31677E-16
  7.300E+00  4.05278E-03 -9.80897E-11  1.67298E-11 -5.89599E-12  1.00433E-12  6.79736E-15  1.81177E-16
  7.400E+00  4.16442E-03 -9.56501E-11  1.53660E-11 -5.82844E-12  9.35079E-13  3.94289E-15  1.05736E-15
  7.500E+00  4.27757E-03 -9.32940E-11  1.40783E-11 -5.76204E-12  8.68272E-13  2.45303E-15  1.88624E-15
  7.600E+00  4.39223E-03 -9.10183E-11  1.28617E-11 -5.69676E-12  8.03798E-13  4.18038E-15  1.83604E-15
  7.700E+00  4.50840E-03 -8.88191E-11  1.17122E-11 -5.63259E-12  7.41558E-13  6.78495E-15  1.62527E-15
  7.800E+00  4.62608E-03 -8.66932E-11  1.06255E-11 -5.56951E-12  6.81456E-13  8.48806E-15  6.33245E-16
  7.900E+00  4.74527E-03 -8.46376E-11  9.59786E-12 -5.50748E-12  6.23402E-13  8.75003E-15  3.08510E-16
  8.000E+00  4.86597E-03 -8.26492E-11  8.62585E-12 -5.44650E-12  5.67312E-13  7.70687E-15  4.51055E-16
  8.100E+00  4.98817E-03 -8.07252E-11  7.70616E-12 -5.38653E-12  5.13105E-13  5.43883E-15  5.86372E-16
  8.200E+00  5.11188E-03 -7.88630E-11  6.83572E-12 -5.32756E-12  4.60705E-13  2.64141E-15  7.14860E-16
  8.300E+00  5.23711E-03 -7.70599E-11  6.01170E-12 -5.26956E-12  4.10037E-13  1.91611E-15  1.11586E-15
  8.400E+00  5.36383E-03 -7.53136E-11  5.23143E-12 -5.21252E-12  3.61033E-13  4.62276E-15  6.80587E-16
  8.500E+00  5.49207E-03 -7.36219E-11  4.49242E-12 -5.15641E-12  3.13628E-13  6.84947E-15  1.32872E-16
  8.600E+00  5.62181E-03 -7.19824E-11  3.79234E-12 -5.10122E-12  2.67757E-13  8.00171E-15  5.18957E-16
  8.700E+00  5.75306E-03 -7.03932E-11  3.12903E-12 -5.04692E-12  2.23363E-13  7.81917E-15  7.60292E-16
  8.800E+00  5.88581E-03 -6.88523E-11  2.50043E-12 -4.99350E-12  1.80387E-13  6.39167E-15  1.11415E-15
  8.900E+00  6.02007E-03 -6.73578E-11  1.90463E-12 -4.94094E-12  1.38777E-13  3.97858E-15  6.04864E-16
  9.000E+00  6.15583E-03 -6.59078E-11  1.33985E-12 -4.88922E-12  9.84789E-14  1.34345E-15  7.09471E-16
  9.100E+00  6.29310E-03 -6.45008E-11  8.04403E-13 -4.83832E-12  5.94451E-14  2.27831E-15  1.15608E-16
  9.200E+00  6.43187E-03 -6.31350E-11  2.96708E-13 -4.78822E-12  2.16283E-14  4.83364E-15  5.65283E-16
  9.300E+00  6.57214E-03 -6.18089E-11 -1.84715E-13 -4.73892E-12 -1.50164E-14  6.54395E-15  8.84703E-16
  9.400E+00  6.71392E-03 -6.05211E-11 -6.41263E-13 -4.69039E-12 -5.05318E-14  7.14448E-15  6.49190E-16
  9.500E+00  6.85720E-03 -5.92701E-11 -1.07424E-12 -4.64261E-12 -8.49588E-14  6.62254E-15  1.05885E-15
  9.600E+00  7.00198E-03 -5.80545E-11 -1.48488E-12 -4.59557E-12 -1.18337E-13  5.05022E-15  1.24372E-15
  9.700E+00  7.14827E-03 -5.68731E-11 -1.87435E-12 -4.54926E-12 -1.50703E-13  2.65307E-15  4.05886E-16
  9.800E+00  7.29605E-03 -5.57247E-11 -2.24374E-12 -4.50365E-12 -1.82092E-13  3.92101E-16  3.97466E-16
  9.900E+00  7.44534E-03 -5.46080E-11 -2.59407E-12 -4.45875E-12 -2.12540E-13  2.67757E-15  7.78604E-16
  1.000E+01  7.59612E-03 -5.35220E-11 -2.92632E-12 -4.41452E-12 -2.42079E-13  4.67876E-15  7.62768E-16
  1.025E+01  7.97965E-03 -5.09339E-11 -3.68373E-12 -4.30684E-12 -3.12152E-13  5.68582E-15  1.45041E-15
  1.050E+01  8.37255E-03 -4.85151E-11 -4.34668E-12 -4.20312E-12 -3.77191E-13  1.46282E-15  0.00000E+00
  1.075E+01  8.77480E-03 -4.62515E-11 -4.92639E-12 -4.10315E-12 -4.37607E-13  3.52348E-15  9.86777E-16
  1.100E+01  9.18641E-03 -4.41305E-11 -5.43265E-12 -4.00677E-12 -4.93769E-13  4.57290E-15  9.41396E-16
  1.125E+01  9.60736E-03 -4.21406E-11 -5.87398E-12 -3.91379E-12 -5.46014E-13  1.40250E-15  1.49839E-16
  1.150E+01  1.00376E-02 -4.02716E-11 -6.25782E-12 -3.82405E-12 -5.94643E-13  2.40339E-15  1.28915E-15
  1.175E+01  1.04773E-02 -3.85141E-11 -6.59070E-12 -3.73739E-12 -6.39932E-13  3.30088E-15  9.59416E-16
  1.200E+01  1.09262E-02 -3.68598E-11 -6.87834E-12 -3.65367E-12 -6.82132E-13  1.15398E-15  2.62532E-16
  1.225E+01  1.13844E-02 -3.53008E-11 -7.12578E-12 -3.57276E-12 -7.21470E-13  1.35579E-15  6.29136E-16
  1.250E+01  1.18520E-02 -3.38303E-11 -7.33747E-12 -3.49451E-12 -7.58154E-13  1.81477E-15  1.20715E-15
  1.275E+01  1.23288E-02 -3.24419E-11 -7.51731E-12 -3.41882E-12 -7.92374E-13  5.70477E-16  1.15903E-16
  1.300E+01  1.28150E-02 -3.11298E-11 -7.66877E-12 -3.34556E-12 -8.24305E-13  3.99060E-16  1.00233E-15
  1.325E+01  1.33104E-02 -2.98886E-11 -7.79493E-12 -3.27463E-12 -8.54105E-13  6.47540E-16  8.56746E-16
  1.350E+01  1.38150E-02 -2.87135E-11 -7.89851E-12 -3.20593E-12 -8.81921E-13  3.55429E-16  4.12219E-16
  1.375E+01  1.43290E-02 -2.76000E-11 -7.98193E-12 -3.13936E-12 -9.07887E-13  3.32429E-16  7.93895E-16
  1.400E+01  1.48521E-02 -2.65441E-11 -8.04736E-12 -3.07482E-12 -9.32128E-13  1.55474E-15  7.64994E-16
  1.425E+01  1.53845E-02 -2.55419E-11 -8.09671E-12 -3.01223E-12 -9.54756E-13  1.38075E-15  7.37618E-16
  1.450E+01  1.59262E-02 -2.45899E-11 -8.13169E-12 -2.95152E-12 -9.75878E-13  8.95539E-16  3.55831E-16
  1.475E+01  1.64770E-02 -2.36851E-11 -8.15384E-12 -2.89259E-12 -9.95590E-13  3.21730E-15  3.43516E-16
  1.500E+01  1.70371E-02 -2.28244E-11 -8.16454E-12 -2.83538E-12 -1.01398E-12  2.67234E-15  3.31819E-16
  1.525E+01  1.76063E-02 -2.20052E-11 -8.16500E-12 -2.77982E-12 -1.03114E-12  1.39468E-15  1.60350E-16
  1.550E+01  1.81848E-02 -2.12248E-11 -8.15634E-12 -2.72585E-12 -1.04714E-12  4.92700E-15  4.65183E-16
  1.575E+01  1.87724E-02 -2.04810E-11 -8.13953E-12 -2.67339E-12 -1.06204E-12  4.11453E-15  0.00000E+00
  1.600E+01  1.93692E-02 -1.97715E-11 -8.11547E-12 -2.62240E-12 -1.07593E-12  1.47407E-15  5.80906E-16
  1.625E+01  1.99751E-02 -1.90945E-11 -8.08496E-12 -2.57281E-12 -1.08886E-12  6.64210E-15  4.21953E-16
  1.650E+01  2.05901E-02 -1.84479E-11 -8.04870E-12 -2.52457E-12 -1.10089E-12  5.90949E-15  4.08853E-16
  1.675E+01  2.12143E-02 -1.78301E-11 -8.00736E-12 -2.47762E-12 -1.11206E-12  1.15356E-15  5.28460E-16
  1.700E+01  2.18476E-02 -1.72395E-11 -7.96150E-12 -2.43193E-12 -1.12244E-12  8.10162E-15  2.56261E-16
  1.725E+01  2.24900E-02 -1.66745E-11 -7.91166E-12 -2.38744E-12 -1.13207E-12  7.68334E-15  0.00000E+00
  1.750E+01  2.31415E-02 -1.61338E-11 -7.85831E-12 -2.34412E-12 -1.14098E-12  5.94540E-16  2.41351E-16
  1.775E+01  2.38021E-02 -1.56160E-11 -7.80187E-12 -2.30191E-12 -1.14923E-12  9.52046E-15  1.17186E-16
  1.800E+01  2.44717E-02 -1.51198E-11 -7.74272E-12 -2.26078E-12 -1.15685E-12  9.74912E-15  1.13842E-16
  1.825E+01  2.51504E-02 -1.46442E-11 -7.68123E-12 -2.22069E-12 -1.16387E-12  1.51503E-16  2.21275E-16
  1.850E+01  2.58382E-02 -1.41881E-11 -7.61769E-12 -2.18160E-12 -1.17033E-12  1.05318E-14  1.07564E-16
  1.875E+01  2.65349E-02 -1.37505E-11 -7.55240E-12 -2.14348E-12 -1.17626E-12  1.18697E-14  1.04615E-16
  1.900E+01  2.72407E-02 -1.33304E-11 -7.48561E-12 -2.10629E-12 -1.18169E-12  1.20164E-15  2.03566E-16
  1.925E+01  2.79555E-02 -1.29269E-11 -7.41756E-12 -2.07001E-12 -1.18665E-12  1.16411E-14  0.00000E+00
  1.950E+01  2.86793E-02 -1.25393E-11 -7.34845E-12 -2.03461E-12 -1.19115E-12  1.38748E-14  0.00000E+00
  1.975E+01  2.94120E-02 -1.21667E-11 -7.27848E-12 -2.00004E-12 -1.19524E-12  2.47367E-15  3.75735E-16
  2.000E+01  3.01537E-02 -1.18084E-11 -7.20781E-12 -1.96629E-12 -1.19892E-12  1.21155E-14  0.00000E+00
  2.025E+01  3.09043E-02 -1.14637E-11 -7.13660E-12 -1.93333E-12 -1.20222E-12  1.56406E-14  1.78374E-16
  2.050E+01  3.16639E-02 -1.11319E-11 -7.06498E-12 -1.90114E-12 -1.20516E-12  4.06900E-15  3.47779E-16
  2.075E+01  3.24324E-02 -1.08125E-11 -6.99310E-12 -1.86968E-12 -1.20776E-12  1.24925E-14  0.00000E+00
  2.100E+01  3.32098E-02 -1.05049E-11 -6.92105E-12 -1.83894E-12 -1.21004E-12  1.77694E-14  0.00000E+00
  2.125E+01  3.39961E-02 -1.02085E-11 -6.84894E-12 -1.80889E-12 -1.21202E-12  5.59990E-15  4.84173E-16
  2.150E+01  3.47912E-02 -9.92277E-12 -6.77686E-12 -1.77952E-12 -1.21370E-12  1.26352E-14  1.57518E-16
  2.175E+01  3.55952E-02 -9.64730E-12 -6.70490E-12 -1.75079E-12 -1.21511E-12  1.94227E-14  1.53781E-16
  2.200E+01  3.64081E-02 -9.38159E-12 -6.63313E-12 -1.72270E-12 -1.21625E-12  7.50479E-15  3.00345E-16
  2.225E+01  3.72297E-02 -9.12521E-12 -6.56161E-12 -1.69521E-12 -1.21715E-12  1.24441E-14  1.46688E-16
  2.250E+01  3.80602E-02 -8.87776E-12 -6.49041E-12 -1.66832E-12 -1.21782E-12  2.11030E-14  2.86641E-16
  2.275E+01  3.88995E-02 -8.63884E-12 -6.41958E-12 -1.64201E-12 -1.21826E-12  9.49515E-15  1.40066E-16
  2.300E+01  3.97476E-02 -8.40808E-12 -6.34918E-12 -1.61625E-12 -1.21849E-12  1.18483E-14  1.36920E-16
  2.325E+01  4.06044E-02 -8.18514E-12 -6.27923E-12 -1.59104E-12 -1.21852E-12  2.22688E-14  2.67752E-16
  2.350E+01  4.14700E-02 -7.96968E-12 -6.20979E-12 -1.56636E-12 -1.21836E-12  1.14797E-14  0.00000E+00
  2.375E+01  4.23443E-02 -7.76139E-12 -6.14087E-12 -1.54218E-12 -1.21802E-12  1.09875E-14  0.00000E+00
  2.400E+01  4.32273E-02 -7.55997E-12 -6.07253E-12 -1.51850E-12 -1.21751E-12  2.33772E-14  1.25321E-16
  2.425E+01  4.41190E-02 -7.36515E-12 -6.00477E-12 -1.49531E-12 -1.21683E-12  1.35703E-14  1.22648E-16
  2.450E+01  4.50194E-02 -7.17664E-12 -5.93762E-12 -1.47258E-12 -1.21600E-12  9.73483E-15  1.20059E-16
  2.475E+01  4.59284E-02 -6.99419E-12 -5.87110E-12 -1.45031E-12 -1.21502E-12  2.43168E-14  1.17549E-16
  2.500E+01  4.68461E-02 -6.81757E-12 -5.80523E-12 -1.42849E-12 -1.21390E-12  1.53966E-14  1.15116E-16
  2.550E+01  4.87074E-02 -6.48086E-12 -5.67549E-12 -1.38612E-12 -1.21127E-12  2.46734E-14  1.10467E-16
  2.600E+01  5.06030E-02 -6.16480E-12 -5.54850E-12 -1.34539E-12 -1.20816E-12  6.75359E-15  1.06090E-16
  2.650E+01  5.25328E-02 -5.86783E-12 -5.42430E-12 -1.30620E-12 -1.20462E-12  1.90045E-14  0.00000E+00
  2.700E+01  5.44967E-02 -5.58851E-12 -5.30294E-12 -1.26849E-12 -1.20069E-12  2.43901E-14  1.96145E-16
  2.750E+01  5.64946E-02 -5.32556E-12 -5.18445E-12 -1.23217E-12 -1.19640E-12  3.21225E-15  9.43953E-17
  2.800E+01  5.85262E-02 -5.07779E-12 -5.06880E-12 -1.19717E-12 -1.19180E-12  2.17041E-14  0.00000E+00
  2.850E+01  6.05914E-02 -4.84413E-12 -4.95599E-12 -1.16344E-12 -1.18691E-12  2.29022E-14  1.75256E-16
  2.900E+01  6.26901E-02 -4.62359E-12 -4.84598E-12 -1.13090E-12 -1.18177E-12  6.81126E-16  0.00000E+00
  2.950E+01  6.48222E-02 -4.41526E-12 -4.73876E-12 -1.09950E-12 -1.17639E-12  2.33047E-14  0.00000E+00
  3.000E+01  6.69873E-02 -4.21832E-12 -4.63427E-12 -1.06920E-12 -1.17081E-12  2.02435E-14  0.00000E+00
  3.050E+01  6.91854E-02 -4.03200E-12 -4.53246E-12 -1.03992E-12 -1.16505E-12  4.32220E-15  0.00000E+00
  3.100E+01  7.14163E-02 -3.85560E-12 -4.43330E-12 -1.01164E-12 -1.15911E-12  2.34840E-14  1.47103E-16
  3.150E+01  7.36799E-02 -3.68848E-12 -4.33671E-12 -9.84298E-13 -1.15303E-12  1.66782E-14  1.42283E-16
  3.200E+01  7.59760E-02 -3.53003E-12 -4.24265E-12 -9.57860E-13 -1.14682E-12  7.17540E-15  1.37694E-16
  3.250E+01  7.83043E-02 -3.37972E-12 -4.15104E-12 -9.32284E-13 -1.14049E-12  2.17139E-14  1.33321E-16
  3.300E+01  8.06647E-02 -3.23702E-12 -4.06183E-12 -9.07533E-13 -1.13406E-12  1.27324E-14  0.00000E+00
  3.350E+01  8.30571E-02 -3.10148E-12 -3.97495E-12 -8.83571E-13 -1.12754E-12  8.89231E-15  0.00000E+00
  3.400E+01  8.54812E-02 -2.97265E-12 -3.89036E-12 -8.60365E-13 -1.12094E-12  1.90439E-14  0.00000E+00
  3.450E+01  8.79369E-02 -2.85013E-12 -3.80798E-12 -8.37883E-13 -1.11427E-12  8.53047E-15  1.17746E-16
  3.500E+01  9.04240E-02 -2.73354E-12 -3.72775E-12 -8.16095E-13 -1.10755E-12  9.36861E-15  0.00000E+00
  3.550E+01  9.29422E-02 -2.62255E-12 -3.64962E-12 -7.94973E-13 -1.10077E-12  1.51251E-14  0.00000E+00
  3.600E+01  9.54915E-02 -2.51682E-12 -3.57351E-12 -7.74490E-13 -1.09395E-12  4.83587E-15  1.07780E-16
  3.650E+01  9.80716E-02 -2.41605E-12 -3.49938E-12 -7.54620E-13 -1.08710E-12  8.10983E-15  0.00000E+00
  3.700E+01  1.00682E-01 -2.31996E-12 -3.42716E-12 -7.35340E-13 -1.08022E-12  1.02569E-14  0.00000E+00
  3.750E+01  1.03323E-01 -2.22829E-12 -3.35681E-12 -7.16626E-13 -1.07332E-12  2.29257E-15  9.90241E-17
  3.800E+01  1.05995E-01 -2.14079E-12 -3.28826E-12 -6.98456E-13 -1.06640E-12  5.28735E-15  0.00000E+00
  3.850E+01  1.08696E-01 -2.05724E-12 -3.22146E-12 -6.80811E-13 -1.05947E-12  5.35973E-15  0.00000E+00
  3.900E+01  1.11427E-01 -1.97743E-12 -3.15636E-12 -6.63669E-13 -1.05254E-12  8.72329E-16  9.12926E-17
  3.950E+01  1.14188E-01 -1.90114E-12 -3.09290E-12 -6.47013E-13 -1.04560E-12  1.23095E-15  0.00000E+00
  4.000E+01  1.16978E-01 -1.82820E-12 -3.03105E-12 -6.30825E-13 -1.03867E-12  7.40316E-16  0.00000E+00
  4.050E+01  1.19797E-01 -1.75843E-12 -2.97074E-12 -6.15086E-13 -1.03174E-12  1.26662E-15  8.44341E-17
  4.100E+01  1.22645E-01 -1.69166E-12 -2.91193E-12 -5.99782E-13 -1.02482E-12  4.07034E-15  0.00000E+00
  4.150E+01  1.25522E-01 -1.62775E-12 -2.85459E-12 -5.84897E-13 -1.01792E-12  3.46293E-15  0.00000E+00
  4.200E+01  1.28428E-01 -1.56654E-12 -2.79866E-12 -5.70416E-13 -1.01103E-12  3.38930E-15  7.83238E-17
  4.250E+01  1.31361E-01 -1.50791E-12 -2.74410E-12 -5.56324E-13 -1.00415E-12  9.62333E-15  0.00000E+00
  4.300E+01  1.34323E-01 -1.45171E-12 -2.69087E-12 -5.42609E-13 -9.97299E-13  6.33766E-15  0.00000E+00
  4.350E+01  1.37313E-01 -1.39784E-12 -2.63893E-12 -5.29258E-13 -9.90468E-13  6.84615E-15  0.00000E+00
  4.400E+01  1.40330E-01 -1.34617E-12 -2.58824E-12 -5.16257E-13 -9.83661E-13  1.54479E-14  0.00000E+00
  4.450E+01  1.43375E-01 -1.29661E-12 -2.53877E-12 -5.03596E-13 -9.76879E-13  7.49598E-15  0.00000E+00
  4.500E+01  1.46447E-01 -1.24905E-12 -2.49048E-12 -4.91263E-13 -9.70125E-13  1.17021E-14  0.00000E+00
  4.550E+01  1.49545E-01 -1.20339E-12 -2.44334E-12 -4.79248E-13 -9.63400E-13  2.07520E-14  0.00000E+00
  4.600E+01  1.52671E-01 -1.15955E-12 -2.39730E-12 -4.67540E-13 -9.56705E-13  6.93248E-15  0.00000E+00
  4.650E+01  1.55823E-01 -1.11744E-12 -2.35234E-12 -4.56128E-13 -9.50042E-13  1.71542E-14  0.00000E+00
  4.700E+01  1.59001E-01 -1.07698E-12 -2.30842E-12 -4.45005E-13 -9.43410E-13  2.46393E-14  0.00000E+00
  4.750E+01  1.62205E-01 -1.03810E-12 -2.26552E-12 -4.34159E-13 -9.36812E-13  4.78540E-15  0.00000E+00
  4.800E+01  1.65435E-01 -1.00072E-12 -2.22361E-12 -4.23584E-13 -9.30248E-13  2.31046E-14  0.00000E+00
  4.850E+01  1.68690E-01 -9.64777E-13 -2.18265E-12 -4.13270E-13 -9.23719E-13  2.77226E-14  0.00000E+00
  4.900E+01  1.71970E-01 -9.30207E-13 -2.14263E-12 -4.03209E-13 -9.17226E-13  1.03818E-15  0.00000E+00
  4.950E+01  1.75276E-01 -8.96949E-13 -2.10351E-12 -3.93394E-13 -9.10768E-13  2.89662E-14  0.00000E+00
  5.000E+01  1.78606E-01 -8.64944E-13 -2.06526E-12 -3.83818E-13 -9.04348E-13  2.84903E-14  0.00000E+00
  5.050E+01  1.81961E-01 -8.34138E-13 -2.02787E-12 -3.74472E-13 -8.97964E-13  3.95131E-15  0.00000E+00
  5.100E+01  1.85340E-01 -8.04479E-13 -1.99131E-12 -3.65350E-13 -8.91618E-13  3.35379E-14  0.00000E+00
  5.150E+01  1.88743E-01 -7.75919E-13 -1.95555E-12 -3.56446E-13 -8.85310E-13  2.75107E-14  0.00000E+00
  5.200E+01  1.92169E-01 -7.48411E-13 -1.92058E-12 -3.47753E-13 -8.79039E-13  9.42157E-15  0.00000E+00
  5.250E+01  1.95619E-01 -7.21911E-13 -1.88637E-12 -3.39265E-13 -8.72807E-13  3.71152E-14  0.00000E+00
  5.300E+01  1.99092E-01 -6.96375E-13 -1.85290E-12 -3.30977E-13 -8.66614E-13  2.46793E-14  0.00000E+00
  5.350E+01  2.02589E-01 -6.71763E-13 -1.82015E-12 -3.22881E-13 -8.60459E-13  1.47481E-14  0.00000E+00
  5.400E+01  2.06107E-01 -6.48038E-13 -1.78809E-12 -3.14974E-13 -8.54343E-13  3.90570E-14  0.00000E+00
  5.450E+01  2.09649E-01 -6.25163E-13 -1.75672E-12 -3.07250E-13 -8.48266E-13  2.06734E-14  0.00000E+00
  5.500E+01  2.13212E-01 -6.03105E-13 -1.72602E-12 -2.99703E-13 -8.42228E-13  1.97379E-14  0.00000E+00
  5.550E+01  2.16797E-01 -5.81829E-13 -1.69596E-12 -2.92329E-13 -8.36228E-13  3.86149E-14  0.00000E+00
  5.600E+01  2.20404E-01 -5.61306E-13 -1.66653E-12 -2.85124E-13 -8.30267E-13  1.55314E-14  0.00000E+00
  5.650E+01  2.24032E-01 -5.41503E-13 -1.63770E-12 -2.78081E-13 -8.24345E-13  2.36093E-14  0.00000E+00
  5.700E+01  2.27680E-01 -5.22393E-13 -1.60948E-12 -2.71198E-13 -8.18462E-13  3.65872E-14  0.00000E+00
  5.750E+01  2.31350E-01 -5.03949E-13 -1.58183E-12 -2.64469E-13 -8.12617E-13  1.00888E-14  0.00000E+00
  5.800E+01  2.35040E-01 -4.86145E-13 -1.55474E-12 -2.57892E-13 -8.06810E-13  2.57011E-14  0.00000E+00
  5.850E+01  2.38751E-01 -4.68957E-13 -1.52821E-12 -2.51461E-13 -8.01042E-13  3.24662E-14  0.00000E+00
  5.900E+01  2.42481E-01 -4.52360E-13 -1.50221E-12 -2.45173E-13 -7.95312E-13  5.24796E-15  0.00000E+00
  5.950E+01  2.46231E-01 -4.36332E-13 -1.47674E-12 -2.39024E-13 -7.89620E-13  2.51576E-14  0.00000E+00
  6.000E+01  2.50000E-01 -4.20851E-13 -1.45177E-12 -2.33010E-13 -7.83966E-13  2.71393E-14  0.00000E+00
  6.050E+01  2.53788E-01 -4.05896E-13 -1.42730E-12 -2.27129E-13 -7.78350E-13  5.62780E-16  0.00000E+00
  6.100E+01  2.57595E-01 -3.91448E-13 -1.40330E-12 -2.21377E-13 -7.72770E-13  2.33686E-14  0.00000E+00
  6.150E+01  2.61421E-01 -3.77488E-13 -1.37978E-12 -2.15750E-13 -7.67228E-13  2.10909E-14  0.00000E+00
  6.200E+01  2.65264E-01 -3.63998E-13 -1.35672E-12 -2.10246E-13 -7.61723E-13  1.63253E-15  0.00000E+00
  6.250E+01  2.69126E-01 -3.50961E-13 -1.33411E-12 -2.04861E-13 -7.56255E-13  1.93799E-14  0.00000E+00
  6.300E+01  2.73005E-01 -3.38360E-13 -1.31194E-12 -1.99592E-13 -7.50822E-13  1.50919E-14  0.00000E+00
  6.350E+01  2.76901E-01 -3.26179E-13 -1.29019E-12 -1.94437E-13 -7.45427E-13  2.45999E-15  0.00000E+00
  6.400E+01  2.80814E-01 -3.14402E-13 -1.26885E-12 -1.89393E-13 -7.40067E-13  1.33925E-14  0.00000E+00
  6.450E+01  2.84744E-01 -3.03016E-13 -1.24792E-12 -1.84457E-13 -7.34742E-13  9.47078E-15  0.00000E+00
  6.500E+01  2.88691E-01 -2.92006E-13 -1.22739E-12 -1.79627E-13 -7.29453E-13  8.52565E-16  0.00000E+00
  6.550E+01  2.92653E-01 -2.81359E-13 -1.20724E-12 -1.74899E-13 -7.24200E-13  6.24851E-15  0.00000E+00
  6.600E+01  2.96632E-01 -2.71063E-13 -1.18747E-12 -1.70272E-13 -7.18981E-13  5.01873E-15  0.00000E+00
  6.650E+01  3.00625E-01 -2.61104E-13 -1.16807E-12 -1.65743E-13 -7.13796E-13  2.65199E-15  0.00000E+00
  6.700E+01  3.04634E-01 -2.51472E-13 -1.14903E-12 -1.61311E-13 -7.08646E-13  1.14977E-15  0.00000E+00
  6.750E+01  3.08658E-01 -2.42154E-13 -1.13034E-12 -1.56971E-13 -7.03530E-13  2.76759E-15  0.00000E+00
  6.800E+01  3.12697E-01 -2.33139E-13 -1.11199E-12 -1.52724E-13 -6.98447E-13  8.55360E-15  0.00000E+00
  6.850E+01  3.16749E-01 -2.24418E-13 -1.09397E-12 -1.48566E-13 -6.93398E-13  8.32101E-15  0.00000E+00
  6.900E+01  3.20816E-01 -2.15979E-13 -1.07628E-12 -1.44495E-13 -6.88381E-13  2.38035E-15  0.00000E+00
  6.950E+01  3.24896E-01 -2.07815E-13 -1.05892E-12 -1.40509E-13 -6.83398E-13  1.58974E-14  0.00000E+00
  7.000E+01  3.28990E-01 -1.99916E-13 -1.04186E-12 -1.36608E-13 -6.78447E-13  1.48340E-14  0.00000E+00
  7.050E+01  3.33097E-01 -1.92272E-13 -1.02512E-12 -1.32787E-13 -6.73528E-13  4.49302E-15  0.00000E+00
  7.100E+01  3.37216E-01 -1.84874E-13 -1.00866E-12 -1.29047E-13 -6.68641E-13  2.39855E-14  0.00000E+00
  7.150E+01  3.41348E-01 -1.77714E-13 -9.92498E-13 -1.25385E-13 -6.63786E-13  1.93816E-14  0.00000E+00
  7.200E+01  3.45492E-01 -1.70783E-13 -9.76619E-13 -1.21799E-13 -6.58962E-13  9.24167E-15  0.00000E+00
  7.250E+01  3.49647E-01 -1.64078E-13 -9.61025E-13 -1.18287E-13 -6.54169E-13  3.26428E-14  0.00000E+00
  7.300E+01  3.53814E-01 -1.57589E-13 -9.45705E-13 -1.14849E-13 -6.49406E-13  2.22584E-14  0.00000E+00
  7.350E+01  3.57992E-01 -1.51307E-13 -9.30649E-13 -1.11482E-13 -6.44674E-13  1.54311E-14  0.00000E+00
  7.400E+01  3.62181E-01 -1.45226E-13 -9.15851E-13 -1.08185E-13 -6.39972E-13  4.03871E-14  0.00000E+00
  7.450E+01  3.66381E-01 -1.39340E-13 -9.01308E-13 -1.04957E-13 -6.35300E-13  2.24071E-14  0.00000E+00
  7.500E+01  3.70590E-01 -1.33643E-13 -8.87015E-13 -1.01795E-13 -6.30657E-13  2.29946E-14  0.00000E+00
  7.550E+01  3.74810E-01 -1.28129E-13 -8.72968E-13 -9.86994E-14 -6.26044E-13  4.67213E-14  0.00000E+00
  7.600E+01  3.79039E-01 -1.22792E-13 -8.59161E-13 -9.56678E-14 -6.21459E-13  2.01306E-14  0.00000E+00
  7.650E+01  3.83277E-01 -1.17626E-13 -8.45588E-13 -9.26990E-14 -6.16903E-13  3.11653E-14  0.00000E+00
  7.700E+01  3.87524E-01 -1.12625E-13 -8.32244E-13 -8.97919E-14 -6.12375E-13  5.13191E-14  0.00000E+00
  7.750E+01  3.91780E-01 -1.07784E-13 -8.19122E-13 -8.69450E-14 -6.07876E-13  1.56936E-14  0.00000E+00
  7.800E+01  3.96044E-01 -1.03099E-13 -8.06220E-13 -8.41572E-14 -6.03404E-13  3.89563E-14  0.00000E+00
  7.850E+01  4.00316E-01 -9.85638E-14 -7.93533E-13 -8.14272E-14 -5.98960E-13  5.34477E-14  0.00000E+00
  7.900E+01  4.04596E-01 -9.41745E-14 -7.81058E-13 -7.87540E-14 -5.94543E-13  9.88463E-15  0.00000E+00
  7.950E+01  4.08882E-01 -8.99264E-14 -7.68789E-13 -7.61363E-14 -5.90152E-13  4.59986E-14  0.00000E+00
  8.000E+01  4.13176E-01 -8.58148E-14 -7.56723E-13 -7.35730E-14 -5.85789E-13  5.29555E-14  0.00000E+00
  8.050E+01  4.17476E-01 -8.18355E-14 -7.44854E-13 -7.10631E-14 -5.81451E-13  2.60840E-15  0.00000E+00
  8.100E+01  4.21783E-01 -7.79843E-14 -7.33179E-13 -6.86054E-14 -5.77140E-13  5.11214E-14  0.00000E+00
  8.150E+01  4.26095E-01 -7.42573E-14 -7.21693E-13 -6.61991E-14 -5.72855E-13  4.99545E-14  0.00000E+00
  8.200E+01  4.30413E-01 -7.06507E-14 -7.10394E-13 -6.38429E-14 -5.68595E-13  4.74484E-15  0.00000E+00
  8.250E+01  4.34737E-01 -6.71610E-14 -6.99277E-13 -6.15360E-14 -5.64361E-13  5.37463E-14  0.00000E+00
  8.300E+01  4.39065E-01 -6.37845E-14 -6.88340E-13 -5.92775E-14 -5.60151E-13  4.48010E-14  0.00000E+00
  8.350E+01  4.43398E-01 -6.05177E-14 -6.77579E-13 -5.70663E-14 -5.55967E-13  1.13948E-14  0.00000E+00
  8.400E+01  4.47736E-01 -5.73572E-14 -6.66989E-13 -5.49015E-14 -5.51806E-13  5.39735E-14  0.00000E+00
  8.450E+01  4.52077E-01 -5.42997E-14 -6.56567E-13 -5.27824E-14 -5.47671E-13  3.80840E-14  0.00000E+00
  8.500E+01  4.56422E-01 -5.13421E-14 -6.46311E-13 -5.07079E-14 -5.43559E-13  1.64605E-14  0.00000E+00
  8.550E+01  4.60770E-01 -4.84815E-14 -6.36216E-13 -4.86772E-14 -5.39470E-13  5.08231E-14  0.00000E+00
  8.600E+01  4.65122E-01 -4.57149E-14 -6.26281E-13 -4.66896E-14 -5.35406E-13  3.08831E-14  0.00000E+00
  8.650E+01  4.69476E-01 -4.30395E-14 -6.16503E-13 -4.47442E-14 -5.31364E-13  1.92175E-14  0.00000E+00
  8.700E+01  4.73832E-01 -4.04527E-14 -6.06877E-13 -4.28402E-14 -5.27346E-13  4.54282E-14  0.00000E+00
  8.750E+01  4.78190E-01 -3.79516E-14 -5.97402E-13 -4.09769E-14 -5.23350E-13  2.34462E-14  9.32624E-18
  8.800E+01  4.82550E-01 -3.55337E-14 -5.88073E-13 -3.91534E-14 -5.19377E-13  1.93426E-14  0.00000E+00
  8.850E+01  4.86912E-01 -3.31964E-14 -5.78889E-13 -3.73691E-14 -5.15426E-13  3.79530E-14  0.00000E+00
  8.900E+01  4.91274E-01 -3.09375E-14 -5.69847E-13 -3.56232E-14 -5.11497E-13  1.74430E-14  9.05386E-18
  8.950E+01  4.95637E-01 -2.87545E-14 -5.60944E-13 -3.39151E-14 -5.07590E-13  1.63725E-14  0.00000E+00
  9.000E+01  5.00000E-01 -2.66454E-14 -5.52178E-13 -3.22440E-14 -5.03705E-13  2.90593E-14  0.00000E+00
  9.050E+01  5.04363E-01 -2.46079E-14 -5.43547E-13 -3.06092E-14 -4.99841E-13  1.34718E-14  0.00000E+00
  9.100E+01  5.08726E-01 -2.26398E-14 -5.35047E-13 -2.90102E-14 -4.95998E-13  1.00904E-14  8.71336E-18
  9.150E+01  5.13088E-01 -2.07390E-14 -5.26677E-13 -2.74462E-14 -4.92176E-13  1.97691E-14  0.00000E+00
  9.200E+01  5.17450E-01 -1.89036E-14 -5.18433E-13 -2.59167E-14 -4.88374E-13  1.21331E-14  0.00000E+00
  9.250E+01  5.21810E-01 -1.71316E-14 -5.10314E-13 -2.44210E-14 -4.84593E-13  1.41858E-15  8.47374E-18
  9.300E+01  5.26168E-01 -1.54213E-14 -5.02317E-13 -2.29585E-14 -4.80833E-13  1.10823E-14  0.00000E+00
  9.350E+01  5.30524E-01 -1.37707E-14 -4.94441E-13 -2.15286E-14 -4.77092E-13  1.41664E-14  0.00000E+00
  9.400E+01  5.34878E-01 -1.21783E-14 -4.86684E-13 -2.01308E-14 -4.73371E-13  9.26833E-15  8.24666E-18
  9.450E+01  5.39230E-01 -1.06422E-14 -4.79043E-13 -1.87645E-14 -4.69670E-13  3.86060E-15  0.00000E+00
  9.500E+01  5.43578E-01 -9.16074E-15 -4.71515E-13 -1.74291E-14 -4.65988E-13  1.90424E-14  0.00000E+00
  9.550E+01  5.47923E-01 -7.73233E-15 -4.64100E-13 -1.61241E-14 -4.62325E-13  2.11006E-14  4.01566E-18
  9.600E+01  5.52264E-01 -6.35539E-15 -4.56795E-13 -1.48490E-14 -4.58682E-13  7.72071E-16  3.98101E-18
  9.650E+01  5.56602E-01 -5.02848E-15 -4.49597E-13 -1.36032E-14 -4.55057E-13  2.74158E-14  3.94696E-18
  9.700E+01  5.60935E-01 -3.75015E-15 -4.42507E-13 -1.23863E-14 -4.51450E-13  3.30929E-14  3.91349E-18
  9.750E+01  5.65263E-01 -2.51900E-15 -4.35521E-13 -1.11977E-14 -4.47862E-13  2.31908E-15  0.00000E+00
  9.800E+01  5.69587E-01 -1.33364E-15 -4.28639E-13 -1.00370E-14 -4.44293E-13  3.85496E-14  3.84826E-18
  9.850E+01  5.73905E-01 -1.92682E-16 -4.21857E-13 -8.90363E-15 -4.40741E-13  4.40019E-14  3.81648E-18
  9.900E+01  5.78217E-01  9.05189E-16 -4.15175E-13 -7.79722E-15 -4.37207E-13  7.75011E-16  7.57048E-18
  9.950E+01  5.82524E-01  1.96124E-15 -4.08590E-13 -6.71727E-15 -4.33690E-13  5.08199E-14  7.50905E-18
  1.000E+02  5.86824E-01  2.97667E-15 -4.02101E-13 -5.66334E-15 -4.30191E-13  5.28273E-14  1.86216E-18
  1.005E+02  5.91118E-01  3.95261E-15 -3.95707E-13 -4.63498E-15 -4.26710E-13  4.66789E-15  7.38927E-18
  1.010E+02  5.95404E-01  4.89023E-15 -3.89406E-13 -3.63177E-15 -4.23245E-13  6.40247E-14  5.49816E-18
  1.015E+02  5.99684E-01  5.79063E-15 -3.83196E-13 -2.65329E-15 -4.19797E-13  5.88009E-14  9.09183E-19
  1.020E+02  6.03956E-01  6.65496E-15 -3.77077E-13 -1.69911E-15 -4.16366E-13  1.26423E-14  8.11912E-18
  1.025E+02  6.08220E-01  7.48428E-15 -3.71046E-13 -7.68846E-16 -4.12951E-13  7.69200E-14  7.38527E-18
  1.030E+02  6.12476E-01  8.27964E-15 -3.65102E-13  1.37911E-16 -4.09553E-13  6.11188E-14  3.49791E-18
  1.035E+02  6.16723E-01  9.04203E-15 -3.59243E-13  1.02155E-15 -4.06171E-13  2.30870E-14  1.05797E-17
  1.040E+02  6.20961E-01  9.77235E-15 -3.53469E-13  1.88245E-15 -4.02804E-13  8.81029E-14  5.25024E-18
  1.045E+02  6.25190E-01  1.04716E-14 -3.47778E-13  2.72098E-15 -3.99454E-13  6.02496E-14  6.07981E-18
  1.050E+02  6.29410E-01  1.11406E-14 -3.42169E-13  3.53751E-15 -3.96119E-13  3.49002E-14  6.89724E-18
  1.055E+02  6.33619E-01  1.17803E-14 -3.36640E-13  4.33241E-15 -3.92800E-13  9.66497E-14  6.84696E-18
  1.060E+02  6.37819E-01  1.23916E-14 -3.31191E-13  5.10603E-15 -3.89496E-13  5.58514E-14  6.79749E-18
  1.065E+02  6.42008E-01  1.29754E-14 -3.25819E-13  5.85871E-15 -3.86207E-13  4.66905E-14  8.43603E-18
  1.070E+02  6.46186E-01  1.35325E-14 -3.20523E-13  6.59079E-15 -3.82933E-13  1.01588E-13  1.00514E-17
  1.075E+02  6.50353E-01  1.40636E-14 -3.15303E-13  7.30261E-15 -3.79674E-13  4.87539E-14  0.00000E+00
  1.080E+02  6.54508E-01  1.45695E-14 -3.10158E-13  7.99450E-15 -3.76429E-13  5.70177E-14  6.60748E-18
  1.085E+02  6.58652E-01  1.50509E-14 -3.05086E-13  8.66677E-15 -3.73199E-13  1.02693E-13  3.28094E-18
  1.090E+02  6.62784E-01  1.55087E-14 -3.00086E-13  9.31975E-15 -3.69983E-13  3.93904E-14  0.00000E+00
  1.095E+02  6.66903E-01  1.59434E-14 -2.95157E-13  9.95374E-15 -3.66782E-13  6.50530E-14  6.47283E-18
  1.100E+02  6.71010E-01  1.63559E-14 -2.90298E-13  1.05690E-14 -3.63594E-13  9.98385E-14  0.00000E+00
  1.105E+02  6.75104E-01  1.67469E-14 -2.85508E-13  1.11660E-14 -3.60420E-13  2.98480E-14  0.00000E+00
  1.110E+02  6.79184E-01  1.71169E-14 -2.80786E-13  1.17448E-14 -3.57260E-13  6.94982E-14  6.34452E-18
  1.115E+02  6.83251E-01  1.74665E-14 -2.76131E-13  1.23058E-14 -3.54114E-13  9.35577E-14  6.30310E-18
  1.120E+02  6.87303E-01  1.77964E-14 -2.71541E-13  1.28494E-14 -3.50981E-13  2.07818E-14  0.00000E+00
  1.125E+02  6.91342E-01  1.81073E-14 -2.67017E-13  1.33756E-14 -3.47861E-13  6.96621E-14  6.22221E-18
  1.130E+02  6.95366E-01  1.83996E-14 -2.62557E-13  1.38849E-14 -3.44754E-13  8.46685E-14  0.00000E+00
  1.135E+02  6.99375E-01  1.86740E-14 -2.58160E-13  1.43776E-14 -3.41661E-13  1.38786E-14  6.14385E-18
  1.140E+02  7.03368E-01  1.89311E-14 -2.53825E-13  1.48537E-14 -3.38580E-13  6.52113E-14  0.00000E+00
  1.145E+02  7.07347E-01  1.91714E-14 -2.49551E-13  1.53137E-14 -3.35512E-13  7.43067E-14  0.00000E+00
  1.150E+02  7.11309E-01  1.93954E-14 -2.45337E-13  1.57578E-14 -3.32456E-13  1.05112E-14  6.03086E-18
  1.155E+02  7.15256E-01  1.96036E-14 -2.41184E-13  1.61863E-14 -3.29413E-13  5.66289E-14  5.99437E-18
  1.160E+02  7.19186E-01  1.97965E-14 -2.37089E-13  1.65993E-14 -3.26382E-13  6.33796E-14  0.00000E+00
  1.165E+02  7.23099E-01  1.99746E-14 -2.33052E-13  1.69971E-14 -3.23363E-13  1.17277E-14  5.92309E-18
  1.170E+02  7.26995E-01  2.01384E-14 -2.29072E-13  1.73800E-14 -3.20356E-13  4.44039E-14  0.00000E+00
  1.175E+02  7.30874E-01  2.02885E-14 -2.25148E-13  1.77481E-14 -3.17361E-13  5.46386E-14  0.00000E+00
  1.180E+02  7.34736E-01  2.04251E-14 -2.21280E-13  1.81018E-14 -3.14377E-13  1.77853E-14  0.00000E+00
  1.185E+02  7.38579E-01  2.05488E-14 -2.17466E-13  1.84413E-14 -3.11405E-13  2.90404E-14  0.00000E+00
  1.190E+02  7.42405E-01  2.06600E-14 -2.13707E-13  1.87667E-14 -3.08445E-13  4.81801E-14  0.00000E+00
  1.195E+02  7.46212E-01  2.07590E-14 -2.10001E-13  1.90783E-14 -3.05496E-13  2.91432E-14  0.00000E+00
  1.200E+02  7.50000E-01  2.08463E-14 -2.06348E-13  1.93764E-14 -3.02558E-13  1.24485E-14  0.00000E+00
  1.205E+02  7.53769E-01  2.09224E-14 -2.02747E-13  1.96610E-14 -2.99631E-13  4.62915E-14  0.00000E+00
  1.210E+02  7.57519E-01  2.09875E-14 -1.99197E-13  1.99325E-14 -2.96716E-13  4.50809E-14  0.00000E+00
  1.215E+02  7.61249E-01  2.10422E-14 -1.95697E-13  2.01910E-14 -2.93811E-13  3.92977E-15  0.00000E+00
  1.220E+02  7.64960E-01  2.10867E-14 -1.92247E-13  2.04368E-14 -2.90916E-13  4.95875E-14  0.00000E+00
  1.225E+02  7.68650E-01  2.11214E-14 -1.88847E-13  2.06700E-14 -2.88032E-13  6.54756E-14  0.00000E+00
  1.230E+02  7.72320E-01  2.11465E-14 -1.85495E-13  2.08908E-14 -2.85159E-13  1.81932E-14  0.00000E+00
  1.235E+02  7.75968E-01  2.11626E-14 -1.82191E-13  2.10995E-14 -2.82296E-13  5.81191E-14  0.00000E+00
  1.240E+02  7.79596E-01  2.11699E-14 -1.78935E-13  2.12962E-14 -2.79443E-13  8.80827E-14  0.00000E+00
  1.245E+02  7.83203E-01  2.11687E-14 -1.75725E-13  2.14810E-14 -2.76600E-13  2.93948E-14  0.00000E+00
  1.250E+02  7.86788E-01  2.11595E-14 -1.72561E-13  2.16543E-14 -2.73768E-13  7.21356E-14  0.00000E+00
  1.255E+02  7.90351E-01  2.11424E-14 -1.69443E-13  2.18162E-14 -2.70945E-13  1.12284E-13  0.00000E+00
  1.260E+02  7.93893E-01  2.11178E-14 -1.66370E-13  2.19668E-14 -2.68131E-13  3.52822E-14  0.00000E+00
  1.265E+02  7.97411E-01  2.10858E-14 -1.63342E-13  2.21063E-14 -2.65328E-13  9.15935E-14  0.00000E+00
  1.270E+02  8.00908E-01  2.10469E-14 -1.60357E-13  2.22349E-14 -2.62533E-13  1.35147E-13  0.00000E+00
  1.275E+02  8.04381E-01  2.10013E-14 -1.57416E-13  2.23528E-14 -2.59749E-13  3.64673E-14  0.00000E+00
  1.280E+02  8.07831E-01  2.09494E-14 -1.54518E-13  2.24602E-14 -2.56973E-13  1.13820E-13  0.00000E+00
  1.285E+02  8.11257E-01  2.08913E-14 -1.51662E-13  2.25571E-14 -2.54207E-13  1.56058E-13  0.00000E+00
  1.290E+02  8.14660E-01  2.08274E-14 -1.48847E-13  2.26438E-14 -2.51449E-13  3.18148E-14  0.00000E+00
  1.295E+02  8.18039E-01  2.07578E-14 -1.46075E-13  2.27205E-14 -2.48701E-13  1.38555E-13  0.00000E+00
  1.300E+02  8.21394E-01  2.06827E-14 -1.43343E-13  2.27872E-14 -2.45961E-13  1.72662E-13  0.00000E+00
  1.305E+02  8.24724E-01  2.06025E-14 -1.40651E-13  2.28442E-14 -2.43230E-13  2.20667E-14  0.00000E+00
  1.310E+02  8.28030E-01  2.05174E-14 -1.38000E-13  2.28916E-14 -2.40508E-13  1.63628E-13  0.00000E+00
  1.315E+02  8.31310E-01  2.04276E-14 -1.35388E-13  2.29296E-14 -2.37794E-13  1.84366E-13  0.00000E+00
  1.320E+02  8.34565E-01  2.03334E-14 -1.32815E-13  2.29583E-14 -2.35088E-13  8.04661E-15  0.00000E+00
  1.325E+02  8.37795E-01  2.02350E-14 -1.30280E-13  2.29778E-14 -2.32391E-13  1.85996E-13  0.00000E+00
  1.330E+02  8.40999E-01  2.01325E-14 -1.27783E-13  2.29883E-14 -2.29702E-13  1.90475E-13  0.00000E+00
  1.335E+02  8.44177E-01  2.00261E-14 -1.25325E-13  2.29900E-14 -2.27021E-13  8.72238E-15  0.00000E+00
  1.340E+02  8.47329E-01  1.99161E-14 -1.22903E-13  2.29829E-14 -2.24347E-13  2.05383E-13  0.00000E+00
  1.345E+02  8.50455E-01  1.98026E-14 -1.20519E-13  2.29673E-14 -2.21682E-13  1.90786E-13  0.00000E+00
  1.350E+02  8.53553E-01  1.96859E-14 -1.18171E-13  2.29433E-14 -2.19025E-13  2.50614E-14  0.00000E+00
  1.355E+02  8.56625E-01  1.95662E-14 -1.15859E-13  2.29110E-14 -2.16375E-13  2.18964E-13  0.00000E+00
  1.360E+02  8.59670E-01  1.94437E-14 -1.13582E-13  2.28705E-14 -2.13732E-13  1.86319E-13  0.00000E+00
  1.365E+02  8.62687E-01  1.93184E-14 -1.11341E-13  2.28220E-14 -2.11097E-13  4.02921E-14  0.00000E+00
  1.370E+02  8.65677E-01  1.91906E-14 -1.09135E-13  2.27656E-14 -2.08470E-13  2.25842E-13  0.00000E+00
  1.375E+02  8.68639E-01  1.90604E-14 -1.06964E-13  2.27015E-14 -2.05849E-13  1.78900E-13  0.00000E+00
  1.380E+02  8.71572E-01  1.89279E-14 -1.04827E-13  2.26297E-14 -2.03236E-13  5.09616E-14  0.00000E+00
  1.385E+02  8.74478E-01  1.87935E-14 -1.02724E-13  2.25504E-14 -2.00630E-13  2.26086E-13  0.00000E+00
  1.390E+02  8.77355E-01  1.86573E-14 -1.00654E-13  2.24637E-14 -1.98031E-13  1.70309E-13  0.00000E+00
  1.395E+02  8.80203E-01  1.85193E-14 -9.86167E-14  2.23698E-14 -1.95438E-13  5.52364E-14  0.00000E+00
  1.400E+02  8.83022E-01  1.83798E-14 -9.66126E-14  2.22687E-14 -1.92853E-13  2.20250E-13  0.00000E+00
  1.405E+02  8.85812E-01  1.82389E-14 -9.46412E-14  2.21607E-14 -1.90274E-13  1.63224E-13  0.00000E+00
  1.410E+02  8.88573E-01  1.80966E-14 -9.27022E-14  2.20457E-14 -1.87701E-13  5.15693E-14  0.00000E+00
  1.415E+02  8.91304E-01  1.79531E-14 -9.07953E-14  2.19240E-14 -1.85135E-13  2.08733E-13  0.00000E+00
  1.420E+02  8.94005E-01  1.78086E-14 -8.89200E-14  2.17956E-14 -1.82575E-13  1.60294E-13  0.00000E+00
  1.425E+02  8.96677E-01  1.76633E-14 -8.70756E-14  2.16607E-14 -1.80022E-13  3.87762E-14  0.00000E+00
  1.430E+02  8.99318E-01  1.75174E-14 -8.52619E-14  2.15193E-14 -1.77475E-13  1.94070E-13  0.00000E+00
  1.435E+02  9.01928E-01  1.73709E-14 -8.34787E-14  2.13717E-14 -1.74934E-13  1.64268E-13  0.00000E+00
  1.440E+02  9.04508E-01  1.72239E-14 -8.17264E-14  2.12178E-14 -1.72398E-13  1.63990E-14  0.00000E+00
  1.445E+02  9.07058E-01  1.70761E-14 -8.00049E-14  2.10579E-14 -1.69869E-13  1.78874E-13  0.00000E+00
  1.450E+02  9.09576E-01  1.69282E-14 -7.83132E-14  2.08919E-14 -1.67345E-13  1.77298E-13  0.00000E+00
  1.455E+02  9.12063E-01  1.67803E-14 -7.66506E-14  2.07201E-14 -1.64828E-13  1.44208E-14  0.00000E+00
  1.460E+02  9.14519E-01  1.66325E-14 -7.50170E-14  2.05426E-14 -1.62316E-13  1.65862E-13  0.00000E+00
  1.465E+02  9.16943E-01  1.64847E-14 -7.34125E-14  2.03594E-14 -1.59809E-13  2.01509E-13  0.00000E+00
  1.470E+02  9.19335E-01  1.63370E-14 -7.18370E-14  2.01706E-14 -1.57308E-13  5.26946E-14  0.00000E+00
  1.475E+02  9.21696E-01  1.61896E-14 -7.02904E-14  1.99764E-14 -1.54812E-13  1.57562E-13  0.00000E+00
  1.480E+02  9.24024E-01  1.60424E-14 -6.87724E-14  1.97768E-14 -1.52321E-13  2.37438E-13  0.00000E+00
  1.485E+02  9.26320E-01  1.58958E-14 -6.72824E-14  1.95720E-14 -1.49836E-13  9.55060E-14  0.00000E+00
  1.490E+02  9.28584E-01  1.57499E-14 -6.58201E-14  1.93620E-14 -1.47355E-13  1.57304E-13  0.00000E+00
  1.495E+02  9.30815E-01  1.56046E-14 -6.43852E-14  1.91470E-14 -1.44880E-13  2.85028E-13  0.00000E+00
  1.500E+02  9.33013E-01  1.54601E-14 -6.29777E-14  1.89271E-14 -1.42409E-13  1.40859E-13  0.00000E+00
  1.505E+02  9.35178E-01  1.53164E-14 -6.15976E-14  1.87023E-14 -1.39944E-13  1.66822E-13  0.00000E+00
  1.510E+02  9.37310E-01  1.51736E-14 -6.02446E-14  1.84727E-14 -1.37483E-13  3.43271E-13  0.00000E+00
  1.515E+02  9.39409E-01  1.50318E-14 -5.89187E-14  1.82385E-14 -1.35026E-13  1.84937E-13  0.00000E+00
  1.520E+02  9.41474E-01  1.48911E-14 -5.76193E-14  1.79997E-14 -1.32575E-13  1.87959E-13  0.00000E+00
  1.525E+02  9.43505E-01  1.47516E-14 -5.63463E-14  1.77565E-14 -1.30127E-13  4.10106E-13  0.00000E+00
  1.530E+02  9.45503E-01  1.46134E-14 -5.50993E-14  1.75089E-14 -1.27684E-13  2.25697E-13  0.00000E+00
  1.535E+02  9.47467E-01  1.44765E-14 -5.38782E-14  1.72571E-14 -1.25246E-13  2.19633E-13  0.00000E+00
  1.540E+02  9.49397E-01  1.43411E-14 -5.26829E-14  1.70010E-14 -1.22811E-13  4.82713E-13  0.00000E+00
  1.545E+02  9.51293E-01  1.42070E-14 -5.15136E-14  1.67409E-14 -1.20381E-13  2.60088E-13  0.00000E+00
  1.550E+02  9.53154E-01  1.40745E-14 -5.03699E-14  1.64767E-14 -1.17955E-13  2.62633E-13  0.00000E+00
  1.555E+02  9.54981E-01  1.39436E-14 -4.92516E-14  1.62086E-14 -1.15532E-13  5.57861E-13  0.00000E+00
  1.560E+02  9.56773E-01  1.38143E-14 -4.81583E-14  1.59367E-14 -1.13114E-13  2.87726E-13  0.00000E+00
  1.565E+02  9.58530E-01  1.36869E-14 -4.70899E-14  1.56611E-14 -1.10699E-13  3.13572E-13  0.00000E+00
  1.570E+02  9.60252E-01  1.35613E-14 -4.60461E-14  1.53818E-14 -1.08288E-13  6.32929E-13  1.73656E-17
  1.575E+02  9.61940E-01  1.34375E-14 -4.50270E-14  1.50990E-14 -1.05881E-13  3.06789E-13  0.00000E+00
  1.580E+02  9.63592E-01  1.33157E-14 -4.40326E-14  1.48127E-14 -1.03477E-13  3.69177E-13  1.72998E-17
  1.585E+02  9.65209E-01  1.31957E-14 -4.30627E-14  1.45230E-14 -1.01077E-13  7.04397E-13  3.45362E-17
  1.590E+02  9.66790E-01  1.30778E-14 -4.21173E-14  1.42300E-14 -9.86801E-14  3.20457E-13  0.00000E+00
  1.595E+02  9.68336E-01  1.29620E-14 -4.11958E-14  1.39337E-14 -9.62865E-14  4.25703E-13  1.72071E-17
  1.600E+02  9.69846E-01  1.28483E-14 -4.02982E-14  1.36344E-14 -9.38961E-14  7.70965E-13  5.15336E-17
  1.605E+02  9.71321E-01  1.27369E-14 -3.94241E-14  1.33320E-14 -9.15088E-14  3.30139E-13  1.71494E-17
  1.610E+02  9.72759E-01  1.26278E-14 -3.85737E-14  1.30266E-14 -8.91245E-14  4.78727E-13  0.00000E+00
  1.615E+02  9.74162E-01  1.25208E-14 -3.77470E-14  1.27183E-14 -8.67433E-14  8.32069E-13  5.12841E-17
  1.620E+02  9.75528E-01  1.24162E-14 -3.69440E-14  1.24072E-14 -8.43649E-14  3.40791E-13  1.70685E-17
  1.625E+02  9.76858E-01  1.23139E-14 -3.61645E-14  1.20935E-14 -8.19893E-14  5.24882E-13  1.70431E-17
  1.630E+02  9.78152E-01  1.22140E-14 -3.54082E-14  1.17770E-14 -7.96165E-14  8.88909E-13  3.40370E-17
  1.635E+02  9.79410E-01  1.21167E-14 -3.46749E-14  1.14580E-14 -7.72463E-14  3.57476E-13  1.69946E-17
  1.640E+02  9.80631E-01  1.20218E-14 -3.39643E-14  1.11365E-14 -7.48787E-14  5.60694E-13  1.69715E-17
  1.645E+02  9.81815E-01  1.19296E-14 -3.32765E-14  1.08127E-14 -7.25135E-14  9.44702E-13  1.69491E-17
  1.650E+02  9.82963E-01  1.18398E-14 -3.26116E-14  1.04865E-14 -7.01508E-14  3.86025E-13  0.00000E+00
  1.655E+02  9.84074E-01  1.17527E-14 -3.19697E-14  1.01580E-14 -6.77904E-14  5.84456E-13  1.69066E-17
  1.660E+02  9.85148E-01  1.16681E-14 -3.13505E-14  9.82740E-15 -6.54322E-14  1.00428E-12  1.68864E-17
  1.665E+02  9.86185E-01  1.15862E-14 -3.07540E-14  9.49470E-15 -6.30762E-14  4.32491E-13  0.00000E+00
  1.670E+02  9.87185E-01  1.15071E-14 -3.01797E-14  9.15999E-15 -6.07224E-14  5.96521E-13  1.68484E-17
  1.675E+02  9.88148E-01  1.14307E-14 -2.96275E-14  8.82335E-15 -5.83705E-14  1.07447E-12  3.36608E-17
  1.680E+02  9.89074E-01  1.13572E-14 -2.90974E-14  8.48485E-15 -5.60206E-14  5.02997E-13  1.68132E-17
  1.685E+02  9.89962E-01  1.12864E-14 -2.85896E-14  8.14457E-15 -5.36725E-14  5.98478E-13  6.71869E-17
  1.690E+02  9.90814E-01  1.12184E-14 -2.81042E-14  7.80260E-15 -5.13262E-14  1.16361E-12  0.00000E+00
  1.695E+02  9.91627E-01  1.11532E-14 -2.76410E-14  7.45899E-15 -4.89815E-14  6.02242E-13  8.38295E-17
  1.700E+02  9.92404E-01  1.10908E-14 -2.72000E-14  7.11384E-15 -4.66386E-14  5.96202E-13  1.00509E-16
  1.705E+02  9.93143E-01  1.10314E-14 -2.67807E-14  6.76721E-15 -4.42971E-14  1.28172E-12  6.69518E-17
  1.710E+02  9.93844E-01  1.09749E-14 -2.63830E-14  6.41918E-15 -4.19572E-14  7.34506E-13  1.33800E-16
  1.715E+02  9.94508E-01  1.09215E-14 -2.60069E-14  6.06983E-15 -3.96186E-14  5.94790E-13  1.67128E-16
  1.720E+02  9.95134E-01  1.08709E-14 -2.56526E-14  5.71922E-15 -3.72813E-14  1.43955E-12  3.34027E-17
  1.725E+02  9.95722E-01  1.08234E-14 -2.53202E-14  5.36745E-15 -3.49452E-14  9.04953E-13  1.66906E-16
  1.730E+02  9.96273E-01  1.07787E-14 -2.50098E-14  5.01457E-15 -3.26104E-14  6.03091E-13  2.33527E-16
  1.735E+02  9.96786E-01  1.07370E-14 -2.47212E-14  4.66066E-15 -3.02765E-14  1.65472E-12  0.00000E+00
  1.740E+02  9.97261E-01  1.06983E-14 -2.44540E-14  4.30581E-15 -2.79437E-14  1.12422E-12  2.66599E-16
  1.745E+02  9.97698E-01  1.06628E-14 -2.42080E-14  3.95007E-15 -2.56119E-14  6.32070E-13  2.99780E-16
  1.750E+02  9.98097E-01  1.06304E-14 -2.39832E-14  3.59353E-15 -2.32808E-14  1.95611E-12  3.32943E-17
  1.755E+02  9.98459E-01  1.06011E-14 -2.37798E-14  3.23626E-15 -2.09505E-14  1.41452E-12  3.99374E-16
  1.760E+02  9.98782E-01  1.05747E-14 -2.35981E-14  2.87833E-15 -1.86210E-14  6.99204E-13  4.65772E-16
  1.765E+02  9.99067E-01  1.05514E-14 -2.34382E-14  2.51981E-15 -1.62920E-14  2.41361E-12  6.65181E-17
  1.770E+02  9.99315E-01  1.05311E-14 -2.33001E-14  2.16079E-15 -1.39636E-14  1.84738E-12  6.31751E-16
  1.775E+02  9.99524E-01  1.05138E-14 -2.31833E-14  1.80133E-15 -1.16356E-14  8.45817E-13  9.30788E-16
  1.780E+02  9.99695E-01  1.04998E-14 -2.30874E-14  1.44150E-15 -9.30802E-15  3.26614E-12  1.66181E-16
  1.785E+02  9.99829E-01  1.04890E-14 -2.30122E-14  1.08138E-15 -6.98076E-15  2.72471E-12  1.76126E-15
  1.790E+02  9.99924E-01  1.04815E-14 -2.29579E-14  7.21041E-16 -4.65372E-15  1.28730E-12  4.15347E-15
  1.795E+02  9.99981E-01  1.04769E-14 -2.29251E-14  3.60557E-16 -2.32682E-15  6.59469E-12  2.99031E-15
  1.800E+02  1.00000E+00  1.04758E-14 -2.29139E-14  5.05999E-30 -3.26532E-29  1.26239E-10  2.48773E-11
