 #  Scattering amplitudes (in cm)      MU=(1-cos(TH))/2
 #  Z =  47,   projectile: electron
 #  Kinetic energy = 8.00000E+06 eV
 #
 # TH (deg)      MU          Re(F)        Im(F)        Re(G)        Im(G)        ERRF         ERRG 
 #-----------------------------------------------------------------------------------------------------------------
  0.000E+00  0.00000E+00  1.41300E-06  1.47749E-07  0.00000E+00  0.00000E+00  1.03014E-07  0.00000E+00
  1.000E-04  7.61557E-13  1.41299E-06  1.47749E-07  1.15897E-12  1.21196E-13  1.02965E-07  7.49061E-07
  1.250E-04  1.18994E-12  1.41298E-06  1.47749E-07  1.44871E-12  1.51495E-13  1.02938E-07  7.48964E-07
  1.500E-04  1.71346E-12  1.41297E-06  1.47749E-07  1.73844E-12  1.81794E-13  1.02905E-07  7.48846E-07
  1.750E-04  2.33225E-12  1.41296E-06  1.47749E-07  2.02817E-12  2.12093E-13  1.02866E-07  7.48707E-07
  2.000E-04  3.04617E-12  1.41295E-06  1.47748E-07  2.31789E-12  2.42392E-13  1.02821E-07  7.48545E-07
  2.250E-04  3.85530E-12  1.41294E-06  1.47748E-07  2.60761E-12  2.72691E-13  1.02770E-07  7.48363E-07
  2.500E-04  4.75964E-12  1.41293E-06  1.47748E-07  2.89732E-12  3.02990E-13  1.02713E-07  7.48159E-07
  2.750E-04  5.75917E-12  1.41291E-06  1.47748E-07  3.18702E-12  3.33289E-13  1.02650E-07  7.47933E-07
  3.000E-04  6.85391E-12  1.41290E-06  1.47748E-07  3.47671E-12  3.63587E-13  1.02581E-07  7.47686E-07
  3.250E-04  8.04379E-12  1.41288E-06  1.47748E-07  3.76639E-12  3.93886E-13  1.02506E-07  7.47418E-07
  3.500E-04  9.32893E-12  1.41286E-06  1.47748E-07  4.05606E-12  4.24184E-13  1.02425E-07  7.47128E-07
  3.750E-04  1.07092E-11  1.41284E-06  1.47747E-07  4.34571E-12  4.54482E-13  1.02338E-07  7.46817E-07
  4.000E-04  1.21847E-11  1.41282E-06  1.47747E-07  4.63536E-12  4.84781E-13  1.02245E-07  7.46484E-07
  4.250E-04  1.37554E-11  1.41280E-06  1.47747E-07  4.92499E-12  5.15079E-13  1.02147E-07  7.46130E-07
  4.500E-04  1.54213E-11  1.41278E-06  1.47747E-07  5.21460E-12  5.45377E-13  1.02042E-07  7.45755E-07
  4.750E-04  1.71823E-11  1.41275E-06  1.47747E-07  5.50421E-12  5.75675E-13  1.01931E-07  7.45359E-07
  5.000E-04  1.90386E-11  1.41272E-06  1.47746E-07  5.79379E-12  6.05972E-13  1.01815E-07  7.44941E-07
  5.250E-04  2.09900E-11  1.41269E-06  1.47746E-07  6.08336E-12  6.36270E-13  1.01692E-07  7.44502E-07
  5.500E-04  2.30367E-11  1.41267E-06  1.47746E-07  6.37291E-12  6.66567E-13  1.01564E-07  7.44041E-07
  5.750E-04  2.51785E-11  1.41263E-06  1.47746E-07  6.66244E-12  6.96864E-13  1.01429E-07  7.43560E-07
  6.000E-04  2.74156E-11  1.41260E-06  1.47745E-07  6.95196E-12  7.27161E-13  1.01289E-07  7.43057E-07
  6.250E-04  2.97478E-11  1.41257E-06  1.47745E-07  7.24145E-12  7.57458E-13  1.01143E-07  7.42533E-07
  6.500E-04  3.21752E-11  1.41253E-06  1.47745E-07  7.53092E-12  7.87755E-13  1.00991E-07  7.41988E-07
  6.750E-04  3.46979E-11  1.41250E-06  1.47744E-07  7.82037E-12  8.18051E-13  1.00834E-07  7.41422E-07
  7.000E-04  3.73157E-11  1.41246E-06  1.47744E-07  8.10980E-12  8.48348E-13  1.00670E-07  7.40835E-07
  7.250E-04  4.00286E-11  1.41242E-06  1.47744E-07  8.39920E-12  8.78644E-13  1.00501E-07  7.40227E-07
  7.500E-04  4.28368E-11  1.41238E-06  1.47743E-07  8.68858E-12  9.08940E-13  1.00325E-07  7.39597E-07
  7.750E-04  4.57402E-11  1.41234E-06  1.47743E-07  8.97793E-12  9.39235E-13  1.00144E-07  7.38947E-07
  8.000E-04  4.87388E-11  1.41229E-06  1.47743E-07  9.26726E-12  9.69531E-13  9.99577E-08  7.38276E-07
  8.250E-04  5.18325E-11  1.41225E-06  1.47742E-07  9.55656E-12  9.99826E-13  9.97652E-08  7.37584E-07
  8.500E-04  5.50215E-11  1.41220E-06  1.47742E-07  9.84583E-12  1.03012E-12  9.95670E-08  7.36871E-07
  8.750E-04  5.83057E-11  1.41216E-06  1.47741E-07  1.01351E-11  1.06042E-12  9.93630E-08  7.36137E-07
  9.000E-04  6.16850E-11  1.41211E-06  1.47741E-07  1.04243E-11  1.09071E-12  9.91534E-08  7.35383E-07
  9.250E-04  6.51595E-11  1.41206E-06  1.47740E-07  1.07135E-11  1.12100E-12  9.89381E-08  7.34607E-07
  9.500E-04  6.87293E-11  1.41201E-06  1.47740E-07  1.10026E-11  1.15130E-12  9.87171E-08  7.33812E-07
  9.750E-04  7.23943E-11  1.41195E-06  1.47740E-07  1.12917E-11  1.18159E-12  9.84904E-08  7.32995E-07
  1.000E-03  7.61544E-11  1.41190E-06  1.47739E-07  1.15808E-11  1.21188E-12  9.82581E-08  7.32158E-07
  1.250E-03  1.18991E-10  1.41128E-06  1.47734E-07  1.44697E-11  1.51480E-12  9.56303E-08  7.22663E-07
  1.500E-03  1.71347E-10  1.41053E-06  1.47727E-07  1.73544E-11  1.81768E-12  9.24640E-08  7.11166E-07
  1.750E-03  2.33223E-10  1.40964E-06  1.47719E-07  2.02341E-11  2.12051E-12  8.87859E-08  6.97729E-07
  2.000E-03  3.04617E-10  1.40862E-06  1.47710E-07  2.31079E-11  2.42329E-12  8.46269E-08  6.82426E-07
  2.250E-03  3.85531E-10  1.40746E-06  1.47699E-07  2.59751E-11  2.72601E-12  8.00221E-08  6.65340E-07
  2.500E-03  4.75965E-10  1.40617E-06  1.47688E-07  2.88348E-11  3.02866E-12  7.50100E-08  6.46566E-07
  2.750E-03  5.75917E-10  1.40475E-06  1.47675E-07  3.16863E-11  3.33124E-12  6.96325E-08  6.26204E-07
  3.000E-03  6.85389E-10  1.40320E-06  1.47661E-07  3.45287E-11  3.63373E-12  6.39347E-08  6.04365E-07
  3.250E-03  8.04380E-10  1.40152E-06  1.47646E-07  3.73614E-11  3.93614E-12  5.79640E-08  5.81167E-07
  3.500E-03  9.32891E-10  1.39971E-06  1.47629E-07  4.01834E-11  4.23845E-12  5.17699E-08  5.56733E-07
  3.750E-03  1.07092E-09  1.39777E-06  1.47612E-07  4.29942E-11  4.54065E-12  4.54038E-08  5.31195E-07
  4.000E-03  1.21847E-09  1.39571E-06  1.47593E-07  4.57930E-11  4.84275E-12  3.89181E-08  5.04688E-07
  4.250E-03  1.37554E-09  1.39353E-06  1.47573E-07  4.85791E-11  5.14472E-12  3.23661E-08  4.77351E-07
  4.500E-03  1.54213E-09  1.39123E-06  1.47552E-07  5.13517E-11  5.44657E-12  2.58013E-08  4.49326E-07
  4.750E-03  1.71823E-09  1.38880E-06  1.47529E-07  5.41103E-11  5.74828E-12  1.92769E-08  4.20759E-07
  5.000E-03  1.90386E-09  1.38626E-06  1.47506E-07  5.68541E-11  6.04985E-12  1.28456E-08  3.91797E-07
  5.250E-03  2.09900E-09  1.38361E-06  1.47481E-07  5.95825E-11  6.35127E-12  6.55875E-09  3.62587E-07
  5.500E-03  2.30367E-09  1.38084E-06  1.47455E-07  6.22950E-11  6.65254E-12  4.66111E-10  3.33274E-07
  5.750E-03  2.51785E-09  1.37796E-06  1.47428E-07  6.49908E-11  6.95364E-12  5.38461E-09  3.04004E-07
  6.000E-03  2.74156E-09  1.37497E-06  1.47399E-07  6.76695E-11  7.25458E-12  1.09483E-08  2.74921E-07
  6.250E-03  2.97478E-09  1.37187E-06  1.47370E-07  7.03304E-11  7.55533E-12  1.61826E-08  2.46163E-07
  6.500E-03  3.21752E-09  1.36867E-06  1.47339E-07  7.29731E-11  7.85590E-12  2.10486E-08  2.17866E-07
  6.750E-03  3.46978E-09  1.36536E-06  1.47307E-07  7.55970E-11  8.15628E-12  2.55110E-08  1.90160E-07
  7.000E-03  3.73156E-09  1.36196E-06  1.47274E-07  7.82016E-11  8.45646E-12  2.95386E-08  1.63171E-07
  7.250E-03  4.00286E-09  1.35846E-06  1.47239E-07  8.07865E-11  8.75644E-12  3.31040E-08  1.37016E-07
  7.500E-03  4.28368E-09  1.35487E-06  1.47204E-07  8.33513E-11  9.05620E-12  3.61849E-08  1.11807E-07
  7.750E-03  4.57402E-09  1.35118E-06  1.47167E-07  8.58954E-11  9.35574E-12  3.87631E-08  8.76468E-08
  8.000E-03  4.87388E-09  1.34740E-06  1.47129E-07  8.84185E-11  9.65506E-12  4.08256E-08  6.46301E-08
  8.250E-03  5.18326E-09  1.34354E-06  1.47090E-07  9.09203E-11  9.95414E-12  4.23641E-08  4.28428E-08
  8.500E-03  5.50215E-09  1.33959E-06  1.47050E-07  9.34003E-11  1.02530E-11  4.33754E-08  2.23610E-08
  8.750E-03  5.83057E-09  1.33556E-06  1.47009E-07  9.58583E-11  1.05516E-11  4.38613E-08  3.25121E-09
  9.000E-03  6.16850E-09  1.33145E-06  1.46966E-07  9.82939E-11  1.08499E-11  4.38285E-08  1.44304E-08
  9.250E-03  6.51596E-09  1.32727E-06  1.46923E-07  1.00707E-10  1.11480E-11  4.32886E-08  3.06380E-08
  9.500E-03  6.87293E-09  1.32301E-06  1.46878E-07  1.03097E-10  1.14458E-11  4.22578E-08  4.53364E-08
  9.750E-03  7.23942E-09  1.31868E-06  1.46832E-07  1.05464E-10  1.17433E-11  4.07572E-08  5.85010E-08
  1.000E-02  7.61544E-09  1.31428E-06  1.46785E-07  1.07807E-10  1.20406E-11  3.88118E-08  7.01180E-08
  1.250E-02  1.18991E-08  1.26710E-06  1.46253E-07  1.29922E-10  1.49962E-11  2.90176E-09  1.05398E-07
  1.500E-02  1.71347E-08  1.21585E-06  1.45612E-07  1.49599E-10  1.79165E-11  3.17153E-08  3.82307E-08
  1.750E-02  2.33223E-08  1.16267E-06  1.44867E-07  1.66897E-10  2.07957E-11  3.09284E-08  3.92809E-08
  2.000E-02  3.04617E-08  1.10923E-06  1.44025E-07  1.81973E-10  2.36283E-11  2.12829E-09  5.87705E-08
  2.250E-02  3.85531E-08  1.05672E-06  1.43090E-07  1.95030E-10  2.64094E-11  3.19179E-08  1.87513E-08
  2.500E-02  4.75965E-08  1.00591E-06  1.42070E-07  2.06280E-10  2.91345E-11  2.72681E-08  3.05924E-08
  2.750E-02  5.75917E-08  9.57216E-07  1.40970E-07  2.15925E-10  3.17999E-11  6.59015E-09  4.12484E-08
  3.000E-02  6.85389E-08  9.10852E-07  1.39797E-07  2.24144E-10  3.44022E-11  3.35689E-08  9.74740E-09
  3.250E-02  8.04380E-08  8.66859E-07  1.38558E-07  2.31094E-10  3.69387E-11  2.46326E-08  2.69359E-08
  3.500E-02  9.32891E-08  8.25191E-07  1.37259E-07  2.36908E-10  3.94071E-11  1.11931E-08  3.20396E-08
  3.750E-02  1.07092E-07  7.85749E-07  1.35905E-07  2.41698E-10  4.18054E-11  3.57425E-08  4.24438E-09
  4.000E-02  1.21847E-07  7.48417E-07  1.34502E-07  2.45563E-10  4.41323E-11  2.20669E-08  2.50933E-08
  4.250E-02  1.37554E-07  7.13074E-07  1.33057E-07  2.48589E-10  4.63866E-11  1.61383E-08  2.61723E-08
  4.500E-02  1.54213E-07  6.79599E-07  1.31574E-07  2.50856E-10  4.85678E-11  3.80673E-08  2.70930E-10
  4.750E-02  1.71823E-07  6.47880E-07  1.30058E-07  2.52433E-10  5.06753E-11  1.91723E-08  2.40711E-08
  5.000E-02  1.90386E-07  6.17809E-07  1.28513E-07  2.53386E-10  5.27091E-11  2.15000E-08  2.19133E-08
  5.250E-02  2.09900E-07  5.89290E-07  1.26946E-07  2.53774E-10  5.46695E-11  4.03261E-08  2.92600E-09
  5.500E-02  2.30367E-07  5.62236E-07  1.25359E-07  2.53654E-10  5.65568E-11  1.57165E-08  2.34556E-08
  5.750E-02  2.51785E-07  5.36568E-07  1.23756E-07  2.53077E-10  5.83718E-11  2.72943E-08  1.84973E-08
  6.000E-02  2.74156E-07  5.12211E-07  1.22142E-07  2.52092E-10  6.01153E-11  4.23334E-08  5.68827E-09
  6.250E-02  2.97478E-07  4.89096E-07  1.20520E-07  2.50745E-10  6.17882E-11  1.15307E-08  2.30298E-08
  6.500E-02  3.21752E-07  4.67156E-07  1.18892E-07  2.49077E-10  6.33920E-11  3.34886E-08  1.55301E-08
  6.750E-02  3.46978E-07  4.46332E-07  1.17262E-07  2.47128E-10  6.49277E-11  4.38990E-08  8.18313E-09
  7.000E-02  3.73156E-07  4.26567E-07  1.15633E-07  2.44932E-10  6.63970E-11  6.48541E-09  2.26577E-08
  7.250E-02  4.00286E-07  4.07809E-07  1.14007E-07  2.42524E-10  6.78013E-11  4.00033E-08  1.27887E-08
  7.500E-02  4.28368E-07  3.90006E-07  1.12387E-07  2.39934E-10  6.91423E-11  4.48228E-08  1.04906E-08
  7.750E-02  4.57402E-07  3.73110E-07  1.10774E-07  2.37191E-10  7.04217E-11  4.89264E-10  2.22435E-08
  8.000E-02  4.87388E-07  3.57074E-07  1.09170E-07  2.34319E-10  7.16412E-11  4.67103E-08  1.01416E-08
  8.250E-02  5.18325E-07  3.41855E-07  1.07578E-07  2.31343E-10  7.28027E-11  4.48979E-08  1.26417E-08
  8.500E-02  5.50215E-07  3.27412E-07  1.05999E-07  2.28283E-10  7.39079E-11  6.50618E-09  2.17146E-08
  8.750E-02  5.83057E-07  3.13705E-07  1.04435E-07  2.25159E-10  7.49587E-11  5.34368E-08  7.51215E-09
  9.000E-02  6.16850E-07  3.00697E-07  1.02886E-07  2.21989E-10  7.59570E-11  4.39204E-08  1.46379E-08
  9.250E-02  6.51596E-07  2.88350E-07  1.01354E-07  2.18787E-10  7.69046E-11  1.44999E-08  2.10145E-08
  9.500E-02  6.87293E-07  2.76631E-07  9.98402E-08  2.15568E-10  7.78035E-11  5.99676E-08  4.86075E-09
  9.750E-02  7.23942E-07  2.65507E-07  9.83453E-08  2.12345E-10  7.86553E-11  4.17007E-08  1.64622E-08
  1.000E-01  7.61543E-07  2.54947E-07  9.68700E-08  2.09128E-10  7.94620E-11  2.34361E-08  2.01010E-08
  1.250E-01  1.18991E-06  1.74489E-07  8.33067E-08  1.78912E-10  8.54204E-11  7.89215E-08  5.96115E-09
  1.500E-01  1.71347E-06  1.25458E-07  7.19747E-08  1.54366E-10  8.85615E-11  1.63267E-08  2.18958E-08
  1.750E-01  2.33223E-06  9.42522E-08  6.26617E-08  1.35299E-10  8.99531E-11  1.17903E-07  1.52881E-09
  2.000E-01  3.04617E-06  7.32359E-08  5.50034E-08  1.20149E-10  9.02397E-11  5.68881E-09  2.27760E-08
  2.250E-01  3.85531E-06  5.82483E-08  4.86450E-08  1.07506E-10  8.97843E-11  1.53721E-07  3.20740E-09
  2.500E-01  4.75964E-06  4.70385E-08  4.32975E-08  9.64628E-11  8.87943E-11  4.29034E-08  2.26710E-08
  2.750E-01  5.75916E-06  3.83637E-08  3.87442E-08  8.65409E-11  8.74024E-11  1.83622E-07  8.06608E-09
  3.000E-01  6.85388E-06  3.15024E-08  3.48267E-08  7.75238E-11  8.57077E-11  9.53219E-08  2.17759E-08
  3.250E-01  8.04378E-06  2.60034E-08  3.14295E-08  6.93237E-11  8.37934E-11  2.04010E-07  1.29805E-08
  3.500E-01  9.32888E-06  2.15603E-08  2.84662E-08  6.19000E-11  8.17313E-11  1.62261E-07  1.99803E-08
  3.750E-01  1.07092E-05  1.79507E-08  2.58698E-08  5.52185E-11  7.95823E-11  2.09372E-07  1.77800E-08
  4.000E-01  1.21846E-05  1.50057E-08  2.35865E-08  4.92367E-11  7.73961E-11  2.40843E-07  1.71328E-08
  4.250E-01  1.37553E-05  1.25928E-08  2.15722E-08  4.39017E-11  7.52111E-11  1.93993E-07  2.21818E-08
  4.500E-01  1.54212E-05  1.06068E-08  1.97898E-08  3.91531E-11  7.30557E-11  3.25809E-07  1.31992E-08
  4.750E-01  1.71822E-05  8.96423E-09  1.82076E-08  3.49283E-11  7.09496E-11  1.53520E-07  2.58744E-08
  5.000E-01  1.90385E-05  7.59860E-09  1.67988E-08  3.11655E-11  6.89055E-11  4.10186E-07  8.28130E-09
  5.250E-01  2.09899E-05  6.45687E-09  1.55403E-08  2.78065E-11  6.69310E-11  8.57129E-08  2.85820E-08
  5.500E-01  2.30365E-05  5.49675E-09  1.44124E-08  2.47989E-11  6.50293E-11  4.86098E-07  2.58130E-09
  5.750E-01  2.51783E-05  4.68472E-09  1.33982E-08  2.20962E-11  6.32013E-11  9.34419E-09  3.00928E-08
  6.000E-01  2.74153E-05  3.99413E-09  1.24832E-08  1.96578E-11  6.14458E-11  5.45439E-07  3.63681E-09
  6.250E-01  2.97475E-05  3.40358E-09  1.16551E-08  1.74489E-11  5.97605E-11  1.29283E-07  3.02658E-08
  6.500E-01  3.21749E-05  2.89592E-09  1.09034E-08  1.54401E-11  5.81425E-11  5.80425E-07  1.00752E-08
  6.750E-01  3.46974E-05  2.45747E-09  1.02188E-08  1.36063E-11  5.65885E-11  2.69558E-07  2.90301E-08
  7.000E-01  3.73152E-05  2.07719E-09  9.59378E-09  1.19264E-11  5.50951E-11  5.84088E-07  1.64207E-08
  7.250E-01  4.00281E-05  1.74602E-09  9.02145E-09  1.03826E-11  5.36589E-11  4.23607E-07  2.63832E-08
  7.500E-01  4.28362E-05  1.45655E-09  8.49607E-09  8.95984E-12  5.22768E-11  5.50772E-07  2.23588E-08
  7.750E-01  4.57395E-05  1.20280E-09  8.01263E-09  7.64532E-12  5.09459E-11  5.83097E-07  2.23899E-08
  8.000E-01  4.87380E-05  9.79784E-10  7.56677E-09  6.42819E-12  4.96633E-11  4.76593E-07  2.75863E-08
  8.250E-01  5.18317E-05  7.83282E-10  7.15469E-09  5.29912E-12  4.84265E-11  7.38274E-07  1.71804E-08
  8.500E-01  5.50205E-05  6.09786E-10  6.77309E-09  4.25008E-12  4.72331E-11  3.59876E-07  3.18240E-08
  8.750E-01  5.83045E-05  4.56401E-10  6.41905E-09  3.27408E-12  4.60810E-11  8.78434E-07  1.09459E-08
  9.000E-01  6.16838E-05  3.20625E-10  6.09000E-09  2.36500E-12  4.49682E-11  2.01490E-07  3.48300E-08
  9.250E-01  6.51582E-05  2.00275E-10  5.78368E-09  1.51743E-12  4.38929E-11  9.92501E-07  3.93310E-09
  9.500E-01  6.87277E-05  9.35207E-11  5.49809E-09  7.26611E-13  4.28535E-11  5.06622E-09  3.64112E-08
  9.750E-01  7.23925E-05 -1.17743E-12  5.23142E-09 -1.17634E-14  4.18483E-11  1.06969E-06  3.56573E-09
  1.000E+00  7.61524E-05 -8.52167E-11  4.98210E-09 -7.01562E-13  4.08760E-11  1.10410E-10  1.76674E-11
  1.100E+00  9.21439E-05 -3.36598E-10  4.13166E-09 -3.04028E-12  3.72893E-11  1.58297E-10  1.05889E-11
  1.200E+00  1.09658E-04 -4.90605E-10  3.46668E-09 -4.83288E-12  3.41329E-11  1.60575E-10  5.03914E-12
  1.300E+00  1.28695E-04 -5.81958E-10  2.93859E-09 -6.20999E-12  3.13452E-11  1.34099E-10  1.13035E-12
  1.400E+00  1.49255E-04 -6.32515E-10  2.51354E-09 -7.26846E-12  2.88744E-11  9.29530E-11  1.29929E-12
  1.500E+00  1.71338E-04 -6.56350E-10  2.16731E-09 -8.08105E-12  2.66762E-11  4.82628E-11  2.52733E-12
  1.600E+00  1.94942E-04 -6.62670E-10  1.88225E-09 -8.70284E-12  2.47127E-11  8.08020E-12  2.86487E-12
  1.700E+00  2.20070E-04 -6.57566E-10  1.64526E-09 -9.17569E-12  2.29519E-11  2.25612E-11  2.60920E-12
  1.800E+00  2.46720E-04 -6.45108E-10  1.44648E-09 -9.53155E-12  2.13664E-11  4.13809E-11  2.01876E-12
  1.900E+00  2.74892E-04 -6.28030E-10  1.27840E-09 -9.79497E-12  1.99332E-11  4.84076E-11  1.30065E-12
  2.000E+00  3.04586E-04 -6.08182E-10  1.13522E-09 -9.98490E-12  1.86328E-11  4.53957E-11  6.04692E-13
  2.100E+00  3.35803E-04 -5.86815E-10  1.01242E-09 -1.01161E-11  1.74486E-11  3.51822E-11  2.77166E-14
  2.200E+00  3.68542E-04 -5.64774E-10  9.06450E-10 -1.02000E-11  1.63666E-11  2.10486E-11  3.80929E-13
  2.300E+00  4.02802E-04 -5.42632E-10  8.14479E-10 -1.02459E-11  1.53749E-11  6.16462E-12  6.11312E-13
  2.400E+00  4.38585E-04 -5.20767E-10  7.34238E-10 -1.02609E-11  1.44632E-11  6.84838E-12  6.79652E-13
  2.500E+00  4.75889E-04 -4.99429E-10  6.63892E-10 -1.02508E-11  1.36228E-11  1.61887E-11  6.22293E-13
  2.600E+00  5.14715E-04 -4.78776E-10  6.01943E-10 -1.02203E-11  1.28461E-11  2.09881E-11  4.81591E-13
  2.700E+00  5.55063E-04 -4.58902E-10  5.47164E-10 -1.01732E-11  1.21265E-11  2.12680E-11  3.00539E-13
  2.800E+00  5.96931E-04 -4.39858E-10  4.98539E-10 -1.01125E-11  1.14584E-11  1.77762E-11  1.17248E-13
  2.900E+00  6.40321E-04 -4.21665E-10  4.55222E-10 -1.00408E-11  1.08368E-11  1.17458E-11  4.00705E-14
  3.000E+00  6.85233E-04 -4.04322E-10  4.16504E-10 -9.96022E-12  1.02573E-11  4.61975E-12  1.53833E-13
  3.100E+00  7.31665E-04 -3.87814E-10  3.81790E-10 -9.87238E-12  9.71608E-12  2.21165E-12  2.17077E-13
  3.200E+00  7.79618E-04 -3.72119E-10  3.50575E-10 -9.77878E-12  9.20978E-12  7.62489E-12  2.31637E-13
  3.300E+00  8.29092E-04 -3.57206E-10  3.22430E-10 -9.68059E-12  8.73536E-12  1.09030E-11  2.06457E-13
  3.400E+00  8.80086E-04 -3.43042E-10  2.96988E-10 -9.57883E-12  8.29014E-12  1.17922E-11  1.54509E-13
  3.500E+00  9.32601E-04 -3.29593E-10  2.73934E-10 -9.47433E-12  7.87174E-12  1.04765E-11  8.87980E-14
  3.600E+00  9.86636E-04 -3.16822E-10  2.52996E-10 -9.36781E-12  7.47801E-12  7.48558E-12  2.38380E-14
  3.700E+00  1.04219E-03 -3.04695E-10  2.33939E-10 -9.25984E-12  7.10701E-12  3.56214E-12  3.22610E-14
  3.800E+00  1.09927E-03 -2.93176E-10  2.16559E-10 -9.15095E-12  6.75703E-12  4.91744E-13  7.15866E-14
  3.900E+00  1.15786E-03 -2.82231E-10  2.00677E-10 -9.04153E-12  6.42648E-12  3.95325E-12  9.17701E-14
  4.000E+00  1.21797E-03 -2.71829E-10  1.86139E-10 -8.93196E-12  6.11394E-12  6.29281E-12  9.37109E-14
  4.100E+00  1.27961E-03 -2.61939E-10  1.72808E-10 -8.82253E-12  5.81814E-12  7.23700E-12  8.01558E-14
  4.200E+00  1.34276E-03 -2.52532E-10  1.60563E-10 -8.71349E-12  5.53788E-12  6.78508E-12  5.71762E-14
  4.300E+00  1.40743E-03 -2.43579E-10  1.49298E-10 -8.60506E-12  5.27211E-12  5.17687E-12  2.91584E-14
  4.400E+00  1.47362E-03 -2.35055E-10  1.38919E-10 -8.49740E-12  5.01984E-12  2.82492E-12  1.75493E-15
  4.500E+00  1.54133E-03 -2.26935E-10  1.29343E-10 -8.39068E-12  4.78019E-12  2.24585E-13  1.99998E-14
  4.600E+00  1.61056E-03 -2.19196E-10  1.20496E-10 -8.28500E-12  4.55232E-12  2.14065E-12  3.49319E-14
  4.700E+00  1.68131E-03 -2.11816E-10  1.12312E-10 -8.18048E-12  4.33550E-12  3.87774E-12  4.17713E-14
  4.800E+00  1.75357E-03 -2.04775E-10  1.04731E-10 -8.07719E-12  4.12901E-12  4.74514E-12  4.07581E-14
  4.900E+00  1.82735E-03 -1.98054E-10  9.77014E-11 -7.97520E-12  3.93224E-12  4.67786E-12  3.30422E-14
  5.000E+00  1.90265E-03 -1.91635E-10  9.11752E-11 -7.87457E-12  3.74458E-12  3.78009E-12  2.22384E-14
  5.100E+00  1.97947E-03 -1.85501E-10  8.51098E-11 -7.77533E-12  3.56549E-12  2.29186E-12  9.28767E-15
  5.200E+00  2.05780E-03 -1.79637E-10  7.94669E-11 -7.67752E-12  3.39447E-12  5.33260E-13  2.14283E-15
  5.300E+00  2.13765E-03 -1.74027E-10  7.42118E-11 -7.58116E-12  3.23105E-12  1.15866E-12  1.13383E-14
  5.400E+00  2.21902E-03 -1.68658E-10  6.93131E-11 -7.48626E-12  3.07480E-12  2.48904E-12  1.67045E-14
  5.500E+00  2.30190E-03 -1.63517E-10  6.47424E-11 -7.39284E-12  2.92531E-12  3.25424E-12  1.89614E-14
  5.600E+00  2.38630E-03 -1.58592E-10  6.04741E-11 -7.30089E-12  2.78222E-12  3.36811E-12  1.78190E-14
  5.700E+00  2.47222E-03 -1.53872E-10  5.64848E-11 -7.21042E-12  2.64516E-12  2.86702E-12  1.40776E-14
  5.800E+00  2.55965E-03 -1.49345E-10  5.27532E-11 -7.12143E-12  2.51382E-12  1.89311E-12  8.86849E-15
  5.900E+00  2.64859E-03 -1.45002E-10  4.92600E-11 -7.03390E-12  2.38789E-12  6.59670E-13  3.17760E-15
  6.000E+00  2.73905E-03 -1.40833E-10  4.59874E-11 -6.94782E-12  2.26710E-12  5.91709E-13  1.60220E-15
  6.100E+00  2.83103E-03 -1.36829E-10  4.29193E-11 -6.86318E-12  2.15116E-12  1.63547E-12  5.29333E-15
  6.200E+00  2.92452E-03 -1.32983E-10  4.00410E-11 -6.77996E-12  2.03985E-12  2.30211E-12  7.86920E-15
  6.300E+00  3.01952E-03 -1.29287E-10  3.73389E-11 -6.69815E-12  1.93292E-12  2.50154E-12  8.46372E-15
  6.400E+00  3.11604E-03 -1.25732E-10  3.48006E-11 -6.61772E-12  1.83016E-12  2.23496E-12  7.37730E-15
  6.500E+00  3.21407E-03 -1.22312E-10  3.24147E-11 -6.53867E-12  1.73135E-12  1.58533E-12  5.55982E-15
  6.600E+00  3.31362E-03 -1.19021E-10  3.01708E-11 -6.46096E-12  1.63632E-12  6.98102E-13  3.29991E-15
  6.700E+00  3.41468E-03 -1.15852E-10  2.80592E-11 -6.38458E-12  1.54488E-12  2.49987E-13  1.06683E-15
  6.800E+00  3.51725E-03 -1.12800E-10  2.60710E-11 -6.30950E-12  1.45686E-12  1.08397E-12  6.21097E-16
  6.900E+00  3.62133E-03 -1.09859E-10  2.41980E-11 -6.23570E-12  1.37210E-12  1.66266E-12  1.80876E-15
  7.000E+00  3.72692E-03 -1.07024E-10  2.24327E-11 -6.16317E-12  1.29045E-12  1.90005E-12  2.53727E-15
  7.100E+00  3.83403E-03 -1.04290E-10  2.07681E-11 -6.09186E-12  1.21177E-12  1.77738E-12  2.46508E-15
  7.200E+00  3.94265E-03 -1.01652E-10  1.91978E-11 -6.02177E-12  1.13592E-12  1.34167E-12  2.76449E-15
  7.300E+00  4.05278E-03 -9.91072E-11  1.77156E-11 -5.95288E-12  1.06278E-12  6.92689E-13  1.61277E-15
  7.400E+00  4.16442E-03 -9.66501E-11  1.63161E-11 -5.88514E-12  9.92226E-13  3.85245E-14  1.56871E-15
  7.500E+00  4.27757E-03 -9.42768E-11  1.49942E-11 -5.81856E-12  9.24148E-13  7.14193E-13  1.18721E-15
  7.600E+00  4.39223E-03 -9.19844E-11  1.37451E-11 -5.75309E-12  8.58437E-13  1.21669E-12  3.30176E-16
  7.700E+00  4.50840E-03 -8.97687E-11  1.25643E-11 -5.68873E-12  7.94992E-13  1.46641E-12  1.60750E-16
  7.800E+00  4.62608E-03 -8.76267E-11  1.14477E-11 -5.62544E-12  7.33719E-13  1.43448E-12  1.56580E-16
  7.900E+00  4.74527E-03 -8.55554E-11  1.03914E-11 -5.56321E-12  6.74524E-13  1.14445E-12  1.52568E-16
  8.000E+00  4.86597E-03 -8.35515E-11  9.39192E-12 -5.50201E-12  6.17324E-13  6.64848E-13  5.94827E-16
  8.100E+00  4.98817E-03 -8.16124E-11  8.44590E-12 -5.44183E-12  5.62034E-13  9.40468E-14  8.69934E-16
  8.200E+00  5.11188E-03 -7.97354E-11  7.55020E-12 -5.38263E-12  5.08579E-13  4.59345E-13  1.41407E-15
  8.300E+00  5.23711E-03 -7.79178E-11  6.70195E-12 -5.32441E-12  4.56884E-13  8.96151E-13  9.65690E-16
  8.400E+00  5.36383E-03 -7.61574E-11  5.89842E-12 -5.26714E-12  4.06878E-13  1.14438E-12  1.48090E-15
  8.500E+00  5.49207E-03 -7.44518E-11  5.13707E-12 -5.21080E-12  3.58496E-13  1.17016E-12  1.44559E-15
  8.600E+00  5.62181E-03 -7.27988E-11  4.41554E-12 -5.15538E-12  3.11673E-13  9.81835E-13  1.28319E-15
  8.700E+00  5.75306E-03 -7.11963E-11  3.73160E-12 -5.10085E-12  2.66350E-13  6.25830E-13  7.51966E-16
  8.800E+00  5.88581E-03 -6.96424E-11  3.08318E-12 -5.04719E-12  2.22468E-13  1.76201E-13  2.44878E-16
  8.900E+00  6.02007E-03 -6.81351E-11  2.46832E-12 -4.99439E-12  1.79972E-13  2.80284E-13  0.00000E+00
  9.000E+00  6.15583E-03 -6.66727E-11  1.88519E-12 -4.94242E-12  1.38811E-13  6.60429E-13  1.05255E-15
  9.100E+00  6.29310E-03 -6.52535E-11  1.33209E-12 -4.89128E-12  9.89345E-14  8.99517E-13  1.82946E-15
  9.200E+00  6.43187E-03 -6.38758E-11  8.07404E-13 -4.84095E-12  6.02948E-14  9.61864E-13  1.67727E-15
  9.300E+00  6.57214E-03 -6.25380E-11  3.09617E-13 -4.79140E-12  2.28464E-14  8.45712E-13  1.75002E-15
  9.400E+00  6.71392E-03 -6.12387E-11 -1.62693E-13 -4.74262E-12 -1.34541E-14  5.81703E-13  1.71220E-15
  9.500E+00  6.85720E-03 -5.99765E-11 -6.10861E-13 -4.69459E-12 -4.86482E-14  2.25639E-13  1.04724E-15
  9.600E+00  7.00198E-03 -5.87500E-11 -1.03614E-12 -4.64731E-12 -8.27754E-14  1.52973E-13  6.15042E-16
  9.700E+00  7.14827E-03 -5.75579E-11 -1.43973E-12 -4.60075E-12 -1.15874E-13  4.84093E-13  6.02154E-16
  9.800E+00  7.29605E-03 -5.63989E-11 -1.82273E-12 -4.55490E-12 -1.47980E-13  7.09964E-13  1.17932E-15
  9.900E+00  7.44534E-03 -5.52720E-11 -2.18619E-12 -4.50974E-12 -1.79128E-13  7.94866E-13  9.62583E-16
  1.000E+01  7.59612E-03 -5.41758E-11 -2.53112E-12 -4.46527E-12 -2.09351E-13  7.30441E-13  2.07461E-15
  1.025E+01  7.97965E-03 -5.15635E-11 -3.31832E-12 -4.35697E-12 -2.81070E-13  9.58755E-14  1.07587E-15
  1.050E+01  8.37255E-03 -4.91216E-11 -4.00858E-12 -4.25263E-12 -3.47668E-13  5.61246E-13  8.53425E-16
  1.075E+01  8.77480E-03 -4.68361E-11 -4.61338E-12 -4.15206E-12 -4.09561E-13  5.74038E-13  2.11455E-15
  1.100E+01  9.18641E-03 -4.46942E-11 -5.14270E-12 -4.05507E-12 -4.67125E-13  2.79323E-15  1.86213E-15
  1.125E+01  9.60736E-03 -4.26844E-11 -5.60527E-12 -3.96149E-12 -5.20700E-13  5.08432E-13  0.00000E+00
  1.150E+01  1.00376E-02 -4.07965E-11 -6.00871E-12 -3.87115E-12 -5.70594E-13  4.46823E-13  1.98333E-15
  1.175E+01  1.04773E-02 -3.90210E-11 -6.35968E-12 -3.78390E-12 -6.17086E-13  6.39074E-14  1.49110E-15
  1.200E+01  1.09262E-02 -3.73495E-11 -6.66405E-12 -3.69960E-12 -6.60430E-13  4.56529E-13  3.89472E-16
  1.225E+01  1.13844E-02 -3.57742E-11 -6.92697E-12 -3.61811E-12 -7.00858E-13  3.42449E-13  1.61778E-15
  1.250E+01  1.18520E-02 -3.42882E-11 -7.15300E-12 -3.53930E-12 -7.38582E-13  1.11059E-13  1.55205E-15
  1.275E+01  1.23288E-02 -3.28848E-11 -7.34614E-12 -3.46305E-12 -7.73794E-13  4.06675E-13  1.14630E-16
  1.300E+01  1.28150E-02 -3.15585E-11 -7.50997E-12 -3.38924E-12 -8.06671E-13  2.56304E-13  1.54204E-15
  1.325E+01  1.33104E-02 -3.03037E-11 -7.64761E-12 -3.31777E-12 -8.37375E-13  1.43840E-13  6.35495E-16
  1.350E+01  1.38150E-02 -2.91156E-11 -7.76188E-12 -3.24853E-12 -8.66055E-13  3.59403E-13  0.00000E+00
  1.375E+01  1.43290E-02 -2.79896E-11 -7.85525E-12 -3.18143E-12 -8.92848E-13  1.84969E-13  7.85164E-16
  1.400E+01  1.48521E-02 -2.69218E-11 -7.92996E-12 -3.11637E-12 -9.17879E-13  1.65577E-13  1.32401E-15
  1.425E+01  1.53845E-02 -2.59081E-11 -7.98795E-12 -3.05328E-12 -9.41265E-13  3.15119E-13  1.82376E-16
  1.450E+01  1.59262E-02 -2.49453E-11 -8.03101E-12 -2.99206E-12 -9.63113E-13  1.25805E-13  1.40766E-15
  1.475E+01  1.64770E-02 -2.40300E-11 -8.06071E-12 -2.93265E-12 -9.83520E-13  1.78927E-13  8.49339E-16
  1.500E+01  1.70371E-02 -2.31592E-11 -8.07846E-12 -2.87495E-12 -1.00258E-12  2.73986E-13  3.28167E-16
  1.525E+01  1.76063E-02 -2.23303E-11 -8.08552E-12 -2.81892E-12 -1.02038E-12  7.68309E-14  9.51509E-16
  1.550E+01  1.81848E-02 -2.15407E-11 -8.08304E-12 -2.76448E-12 -1.03699E-12  1.85874E-13  6.13415E-16
  1.575E+01  1.87724E-02 -2.07880E-11 -8.07202E-12 -2.71156E-12 -1.05249E-12  2.35990E-13  2.96746E-16
  1.600E+01  1.93692E-02 -2.00700E-11 -8.05338E-12 -2.66011E-12 -1.06694E-12  3.64635E-14  5.74508E-16
  1.625E+01  1.99751E-02 -1.93847E-11 -8.02796E-12 -2.61008E-12 -1.08041E-12  1.87664E-13  6.95507E-16
  1.650E+01  2.05901E-02 -1.87302E-11 -7.99648E-12 -2.56140E-12 -1.09296E-12  2.01101E-13  2.69566E-16
  1.675E+01  2.12143E-02 -1.81048E-11 -7.95962E-12 -2.51403E-12 -1.10464E-12  3.33866E-15  2.61318E-16
  1.700E+01  2.18476E-02 -1.75069E-11 -7.91797E-12 -2.46792E-12 -1.11550E-12  1.85719E-13  5.06873E-16
  1.725E+01  2.24900E-02 -1.69348E-11 -7.87208E-12 -2.42302E-12 -1.12560E-12  1.69228E-13  3.68851E-16
  1.750E+01  2.31415E-02 -1.63872E-11 -7.82245E-12 -2.37928E-12 -1.13496E-12  2.35078E-14  3.58035E-16
  1.775E+01  2.38021E-02 -1.58629E-11 -7.76951E-12 -2.33667E-12 -1.14364E-12  1.80846E-13  6.95361E-16
  1.800E+01  2.44717E-02 -1.53604E-11 -7.71366E-12 -2.29515E-12 -1.15168E-12  1.40269E-13  1.12587E-16
  1.825E+01  2.51504E-02 -1.48787E-11 -7.65526E-12 -2.25467E-12 -1.15910E-12  4.49434E-14  1.09417E-16
  1.850E+01  2.58382E-02 -1.44167E-11 -7.59464E-12 -2.21520E-12 -1.16595E-12  1.73671E-13  5.31888E-16
  1.875E+01  2.65349E-02 -1.39734E-11 -7.53210E-12 -2.17671E-12 -1.17226E-12  1.14093E-13  1.03460E-16
  1.900E+01  2.72407E-02 -1.35478E-11 -7.46790E-12 -2.13915E-12 -1.17805E-12  6.16935E-14  1.00660E-16
  1.925E+01  2.79555E-02 -1.31390E-11 -7.40229E-12 -2.10251E-12 -1.18335E-12  1.64582E-13  2.93908E-16
  1.950E+01  2.86793E-02 -1.27463E-11 -7.33548E-12 -2.06675E-12 -1.18820E-12  9.05098E-14  3.81533E-16
  1.975E+01  2.94120E-02 -1.23687E-11 -7.26767E-12 -2.03183E-12 -1.19260E-12  7.43141E-14  3.71587E-16
  2.000E+01  3.01537E-02 -1.20056E-11 -7.19905E-12 -1.99774E-12 -1.19660E-12  1.54157E-13  0.00000E+00
  2.025E+01  3.09043E-02 -1.16562E-11 -7.12977E-12 -1.96444E-12 -1.20020E-12  6.96386E-14  0.00000E+00
  2.050E+01  3.16639E-02 -1.13200E-11 -7.05998E-12 -1.93192E-12 -1.20344E-12  8.34411E-14  3.43937E-16
  2.075E+01  3.24324E-02 -1.09962E-11 -6.98981E-12 -1.90013E-12 -1.20633E-12  1.42673E-13  0.00000E+00
  2.100E+01  3.32098E-02 -1.06844E-11 -6.91938E-12 -1.86907E-12 -1.20888E-12  5.09244E-14  0.00000E+00
  2.125E+01  3.39961E-02 -1.03839E-11 -6.84880E-12 -1.83870E-12 -1.21112E-12  8.94822E-14  3.19215E-16
  2.150E+01  3.47912E-02 -1.00943E-11 -6.77817E-12 -1.80902E-12 -1.21306E-12  1.30503E-13  1.55777E-16
  2.175E+01  3.55952E-02 -9.81498E-12 -6.70757E-12 -1.77998E-12 -1.21471E-12  3.44452E-14  0.00000E+00
  2.200E+01  3.64081E-02 -9.54556E-12 -6.63708E-12 -1.75159E-12 -1.21610E-12  9.27084E-14  1.48512E-16
  2.225E+01  3.72297E-02 -9.28558E-12 -6.56678E-12 -1.72381E-12 -1.21723E-12  1.17719E-13  1.45065E-16
  2.250E+01  3.80602E-02 -9.03464E-12 -6.49673E-12 -1.69663E-12 -1.21812E-12  1.98124E-14  0.00000E+00
  2.275E+01  3.88995E-02 -8.79233E-12 -6.42699E-12 -1.67002E-12 -1.21878E-12  9.37000E-14  2.77033E-16
  2.300E+01  3.97476E-02 -8.55828E-12 -6.35760E-12 -1.64399E-12 -1.21923E-12  1.04849E-13  1.35404E-16
  2.325E+01  4.06044E-02 -8.33215E-12 -6.28862E-12 -1.61849E-12 -1.21946E-12  7.16314E-15  1.32394E-16
  2.350E+01  4.14700E-02 -8.11359E-12 -6.22008E-12 -1.59353E-12 -1.21950E-12  9.27979E-14  1.29482E-16
  2.375E+01  4.23443E-02 -7.90229E-12 -6.15203E-12 -1.56909E-12 -1.21935E-12  9.18593E-14  2.53326E-16
  2.400E+01  4.32273E-02 -7.69795E-12 -6.08449E-12 -1.54514E-12 -1.21902E-12  3.66699E-15  2.47867E-16
  2.425E+01  4.41190E-02 -7.50027E-12 -6.01750E-12 -1.52169E-12 -1.21853E-12  9.00436E-14  1.21290E-16
  2.450E+01  4.50194E-02 -7.30900E-12 -5.95107E-12 -1.49870E-12 -1.21787E-12  7.87225E-14  2.37457E-16
  2.475E+01  4.59284E-02 -7.12387E-12 -5.88524E-12 -1.47618E-12 -1.21706E-12  1.29926E-14  0.00000E+00
  2.500E+01  4.68461E-02 -6.94463E-12 -5.82001E-12 -1.45410E-12 -1.21611E-12  8.57703E-14  1.13840E-16
  2.550E+01  4.87074E-02 -6.60291E-12 -5.69144E-12 -1.41125E-12 -1.21379E-12  2.10237E-14  1.09242E-16
  2.600E+01  5.06030E-02 -6.28210E-12 -5.56548E-12 -1.37004E-12 -1.21098E-12  5.30799E-14  2.09828E-16
  2.650E+01  5.25328E-02 -5.98062E-12 -5.44220E-12 -1.33039E-12 -1.20771E-12  7.44198E-14  1.00834E-16
  2.700E+01  5.44967E-02 -5.69703E-12 -5.32165E-12 -1.29223E-12 -1.20404E-12  3.32015E-14  9.69839E-17
  2.750E+01  5.64946E-02 -5.43003E-12 -5.20386E-12 -1.25547E-12 -1.20001E-12  2.88503E-14  2.80042E-16
  2.800E+01  5.85262E-02 -5.17841E-12 -5.08884E-12 -1.22005E-12 -1.19564E-12  5.99290E-14  1.79817E-16
  2.850E+01  6.05914E-02 -4.94109E-12 -4.97657E-12 -1.18590E-12 -1.19097E-12  4.10860E-14  1.73308E-16
  2.900E+01  6.26901E-02 -4.71706E-12 -4.86704E-12 -1.15296E-12 -1.18604E-12  6.64677E-15  2.50713E-16
  2.950E+01  6.48222E-02 -4.50541E-12 -4.76022E-12 -1.12117E-12 -1.18086E-12  4.41879E-14  8.06476E-17
  3.000E+01  6.69873E-02 -4.30531E-12 -4.65607E-12 -1.09048E-12 -1.17546E-12  4.53646E-14  2.33619E-16
  3.050E+01  6.91854E-02 -4.11597E-12 -4.55456E-12 -1.06084E-12 -1.16987E-12  1.31194E-14  0.00000E+00
  3.100E+01  7.14163E-02 -3.93669E-12 -4.45564E-12 -1.03220E-12 -1.16410E-12  2.82322E-14  1.45465E-16
  3.150E+01  7.36799E-02 -3.76682E-12 -4.35925E-12 -1.00450E-12 -1.15817E-12  4.74367E-14  0.00000E+00
  3.200E+01  7.59760E-02 -3.60575E-12 -4.26535E-12 -9.77723E-13 -1.15211E-12  2.94744E-14  1.36160E-16
  3.250E+01  7.83043E-02 -3.45292E-12 -4.17386E-12 -9.51812E-13 -1.14592E-12  1.30901E-14  3.95506E-16
  3.300E+01  8.06647E-02 -3.30783E-12 -4.08474E-12 -9.26735E-13 -1.13962E-12  4.73125E-14  0.00000E+00
  3.350E+01  8.30571E-02 -3.16998E-12 -3.99793E-12 -9.02455E-13 -1.13322E-12  4.24069E-14  0.00000E+00
  3.400E+01  8.54812E-02 -3.03895E-12 -3.91337E-12 -8.78939E-13 -1.12673E-12  3.71414E-16  3.60063E-16
  3.450E+01  8.79369E-02 -2.91433E-12 -3.83100E-12 -8.56154E-13 -1.12018E-12  4.52778E-14  1.16432E-16
  3.500E+01  9.04240E-02 -2.79572E-12 -3.75076E-12 -8.34070E-13 -1.11355E-12  5.16782E-14  1.13000E-16
  3.550E+01  9.29422E-02 -2.68279E-12 -3.67259E-12 -8.12660E-13 -1.10687E-12  1.04962E-14  1.09718E-16
  3.600E+01  9.54915E-02 -2.57520E-12 -3.59643E-12 -7.91895E-13 -1.10015E-12  4.21173E-14  0.00000E+00
  3.650E+01  9.80716E-02 -2.47265E-12 -3.52223E-12 -7.71750E-13 -1.09338E-12  5.69612E-14  0.00000E+00
  3.700E+01  1.00682E-01 -2.37484E-12 -3.44993E-12 -7.52201E-13 -1.08658E-12  1.87922E-14  0.00000E+00
  3.750E+01  1.03323E-01 -2.28152E-12 -3.37948E-12 -7.33224E-13 -1.07976E-12  3.74808E-14  0.00000E+00
  3.800E+01  1.05995E-01 -2.19244E-12 -3.31082E-12 -7.14797E-13 -1.07291E-12  5.84741E-14  1.90525E-16
  3.850E+01  1.08696E-01 -2.10737E-12 -3.24390E-12 -6.96900E-13 -1.06605E-12  2.42242E-14  9.27154E-17
  3.900E+01  1.11427E-01 -2.02609E-12 -3.17867E-12 -6.79513E-13 -1.05918E-12  3.19878E-14  9.02693E-17
  3.950E+01  1.14188E-01 -1.94839E-12 -3.11508E-12 -6.62617E-13 -1.05230E-12  5.61368E-14  8.79190E-17
  4.000E+01  1.16978E-01 -1.87409E-12 -3.05307E-12 -6.46193E-13 -1.04542E-12  2.70654E-14  8.56596E-17
  4.050E+01  1.19797E-01 -1.80301E-12 -2.99261E-12 -6.30224E-13 -1.03855E-12  2.53881E-14  0.00000E+00
  4.100E+01  1.22645E-01 -1.73499E-12 -2.93365E-12 -6.14695E-13 -1.03168E-12  5.07097E-14  8.13954E-17
  4.150E+01  1.25522E-01 -1.66986E-12 -2.87614E-12 -5.99589E-13 -1.02481E-12  2.80573E-14  7.93823E-17
  4.200E+01  1.28428E-01 -1.60748E-12 -2.82004E-12 -5.84892E-13 -1.01797E-12  1.79163E-14  7.74436E-17
  4.250E+01  1.31361E-01 -1.54771E-12 -2.76530E-12 -5.70589E-13 -1.01113E-12  4.26239E-14  0.00000E+00
  4.300E+01  1.34323E-01 -1.49043E-12 -2.71189E-12 -5.56667E-13 -1.00432E-12  2.68139E-14  7.37749E-17
  4.350E+01  1.37313E-01 -1.43550E-12 -2.65977E-12 -5.43112E-13 -9.97518E-13  1.00678E-14  0.00000E+00
  4.400E+01  1.40330E-01 -1.38282E-12 -2.60889E-12 -5.29913E-13 -9.90742E-13  3.20680E-14  0.00000E+00
  4.450E+01  1.43375E-01 -1.33227E-12 -2.55924E-12 -5.17057E-13 -9.83989E-13  2.40326E-14  0.00000E+00
  4.500E+01  1.46447E-01 -1.28376E-12 -2.51075E-12 -5.04533E-13 -9.77261E-13  1.18584E-15  6.71859E-17
  4.550E+01  1.49545E-01 -1.23719E-12 -2.46342E-12 -4.92331E-13 -9.70560E-13  2.05034E-14  0.00000E+00
  4.600E+01  1.52671E-01 -1.19246E-12 -2.41718E-12 -4.80438E-13 -9.63887E-13  2.08335E-14  0.00000E+00
  4.650E+01  1.55823E-01 -1.14949E-12 -2.37203E-12 -4.68847E-13 -9.57243E-13  7.56378E-15  6.28142E-17
  4.700E+01  1.59001E-01 -1.10820E-12 -2.32791E-12 -4.57547E-13 -9.50629E-13  7.56438E-15  6.14531E-17
  4.750E+01  1.62205E-01 -1.06851E-12 -2.28482E-12 -4.46528E-13 -9.44047E-13  1.70205E-14  0.00000E+00
  4.800E+01  1.65435E-01 -1.03036E-12 -2.24271E-12 -4.35783E-13 -9.37497E-13  1.63240E-14  0.00000E+00
  4.850E+01  1.68690E-01 -9.93661E-13 -2.20156E-12 -4.25302E-13 -9.30980E-13  4.69531E-15  0.00000E+00
  4.900E+01  1.71970E-01 -9.58361E-13 -2.16134E-12 -4.15077E-13 -9.24498E-13  1.32057E-14  5.64367E-17
  4.950E+01  1.75276E-01 -9.24395E-13 -2.12202E-12 -4.05102E-13 -9.18049E-13  2.47094E-14  5.52808E-17
  5.000E+01  1.78606E-01 -8.91705E-13 -2.08358E-12 -3.95367E-13 -9.11636E-13  1.62435E-14  0.00000E+00
  5.050E+01  1.81961E-01 -8.60235E-13 -2.04599E-12 -3.85866E-13 -9.05258E-13  9.88121E-15  5.30759E-17
  5.100E+01  1.85340E-01 -8.29932E-13 -2.00923E-12 -3.76592E-13 -8.98917E-13  3.19329E-14  5.20240E-17
  5.150E+01  1.88743E-01 -8.00748E-13 -1.97328E-12 -3.67539E-13 -8.92612E-13  2.62334E-14  0.00000E+00
  5.200E+01  1.92169E-01 -7.72634E-13 -1.93811E-12 -3.58699E-13 -8.86344E-13  7.32990E-15  5.00148E-17
  5.250E+01  1.95619E-01 -7.45545E-13 -1.90371E-12 -3.50067E-13 -8.80112E-13  3.81564E-14  0.00000E+00
  5.300E+01  1.99092E-01 -7.19438E-13 -1.87004E-12 -3.41636E-13 -8.73919E-13  3.39754E-14  4.81236E-17
  5.350E+01  2.02589E-01 -6.94272E-13 -1.83710E-12 -3.33402E-13 -8.67762E-13  5.22730E-15  4.72195E-17
  5.400E+01  2.06107E-01 -6.70009E-13 -1.80486E-12 -3.25358E-13 -8.61643E-13  4.24207E-14  0.00000E+00
  5.450E+01  2.09649E-01 -6.46612E-13 -1.77330E-12 -3.17499E-13 -8.55562E-13  3.92252E-14  4.54889E-17
  5.500E+01  2.13212E-01 -6.24046E-13 -1.74240E-12 -3.09820E-13 -8.49519E-13  3.62270E-15  4.46606E-17
  5.550E+01  2.16797E-01 -6.02278E-13 -1.71216E-12 -3.02316E-13 -8.43514E-13  4.44518E-14  0.00000E+00
  5.600E+01  2.20404E-01 -5.81275E-13 -1.68254E-12 -2.94982E-13 -8.37546E-13  4.18820E-14  4.30733E-17
  5.650E+01  2.24032E-01 -5.61006E-13 -1.65353E-12 -2.87814E-13 -8.31616E-13  2.45501E-15  0.00000E+00
  5.700E+01  2.27680E-01 -5.41444E-13 -1.62512E-12 -2.80807E-13 -8.25724E-13  4.40172E-14  0.00000E+00
  5.750E+01  2.31350E-01 -5.22560E-13 -1.59729E-12 -2.73957E-13 -8.19870E-13  4.12599E-14  0.00000E+00
  5.800E+01  2.35040E-01 -5.04327E-13 -1.57003E-12 -2.67260E-13 -8.14054E-13  1.96809E-15  0.00000E+00
  5.850E+01  2.38751E-01 -4.86722E-13 -1.54332E-12 -2.60711E-13 -8.08275E-13  4.12062E-14  3.94727E-17
  5.900E+01  2.42481E-01 -4.69720E-13 -1.51714E-12 -2.54307E-13 -8.02533E-13  3.84001E-14  0.00000E+00
  5.950E+01  2.46231E-01 -4.53297E-13 -1.49149E-12 -2.48044E-13 -7.96828E-13  1.13821E-15  0.00000E+00
  6.000E+01  2.50000E-01 -4.37433E-13 -1.46635E-12 -2.41919E-13 -7.91161E-13  3.61816E-14  3.75360E-17
  6.050E+01  2.53788E-01 -4.22104E-13 -1.44171E-12 -2.35927E-13 -7.85531E-13  3.33545E-14  0.00000E+00
  6.100E+01  2.57595E-01 -4.07293E-13 -1.41755E-12 -2.30066E-13 -7.79937E-13  0.00000E+00  0.00000E+00
  6.150E+01  2.61421E-01 -3.92978E-13 -1.39386E-12 -2.24332E-13 -7.74380E-13  2.84416E-14  0.00000E+00
  6.200E+01  2.65264E-01 -3.79143E-13 -1.37063E-12 -2.18723E-13 -7.68859E-13  2.61592E-14  0.00000E+00
  6.250E+01  2.69126E-01 -3.65770E-13 -1.34786E-12 -2.13234E-13 -7.63374E-13  1.59522E-15  3.46288E-17
  6.300E+01  2.73005E-01 -3.52841E-13 -1.32552E-12 -2.07863E-13 -7.57925E-13  1.87652E-14  0.00000E+00
  6.350E+01  2.76901E-01 -3.40341E-13 -1.30361E-12 -2.02607E-13 -7.52512E-13  1.85708E-14  0.00000E+00
  6.400E+01  2.80814E-01 -3.28254E-13 -1.28211E-12 -1.97464E-13 -7.47134E-13  4.12307E-15  0.00000E+00
  6.450E+01  2.84744E-01 -3.16564E-13 -1.26103E-12 -1.92430E-13 -7.41792E-13  7.48357E-15  0.00000E+00
  6.500E+01  2.88691E-01 -3.05259E-13 -1.24033E-12 -1.87504E-13 -7.36484E-13  9.76821E-15  0.00000E+00
  6.550E+01  2.92653E-01 -2.94324E-13 -1.22003E-12 -1.82681E-13 -7.31211E-13  7.17247E-15  0.00000E+00
  6.600E+01  2.96632E-01 -2.83747E-13 -1.20011E-12 -1.77961E-13 -7.25972E-13  4.46127E-15  0.00000E+00
  6.650E+01  3.00625E-01 -2.73514E-13 -1.18056E-12 -1.73340E-13 -7.20767E-13  1.47337E-15  0.00000E+00
  6.700E+01  3.04634E-01 -2.63615E-13 -1.16136E-12 -1.68817E-13 -7.15597E-13  1.11937E-14  0.00000E+00
  6.750E+01  3.08658E-01 -2.54036E-13 -1.14252E-12 -1.64388E-13 -7.10459E-13  1.64007E-14  0.00000E+00
  6.800E+01  3.12697E-01 -2.44767E-13 -1.12403E-12 -1.60053E-13 -7.05355E-13  6.05706E-15  0.00000E+00
  6.850E+01  3.16749E-01 -2.35797E-13 -1.10586E-12 -1.55808E-13 -7.00284E-13  1.58042E-14  0.00000E+00
  6.900E+01  3.20816E-01 -2.27117E-13 -1.08803E-12 -1.51652E-13 -6.95246E-13  2.75841E-14  0.00000E+00
  6.950E+01  3.24896E-01 -2.18716E-13 -1.07052E-12 -1.47582E-13 -6.90240E-13  1.19698E-14  0.00000E+00
  7.000E+01  3.28990E-01 -2.10586E-13 -1.05333E-12 -1.43597E-13 -6.85266E-13  2.05104E-14  0.00000E+00
  7.050E+01  3.33097E-01 -2.02717E-13 -1.03644E-12 -1.39695E-13 -6.80324E-13  3.73348E-14  0.00000E+00
  7.100E+01  3.37216E-01 -1.95099E-13 -1.01985E-12 -1.35873E-13 -6.75414E-13  1.67031E-14  0.00000E+00
  7.150E+01  3.41348E-01 -1.87723E-13 -1.00355E-12 -1.32131E-13 -6.70535E-13  2.50189E-14  0.00000E+00
  7.200E+01  3.45492E-01 -1.80582E-13 -9.87537E-13 -1.28467E-13 -6.65687E-13  4.51854E-14  0.00000E+00
  7.250E+01  3.49647E-01 -1.73673E-13 -9.71810E-13 -1.24878E-13 -6.60869E-13  1.93124E-14  0.00000E+00
  7.300E+01  3.53814E-01 -1.66983E-13 -9.56358E-13 -1.21363E-13 -6.56082E-13  2.87676E-14  0.00000E+00
  7.350E+01  3.57992E-01 -1.60505E-13 -9.41172E-13 -1.17920E-13 -6.51325E-13  5.01125E-14  0.00000E+00
  7.400E+01  3.62181E-01 -1.54233E-13 -9.26245E-13 -1.14549E-13 -6.46598E-13  2.03785E-14  0.00000E+00
  7.450E+01  3.66381E-01 -1.48160E-13 -9.11575E-13 -1.11247E-13 -6.41900E-13  3.15281E-14  0.00000E+00
  7.500E+01  3.70590E-01 -1.42280E-13 -8.97156E-13 -1.08013E-13 -6.37232E-13  5.18822E-14  0.00000E+00
  7.550E+01  3.74810E-01 -1.36588E-13 -8.82984E-13 -1.04846E-13 -6.32593E-13  1.94263E-14  0.00000E+00
  7.600E+01  3.79039E-01 -1.31076E-13 -8.69055E-13 -1.01744E-13 -6.27982E-13  3.28000E-14  0.00000E+00
  7.650E+01  3.83277E-01 -1.25740E-13 -8.55360E-13 -9.87053E-14 -6.23400E-13  5.06802E-14  0.00000E+00
  7.700E+01  3.87524E-01 -1.20572E-13 -8.41895E-13 -9.57294E-14 -6.18846E-13  1.72664E-14  0.00000E+00
  7.750E+01  3.91780E-01 -1.15568E-13 -8.28655E-13 -9.28147E-14 -6.14320E-13  3.21105E-14  0.00000E+00
  7.800E+01  3.96044E-01 -1.10723E-13 -8.15635E-13 -8.99599E-14 -6.09821E-13  4.62442E-14  0.00000E+00
  7.850E+01  4.00316E-01 -1.06032E-13 -8.02832E-13 -8.71639E-14 -6.05349E-13  1.39539E-14  0.00000E+00
  7.900E+01  4.04596E-01 -1.01490E-13 -7.90242E-13 -8.44254E-14 -6.00905E-13  2.88686E-14  0.00000E+00
  7.950E+01  4.08882E-01 -9.70926E-14 -7.77860E-13 -8.17432E-14 -5.96487E-13  3.88530E-14  0.00000E+00
  8.000E+01  4.13176E-01 -9.28349E-14 -7.65681E-13 -7.91163E-14 -5.92096E-13  1.03488E-14  0.00000E+00
  8.050E+01  4.17476E-01 -8.87127E-14 -7.53701E-13 -7.65436E-14 -5.87731E-13  2.31797E-14  0.00000E+00
  8.100E+01  4.21783E-01 -8.47216E-14 -7.41916E-13 -7.40240E-14 -5.83392E-13  2.91521E-14  0.00000E+00
  8.150E+01  4.26095E-01 -8.08577E-14 -7.30321E-13 -7.15564E-14 -5.79079E-13  6.98862E-15  0.00000E+00
  8.200E+01  4.30413E-01 -7.71173E-14 -7.18915E-13 -6.91397E-14 -5.74791E-13  1.55269E-14  0.00000E+00
  8.250E+01  4.34737E-01 -7.34964E-14 -7.07692E-13 -6.67731E-14 -5.70528E-13  1.75998E-14  0.00000E+00
  8.300E+01  4.39065E-01 -6.99916E-14 -6.96650E-13 -6.44556E-14 -5.66290E-13  4.11784E-15  0.00000E+00
  8.350E+01  4.43398E-01 -6.65992E-14 -6.85784E-13 -6.21861E-14 -5.62077E-13  5.95607E-15  0.00000E+00
  8.400E+01  4.47736E-01 -6.33157E-14 -6.75092E-13 -5.99638E-14 -5.57888E-13  5.01230E-15  0.00000E+00
  8.450E+01  4.52077E-01 -6.01378E-14 -6.64569E-13 -5.77878E-14 -5.53723E-13  2.36645E-15  0.00000E+00
  8.500E+01  4.56422E-01 -5.70623E-14 -6.54212E-13 -5.56571E-14 -5.49582E-13  5.11126E-15  0.00000E+00
  8.550E+01  4.60770E-01 -5.40862E-14 -6.44019E-13 -5.35710E-14 -5.45465E-13  7.31738E-15  0.00000E+00
  8.600E+01  4.65122E-01 -5.12066E-14 -6.33986E-13 -5.15286E-14 -5.41371E-13  1.69387E-15  0.00000E+00
  8.650E+01  4.69476E-01 -4.84205E-14 -6.24110E-13 -4.95290E-14 -5.37300E-13  1.71532E-14  0.00000E+00
  8.700E+01  4.73832E-01 -4.57252E-14 -6.14388E-13 -4.75715E-14 -5.33252E-13  1.86652E-14  0.00000E+00
  8.750E+01  4.78190E-01 -4.31178E-14 -6.04818E-13 -4.56552E-14 -5.29227E-13  2.84484E-15  0.00000E+00
  8.800E+01  4.82550E-01 -4.05958E-14 -5.95396E-13 -4.37795E-14 -5.25224E-13  2.89009E-14  0.00000E+00
  8.850E+01  4.86912E-01 -3.81566E-14 -5.86120E-13 -4.19435E-14 -5.21244E-13  2.85831E-14  1.80709E-17
  8.900E+01  4.91274E-01 -3.57978E-14 -5.76986E-13 -4.01466E-14 -5.17285E-13  4.88314E-15  1.78947E-17
  8.950E+01  4.95637E-01 -3.35170E-14 -5.67992E-13 -3.83880E-14 -5.13348E-13  4.00214E-14  8.86084E-18
  9.000E+01  5.00000E-01 -3.13119E-14 -5.59137E-13 -3.66670E-14 -5.09433E-13  3.62418E-14  1.75518E-17
  9.050E+01  5.04363E-01 -2.91804E-14 -5.50417E-13 -3.49830E-14 -5.05539E-13  8.18378E-15  8.69253E-18
  9.100E+01  5.08726E-01 -2.71202E-14 -5.41830E-13 -3.33352E-14 -5.01665E-13  4.92918E-14  0.00000E+00
  9.150E+01  5.13088E-01 -2.51292E-14 -5.33373E-13 -3.17231E-14 -4.97813E-13  4.10696E-14  1.70605E-17
  9.200E+01  5.17450E-01 -2.32054E-14 -5.25043E-13 -3.01459E-14 -4.93981E-13  1.19766E-14  1.69026E-17
  9.250E+01  5.21810E-01 -2.13467E-14 -5.16840E-13 -2.86031E-14 -4.90170E-13  5.60098E-14  8.37372E-18
  9.300E+01  5.26168E-01 -1.95513E-14 -5.08760E-13 -2.70940E-14 -4.86379E-13  4.29929E-14  3.31902E-17
  9.350E+01  5.30524E-01 -1.78175E-14 -5.00801E-13 -2.56181E-14 -4.82608E-13  1.60170E-14  1.64454E-17
  9.400E+01  5.34878E-01 -1.61433E-14 -4.92962E-13 -2.41748E-14 -4.78856E-13  5.95907E-14  1.62984E-17
  9.450E+01  5.39230E-01 -1.45271E-14 -4.85239E-13 -2.27635E-14 -4.75125E-13  4.16617E-14  1.61539E-17
  9.500E+01  5.43578E-01 -1.29672E-14 -4.77632E-13 -2.13835E-14 -4.71412E-13  1.91761E-14  8.00599E-18
  9.550E+01  5.47923E-01 -1.14618E-14 -4.70138E-13 -2.00345E-14 -4.67719E-13  5.96852E-14  1.58725E-17
  9.600E+01  5.52264E-01 -1.00093E-14 -4.62754E-13 -1.87159E-14 -4.64044E-13  3.75930E-14  1.57355E-17
  9.650E+01  5.56602E-01 -8.60838E-15 -4.55480E-13 -1.74270E-14 -4.60388E-13  2.14690E-14  0.00000E+00
  9.700E+01  5.60935E-01 -7.25745E-15 -4.48313E-13 -1.61675E-14 -4.56751E-13  5.57909E-14  3.09369E-17
  9.750E+01  5.65263E-01 -5.95509E-15 -4.41252E-13 -1.49368E-14 -4.53132E-13  3.15345E-14  3.83458E-18
  9.800E+01  5.69587E-01 -4.69990E-15 -4.34294E-13 -1.37344E-14 -4.49531E-13  2.18857E-14  3.80261E-18
  9.850E+01  5.73905E-01 -3.49044E-15 -4.27439E-13 -1.25599E-14 -4.45948E-13  4.78830E-14  3.77119E-18
  9.900E+01  5.78217E-01 -2.32539E-15 -4.20683E-13 -1.14127E-14 -4.42383E-13  2.34550E-14  0.00000E+00
  9.950E+01  5.82524E-01 -1.20343E-15 -4.14026E-13 -1.02924E-14 -4.38836E-13  2.00357E-14  3.70993E-18
  1.000E+02  5.86824E-01 -1.23351E-16 -4.07466E-13 -9.19850E-15 -4.35306E-13  3.65443E-14  3.68007E-18
  1.005E+02  5.91118E-01  9.16018E-16 -4.01001E-13 -8.13064E-15 -4.31793E-13  1.45872E-14  3.65071E-18
  1.010E+02  5.95404E-01  1.91586E-15 -3.94631E-13 -7.08834E-15 -4.28297E-13  1.56351E-14  3.62184E-18
  1.015E+02  5.99684E-01  2.87730E-15 -3.88352E-13 -6.07118E-15 -4.24818E-13  2.24655E-14  1.07804E-17
  1.020E+02  6.03956E-01  3.80152E-15 -3.82164E-13 -5.07873E-15 -4.21355E-13  6.04473E-15  0.00000E+00
  1.025E+02  6.08220E-01  4.68960E-15 -3.76066E-13 -4.11059E-15 -4.17909E-13  8.76298E-15  3.53809E-18
  1.030E+02  6.12476E-01  5.54263E-15 -3.70055E-13 -3.16635E-15 -4.14479E-13  6.58626E-15  4.38887E-18
  1.035E+02  6.16723E-01  6.36160E-15 -3.64131E-13 -2.24562E-15 -4.11066E-13  1.94156E-15  0.00000E+00
  1.040E+02  6.20961E-01  7.14744E-15 -3.58291E-13 -1.34800E-15 -4.07668E-13  3.89337E-16  5.18763E-18
  1.045E+02  6.25190E-01  7.90115E-15 -3.52536E-13 -4.73130E-16 -4.04286E-13  1.06669E-14  3.64728E-18
  1.050E+02  6.29410E-01  8.62362E-15 -3.46863E-13  3.79377E-16 -4.00920E-13  8.47847E-15  2.87505E-18
  1.055E+02  6.33619E-01  9.31581E-15 -3.41271E-13  1.20988E-15 -3.97569E-13  1.15113E-14  5.07391E-18
  1.060E+02  6.37819E-01  9.97865E-15 -3.35759E-13  2.01875E-15 -3.94233E-13  2.72905E-14  0.00000E+00
  1.065E+02  6.42008E-01  1.06130E-14 -3.30326E-13  2.80632E-15 -3.90912E-13  1.28986E-14  4.16761E-18
  1.070E+02  6.46186E-01  1.12197E-14 -3.24969E-13  3.57295E-15 -3.87607E-13  2.36373E-14  4.96563E-18
  1.075E+02  6.50353E-01  1.17994E-14 -3.19689E-13  4.31897E-15 -3.84316E-13  4.24023E-14  4.93069E-18
  1.080E+02  6.54508E-01  1.23532E-14 -3.14484E-13  5.04471E-15 -3.81040E-13  1.46282E-14  1.63211E-18
  1.085E+02  6.58652E-01  1.28815E-14 -3.09353E-13  5.75052E-15 -3.77778E-13  3.63067E-14  0.00000E+00
  1.090E+02  6.62784E-01  1.33853E-14 -3.04295E-13  6.43669E-15 -3.74531E-13  5.52077E-14  3.21948E-18
  1.095E+02  6.66903E-01  1.38653E-14 -2.99309E-13  7.10355E-15 -3.71297E-13  1.42612E-14  3.19765E-18
  1.100E+02  6.71010E-01  1.43222E-14 -2.94393E-13  7.75142E-15 -3.68078E-13  4.85017E-14  3.17617E-18
  1.105E+02  6.75104E-01  1.47567E-14 -2.89547E-13  8.38058E-15 -3.64872E-13  6.44514E-14  9.46507E-18
  1.110E+02  6.79184E-01  1.51695E-14 -2.84769E-13  8.99134E-15 -3.61681E-13  1.11762E-14  9.40265E-18
  1.115E+02  6.83251E-01  1.55611E-14 -2.80058E-13  9.58400E-15 -3.58502E-13  5.83301E-14  0.00000E+00
  1.120E+02  6.87303E-01  1.59323E-14 -2.75415E-13  1.01588E-14 -3.55338E-13  6.93397E-14  1.23743E-17
  1.125E+02  6.91342E-01  1.62836E-14 -2.70837E-13  1.07161E-14 -3.52186E-13  6.91281E-15  1.22950E-17
  1.130E+02  6.95366E-01  1.66156E-14 -2.66324E-13  1.12562E-14 -3.49047E-13  6.54489E-14  1.83254E-17
  1.135E+02  6.99375E-01  1.69291E-14 -2.61874E-13  1.17792E-14 -3.45922E-13  6.99812E-14  1.21400E-17
  1.140E+02  7.03368E-01  1.72245E-14 -2.57487E-13  1.22856E-14 -3.42809E-13  1.26393E-15  0.00000E+00
  1.145E+02  7.07347E-01  1.75024E-14 -2.53162E-13  1.27754E-14 -3.39709E-13  6.84865E-14  2.39798E-17
  1.150E+02  7.11309E-01  1.77634E-14 -2.48898E-13  1.32491E-14 -3.36621E-13  6.58929E-14  1.19166E-17
  1.155E+02  7.15256E-01  1.80078E-14 -2.44694E-13  1.37069E-14 -3.33546E-13  4.85649E-15  0.00000E+00
  1.160E+02  7.19186E-01  1.82363E-14 -2.40550E-13  1.41489E-14 -3.30483E-13  6.72475E-14  2.35469E-17
  1.165E+02  7.23099E-01  1.84494E-14 -2.36464E-13  1.45755E-14 -3.27432E-13  5.73950E-14  1.17035E-17
  1.170E+02  7.26995E-01  1.86476E-14 -2.32435E-13  1.49869E-14 -3.24393E-13  1.00381E-14  1.16347E-17
  1.175E+02  7.30874E-01  1.88313E-14 -2.28464E-13  1.53833E-14 -3.21366E-13  6.10554E-14  2.31338E-17
  1.180E+02  7.34736E-01  1.90011E-14 -2.24548E-13  1.57651E-14 -3.18351E-13  4.50984E-14  5.75011E-18
  1.185E+02  7.38579E-01  1.91573E-14 -2.20688E-13  1.61323E-14 -3.15347E-13  1.35020E-14  1.14346E-17
  1.190E+02  7.42405E-01  1.93004E-14 -2.16883E-13  1.64852E-14 -3.12355E-13  4.98986E-14  0.00000E+00
  1.195E+02  7.46212E-01  1.94308E-14 -2.13132E-13  1.68241E-14 -3.09374E-13  3.03909E-14  0.00000E+00
  1.200E+02  7.50000E-01  1.95489E-14 -2.09434E-13  1.71491E-14 -3.06404E-13  1.46988E-14  1.12436E-17
  1.205E+02  7.53769E-01  1.96552E-14 -2.05788E-13  1.74606E-14 -3.03445E-13  3.41933E-14  0.00000E+00
  1.210E+02  7.57519E-01  1.97501E-14 -2.02194E-13  1.77586E-14 -3.00497E-13  1.41492E-14  0.00000E+00
  1.215E+02  7.61249E-01  1.98339E-14 -1.98650E-13  1.80435E-14 -2.97560E-13  1.30180E-14  1.10614E-17
  1.220E+02  7.64960E-01  1.99071E-14 -1.95157E-13  1.83153E-14 -2.94634E-13  1.46818E-14  0.00000E+00
  1.225E+02  7.68650E-01  1.99698E-14 -1.91715E-13  1.85744E-14 -2.91718E-13  2.67642E-15  0.00000E+00
  1.230E+02  7.72320E-01  2.00226E-14 -1.88321E-13  1.88208E-14 -2.88813E-13  7.61850E-15  0.00000E+00
  1.235E+02  7.75968E-01  2.00658E-14 -1.84976E-13  1.90549E-14 -2.85917E-13  7.68173E-15  0.00000E+00
  1.240E+02  7.79596E-01  2.00997E-14 -1.81678E-13  1.92768E-14 -2.83033E-13  1.80757E-14  1.07762E-17
  1.245E+02  7.83203E-01  2.01248E-14 -1.78428E-13  1.94867E-14 -2.80158E-13  8.13905E-16  0.00000E+00
  1.250E+02  7.86788E-01  2.01412E-14 -1.75225E-13  1.96848E-14 -2.77293E-13  3.13642E-14  1.06682E-17
  1.255E+02  7.90351E-01  2.01493E-14 -1.72067E-13  1.98712E-14 -2.74438E-13  3.09819E-14  1.06154E-17
  1.260E+02  7.93893E-01  2.01494E-14 -1.68955E-13  2.00462E-14 -2.71592E-13  1.23718E-14  0.00000E+00
  1.265E+02  7.97411E-01  2.01418E-14 -1.65888E-13  2.02099E-14 -2.68757E-13  5.45011E-14  1.05124E-17
  1.270E+02  8.00908E-01  2.01268E-14 -1.62866E-13  2.03625E-14 -2.65930E-13  4.07074E-14  1.04621E-17
  1.275E+02  8.04381E-01  2.01047E-14 -1.59887E-13  2.05042E-14 -2.63113E-13  2.59654E-14  0.00000E+00
  1.280E+02  8.07831E-01  2.00758E-14 -1.56952E-13  2.06352E-14 -2.60306E-13  7.57035E-14  1.03638E-17
  1.285E+02  8.11257E-01  2.00403E-14 -1.54059E-13  2.07555E-14 -2.57507E-13  4.61177E-14  0.00000E+00
  1.290E+02  8.14660E-01  1.99986E-14 -1.51209E-13  2.08655E-14 -2.54718E-13  4.05603E-14  1.02686E-17
  1.295E+02  8.18039E-01  1.99508E-14 -1.48401E-13  2.09652E-14 -2.51937E-13  9.25079E-14  1.02221E-17
  1.300E+02  8.21394E-01  1.98971E-14 -1.45634E-13  2.10548E-14 -2.49165E-13  4.70061E-14  0.00000E+00
  1.305E+02  8.24724E-01  1.98380E-14 -1.42908E-13  2.11344E-14 -2.46402E-13  5.49934E-14  1.01313E-17
  1.310E+02  8.28030E-01  1.97735E-14 -1.40222E-13  2.12043E-14 -2.43648E-13  1.04888E-13  1.00869E-17
  1.315E+02  8.31310E-01  1.97040E-14 -1.37576E-13  2.12646E-14 -2.40902E-13  4.36817E-14  0.00000E+00
  1.320E+02  8.34565E-01  1.96296E-14 -1.34969E-13  2.13155E-14 -2.38164E-13  6.71909E-14  2.00007E-17
  1.325E+02  8.37795E-01  1.95507E-14 -1.32402E-13  2.13570E-14 -2.35435E-13  1.10697E-13  0.00000E+00
  1.330E+02  8.40999E-01  1.94674E-14 -1.29873E-13  2.13893E-14 -2.32714E-13  3.70620E-14  0.00000E+00
  1.335E+02  8.44177E-01  1.93799E-14 -1.27382E-13  2.14127E-14 -2.30000E-13  7.65427E-14  0.00000E+00
  1.340E+02  8.47329E-01  1.92883E-14 -1.24929E-13  2.14271E-14 -2.27295E-13  1.09048E-13  0.00000E+00
  1.345E+02  8.50455E-01  1.91930E-14 -1.22513E-13  2.14329E-14 -2.24598E-13  2.67865E-14  0.00000E+00
  1.350E+02  8.53553E-01  1.90941E-14 -1.20135E-13  2.14300E-14 -2.21908E-13  8.07212E-14  0.00000E+00
  1.355E+02  8.56625E-01  1.89918E-14 -1.17792E-13  2.14187E-14 -2.19226E-13  1.00138E-13  0.00000E+00
  1.360E+02  8.59670E-01  1.88864E-14 -1.15486E-13  2.13991E-14 -2.16552E-13  1.55489E-14  0.00000E+00
  1.365E+02  8.62687E-01  1.87780E-14 -1.13215E-13  2.13714E-14 -2.13885E-13  7.91407E-14  0.00000E+00
  1.370E+02  8.65677E-01  1.86667E-14 -1.10980E-13  2.13356E-14 -2.11225E-13  8.46120E-14  0.00000E+00
  1.375E+02  8.68639E-01  1.85527E-14 -1.08780E-13  2.12919E-14 -2.08572E-13  3.87608E-15  0.00000E+00
  1.380E+02  8.71572E-01  1.84361E-14 -1.06614E-13  2.12404E-14 -2.05927E-13  7.04602E-14  0.00000E+00
  1.385E+02  8.74478E-01  1.83173E-14 -1.04483E-13  2.11812E-14 -2.03289E-13  6.27716E-14  0.00000E+00
  1.390E+02  8.77355E-01  1.81963E-14 -1.02386E-13  2.11146E-14 -2.00657E-13  6.49564E-15  0.00000E+00
  1.395E+02  8.80203E-01  1.80734E-14 -1.00321E-13  2.10406E-14 -1.98033E-13  5.49391E-14  0.00000E+00
  1.400E+02  8.83022E-01  1.79487E-14 -9.82907E-14  2.09593E-14 -1.95415E-13  3.63614E-14  0.00000E+00
  1.405E+02  8.85812E-01  1.78222E-14 -9.62929E-14  2.08708E-14 -1.92804E-13  1.39998E-14  0.00000E+00
  1.410E+02  8.88573E-01  1.76940E-14 -9.43280E-14  2.07754E-14 -1.90199E-13  3.27699E-14  0.00000E+00
  1.415E+02  8.91304E-01  1.75645E-14 -9.23956E-14  2.06730E-14 -1.87601E-13  7.31896E-15  0.00000E+00
  1.420E+02  8.94005E-01  1.74336E-14 -9.04951E-14  2.05638E-14 -1.85010E-13  1.70389E-14  0.00000E+00
  1.425E+02  8.96677E-01  1.73017E-14 -8.86259E-14  2.04480E-14 -1.82424E-13  4.56855E-15  0.00000E+00
  1.430E+02  8.99318E-01  1.71688E-14 -8.67878E-14  2.03257E-14 -1.79845E-13  2.20507E-14  0.00000E+00
  1.435E+02  9.01928E-01  1.70352E-14 -8.49806E-14  2.01969E-14 -1.77271E-13  1.53850E-14  0.00000E+00
  1.440E+02  9.04508E-01  1.69007E-14 -8.32046E-14  2.00618E-14 -1.74704E-13  2.77471E-14  0.00000E+00
  1.445E+02  9.07058E-01  1.67653E-14 -8.14599E-14  1.99205E-14 -1.72143E-13  5.00464E-14  0.00000E+00
  1.450E+02  9.09576E-01  1.66295E-14 -7.97452E-14  1.97731E-14 -1.69587E-13  8.11407E-15  0.00000E+00
  1.455E+02  9.12063E-01  1.64935E-14 -7.80601E-14  1.96197E-14 -1.67037E-13  6.22686E-14  1.81464E-17
  1.460E+02  9.14519E-01  1.63572E-14 -7.64044E-14  1.94605E-14 -1.64493E-13  7.39410E-14  0.00000E+00
  1.465E+02  9.16943E-01  1.62208E-14 -7.47781E-14  1.92954E-14 -1.61954E-13  4.31980E-15  0.00000E+00
  1.470E+02  9.19335E-01  1.60843E-14 -7.31811E-14  1.91248E-14 -1.59421E-13  9.64023E-14  1.79893E-17
  1.475E+02  9.21696E-01  1.59477E-14 -7.16135E-14  1.89485E-14 -1.56893E-13  9.21954E-14  0.00000E+00
  1.480E+02  9.24024E-01  1.58113E-14 -7.00747E-14  1.87669E-14 -1.54370E-13  2.06082E-14  0.00000E+00
  1.485E+02  9.26320E-01  1.56751E-14 -6.85644E-14  1.85798E-14 -1.51853E-13  1.27300E-13  0.00000E+00
  1.490E+02  9.28584E-01  1.55394E-14 -6.70821E-14  1.83876E-14 -1.49340E-13  1.02971E-13  0.00000E+00
  1.495E+02  9.30815E-01  1.54041E-14 -6.56276E-14  1.81901E-14 -1.46833E-13  4.00603E-14  1.77465E-17
  1.500E+02  9.33013E-01  1.52695E-14 -6.42008E-14  1.79877E-14 -1.44330E-13  1.52462E-13  0.00000E+00
  1.505E+02  9.35178E-01  1.51354E-14 -6.28017E-14  1.77803E-14 -1.41833E-13  1.05996E-13  0.00000E+00
  1.510E+02  9.37310E-01  1.50020E-14 -6.14301E-14  1.75681E-14 -1.39340E-13  5.95430E-14  1.76119E-17
  1.515E+02  9.39409E-01  1.48693E-14 -6.00859E-14  1.73511E-14 -1.36851E-13  1.69365E-13  0.00000E+00
  1.520E+02  9.41474E-01  1.47376E-14 -5.87687E-14  1.71295E-14 -1.34367E-13  1.00657E-13  3.50534E-17
  1.525E+02  9.43505E-01  1.46068E-14 -5.74781E-14  1.69033E-14 -1.31888E-13  7.82801E-14  1.74854E-17
  1.530E+02  9.45503E-01  1.44772E-14 -5.62139E-14  1.66727E-14 -1.29413E-13  1.76377E-13  0.00000E+00
  1.535E+02  9.47467E-01  1.43487E-14 -5.49759E-14  1.64377E-14 -1.26942E-13  8.82316E-14  3.48108E-17
  1.540E+02  9.49397E-01  1.42214E-14 -5.37642E-14  1.61985E-14 -1.24476E-13  9.21010E-14  1.73667E-17
  1.545E+02  9.51293E-01  1.40954E-14 -5.25786E-14  1.59551E-14 -1.22013E-13  1.71971E-13  1.73288E-17
  1.550E+02  9.53154E-01  1.39707E-14 -5.14190E-14  1.57076E-14 -1.19555E-13  6.98163E-14  5.18753E-17
  1.555E+02  9.54981E-01  1.38474E-14 -5.02852E-14  1.54561E-14 -1.17101E-13  9.96977E-14  1.72556E-17
  1.560E+02  9.56773E-01  1.37255E-14 -4.91768E-14  1.52007E-14 -1.14650E-13  1.55747E-13  3.44404E-17
  1.565E+02  9.58530E-01  1.36053E-14 -4.80935E-14  1.49415E-14 -1.12204E-13  4.80233E-14  1.71856E-17
  1.570E+02  9.60252E-01  1.34868E-14 -4.70352E-14  1.46786E-14 -1.09761E-13  9.83524E-14  3.43038E-17
  1.575E+02  9.61940E-01  1.33699E-14 -4.60019E-14  1.44120E-14 -1.07321E-13  1.28215E-13  6.84760E-17
  1.580E+02  9.63592E-01  1.32548E-14 -4.49937E-14  1.41419E-14 -1.04886E-13  2.55238E-14  0.00000E+00
  1.585E+02  9.65209E-01  1.31414E-14 -4.40103E-14  1.38684E-14 -1.02453E-13  8.69435E-14  8.52778E-17
  1.590E+02  9.66790E-01  1.30298E-14 -4.30516E-14  1.35915E-14 -1.00024E-13  9.20082E-14  8.51251E-17
  1.595E+02  9.68336E-01  1.29201E-14 -4.21173E-14  1.33113E-14 -9.75986E-14  4.44913E-15  5.09859E-17
  1.600E+02  9.69846E-01  1.28125E-14 -4.12071E-14  1.30279E-14 -9.51762E-14  6.51533E-14  8.48317E-17
  1.605E+02  9.71321E-01  1.27069E-14 -4.03208E-14  1.27414E-14 -9.27569E-14  4.89973E-14  6.77526E-17
  1.610E+02  9.72759E-01  1.26034E-14 -3.94585E-14  1.24519E-14 -9.03406E-14  1.13217E-14  5.07323E-17
  1.615E+02  9.74162E-01  1.25020E-14 -3.86202E-14  1.21594E-14 -8.79273E-14  3.36266E-14  1.01305E-16
  1.620E+02  9.75528E-01  1.24027E-14 -3.78060E-14  1.18641E-14 -8.55169E-14  3.07779E-15  6.74330E-17
  1.625E+02  9.76858E-01  1.23056E-14 -3.70155E-14  1.15660E-14 -8.31093E-14  2.02310E-14  1.00999E-16
  1.630E+02  9.78152E-01  1.22107E-14 -3.62486E-14  1.12652E-14 -8.07045E-14  6.12388E-15  8.40439E-17
  1.635E+02  9.79410E-01  1.21182E-14 -3.55049E-14  1.09618E-14 -7.83023E-14  4.17255E-14  3.35703E-17
  1.640E+02  9.80631E-01  1.20281E-14 -3.47843E-14  1.06558E-14 -7.59026E-14  2.00105E-14  8.38115E-17
  1.645E+02  9.81815E-01  1.19404E-14 -3.40869E-14  1.03474E-14 -7.35055E-14  5.11109E-14  1.00441E-16
  1.650E+02  9.82963E-01  1.18550E-14 -3.34126E-14  1.00367E-14 -7.11107E-14  8.17804E-14  1.67188E-17
  1.655E+02  9.84074E-01  1.17721E-14 -3.27616E-14  9.72363E-15 -6.87183E-14  1.11716E-14  1.00189E-16
  1.660E+02  9.85148E-01  1.16916E-14 -3.21338E-14  9.40838E-15 -6.63281E-14  9.76515E-14  1.00069E-16
  1.665E+02  9.86185E-01  1.16136E-14 -3.15288E-14  9.09101E-15 -6.39402E-14  1.13026E-13  3.33181E-17
  1.670E+02  9.87185E-01  1.15382E-14 -3.09464E-14  8.77158E-15 -6.15543E-14  6.55119E-15  4.99218E-17
  1.675E+02  9.88148E-01  1.14655E-14 -3.03864E-14  8.45018E-15 -5.91704E-14  1.41767E-13  4.98686E-17
  1.680E+02  9.89074E-01  1.13954E-14 -2.98489E-14  8.12690E-15 -5.67885E-14  1.33657E-13  6.64233E-17
  1.685E+02  9.89962E-01  1.13280E-14 -2.93339E-14  7.80180E-15 -5.44084E-14  3.05474E-14  0.00000E+00
  1.690E+02  9.90814E-01  1.12631E-14 -2.88416E-14  7.47496E-15 -5.20300E-14  1.79755E-13  3.31479E-17
  1.695E+02  9.91627E-01  1.12009E-14 -2.83719E-14  7.14646E-15 -4.96534E-14  1.41819E-13  9.93544E-17
  1.700E+02  9.92404E-01  1.11415E-14 -2.79246E-14  6.81639E-15 -4.72785E-14  5.75252E-14  3.30898E-17
  1.705E+02  9.93143E-01  1.10848E-14 -2.74994E-14  6.48481E-15 -4.49050E-14  2.07683E-13  1.15720E-16
  1.710E+02  9.93844E-01  1.10309E-14 -2.70960E-14  6.15180E-15 -4.25330E-14  1.38522E-13  9.91120E-17
  1.715E+02  9.94508E-01  1.09799E-14 -2.67146E-14  5.81745E-15 -4.01625E-14  8.44178E-14  1.81573E-16
  1.720E+02  9.95134E-01  1.09317E-14 -2.63553E-14  5.48182E-15 -3.77932E-14  2.24311E-13  2.63924E-16
  1.725E+02  9.95722E-01  1.08863E-14 -2.60182E-14  5.14499E-15 -3.54251E-14  1.26958E-13  1.64846E-17
  1.730E+02  9.96273E-01  1.08436E-14 -2.57034E-14  4.80704E-15 -3.30582E-14  1.07326E-13  3.62442E-16
  1.735E+02  9.96786E-01  1.08038E-14 -2.54106E-14  4.46804E-15 -3.06924E-14  2.29878E-13  4.44565E-16
  1.740E+02  9.97261E-01  1.07669E-14 -2.51397E-14  4.12807E-15 -2.83276E-14  1.11741E-13  6.58271E-17
  1.745E+02  9.97698E-01  1.07329E-14 -2.48902E-14  3.78721E-15 -2.59638E-14  1.22437E-13  7.56649E-16
  1.750E+02  9.98097E-01  1.07020E-14 -2.46622E-14  3.44552E-15 -2.36007E-14  2.27952E-13  6.90551E-16
  1.755E+02  9.98459E-01  1.06739E-14 -2.44559E-14  3.10309E-15 -2.12385E-14  9.92567E-14  3.61574E-16
  1.760E+02  9.98782E-01  1.06488E-14 -2.42716E-14  2.75999E-15 -1.88769E-14  1.28331E-13  1.38007E-15
  1.765E+02  9.99067E-01  1.06265E-14 -2.41095E-14  2.41630E-15 -1.65159E-14  2.26011E-13  1.10042E-15
  1.770E+02  9.99315E-01  1.06071E-14 -2.39694E-14  2.07208E-15 -1.41555E-14  1.00880E-13  1.06729E-15
  1.775E+02  9.99524E-01  1.05906E-14 -2.38509E-14  1.72741E-15 -1.17956E-14  1.26019E-13  3.23396E-15
  1.780E+02  9.99695E-01  1.05772E-14 -2.37536E-14  1.38238E-15 -9.43599E-15  2.44773E-13  2.11727E-15
  1.785E+02  9.99829E-01  1.05669E-14 -2.36774E-14  1.03704E-15 -7.07673E-15  1.42523E-13  4.25033E-15
  1.790E+02  9.99924E-01  1.05597E-14 -2.36223E-14  6.91486E-16 -4.71770E-15  1.26304E-13  1.33732E-14
  1.795E+02  9.99981E-01  1.05554E-14 -2.35891E-14  3.45780E-16 -2.35882E-15  4.18748E-13  1.19777E-14
  1.800E+02  1.00000E+00  1.05543E-14 -2.35777E-14  4.85262E-30 -3.31021E-29  7.78478E-12  7.78826E-11
