 #  Scattering amplitudes (in cm)      MU=(1-cos(TH))/2
 #  Z =  47,   projectile: electron
 #  Kinetic energy = 5.00000E+06 eV
 #
 # TH (deg)      MU          Re(F)        Im(F)        Re(G)        Im(G)        ERRF         ERRG 
 #-----------------------------------------------------------------------------------------------------------------
  0.000E+00  0.00000E+00  9.14884E-07  9.59194E-08  0.00000E+00  0.00000E+00  7.61534E-09  0.00000E+00
  1.000E-04  7.61557E-13  9.14881E-07  9.59194E-08  7.24357E-13  7.59479E-14  7.61322E-09  2.23615E-07
  1.250E-04  1.18994E-12  9.14880E-07  9.59194E-08  9.05445E-13  9.49349E-14  7.61202E-09  2.23597E-07
  1.500E-04  1.71346E-12  9.14878E-07  9.59194E-08  1.08653E-12  1.13922E-13  7.61057E-09  2.23576E-07
  1.750E-04  2.33225E-12  9.14875E-07  9.59193E-08  1.26762E-12  1.32909E-13  7.60884E-09  2.23551E-07
  2.000E-04  3.04617E-12  9.14872E-07  9.59193E-08  1.44870E-12  1.51896E-13  7.60685E-09  2.23522E-07
  2.250E-04  3.85530E-12  9.14869E-07  9.59193E-08  1.62978E-12  1.70883E-13  7.60460E-09  2.23490E-07
  2.500E-04  4.75964E-12  9.14866E-07  9.59193E-08  1.81086E-12  1.89870E-13  7.60208E-09  2.23453E-07
  2.750E-04  5.75917E-12  9.14862E-07  9.59192E-08  1.99194E-12  2.08856E-13  7.59930E-09  2.23413E-07
  3.000E-04  6.85391E-12  9.14858E-07  9.59192E-08  2.17302E-12  2.27843E-13  7.59625E-09  2.23368E-07
  3.250E-04  8.04379E-12  9.14853E-07  9.59191E-08  2.35409E-12  2.46830E-13  7.59294E-09  2.23320E-07
  3.500E-04  9.32893E-12  9.14848E-07  9.59191E-08  2.53516E-12  2.65817E-13  7.58937E-09  2.23268E-07
  3.750E-04  1.07092E-11  9.14843E-07  9.59190E-08  2.71623E-12  2.84804E-13  7.58553E-09  2.23213E-07
  4.000E-04  1.21847E-11  9.14837E-07  9.59190E-08  2.89729E-12  3.03790E-13  7.58143E-09  2.23153E-07
  4.250E-04  1.37554E-11  9.14831E-07  9.59189E-08  3.07835E-12  3.22777E-13  7.57706E-09  2.23090E-07
  4.500E-04  1.54213E-11  9.14824E-07  9.59189E-08  3.25940E-12  3.41764E-13  7.57243E-09  2.23022E-07
  4.750E-04  1.71823E-11  9.14817E-07  9.59188E-08  3.44046E-12  3.60751E-13  7.56754E-09  2.22951E-07
  5.000E-04  1.90386E-11  9.14810E-07  9.59188E-08  3.62150E-12  3.79737E-13  7.56238E-09  2.22876E-07
  5.250E-04  2.09900E-11  9.14802E-07  9.59187E-08  3.80255E-12  3.98724E-13  7.55696E-09  2.22798E-07
  5.500E-04  2.30367E-11  9.14794E-07  9.59186E-08  3.98359E-12  4.17710E-13  7.55128E-09  2.22715E-07
  5.750E-04  2.51785E-11  9.14786E-07  9.59185E-08  4.16462E-12  4.36697E-13  7.54534E-09  2.22629E-07
  6.000E-04  2.74156E-11  9.14777E-07  9.59185E-08  4.34565E-12  4.55683E-13  7.53914E-09  2.22539E-07
  6.250E-04  2.97478E-11  9.14768E-07  9.59184E-08  4.52667E-12  4.74670E-13  7.53267E-09  2.22445E-07
  6.500E-04  3.21752E-11  9.14759E-07  9.59183E-08  4.70769E-12  4.93656E-13  7.52594E-09  2.22347E-07
  6.750E-04  3.46979E-11  9.14749E-07  9.59182E-08  4.88871E-12  5.12642E-13  7.51896E-09  2.22245E-07
  7.000E-04  3.73157E-11  9.14739E-07  9.59181E-08  5.06971E-12  5.31628E-13  7.51171E-09  2.22140E-07
  7.250E-04  4.00286E-11  9.14728E-07  9.59180E-08  5.25071E-12  5.50615E-13  7.50420E-09  2.22031E-07
  7.500E-04  4.28368E-11  9.14717E-07  9.59179E-08  5.43171E-12  5.69601E-13  7.49644E-09  2.21917E-07
  7.750E-04  4.57402E-11  9.14706E-07  9.59178E-08  5.61269E-12  5.88587E-13  7.48841E-09  2.21801E-07
  8.000E-04  4.87388E-11  9.14694E-07  9.59177E-08  5.79367E-12  6.07573E-13  7.48012E-09  2.21680E-07
  8.250E-04  5.18325E-11  9.14682E-07  9.59176E-08  5.97465E-12  6.26559E-13  7.47158E-09  2.21556E-07
  8.500E-04  5.50215E-11  9.14670E-07  9.59175E-08  6.15561E-12  6.45545E-13  7.46278E-09  2.21428E-07
  8.750E-04  5.83057E-11  9.14657E-07  9.59174E-08  6.33657E-12  6.64531E-13  7.45372E-09  2.21296E-07
  9.000E-04  6.16850E-11  9.14644E-07  9.59173E-08  6.51752E-12  6.83516E-13  7.44441E-09  2.21160E-07
  9.250E-04  6.51595E-11  9.14630E-07  9.59172E-08  6.69847E-12  7.02502E-13  7.43483E-09  2.21020E-07
  9.500E-04  6.87293E-11  9.14616E-07  9.59170E-08  6.87940E-12  7.21488E-13  7.42501E-09  2.20877E-07
  9.750E-04  7.23943E-11  9.14602E-07  9.59169E-08  7.06033E-12  7.40473E-13  7.41492E-09  2.20730E-07
  1.000E-03  7.61544E-11  9.14587E-07  9.59168E-08  7.24125E-12  7.59459E-13  7.40458E-09  2.20579E-07
  1.250E-03  1.18991E-10  9.14420E-07  9.59153E-08  9.04990E-12  9.49309E-13  7.28729E-09  2.18867E-07
  1.500E-03  1.71347E-10  9.14216E-07  9.59135E-08  1.08575E-11  1.13915E-12  7.14516E-09  2.16785E-07
  1.750E-03  2.33223E-10  9.13975E-07  9.59113E-08  1.26637E-11  1.32898E-12  6.97890E-09  2.14342E-07
  2.000E-03  3.04617E-10  9.13697E-07  9.59089E-08  1.44684E-11  1.51879E-12  6.78937E-09  2.11545E-07
  2.250E-03  3.85531E-10  9.13383E-07  9.59060E-08  1.62714E-11  1.70859E-12  6.57754E-09  2.08403E-07
  2.500E-03  4.75965E-10  9.13032E-07  9.59029E-08  1.80723E-11  1.89837E-12  6.34446E-09  2.04927E-07
  2.750E-03  5.75917E-10  9.12644E-07  9.58994E-08  1.98711E-11  2.08813E-12  6.09133E-09  2.01129E-07
  3.000E-03  6.85389E-10  9.12220E-07  9.58956E-08  2.16675E-11  2.27787E-12  5.81941E-09  1.97021E-07
  3.250E-03  8.04380E-10  9.11760E-07  9.58915E-08  2.34613E-11  2.46759E-12  5.53010E-09  1.92617E-07
  3.500E-03  9.32891E-10  9.11264E-07  9.58871E-08  2.52523E-11  2.65728E-12  5.22484E-09  1.87931E-07
  3.750E-03  1.07092E-09  9.10732E-07  9.58823E-08  2.70402E-11  2.84695E-12  4.90517E-09  1.82978E-07
  4.000E-03  1.21847E-09  9.10164E-07  9.58772E-08  2.88249E-11  3.03658E-12  4.57269E-09  1.77775E-07
  4.250E-03  1.37554E-09  9.09561E-07  9.58717E-08  3.06062E-11  3.22618E-12  4.22907E-09  1.72339E-07
  4.500E-03  1.54213E-09  9.08922E-07  9.58660E-08  3.23838E-11  3.41575E-12  3.87602E-09  1.66687E-07
  4.750E-03  1.71823E-09  9.08248E-07  9.58599E-08  3.41576E-11  3.60529E-12  3.51529E-09  1.60837E-07
  5.000E-03  1.90386E-09  9.07540E-07  9.58534E-08  3.59273E-11  3.79479E-12  3.14868E-09  1.54809E-07
  5.250E-03  2.09900E-09  9.06797E-07  9.58467E-08  3.76928E-11  3.98424E-12  2.77799E-09  1.48621E-07
  5.500E-03  2.30367E-09  9.06020E-07  9.58396E-08  3.94538E-11  4.17366E-12  2.40503E-09  1.42293E-07
  5.750E-03  2.51785E-09  9.05209E-07  9.58322E-08  4.12102E-11  4.36304E-12  2.03165E-09  1.35845E-07
  6.000E-03  2.74156E-09  9.04364E-07  9.58245E-08  4.29618E-11  4.55237E-12  1.65964E-09  1.29297E-07
  6.250E-03  2.97478E-09  9.03485E-07  9.58164E-08  4.47085E-11  4.74165E-12  1.29080E-09  1.22669E-07
  6.500E-03  3.21752E-09  9.02573E-07  9.58080E-08  4.64499E-11  4.93088E-12  9.26919E-10  1.15982E-07
  6.750E-03  3.46978E-09  9.01629E-07  9.57993E-08  4.81859E-11  5.12007E-12  5.69710E-10  1.09256E-07
  7.000E-03  3.73156E-09  9.00652E-07  9.57903E-08  4.99165E-11  5.30920E-12  2.20865E-10  1.02512E-07
  7.250E-03  4.00286E-09  8.99643E-07  9.57809E-08  5.16413E-11  5.49828E-12  1.17987E-10  9.57689E-08
  7.500E-03  4.28368E-09  8.98601E-07  9.57712E-08  5.33602E-11  5.68730E-12  4.45280E-10  8.90471E-08
  7.750E-03  4.57402E-09  8.97529E-07  9.57612E-08  5.50730E-11  5.87626E-12  7.59523E-10  8.23661E-08
  8.000E-03  4.87388E-09  8.96425E-07  9.57509E-08  5.67797E-11  6.06516E-12  1.05930E-09  7.57450E-08
  8.250E-03  5.18326E-09  8.95290E-07  9.57402E-08  5.84799E-11  6.25400E-12  1.34330E-09  6.92026E-08
  8.500E-03  5.50215E-09  8.94125E-07  9.57292E-08  6.01736E-11  6.44278E-12  1.61028E-09  6.27569E-08
  8.750E-03  5.83057E-09  8.92930E-07  9.57179E-08  6.18606E-11  6.63149E-12  1.85912E-09  5.64255E-08
  9.000E-03  6.16850E-09  8.91705E-07  9.57063E-08  6.35408E-11  6.82013E-12  2.08880E-09  5.02253E-08
  9.250E-03  6.51596E-09  8.90451E-07  9.56943E-08  6.52140E-11  7.00870E-12  2.29843E-09  4.41724E-08
  9.500E-03  6.87293E-09  8.89168E-07  9.56820E-08  6.68800E-11  7.19720E-12  2.48720E-09  3.82821E-08
  9.750E-03  7.23942E-09  8.87856E-07  9.56694E-08  6.85388E-11  7.38563E-12  2.65446E-09  3.25691E-08
  1.000E-02  7.61544E-09  8.86517E-07  9.56565E-08  7.01901E-11  7.57398E-12  2.79966E-09  2.70469E-08
  1.250E-02  1.18991E-08  8.71670E-07  9.55098E-08  8.62684E-11  9.45296E-12  3.01138E-09  1.53919E-08
  1.500E-02  1.71347E-08  8.54498E-07  9.53317E-08  1.01483E-10  1.13224E-11  1.34869E-09  3.14934E-08
  1.750E-02  2.33223E-08  8.35459E-07  9.51226E-08  1.15759E-10  1.31805E-11  9.57372E-10  2.49152E-08
  2.000E-02  3.04617E-08  8.15006E-07  9.48836E-08  1.29057E-10  1.50256E-11  2.44611E-09  6.77287E-09
  2.250E-02  3.85531E-08  7.93560E-07  9.46152E-08  1.41368E-10  1.68560E-11  2.26629E-09  1.01289E-08
  2.500E-02  4.75965E-08  7.71500E-07  9.43185E-08  1.52709E-10  1.86701E-11  6.37100E-10  1.70635E-08
  2.750E-02  5.75917E-08  7.49150E-07  9.39944E-08  1.63114E-10  2.04665E-11  1.33608E-09  1.25045E-08
  3.000E-02  6.85389E-08  7.26777E-07  9.36439E-08  1.72628E-10  2.22439E-11  2.37511E-09  1.39970E-09
  3.250E-02  8.04380E-08  7.04593E-07  9.32680E-08  1.81306E-10  2.40008E-11  1.83347E-09  8.62232E-09
  3.500E-02  9.32891E-08  6.82759E-07  9.28680E-08  1.89202E-10  2.57362E-11  9.33534E-11  1.18420E-08
  3.750E-02  1.07092E-07  6.61394E-07  9.24447E-08  1.96373E-10  2.74488E-11  1.69241E-09  7.34999E-09
  4.000E-02  1.21847E-07  6.40579E-07  9.19995E-08  2.02872E-10  2.91377E-11  2.35014E-09  1.10249E-09
  4.250E-02  1.37554E-07  6.20363E-07  9.15334E-08  2.08750E-10  3.08020E-11  1.44791E-09  7.87758E-09
  4.500E-02  1.54213E-07  6.00778E-07  9.10474E-08  2.14051E-10  3.24408E-11  4.21237E-10  8.99998E-09
  4.750E-02  1.71823E-07  5.81833E-07  9.05429E-08  2.18818E-10  3.40532E-11  2.02342E-09  4.35689E-09
  5.000E-02  1.90386E-07  5.63527E-07  9.00207E-08  2.23088E-10  3.56388E-11  2.29148E-09  2.61384E-09
  5.250E-02  2.09900E-07  5.45852E-07  8.94821E-08  2.26895E-10  3.71969E-11  1.03166E-09  7.34344E-09
  5.500E-02  2.30367E-07  5.28791E-07  8.89280E-08  2.30270E-10  3.87269E-11  9.36909E-10  7.03601E-09
  5.750E-02  2.51785E-07  5.12326E-07  8.83596E-08  2.33241E-10  4.02284E-11  2.31082E-09  2.26128E-09
  6.000E-02  2.74156E-07  4.96437E-07  8.77778E-08  2.35834E-10  4.17011E-11  2.16107E-09  3.64285E-09
  6.250E-02  2.97478E-07  4.81101E-07  8.71835E-08  2.38071E-10  4.31446E-11  5.58668E-10  6.84500E-09
  6.500E-02  3.21752E-07  4.66297E-07  8.65779E-08  2.39976E-10  4.45587E-11  1.45286E-09  5.46045E-09
  6.750E-02  3.46978E-07  4.52004E-07  8.59617E-08  2.41567E-10  4.59432E-11  2.53381E-09  6.28996E-10
  7.000E-02  3.73156E-07  4.38201E-07  8.53359E-08  2.42864E-10  4.72979E-11  1.93729E-09  4.36999E-09
  7.250E-02  4.00286E-07  4.24870E-07  8.47014E-08  2.43886E-10  4.86229E-11  2.31618E-11  6.31041E-09
  7.500E-02  4.28368E-07  4.11992E-07  8.40589E-08  2.44648E-10  4.99180E-11  1.95578E-09  4.07556E-09
  7.750E-02  4.57402E-07  3.99549E-07  8.34093E-08  2.45168E-10  5.11834E-11  2.67083E-09  7.18244E-10
  8.000E-02  4.87388E-07  3.87525E-07  8.27534E-08  2.45461E-10  5.24190E-11  1.60684E-09  4.86828E-09
  8.250E-02  5.18325E-07  3.75905E-07  8.20918E-08  2.45541E-10  5.36250E-11  5.69648E-10  5.70447E-09
  8.500E-02  5.50215E-07  3.64673E-07  8.14254E-08  2.45423E-10  5.48014E-11  2.42500E-09  2.79217E-09
  8.750E-02  5.83057E-07  3.53816E-07  8.07547E-08  2.45119E-10  5.59486E-11  2.70017E-09  1.85871E-09
  9.000E-02  6.16850E-07  3.43320E-07  8.00805E-08  2.44644E-10  5.70667E-11  1.16272E-09  5.16733E-09
  9.250E-02  6.51596E-07  3.33174E-07  7.94033E-08  2.44009E-10  5.81559E-11  1.20600E-09  5.00907E-09
  9.500E-02  6.87293E-07  3.23364E-07  7.87238E-08  2.43225E-10  5.92166E-11  2.83449E-09  1.57106E-09
  9.750E-02  7.23942E-07  3.13881E-07  7.80425E-08  2.42305E-10  6.02490E-11  2.60129E-09  2.82400E-09
  1.000E-01  7.61543E-07  3.04712E-07  7.73599E-08  2.41258E-10  6.12534E-11  6.04806E-10  5.27746E-09
  1.250E-01  1.18991E-06  2.28191E-07  7.05695E-08  2.25841E-10  6.98464E-11  3.40155E-09  1.75528E-09
  1.500E-01  1.71347E-06  1.73598E-07  6.40853E-08  2.06173E-10  7.61148E-11  3.28925E-09  3.10990E-09
  1.750E-01  2.33223E-06  1.34579E-07  5.81191E-08  1.86472E-10  8.05339E-11  7.26115E-10  4.92369E-09
  2.000E-01  3.04617E-06  1.06500E-07  5.27549E-08  1.68648E-10  8.35445E-11  5.29727E-09  1.96169E-09
  2.250E-01  3.85531E-06  8.60328E-08  4.79966E-08  1.53267E-10  8.55108E-11  5.24862E-09  2.98602E-09
  2.500E-01  4.75964E-06  7.08363E-08  4.38032E-08  1.40217E-10  8.67116E-11  6.98810E-10  5.10213E-09
  2.750E-01  5.75916E-06  5.92956E-08  4.01135E-08  1.29110E-10  8.73489E-11  7.32971E-09  2.24887E-09
  3.000E-01  6.85388E-06  5.03132E-08  3.68609E-08  1.19512E-10  8.75638E-11  7.43687E-09  2.85220E-09
  3.250E-01  8.04378E-06  4.31503E-08  3.39820E-08  1.11039E-10  8.74527E-11  4.37308E-10  5.23440E-09
  3.500E-01  9.32888E-06  3.73111E-08  3.14207E-08  1.03399E-10  8.70820E-11  9.28979E-09  2.52993E-09
  3.750E-01  1.07092E-05  3.24617E-08  2.91294E-08  9.63859E-11  8.64989E-11  9.81480E-09  2.69300E-09
  4.000E-01  1.21846E-05  2.83740E-08  2.70687E-08  8.98655E-11  8.57391E-11  6.85382E-11  5.37097E-09
  4.250E-01  1.37553E-05  2.48893E-08  2.52065E-08  8.37561E-11  8.48313E-11  1.12720E-08  2.83613E-09
  4.500E-01  1.54212E-05  2.18942E-08  2.35167E-08  7.80111E-11  8.38006E-11  1.25040E-08  2.53993E-09
  4.750E-01  1.71822E-05  1.93043E-08  2.19780E-08  7.26047E-11  8.26691E-11  8.45855E-10  5.55148E-09
  5.000E-01  1.90385E-05  1.70554E-08  2.05729E-08  6.75225E-11  8.14573E-11  1.33290E-08  3.18079E-09
  5.250E-01  2.09899E-05  1.50963E-08  1.92867E-08  6.27551E-11  8.01835E-11  1.55613E-08  2.38611E-09
  5.500E-01  2.30365E-05  1.33858E-08  1.81070E-08  5.82941E-11  7.88646E-11  1.93610E-09  5.76002E-09
  5.750E-01  2.51783E-05  1.18891E-08  1.70233E-08  5.41300E-11  7.75154E-11  1.54192E-08  3.55586E-09
  6.000E-01  2.74153E-05  1.05774E-08  1.60262E-08  5.02516E-11  7.61486E-11  1.89638E-08  2.21504E-09
  6.250E-01  2.97475E-05  9.42568E-09  1.51076E-08  4.66458E-11  7.47753E-11  3.37404E-09  5.96793E-09
  6.500E-01  3.21749E-05  8.41270E-09  1.42601E-08  4.32981E-11  7.34047E-11  1.74601E-08  3.94737E-09
  6.750E-01  3.46974E-05  7.52010E-09  1.34773E-08  4.01927E-11  7.20441E-11  2.26519E-08  2.01589E-09
  7.000E-01  3.73152E-05  6.73201E-09  1.27533E-08  3.73132E-11  7.06995E-11  5.18103E-09  6.15404E-09
  7.250E-01  4.00281E-05  6.03476E-09  1.20829E-08  3.46431E-11  6.93756E-11  1.93705E-08  4.34366E-09
  7.500E-01  4.28362E-05  5.41653E-09  1.14612E-08  3.21662E-11  6.80757E-11  2.65629E-08  1.78498E-09
  7.750E-01  4.57395E-05  4.86712E-09  1.08839E-08  2.98668E-11  6.68024E-11  7.36792E-09  6.30772E-09
  8.000E-01  4.87380E-05  4.37772E-09  1.03472E-08  2.77301E-11  6.55574E-11  2.10858E-08  4.73737E-09
  8.250E-01  5.18317E-05  3.94073E-09  9.84744E-09  2.57419E-11  6.43416E-11  3.06452E-08  1.52302E-09
  8.500E-01  5.50205E-05  3.54961E-09  9.38154E-09  2.38895E-11  6.31555E-11  9.93988E-09  6.42561E-09
  8.750E-01  5.83045E-05  3.19870E-09  8.94658E-09  2.21608E-11  6.19993E-11  2.25583E-08  5.12459E-09
  9.000E-01  6.16838E-05  2.88312E-09  8.53993E-09  2.05449E-11  6.08728E-11  3.48585E-08  1.23256E-09
  9.250E-01  6.51582E-05  2.59866E-09  8.15926E-09  1.90320E-11  5.97754E-11  1.28996E-08  6.50804E-09
  9.500E-01  6.87277E-05  2.34166E-09  7.80242E-09  1.76131E-11  5.87066E-11  2.37514E-08  5.50341E-09
  9.750E-01  7.23925E-05  2.10898E-09  7.46748E-09  1.62801E-11  5.76656E-11  3.91705E-08  9.16438E-10
  1.000E+00  7.61524E-05  1.89787E-09  7.15270E-09  1.50258E-11  5.66516E-11  1.18827E-13  4.85101E-12
  1.100E+00  9.21439E-05  1.22593E-09  6.06565E-09  1.06752E-11  5.28479E-11  2.52346E-12  1.10605E-12
  1.200E+00  1.09658E-04  7.54894E-10  5.19796E-09  7.16952E-12  4.94070E-11  2.01227E-12  1.69777E-12
  1.300E+00  1.28695E-04  4.17945E-10  4.49426E-09  4.29804E-12  4.62799E-11  6.96193E-14  1.89329E-12
  1.400E+00  1.49255E-04  1.73611E-10  3.91578E-09  1.91961E-12  4.34264E-11  1.28236E-12  4.89776E-13
  1.500E+00  1.71338E-04 -4.96783E-12  3.43477E-09 -6.47546E-14  4.08144E-11  1.16057E-12  7.49150E-13
  1.600E+00  1.94942E-04 -1.35871E-10  3.03089E-09 -1.72792E-12  3.84177E-11  1.15091E-13  9.06659E-13
  1.700E+00  2.20070E-04 -2.31669E-10  2.68890E-09 -3.12583E-12  3.62144E-11  7.34527E-13  2.58823E-13
  1.800E+00  2.46720E-04 -3.01325E-10  2.39715E-09 -4.30284E-12  3.41856E-11  7.42303E-13  3.84013E-13
  1.900E+00  2.74892E-04 -3.51354E-10  2.14662E-09 -5.29487E-12  3.23148E-11  1.20743E-13  4.95892E-13
  2.000E+00  3.04586E-04 -3.86564E-10  1.93018E-09 -6.13144E-12  3.05872E-11  4.53845E-13  1.53814E-13
  2.100E+00  3.35803E-04 -4.10541E-10  1.74217E-09 -6.83696E-12  2.89893E-11  5.08179E-13  2.17678E-13
  2.200E+00  3.68542E-04 -4.25983E-10  1.57800E-09 -7.43175E-12  2.75091E-11  1.13966E-13  2.97442E-13
  2.300E+00  4.02802E-04 -4.34933E-10  1.43398E-09 -7.93275E-12  2.61358E-11  2.94686E-13  9.94567E-14
  2.400E+00  4.38585E-04 -4.38948E-10  1.30707E-09 -8.35414E-12  2.48596E-11  3.64607E-13  1.32551E-13
  2.500E+00  4.75889E-04 -4.39220E-10  1.19477E-09 -8.70775E-12  2.36715E-11  1.03796E-13  1.90796E-13
  2.600E+00  5.14715E-04 -4.36663E-10  1.09501E-09 -9.00355E-12  2.25637E-11  1.97897E-13  6.83668E-14
  2.700E+00  5.55063E-04 -4.31983E-10  1.00605E-09 -9.24990E-12  2.15289E-11  2.70635E-13  8.50579E-14
  2.800E+00  5.96931E-04 -4.25725E-10  9.26459E-10 -9.45383E-12  2.05609E-11  9.28684E-14  1.28768E-13
  2.900E+00  6.40321E-04 -4.18312E-10  8.55007E-10 -9.62130E-12  1.96537E-11  1.35848E-13  4.95145E-14
  3.000E+00  6.85233E-04 -4.10070E-10  7.90665E-10 -9.75734E-12  1.88022E-11  2.06066E-13  5.68432E-14
  3.100E+00  7.31665E-04 -4.01255E-10  7.32555E-10 -9.86623E-12  1.80018E-11  8.27800E-14  9.08142E-14
  3.200E+00  7.79618E-04 -3.92063E-10  6.79928E-10 -9.95161E-12  1.72483E-11  9.44002E-14  3.69039E-14
  3.300E+00  8.29092E-04 -3.82648E-10  6.32142E-10 -1.00166E-11  1.65379E-11  1.59944E-13  3.89790E-14
  3.400E+00  8.80086E-04 -3.73128E-10  5.88645E-10 -1.00638E-11  1.58673E-11  7.31736E-14  6.54991E-14
  3.500E+00  9.32601E-04 -3.63596E-10  5.48957E-10 -1.00956E-11  1.52334E-11  6.57945E-14  2.86480E-14
  3.600E+00  9.86636E-04 -3.54121E-10  5.12665E-10 -1.01139E-11  1.46335E-11  1.25630E-13  2.74275E-14
  3.700E+00  1.04219E-03 -3.44756E-10  4.79408E-10 -1.01205E-11  1.40650E-11  6.48626E-14  4.88685E-14
  3.800E+00  1.09927E-03 -3.35543E-10  4.48872E-10 -1.01168E-11  1.35256E-11  4.58145E-14  2.26275E-14
  3.900E+00  1.15786E-03 -3.26511E-10  4.20780E-10 -1.01040E-11  1.30134E-11  1.00538E-13  1.97333E-14
  4.000E+00  1.21797E-03 -3.17682E-10  3.94891E-10 -1.00834E-11  1.25265E-11  5.75684E-14  3.71709E-14
  4.100E+00  1.27961E-03 -3.09071E-10  3.70990E-10 -1.00558E-11  1.20631E-11  3.14463E-14  1.84018E-14
  4.200E+00  1.34276E-03 -3.00689E-10  3.48888E-10 -1.00223E-11  1.16217E-11  8.05414E-14  1.40887E-14
  4.300E+00  1.40743E-03 -2.92541E-10  3.28418E-10 -9.98338E-12  1.12008E-11  5.08055E-14  2.88875E-14
  4.400E+00  1.47362E-03 -2.84631E-10  3.09431E-10 -9.93987E-12  1.07992E-11  2.10953E-14  1.50879E-14
  4.500E+00  1.54133E-03 -2.76960E-10  2.91795E-10 -9.89231E-12  1.04157E-11  6.52169E-14  1.03052E-14
  4.600E+00  1.61056E-03 -2.69525E-10  2.75392E-10 -9.84123E-12  1.00491E-11  4.51245E-14  2.30928E-14
  4.700E+00  1.68131E-03 -2.62324E-10  2.60114E-10 -9.78707E-12  9.69840E-12  1.38156E-14  1.26711E-14
  4.800E+00  1.75357E-03 -2.55354E-10  2.45868E-10 -9.73025E-12  9.36274E-12  5.30716E-14  7.76263E-15
  4.900E+00  1.82735E-03 -2.48608E-10  2.32568E-10 -9.67113E-12  9.04120E-12  3.99229E-14  1.78622E-14
  5.000E+00  1.90265E-03 -2.42083E-10  2.20136E-10 -9.61002E-12  8.73300E-12  7.92294E-15  1.05180E-14
  5.100E+00  1.97947E-03 -2.35771E-10  2.08503E-10 -9.54721E-12  8.43737E-12  4.32740E-14  5.48707E-15
  5.200E+00  2.05780E-03 -2.29668E-10  1.97607E-10 -9.48296E-12  8.15364E-12  3.50460E-14  1.46228E-14
  5.300E+00  2.13765E-03 -2.23765E-10  1.87390E-10 -9.41749E-12  7.88115E-12  3.67589E-15  8.76178E-15
  5.400E+00  2.21902E-03 -2.18058E-10  1.77800E-10 -9.35100E-12  7.61932E-12  3.54877E-14  4.10587E-15
  5.500E+00  2.30190E-03 -2.12540E-10  1.68791E-10 -9.28368E-12  7.36758E-12  3.14597E-14  1.15440E-14
  5.600E+00  2.38630E-03 -2.07203E-10  1.60320E-10 -9.21570E-12  7.12541E-12  9.38917E-16  7.83011E-15
  5.700E+00  2.47222E-03 -2.02042E-10  1.52347E-10 -9.14718E-12  6.89233E-12  2.88013E-14  2.78238E-15
  5.800E+00  2.55965E-03 -1.97051E-10  1.44837E-10 -9.07827E-12  6.66789E-12  2.72754E-14  9.68628E-15
  5.900E+00  2.64859E-03 -1.92223E-10  1.37757E-10 -9.00908E-12  6.45165E-12  1.18206E-15  6.39036E-15
  6.000E+00  2.73905E-03 -1.87552E-10  1.31078E-10 -8.93972E-12  6.24323E-12  2.34993E-14  1.96876E-15
  6.100E+00  2.83103E-03 -1.83033E-10  1.24772E-10 -8.87027E-12  6.04225E-12  2.36690E-14  7.78671E-15
  6.200E+00  2.92452E-03 -1.78660E-10  1.18814E-10 -8.80083E-12  5.84835E-12  2.59521E-15  5.69113E-15
  6.300E+00  3.01952E-03 -1.74427E-10  1.13180E-10 -8.73146E-12  5.66120E-12  1.92102E-14  1.45804E-15
  6.400E+00  3.11604E-03 -1.70329E-10  1.07850E-10 -8.66223E-12  5.48050E-12  2.13238E-14  6.27508E-15
  6.500E+00  3.21407E-03 -1.66362E-10  1.02803E-10 -8.59321E-12  5.30596E-12  4.02145E-15  5.16756E-15
  6.600E+00  3.31362E-03 -1.62519E-10  9.80213E-11 -8.52444E-12  5.13729E-12  1.54596E-14  8.83922E-16
  6.700E+00  3.41468E-03 -1.58798E-10  9.34884E-11 -8.45597E-12  4.97423E-12  1.87751E-14  5.14310E-15
  6.800E+00  3.51725E-03 -1.55192E-10  8.91886E-11 -8.38785E-12  4.81655E-12  4.68099E-15  4.29675E-15
  6.900E+00  3.62133E-03 -1.51697E-10  8.51075E-11 -8.32011E-12  4.66401E-12  1.25269E-14  2.69064E-16
  7.000E+00  3.72692E-03 -1.48310E-10  8.12318E-11 -8.25279E-12  4.51639E-12  1.63403E-14  4.57220E-15
  7.100E+00  3.83403E-03 -1.45027E-10  7.75491E-11 -8.18591E-12  4.37348E-12  4.75113E-15  3.93398E-15
  7.200E+00  3.94265E-03 -1.41843E-10  7.40480E-11 -8.11951E-12  4.23509E-12  1.00243E-14  2.46654E-16
  7.300E+00  4.05278E-03 -1.38755E-10  7.07176E-11 -8.05359E-12  4.10103E-12  1.44564E-14  3.71687E-15
  7.400E+00  4.16442E-03 -1.35759E-10  6.75482E-11 -7.98819E-12  3.97112E-12  5.21998E-15  3.38172E-15
  7.500E+00  4.27757E-03 -1.32852E-10  6.45304E-11 -7.92332E-12  3.84520E-12  7.87836E-15  1.13455E-16
  7.600E+00  4.39223E-03 -1.30030E-10  6.16557E-11 -7.85899E-12  3.72311E-12  1.25127E-14  2.87103E-15
  7.700E+00  4.50840E-03 -1.27291E-10  5.89159E-11 -7.79523E-12  3.60469E-12  4.91313E-15  2.79532E-15
  7.800E+00  4.62608E-03 -1.24632E-10  5.63036E-11 -7.73203E-12  3.48981E-12  6.31744E-15  5.23565E-16
  7.900E+00  4.74527E-03 -1.22049E-10  5.38117E-11 -7.66941E-12  3.37832E-12  1.04465E-14  2.24445E-15
  8.000E+00  4.86597E-03 -1.19540E-10  5.14337E-11 -7.60737E-12  3.27010E-12  4.90954E-15  2.38631E-15
  8.100E+00  4.98817E-03 -1.17102E-10  4.91634E-11 -7.54593E-12  3.16502E-12  5.14173E-15  7.75481E-16
  8.200E+00  5.11188E-03 -1.14733E-10  4.69951E-11 -7.48508E-12  3.06297E-12  8.99257E-15  1.70158E-15
  8.300E+00  5.23711E-03 -1.12431E-10  4.49233E-11 -7.42483E-12  2.96383E-12  4.72431E-15  2.76651E-15
  8.400E+00  5.36383E-03 -1.10192E-10  4.29431E-11 -7.36519E-12  2.86750E-12  3.78737E-15  0.00000E+00
  8.500E+00  5.49207E-03 -1.08014E-10  4.10497E-11 -7.30615E-12  2.77387E-12  8.19848E-15  1.75664E-15
  8.600E+00  5.62181E-03 -1.05897E-10  3.92385E-11 -7.24771E-12  2.68285E-12  4.39539E-15  1.88660E-15
  8.700E+00  5.75306E-03 -1.03837E-10  3.75055E-11 -7.18987E-12  2.59434E-12  2.60666E-15  1.67499E-16
  8.800E+00  5.88581E-03 -1.01832E-10  3.58467E-11 -7.13264E-12  2.50826E-12  6.74156E-15  1.47263E-15
  8.900E+00  6.02007E-03 -9.98809E-11  3.42584E-11 -7.07602E-12  2.42451E-12  4.53875E-15  1.27907E-15
  9.000E+00  6.15583E-03 -9.79816E-11  3.27370E-11 -7.01999E-12  2.34303E-12  2.00374E-15  3.12535E-16
  9.100E+00  6.29310E-03 -9.61325E-11  3.12794E-11 -6.96456E-12  2.26373E-12  5.87773E-15  1.06940E-15
  9.200E+00  6.43187E-03 -9.43317E-11  2.98823E-11 -6.90972E-12  2.18653E-12  4.37990E-15  1.34451E-15
  9.300E+00  6.57214E-03 -9.25777E-11  2.85429E-11 -6.85548E-12  2.11137E-12  1.33898E-15  1.46118E-16
  9.400E+00  6.71392E-03 -9.08690E-11  2.72585E-11 -6.80182E-12  2.03817E-12  5.10973E-15  7.14756E-16
  9.500E+00  6.85720E-03 -8.92040E-11  2.60264E-11 -6.74875E-12  1.96688E-12  3.97517E-15  9.79195E-16
  9.600E+00  7.00198E-03 -8.75813E-11  2.48441E-11 -6.69625E-12  1.89742E-12  8.78720E-16  5.47661E-16
  9.700E+00  7.14827E-03 -8.59996E-11  2.37094E-11 -6.64433E-12  1.82975E-12  4.42496E-15  9.38266E-16
  9.800E+00  7.29605E-03 -8.44575E-11  2.26200E-11 -6.59298E-12  1.76379E-12  3.37064E-15  1.05000E-15
  9.900E+00  7.44534E-03 -8.29538E-11  2.15739E-11 -6.54219E-12  1.69951E-12  5.89610E-16  2.57092E-16
  1.000E+01  7.59612E-03 -8.14872E-11  2.05691E-11 -6.49196E-12  1.63683E-12  3.58168E-15  3.77772E-16
  1.025E+01  7.97965E-03 -7.79758E-11  1.82256E-11 -6.36880E-12  1.48687E-12  2.96686E-15  7.18233E-16
  1.050E+01  8.37255E-03 -7.46722E-11  1.61023E-11 -6.24900E-12  1.34593E-12  6.27796E-16  2.27862E-16
  1.075E+01  8.77480E-03 -7.15609E-11  1.41759E-11 -6.13248E-12  1.21334E-12  2.39394E-15  0.00000E+00
  1.100E+01  9.18641E-03 -6.86277E-11  1.24259E-11 -6.01914E-12  1.08849E-12  2.09430E-15  8.28431E-16
  1.125E+01  9.60736E-03 -6.58597E-11  1.08342E-11 -5.90890E-12  9.70823E-13  0.00000E+00  3.95529E-16
  1.150E+01  1.00376E-02 -6.32450E-11  9.38501E-12 -5.80164E-12  8.59826E-13  1.21764E-15  1.89031E-16
  1.175E+01  1.04773E-02 -6.07728E-11  8.06422E-12 -5.69729E-12  7.55037E-13  1.83164E-15  5.42569E-16
  1.200E+01  1.09262E-02 -5.84332E-11  6.85934E-12 -5.59575E-12  6.56033E-13  1.59541E-16  3.46386E-16
  1.225E+01  1.13844E-02 -5.62173E-11  5.75926E-12 -5.49692E-12  5.62424E-13  9.17977E-16  0.00000E+00
  1.250E+01  1.18520E-02 -5.41166E-11  4.75409E-12 -5.40072E-12  4.73855E-13  1.61529E-15  0.00000E+00
  1.275E+01  1.23288E-02 -5.21235E-11  3.83500E-12 -5.30706E-12  3.89996E-13  1.41056E-16  3.05753E-16
  1.300E+01  1.28150E-02 -5.02311E-11  2.99409E-12 -5.21586E-12  3.10546E-13  4.06804E-16  1.46883E-16
  1.325E+01  1.33104E-02 -4.84327E-11  2.22428E-12 -5.12703E-12  2.35228E-13  5.21825E-16  1.41229E-16
  1.350E+01  1.38150E-02 -4.67225E-11  1.51922E-12 -5.04050E-12  1.63784E-13  2.51195E-16  4.07672E-16
  1.375E+01  1.43290E-02 -4.50949E-11  8.73211E-13 -4.95619E-12  9.59766E-14  3.63014E-16  2.61689E-16
  1.400E+01  1.48521E-02 -4.35449E-11  2.81099E-13 -4.87403E-12  3.15871E-14  4.66635E-16  1.26070E-16
  1.425E+01  1.53845E-02 -4.20677E-11 -2.61755E-13 -4.79393E-12 -2.95882E-14  0.00000E+00  2.43096E-16
  1.450E+01  1.59262E-02 -4.06589E-11 -7.59534E-13 -4.71584E-12 -8.77380E-14  2.17278E-16  1.17261E-16
  1.475E+01  1.64770E-02 -3.93145E-11 -1.21604E-12 -4.63969E-12 -1.43037E-13  0.00000E+00  0.00000E+00
  1.500E+01  1.70371E-02 -3.80308E-11 -1.63469E-12 -4.56542E-12 -1.95649E-13  2.02836E-16  2.18659E-16
  1.525E+01  1.76063E-02 -3.68042E-11 -2.01862E-12 -4.49295E-12 -2.45725E-13  3.92296E-16  0.00000E+00
  1.550E+01  1.81848E-02 -3.56315E-11 -2.37066E-12 -4.42224E-12 -2.93406E-13  1.89785E-16  2.04328E-16
  1.575E+01  1.87724E-02 -3.45096E-11 -2.69337E-12 -4.35322E-12 -3.38823E-13  1.83727E-16  0.00000E+00
  1.600E+01  1.93692E-02 -3.34358E-11 -2.98910E-12 -4.28584E-12 -3.82100E-13  3.55910E-16  1.91339E-16
  1.625E+01  1.99751E-02 -3.24074E-11 -3.25999E-12 -4.22005E-12 -4.23352E-13  1.72450E-16  0.00000E+00
  1.650E+01  2.05901E-02 -3.14220E-11 -3.50799E-12 -4.15580E-12 -4.62685E-13  1.67197E-16  1.79529E-16
  1.675E+01  2.12143E-02 -3.04772E-11 -3.73489E-12 -4.09303E-12 -5.00200E-13  3.24363E-16  0.00000E+00
  1.700E+01  2.18476E-02 -2.95710E-11 -3.94230E-12 -4.03170E-12 -5.35991E-13  0.00000E+00  1.68762E-16
  1.725E+01  2.24900E-02 -2.87013E-11 -4.13173E-12 -3.97177E-12 -5.70147E-13  4.58414E-16  3.27464E-16
  1.750E+01  2.31415E-02 -2.78661E-11 -4.30454E-12 -3.91319E-12 -6.02750E-13  2.96838E-16  0.00000E+00
  1.775E+01  2.38021E-02 -2.70639E-11 -4.46199E-12 -3.85592E-12 -6.33878E-13  0.00000E+00  4.62935E-16
  1.800E+01  2.44717E-02 -2.62929E-11 -4.60522E-12 -3.79992E-12 -6.63604E-13  5.60792E-16  1.49898E-16
  1.825E+01  2.51504E-02 -2.55516E-11 -4.73530E-12 -3.74515E-12 -6.91997E-13  2.72684E-16  1.45668E-16
  1.850E+01  2.58382E-02 -2.48384E-11 -4.85320E-12 -3.69157E-12 -7.19121E-13  2.65289E-16  0.00000E+00
  1.875E+01  2.65349E-02 -2.41521E-11 -4.95983E-12 -3.63914E-12 -7.45037E-13  3.87286E-16  2.75435E-16
  1.900E+01  2.72407E-02 -2.34913E-11 -5.05600E-12 -3.58784E-12 -7.69803E-13  2.51376E-16  2.67960E-16
  1.925E+01  2.79555E-02 -2.28549E-11 -5.14249E-12 -3.53763E-12 -7.93472E-13  1.22415E-16  1.30390E-16
  1.950E+01  2.86793E-02 -2.22416E-11 -5.21998E-12 -3.48848E-12 -8.16097E-13  3.57806E-16  1.26939E-16
  1.975E+01  2.94120E-02 -2.16505E-11 -5.28914E-12 -3.44035E-12 -8.37724E-13  1.16243E-16  2.47242E-16
  2.000E+01  3.01537E-02 -2.10805E-11 -5.35056E-12 -3.39322E-12 -8.58400E-13  1.13332E-16  1.20429E-16
  2.025E+01  3.09043E-02 -2.05305E-11 -5.40480E-12 -3.34705E-12 -8.78167E-13  2.21061E-16  1.17357E-16
  2.050E+01  3.16639E-02 -1.99999E-11 -5.45238E-12 -3.30182E-12 -8.97067E-13  3.23497E-16  3.43195E-16
  2.075E+01  3.24324E-02 -1.94875E-11 -5.49376E-12 -3.25751E-12 -9.15138E-13  0.00000E+00  1.11548E-16
  2.100E+01  3.32098E-02 -1.89928E-11 -5.52939E-12 -3.21409E-12 -9.32417E-13  0.00000E+00  1.08801E-16
  2.125E+01  3.39961E-02 -1.85148E-11 -5.55968E-12 -3.17152E-12 -9.48938E-13  0.00000E+00  0.00000E+00
  2.150E+01  3.47912E-02 -1.80528E-11 -5.58500E-12 -3.12980E-12 -9.64734E-13  0.00000E+00  4.14392E-16
  2.175E+01  3.55952E-02 -1.76063E-11 -5.60572E-12 -3.08889E-12 -9.79836E-13  0.00000E+00  2.02265E-16
  2.200E+01  3.64081E-02 -1.71745E-11 -5.62214E-12 -3.04878E-12 -9.94274E-13  0.00000E+00  1.97505E-16
  2.225E+01  3.72297E-02 -1.67567E-11 -5.63459E-12 -3.00943E-12 -1.00808E-12  0.00000E+00  1.92908E-16
  2.250E+01  3.80602E-02 -1.63525E-11 -5.64334E-12 -2.97084E-12 -1.02127E-12  0.00000E+00  3.76933E-16
  2.275E+01  3.88995E-02 -1.59613E-11 -5.64865E-12 -2.93298E-12 -1.03388E-12  0.00000E+00  0.00000E+00
  2.300E+01  3.97476E-02 -1.55824E-11 -5.65077E-12 -2.89583E-12 -1.04593E-12  0.00000E+00  0.00000E+00
  2.325E+01  4.06044E-02 -1.52155E-11 -5.64994E-12 -2.85937E-12 -1.05744E-12  0.00000E+00  1.76009E-16
  2.350E+01  4.14700E-02 -1.48601E-11 -5.64635E-12 -2.82359E-12 -1.06843E-12  0.00000E+00  1.72125E-16
  2.375E+01  4.23443E-02 -1.45156E-11 -5.64021E-12 -2.78846E-12 -1.07893E-12  0.00000E+00  1.68366E-16
  2.400E+01  4.32273E-02 -1.41817E-11 -5.63170E-12 -2.75398E-12 -1.08896E-12  0.00000E+00  1.64726E-16
  2.425E+01  4.41190E-02 -1.38580E-11 -5.62099E-12 -2.72012E-12 -1.09853E-12  0.00000E+00  0.00000E+00
  2.450E+01  4.50194E-02 -1.35440E-11 -5.60824E-12 -2.68687E-12 -1.10767E-12  0.00000E+00  1.57786E-16
  2.475E+01  4.59284E-02 -1.32394E-11 -5.59361E-12 -2.65421E-12 -1.11638E-12  0.00000E+00  1.54477E-16
  2.500E+01  4.68461E-02 -1.29438E-11 -5.57722E-12 -2.62213E-12 -1.12469E-12  0.00000E+00  0.00000E+00
  2.550E+01  4.87074E-02 -1.23784E-11 -5.53972E-12 -2.55964E-12 -1.14016E-12  0.00000E+00  4.35417E-16
  2.600E+01  5.06030E-02 -1.18452E-11 -5.49667E-12 -2.49930E-12 -1.15419E-12  0.00000E+00  1.39368E-16
  2.650E+01  5.25328E-02 -1.13419E-11 -5.44891E-12 -2.44101E-12 -1.16690E-12  0.00000E+00  1.33930E-16
  2.700E+01  5.44967E-02 -1.08664E-11 -5.39716E-12 -2.38467E-12 -1.17837E-12  0.00000E+00  0.00000E+00
  2.750E+01  5.64946E-02 -1.04168E-11 -5.34204E-12 -2.33018E-12 -1.18869E-12  0.00000E+00  1.23951E-16
  2.800E+01  5.85262E-02 -9.99129E-12 -5.28410E-12 -2.27746E-12 -1.19796E-12  0.00000E+00  1.19368E-16
  2.850E+01  6.05914E-02 -9.58824E-12 -5.22383E-12 -2.22644E-12 -1.20624E-12  0.00000E+00  3.45092E-16
  2.900E+01  6.26901E-02 -9.20617E-12 -5.16164E-12 -2.17704E-12 -1.21360E-12  0.00000E+00  0.00000E+00
  2.950E+01  6.48222E-02 -8.84371E-12 -5.09791E-12 -2.12918E-12 -1.22012E-12  0.00000E+00  2.14053E-16
  3.000E+01  6.69873E-02 -8.49959E-12 -5.03297E-12 -2.08279E-12 -1.22584E-12  0.00000E+00  0.00000E+00
  3.050E+01  6.91854E-02 -8.17265E-12 -4.96710E-12 -2.03783E-12 -1.23082E-12  0.00000E+00  1.99636E-16
  3.100E+01  7.14163E-02 -7.86182E-12 -4.90055E-12 -1.99422E-12 -1.23511E-12  0.00000E+00  9.64804E-17
  3.150E+01  7.36799E-02 -7.56610E-12 -4.83354E-12 -1.95191E-12 -1.23876E-12  0.00000E+00  0.00000E+00
  3.200E+01  7.59760E-02 -7.28457E-12 -4.76626E-12 -1.91084E-12 -1.24181E-12  0.00000E+00  5.41694E-16
  3.250E+01  7.83043E-02 -7.01637E-12 -4.69886E-12 -1.87097E-12 -1.24430E-12  0.00000E+00  1.74804E-16
  3.300E+01  8.06647E-02 -6.76072E-12 -4.63151E-12 -1.83225E-12 -1.24626E-12  0.00000E+00  1.69312E-16
  3.350E+01  8.30571E-02 -6.51688E-12 -4.56433E-12 -1.79463E-12 -1.24774E-12  0.00000E+00  1.64072E-16
  3.400E+01  8.54812E-02 -6.28418E-12 -4.49743E-12 -1.75807E-12 -1.24876E-12  0.00000E+00  4.77208E-16
  3.450E+01  8.79369E-02 -6.06197E-12 -4.43091E-12 -1.72252E-12 -1.24935E-12  0.00000E+00  3.08579E-16
  3.500E+01  9.04240E-02 -5.84967E-12 -4.36485E-12 -1.68795E-12 -1.24955E-12  0.00000E+00  0.00000E+00
  3.550E+01  9.29422E-02 -5.64672E-12 -4.29932E-12 -1.65432E-12 -1.24936E-12  0.00000E+00  1.45349E-16
  3.600E+01  9.54915E-02 -5.45261E-12 -4.23437E-12 -1.62160E-12 -1.24883E-12  0.00000E+00  1.41165E-16
  3.650E+01  9.80716E-02 -5.26687E-12 -4.17007E-12 -1.58975E-12 -1.24797E-12  0.00000E+00  0.00000E+00
  3.700E+01  1.00682E-01 -5.08903E-12 -4.10646E-12 -1.55874E-12 -1.24680E-12  0.00000E+00  2.66636E-16
  3.750E+01  1.03323E-01 -4.91869E-12 -4.04358E-12 -1.52854E-12 -1.24534E-12  0.00000E+00  0.00000E+00
  3.800E+01  1.05995E-01 -4.75545E-12 -3.98147E-12 -1.49912E-12 -1.24362E-12  0.00000E+00  0.00000E+00
  3.850E+01  1.08696E-01 -4.59895E-12 -3.92014E-12 -1.47045E-12 -1.24163E-12  0.00000E+00  1.22714E-16
  3.900E+01  1.11427E-01 -4.44884E-12 -3.85961E-12 -1.44251E-12 -1.23942E-12  0.00000E+00  0.00000E+00
  3.950E+01  1.14188E-01 -4.30478E-12 -3.79990E-12 -1.41528E-12 -1.23697E-12  0.00000E+00  0.00000E+00
  4.000E+01  1.16978E-01 -4.16649E-12 -3.74103E-12 -1.38872E-12 -1.23432E-12  0.00000E+00  0.00000E+00
  4.050E+01  1.19797E-01 -4.03368E-12 -3.68301E-12 -1.36281E-12 -1.23148E-12  0.00000E+00  0.00000E+00
  4.100E+01  1.22645E-01 -3.90608E-12 -3.62584E-12 -1.33754E-12 -1.22845E-12  0.00000E+00  1.07649E-16
  4.150E+01  1.25522E-01 -3.78343E-12 -3.56954E-12 -1.31288E-12 -1.22524E-12  0.00000E+00  0.00000E+00
  4.200E+01  1.28428E-01 -3.66550E-12 -3.51409E-12 -1.28881E-12 -1.22188E-12  0.00000E+00  0.00000E+00
  4.250E+01  1.31361E-01 -3.55206E-12 -3.45950E-12 -1.26531E-12 -1.21836E-12  0.00000E+00  9.99062E-17
  4.300E+01  1.34323E-01 -3.44291E-12 -3.40576E-12 -1.24237E-12 -1.21470E-12  0.00000E+00  0.00000E+00
  4.350E+01  1.37313E-01 -3.33783E-12 -3.35288E-12 -1.21996E-12 -1.21091E-12  0.00000E+00  0.00000E+00
  4.400E+01  1.40330E-01 -3.23666E-12 -3.30084E-12 -1.19807E-12 -1.20699E-12  0.00000E+00  0.00000E+00
  4.450E+01  1.43375E-01 -3.13920E-12 -3.24965E-12 -1.17669E-12 -1.20296E-12  0.00000E+00  0.00000E+00
  4.500E+01  1.46447E-01 -3.04529E-12 -3.19930E-12 -1.15579E-12 -1.19882E-12  0.00000E+00  0.00000E+00
  4.550E+01  1.49545E-01 -2.95478E-12 -3.14977E-12 -1.13536E-12 -1.19457E-12  0.00000E+00  0.00000E+00
  4.600E+01  1.52671E-01 -2.86750E-12 -3.10106E-12 -1.11540E-12 -1.19023E-12  0.00000E+00  0.00000E+00
  4.650E+01  1.55823E-01 -2.78333E-12 -3.05316E-12 -1.09587E-12 -1.18580E-12  0.00000E+00  0.00000E+00
  4.700E+01  1.59001E-01 -2.70211E-12 -3.00606E-12 -1.07678E-12 -1.18128E-12  0.00000E+00  0.00000E+00
  4.750E+01  1.62205E-01 -2.62373E-12 -2.95974E-12 -1.05810E-12 -1.17669E-12  0.00000E+00  0.00000E+00
  4.800E+01  1.65435E-01 -2.54807E-12 -2.91421E-12 -1.03983E-12 -1.17202E-12  0.00000E+00  0.00000E+00
  4.850E+01  1.68690E-01 -2.47501E-12 -2.86945E-12 -1.02196E-12 -1.16728E-12  0.00000E+00  0.00000E+00
  4.900E+01  1.71970E-01 -2.40444E-12 -2.82544E-12 -1.00447E-12 -1.16248E-12  0.00000E+00  0.00000E+00
  4.950E+01  1.75276E-01 -2.33626E-12 -2.78217E-12 -9.87346E-13 -1.15762E-12  0.00000E+00  0.00000E+00
  5.000E+01  1.78606E-01 -2.27037E-12 -2.73963E-12 -9.70586E-13 -1.15270E-12  0.00000E+00  0.00000E+00
  5.050E+01  1.81961E-01 -2.20667E-12 -2.69781E-12 -9.54178E-13 -1.14773E-12  0.00000E+00  0.00000E+00
  5.100E+01  1.85340E-01 -2.14508E-12 -2.65671E-12 -9.38111E-13 -1.14272E-12  0.00000E+00  0.00000E+00
  5.150E+01  1.88743E-01 -2.08551E-12 -2.61630E-12 -9.22375E-13 -1.13766E-12  0.00000E+00  0.00000E+00
  5.200E+01  1.92169E-01 -2.02789E-12 -2.57657E-12 -9.06963E-13 -1.13256E-12  0.00000E+00  0.00000E+00
  5.250E+01  1.95619E-01 -1.97213E-12 -2.53752E-12 -8.91864E-13 -1.12742E-12  0.00000E+00  0.00000E+00
  5.300E+01  1.99092E-01 -1.91816E-12 -2.49913E-12 -8.77071E-13 -1.12224E-12  0.00000E+00  0.00000E+00
  5.350E+01  2.02589E-01 -1.86591E-12 -2.46138E-12 -8.62576E-13 -1.11704E-12  0.00000E+00  0.00000E+00
  5.400E+01  2.06107E-01 -1.81532E-12 -2.42427E-12 -8.48370E-13 -1.11180E-12  0.00000E+00  0.00000E+00
  5.450E+01  2.09649E-01 -1.76632E-12 -2.38779E-12 -8.34446E-13 -1.10653E-12  0.00000E+00  0.00000E+00
  5.500E+01  2.13212E-01 -1.71886E-12 -2.35192E-12 -8.20796E-13 -1.10124E-12  0.00000E+00  0.00000E+00
  5.550E+01  2.16797E-01 -1.67287E-12 -2.31666E-12 -8.07415E-13 -1.09593E-12  0.00000E+00  0.00000E+00
  5.600E+01  2.20404E-01 -1.62830E-12 -2.28198E-12 -7.94293E-13 -1.09060E-12  0.00000E+00  0.00000E+00
  5.650E+01  2.24032E-01 -1.58510E-12 -2.24789E-12 -7.81426E-13 -1.08525E-12  0.00000E+00  0.00000E+00
  5.700E+01  2.27680E-01 -1.54321E-12 -2.21437E-12 -7.68806E-13 -1.07988E-12  0.00000E+00  0.00000E+00
  5.750E+01  2.31350E-01 -1.50259E-12 -2.18140E-12 -7.56428E-13 -1.07450E-12  0.00000E+00  0.00000E+00
  5.800E+01  2.35040E-01 -1.46319E-12 -2.14898E-12 -7.44284E-13 -1.06910E-12  0.00000E+00  0.00000E+00
  5.850E+01  2.38751E-01 -1.42497E-12 -2.11710E-12 -7.32371E-13 -1.06369E-12  0.00000E+00  0.00000E+00
  5.900E+01  2.42481E-01 -1.38789E-12 -2.08575E-12 -7.20681E-13 -1.05827E-12  0.00000E+00  0.00000E+00
  5.950E+01  2.46231E-01 -1.35191E-12 -2.05491E-12 -7.09210E-13 -1.05284E-12  0.00000E+00  0.00000E+00
  6.000E+01  2.50000E-01 -1.31698E-12 -2.02458E-12 -6.97952E-13 -1.04741E-12  0.00000E+00  0.00000E+00
  6.050E+01  2.53788E-01 -1.28307E-12 -1.99475E-12 -6.86902E-13 -1.04197E-12  0.00000E+00  0.00000E+00
  6.100E+01  2.57595E-01 -1.25015E-12 -1.96541E-12 -6.76056E-13 -1.03652E-12  0.00000E+00  0.00000E+00
  6.150E+01  2.61421E-01 -1.21817E-12 -1.93654E-12 -6.65407E-13 -1.03107E-12  0.00000E+00  0.00000E+00
  6.200E+01  2.65264E-01 -1.18712E-12 -1.90815E-12 -6.54952E-13 -1.02562E-12  0.00000E+00  0.00000E+00
  6.250E+01  2.69126E-01 -1.15695E-12 -1.88021E-12 -6.44687E-13 -1.02016E-12  0.00000E+00  0.00000E+00
  6.300E+01  2.73005E-01 -1.12765E-12 -1.85273E-12 -6.34606E-13 -1.01470E-12  0.00000E+00  0.00000E+00
  6.350E+01  2.76901E-01 -1.09917E-12 -1.82569E-12 -6.24706E-13 -1.00925E-12  0.00000E+00  0.00000E+00
  6.400E+01  2.80814E-01 -1.07149E-12 -1.79908E-12 -6.14982E-13 -1.00379E-12  0.00000E+00  0.00000E+00
  6.450E+01  2.84744E-01 -1.04458E-12 -1.77290E-12 -6.05431E-13 -9.98340E-13  0.00000E+00  0.00000E+00
  6.500E+01  2.88691E-01 -1.01842E-12 -1.74713E-12 -5.96048E-13 -9.92890E-13  0.00000E+00  0.00000E+00
  6.550E+01  2.92653E-01 -9.92988E-13 -1.72178E-12 -5.86829E-13 -9.87442E-13  0.00000E+00  0.00000E+00
  6.600E+01  2.96632E-01 -9.68256E-13 -1.69683E-12 -5.77772E-13 -9.81999E-13  0.00000E+00  0.00000E+00
  6.650E+01  3.00625E-01 -9.44203E-13 -1.67227E-12 -5.68873E-13 -9.76561E-13  0.00000E+00  0.00000E+00
  6.700E+01  3.04634E-01 -9.20806E-13 -1.64811E-12 -5.60128E-13 -9.71127E-13  0.00000E+00  0.00000E+00
  6.750E+01  3.08658E-01 -8.98044E-13 -1.62432E-12 -5.51533E-13 -9.65700E-13  0.00000E+00  0.00000E+00
  6.800E+01  3.12697E-01 -8.75896E-13 -1.60089E-12 -5.43086E-13 -9.60279E-13  0.00000E+00  0.00000E+00
  6.850E+01  3.16749E-01 -8.54342E-13 -1.57784E-12 -5.34783E-13 -9.54864E-13  0.00000E+00  0.00000E+00
  6.900E+01  3.20816E-01 -8.33367E-13 -1.55514E-12 -5.26621E-13 -9.49458E-13  0.00000E+00  0.00000E+00
  6.950E+01  3.24896E-01 -8.12952E-13 -1.53280E-12 -5.18598E-13 -9.44059E-13  0.00000E+00  0.00000E+00
  7.000E+01  3.28990E-01 -7.93080E-13 -1.51080E-12 -5.10709E-13 -9.38668E-13  0.00000E+00  0.00000E+00
  7.050E+01  3.33097E-01 -7.73733E-13 -1.48915E-12 -5.02954E-13 -9.33286E-13  0.00000E+00  0.00000E+00
  7.100E+01  3.37216E-01 -7.54894E-13 -1.46782E-12 -4.95328E-13 -9.27913E-13  0.00000E+00  0.00000E+00
  7.150E+01  3.41348E-01 -7.36544E-13 -1.44681E-12 -4.87829E-13 -9.22550E-13  0.00000E+00  0.00000E+00
  7.200E+01  3.45492E-01 -7.18673E-13 -1.42612E-12 -4.80454E-13 -9.17196E-13  0.00000E+00  0.00000E+00
  7.250E+01  3.49647E-01 -7.01272E-13 -1.40576E-12 -4.73201E-13 -9.11853E-13  0.00000E+00  0.00000E+00
  7.300E+01  3.53814E-01 -6.84323E-13 -1.38570E-12 -4.66068E-13 -9.06520E-13  0.00000E+00  0.00000E+00
  7.350E+01  3.57992E-01 -6.67806E-13 -1.36595E-12 -4.59051E-13 -9.01198E-13  0.00000E+00  0.00000E+00
  7.400E+01  3.62181E-01 -6.51713E-13 -1.34648E-12 -4.52149E-13 -8.95886E-13  0.00000E+00  0.00000E+00
  7.450E+01  3.66381E-01 -6.36030E-13 -1.32731E-12 -4.45360E-13 -8.90586E-13  0.00000E+00  0.00000E+00
  7.500E+01  3.70590E-01 -6.20747E-13 -1.30843E-12 -4.38680E-13 -8.85297E-13  0.00000E+00  0.00000E+00
  7.550E+01  3.74810E-01 -6.05854E-13 -1.28983E-12 -4.32109E-13 -8.80020E-13  0.00000E+00  0.00000E+00
  7.600E+01  3.79039E-01 -5.91337E-13 -1.27150E-12 -4.25643E-13 -8.74755E-13  0.00000E+00  0.00000E+00
  7.650E+01  3.83277E-01 -5.77185E-13 -1.25345E-12 -4.19280E-13 -8.69502E-13  0.00000E+00  0.00000E+00
  7.700E+01  3.87524E-01 -5.63389E-13 -1.23566E-12 -4.13020E-13 -8.64261E-13  0.00000E+00  0.00000E+00
  7.750E+01  3.91780E-01 -5.49936E-13 -1.21814E-12 -4.06859E-13 -8.59032E-13  0.00000E+00  0.00000E+00
  7.800E+01  3.96044E-01 -5.36819E-13 -1.20087E-12 -4.00796E-13 -8.53816E-13  0.00000E+00  0.00000E+00
  7.850E+01  4.00316E-01 -5.24027E-13 -1.18385E-12 -3.94829E-13 -8.48612E-13  0.00000E+00  0.00000E+00
  7.900E+01  4.04596E-01 -5.11552E-13 -1.16708E-12 -3.88956E-13 -8.43421E-13  0.00000E+00  0.00000E+00
  7.950E+01  4.08882E-01 -4.99386E-13 -1.15055E-12 -3.83175E-13 -8.38243E-13  0.00000E+00  0.00000E+00
  8.000E+01  4.13176E-01 -4.87518E-13 -1.13427E-12 -3.77485E-13 -8.33078E-13  0.00000E+00  0.00000E+00
  8.050E+01  4.17476E-01 -4.75941E-13 -1.11822E-12 -3.71884E-13 -8.27926E-13  0.00000E+00  0.00000E+00
  8.100E+01  4.21783E-01 -4.64647E-13 -1.10240E-12 -3.66370E-13 -8.22787E-13  0.00000E+00  0.00000E+00
  8.150E+01  4.26095E-01 -4.53627E-13 -1.08680E-12 -3.60941E-13 -8.17662E-13  0.00000E+00  0.00000E+00
  8.200E+01  4.30413E-01 -4.42875E-13 -1.07143E-12 -3.55597E-13 -8.12550E-13  0.00000E+00  0.00000E+00
  8.250E+01  4.34737E-01 -4.32383E-13 -1.05628E-12 -3.50335E-13 -8.07451E-13  0.00000E+00  0.00000E+00
  8.300E+01  4.39065E-01 -4.22144E-13 -1.04134E-12 -3.45154E-13 -8.02365E-13  0.00000E+00  0.00000E+00
  8.350E+01  4.43398E-01 -4.12152E-13 -1.02662E-12 -3.40052E-13 -7.97293E-13  0.00000E+00  0.00000E+00
  8.400E+01  4.47736E-01 -4.02399E-13 -1.01210E-12 -3.35029E-13 -7.92234E-13  0.00000E+00  0.00000E+00
  8.450E+01  4.52077E-01 -3.92880E-13 -9.97792E-13 -3.30082E-13 -7.87189E-13  0.00000E+00  0.00000E+00
  8.500E+01  4.56422E-01 -3.83587E-13 -9.83681E-13 -3.25210E-13 -7.82158E-13  0.00000E+00  0.00000E+00
  8.550E+01  4.60770E-01 -3.74516E-13 -9.69768E-13 -3.20412E-13 -7.77139E-13  0.00000E+00  0.00000E+00
  8.600E+01  4.65122E-01 -3.65659E-13 -9.56051E-13 -3.15687E-13 -7.72135E-13  0.00000E+00  0.00000E+00
  8.650E+01  4.69476E-01 -3.57013E-13 -9.42525E-13 -3.11034E-13 -7.67144E-13  0.00000E+00  0.00000E+00
  8.700E+01  4.73832E-01 -3.48571E-13 -9.29187E-13 -3.06450E-13 -7.62167E-13  0.00000E+00  0.00000E+00
  8.750E+01  4.78190E-01 -3.40327E-13 -9.16035E-13 -3.01935E-13 -7.57203E-13  0.00000E+00  0.00000E+00
  8.800E+01  4.82550E-01 -3.32277E-13 -9.03064E-13 -2.97488E-13 -7.52253E-13  0.00000E+00  0.00000E+00
  8.850E+01  4.86912E-01 -3.24415E-13 -8.90273E-13 -2.93107E-13 -7.47316E-13  0.00000E+00  0.00000E+00
  8.900E+01  4.91274E-01 -3.16737E-13 -8.77657E-13 -2.88792E-13 -7.42393E-13  0.00000E+00  0.00000E+00
  8.950E+01  4.95637E-01 -3.09238E-13 -8.65215E-13 -2.84541E-13 -7.37483E-13  0.00000E+00  0.00000E+00
  9.000E+01  5.00000E-01 -3.01913E-13 -8.52944E-13 -2.80353E-13 -7.32587E-13  0.00000E+00  0.00000E+00
  9.050E+01  5.04363E-01 -2.94759E-13 -8.40841E-13 -2.76226E-13 -7.27704E-13  0.00000E+00  0.00000E+00
  9.100E+01  5.08726E-01 -2.87771E-13 -8.28903E-13 -2.72161E-13 -7.22835E-13  0.00000E+00  0.00000E+00
  9.150E+01  5.13088E-01 -2.80943E-13 -8.17127E-13 -2.68156E-13 -7.17979E-13  0.00000E+00  0.00000E+00
  9.200E+01  5.17450E-01 -2.74273E-13 -8.05512E-13 -2.64210E-13 -7.13137E-13  0.00000E+00  0.00000E+00
  9.250E+01  5.21810E-01 -2.67757E-13 -7.94053E-13 -2.60321E-13 -7.08307E-13  0.00000E+00  0.00000E+00
  9.300E+01  5.26168E-01 -2.61390E-13 -7.82750E-13 -2.56490E-13 -7.03492E-13  0.00000E+00  0.00000E+00
  9.350E+01  5.30524E-01 -2.55169E-13 -7.71600E-13 -2.52715E-13 -6.98689E-13  0.00000E+00  0.00000E+00
  9.400E+01  5.34878E-01 -2.49091E-13 -7.60600E-13 -2.48994E-13 -6.93899E-13  0.00000E+00  0.00000E+00
  9.450E+01  5.39230E-01 -2.43151E-13 -7.49748E-13 -2.45328E-13 -6.89123E-13  0.00000E+00  0.00000E+00
  9.500E+01  5.43578E-01 -2.37347E-13 -7.39042E-13 -2.41715E-13 -6.84360E-13  0.00000E+00  0.00000E+00
  9.550E+01  5.47923E-01 -2.31675E-13 -7.28479E-13 -2.38155E-13 -6.79610E-13  0.00000E+00  0.00000E+00
  9.600E+01  5.52264E-01 -2.26131E-13 -7.18057E-13 -2.34646E-13 -6.74873E-13  0.00000E+00  0.00000E+00
  9.650E+01  5.56602E-01 -2.20713E-13 -7.07774E-13 -2.31187E-13 -6.70148E-13  0.00000E+00  0.00000E+00
  9.700E+01  5.60935E-01 -2.15418E-13 -6.97629E-13 -2.27779E-13 -6.65437E-13  0.00000E+00  0.00000E+00
  9.750E+01  5.65263E-01 -2.10243E-13 -6.87618E-13 -2.24420E-13 -6.60738E-13  0.00000E+00  0.00000E+00
  9.800E+01  5.69587E-01 -2.05184E-13 -6.77741E-13 -2.21108E-13 -6.56052E-13  0.00000E+00  0.00000E+00
  9.850E+01  5.73905E-01 -2.00239E-13 -6.67995E-13 -2.17845E-13 -6.51379E-13  0.00000E+00  0.00000E+00
  9.900E+01  5.78217E-01 -1.95406E-13 -6.58378E-13 -2.14628E-13 -6.46718E-13  0.00000E+00  0.00000E+00
  9.950E+01  5.82524E-01 -1.90681E-13 -6.48888E-13 -2.11457E-13 -6.42070E-13  0.00000E+00  0.00000E+00
  1.000E+02  5.86824E-01 -1.86061E-13 -6.39522E-13 -2.08331E-13 -6.37435E-13  0.00000E+00  0.00000E+00
  1.005E+02  5.91118E-01 -1.81546E-13 -6.30281E-13 -2.05250E-13 -6.32811E-13  0.00000E+00  0.00000E+00
  1.010E+02  5.95404E-01 -1.77131E-13 -6.21162E-13 -2.02213E-13 -6.28200E-13  0.00000E+00  0.00000E+00
  1.015E+02  5.99684E-01 -1.72815E-13 -6.12162E-13 -1.99219E-13 -6.23602E-13  0.00000E+00  0.00000E+00
  1.020E+02  6.03956E-01 -1.68596E-13 -6.03281E-13 -1.96267E-13 -6.19015E-13  0.00000E+00  0.00000E+00
  1.025E+02  6.08220E-01 -1.64470E-13 -5.94516E-13 -1.93357E-13 -6.14441E-13  0.00000E+00  0.00000E+00
  1.030E+02  6.12476E-01 -1.60437E-13 -5.85867E-13 -1.90489E-13 -6.09879E-13  0.00000E+00  0.00000E+00
  1.035E+02  6.16723E-01 -1.56492E-13 -5.77330E-13 -1.87660E-13 -6.05328E-13  0.00000E+00  0.00000E+00
  1.040E+02  6.20961E-01 -1.52636E-13 -5.68905E-13 -1.84872E-13 -6.00790E-13  0.00000E+00  0.00000E+00
  1.045E+02  6.25190E-01 -1.48865E-13 -5.60590E-13 -1.82123E-13 -5.96263E-13  0.00000E+00  0.00000E+00
  1.050E+02  6.29410E-01 -1.45178E-13 -5.52384E-13 -1.79412E-13 -5.91748E-13  0.00000E+00  0.00000E+00
  1.055E+02  6.33619E-01 -1.41572E-13 -5.44286E-13 -1.76740E-13 -5.87244E-13  0.00000E+00  0.00000E+00
  1.060E+02  6.37819E-01 -1.38046E-13 -5.36292E-13 -1.74105E-13 -5.82753E-13  0.00000E+00  0.00000E+00
  1.065E+02  6.42008E-01 -1.34598E-13 -5.28403E-13 -1.71507E-13 -5.78272E-13  0.00000E+00  0.00000E+00
  1.070E+02  6.46186E-01 -1.31226E-13 -5.20617E-13 -1.68945E-13 -5.73803E-13  0.00000E+00  0.00000E+00
  1.075E+02  6.50353E-01 -1.27929E-13 -5.12932E-13 -1.66419E-13 -5.69345E-13  0.00000E+00  0.00000E+00
  1.080E+02  6.54508E-01 -1.24704E-13 -5.05347E-13 -1.63928E-13 -5.64899E-13  0.00000E+00  0.00000E+00
  1.085E+02  6.58652E-01 -1.21550E-13 -4.97861E-13 -1.61471E-13 -5.60464E-13  0.00000E+00  0.00000E+00
  1.090E+02  6.62784E-01 -1.18466E-13 -4.90472E-13 -1.59049E-13 -5.56040E-13  0.00000E+00  0.00000E+00
  1.095E+02  6.66903E-01 -1.15450E-13 -4.83180E-13 -1.56661E-13 -5.51626E-13  0.00000E+00  0.00000E+00
  1.100E+02  6.71010E-01 -1.12500E-13 -4.75982E-13 -1.54305E-13 -5.47224E-13  0.00000E+00  0.00000E+00
  1.105E+02  6.75104E-01 -1.09615E-13 -4.68877E-13 -1.51983E-13 -5.42832E-13  0.00000E+00  0.00000E+00
  1.110E+02  6.79184E-01 -1.06793E-13 -4.61865E-13 -1.49692E-13 -5.38452E-13  0.00000E+00  0.00000E+00
  1.115E+02  6.83251E-01 -1.04033E-13 -4.54944E-13 -1.47433E-13 -5.34081E-13  0.00000E+00  0.00000E+00
  1.120E+02  6.87303E-01 -1.01334E-13 -4.48114E-13 -1.45205E-13 -5.29722E-13  0.00000E+00  0.00000E+00
  1.125E+02  6.91342E-01 -9.86939E-14 -4.41372E-13 -1.43008E-13 -5.25373E-13  0.00000E+00  0.00000E+00
  1.130E+02  6.95366E-01 -9.61119E-14 -4.34718E-13 -1.40841E-13 -5.21034E-13  0.00000E+00  0.00000E+00
  1.135E+02  6.99375E-01 -9.35864E-14 -4.28151E-13 -1.38704E-13 -5.16705E-13  0.00000E+00  0.00000E+00
  1.140E+02  7.03368E-01 -9.11162E-14 -4.21668E-13 -1.36596E-13 -5.12387E-13  0.00000E+00  0.00000E+00
  1.145E+02  7.07347E-01 -8.87001E-14 -4.15270E-13 -1.34517E-13 -5.08079E-13  0.00000E+00  0.00000E+00
  1.150E+02  7.11309E-01 -8.63370E-14 -4.08956E-13 -1.32467E-13 -5.03781E-13  0.00000E+00  0.00000E+00
  1.155E+02  7.15256E-01 -8.40257E-14 -4.02724E-13 -1.30444E-13 -4.99493E-13  0.00000E+00  0.00000E+00
  1.160E+02  7.19186E-01 -8.17652E-14 -3.96574E-13 -1.28449E-13 -4.95215E-13  0.00000E+00  0.00000E+00
  1.165E+02  7.23099E-01 -7.95542E-14 -3.90504E-13 -1.26482E-13 -4.90946E-13  0.00000E+00  0.00000E+00
  1.170E+02  7.26995E-01 -7.73915E-14 -3.84514E-13 -1.24541E-13 -4.86688E-13  0.00000E+00  0.00000E+00
  1.175E+02  7.30874E-01 -7.52761E-14 -3.78601E-13 -1.22626E-13 -4.82438E-13  0.00000E+00  0.00000E+00
  1.180E+02  7.34736E-01 -7.32070E-14 -3.72766E-13 -1.20738E-13 -4.78199E-13  0.00000E+00  0.00000E+00
  1.185E+02  7.38579E-01 -7.11832E-14 -3.67008E-13 -1.18875E-13 -4.73969E-13  0.00000E+00  0.00000E+00
  1.190E+02  7.42405E-01 -6.92039E-14 -3.61325E-13 -1.17037E-13 -4.69748E-13  0.00000E+00  0.00000E+00
  1.195E+02  7.46212E-01 -6.72680E-14 -3.55717E-13 -1.15224E-13 -4.65537E-13  0.00000E+00  0.00000E+00
  1.200E+02  7.50000E-01 -6.53746E-14 -3.50184E-13 -1.13436E-13 -4.61334E-13  0.00000E+00  0.00000E+00
  1.205E+02  7.53769E-01 -6.35226E-14 -3.44723E-13 -1.11672E-13 -4.57141E-13  0.00000E+00  0.00000E+00
  1.210E+02  7.57519E-01 -6.17111E-14 -3.39334E-13 -1.09932E-13 -4.52957E-13  0.00000E+00  0.00000E+00
  1.215E+02  7.61249E-01 -5.99393E-14 -3.34017E-13 -1.08215E-13 -4.48782E-13  0.00000E+00  0.00000E+00
  1.220E+02  7.64960E-01 -5.82064E-14 -3.28770E-13 -1.06521E-13 -4.44615E-13  0.00000E+00  0.00000E+00
  1.225E+02  7.68650E-01 -5.65116E-14 -3.23593E-13 -1.04849E-13 -4.40458E-13  0.00000E+00  0.00000E+00
  1.230E+02  7.72320E-01 -5.48542E-14 -3.18485E-13 -1.03201E-13 -4.36309E-13  0.00000E+00  0.00000E+00
  1.235E+02  7.75968E-01 -5.32332E-14 -3.13445E-13 -1.01574E-13 -4.32168E-13  0.00000E+00  0.00000E+00
  1.240E+02  7.79596E-01 -5.16478E-14 -3.08473E-13 -9.99688E-14 -4.28037E-13  0.00000E+00  0.00000E+00
  1.245E+02  7.83203E-01 -5.00972E-14 -3.03567E-13 -9.83852E-14 -4.23913E-13  0.00000E+00  0.00000E+00
  1.250E+02  7.86788E-01 -4.85807E-14 -2.98727E-13 -9.68226E-14 -4.19798E-13  0.00000E+00  0.00000E+00
  1.255E+02  7.90351E-01 -4.70975E-14 -2.93953E-13 -9.52807E-14 -4.15691E-13  0.00000E+00  0.00000E+00
  1.260E+02  7.93893E-01 -4.56472E-14 -2.89243E-13 -9.37594E-14 -4.11593E-13  0.00000E+00  0.00000E+00
  1.265E+02  7.97411E-01 -4.42289E-14 -2.84597E-13 -9.22581E-14 -4.07502E-13  0.00000E+00  0.00000E+00
  1.270E+02  8.00908E-01 -4.28420E-14 -2.80014E-13 -9.07767E-14 -4.03420E-13  0.00000E+00  0.00000E+00
  1.275E+02  8.04381E-01 -4.14858E-14 -2.75494E-13 -8.93149E-14 -3.99345E-13  0.00000E+00  0.00000E+00
  1.280E+02  8.07831E-01 -4.01595E-14 -2.71035E-13 -8.78723E-14 -3.95278E-13  0.00000E+00  0.00000E+00
  1.285E+02  8.11257E-01 -3.88624E-14 -2.66638E-13 -8.64486E-14 -3.91219E-13  0.00000E+00  0.00000E+00
  1.290E+02  8.14660E-01 -3.75941E-14 -2.62301E-13 -8.50436E-14 -3.87168E-13  0.00000E+00  0.00000E+00
  1.295E+02  8.18039E-01 -3.63540E-14 -2.58024E-13 -8.36570E-14 -3.83124E-13  0.00000E+00  0.00000E+00
  1.300E+02  8.21394E-01 -3.51416E-14 -2.53807E-13 -8.22886E-14 -3.79088E-13  0.00000E+00  0.00000E+00
  1.305E+02  8.24724E-01 -3.39562E-14 -2.49649E-13 -8.09379E-14 -3.75059E-13  0.00000E+00  0.00000E+00
  1.310E+02  8.28030E-01 -3.27973E-14 -2.45549E-13 -7.96048E-14 -3.71038E-13  0.00000E+00  0.00000E+00
  1.315E+02  8.31310E-01 -3.16641E-14 -2.41506E-13 -7.82890E-14 -3.67024E-13  0.00000E+00  0.00000E+00
  1.320E+02  8.34565E-01 -3.05561E-14 -2.37520E-13 -7.69903E-14 -3.63017E-13  0.00000E+00  0.00000E+00
  1.325E+02  8.37795E-01 -2.94728E-14 -2.33591E-13 -7.57083E-14 -3.59017E-13  0.00000E+00  0.00000E+00
  1.330E+02  8.40999E-01 -2.84139E-14 -2.29717E-13 -7.44428E-14 -3.55024E-13  0.00000E+00  0.00000E+00
  1.335E+02  8.44177E-01 -2.73789E-14 -2.25899E-13 -7.31935E-14 -3.51038E-13  1.38205E-17  0.00000E+00
  1.340E+02  8.47329E-01 -2.63672E-14 -2.22136E-13 -7.19603E-14 -3.47059E-13  0.00000E+00  0.00000E+00
  1.345E+02  8.50455E-01 -2.53783E-14 -2.18428E-13 -7.07428E-14 -3.43086E-13  0.00000E+00  0.00000E+00
  1.350E+02  8.53553E-01 -2.44117E-14 -2.14773E-13 -6.95408E-14 -3.39121E-13  1.42312E-17  0.00000E+00
  1.355E+02  8.56625E-01 -2.34668E-14 -2.11172E-13 -6.83541E-14 -3.35162E-13  2.87488E-17  0.00000E+00
  1.360E+02  8.59670E-01 -2.25433E-14 -2.07623E-13 -6.71824E-14 -3.31209E-13  0.00000E+00  0.00000E+00
  1.365E+02  8.62687E-01 -2.16407E-14 -2.04126E-13 -6.60254E-14 -3.27263E-13  0.00000E+00  0.00000E+00
  1.370E+02  8.65677E-01 -2.07588E-14 -2.00682E-13 -6.48831E-14 -3.23323E-13  1.48231E-17  0.00000E+00
  1.375E+02  8.68639E-01 -1.98971E-14 -1.97289E-13 -6.37550E-14 -3.19390E-13  0.00000E+00  0.00000E+00
  1.380E+02  8.71572E-01 -1.90552E-14 -1.93948E-13 -6.26410E-14 -3.15463E-13  1.51389E-17  0.00000E+00
  1.385E+02  8.74478E-01 -1.82324E-14 -1.90657E-13 -6.15409E-14 -3.11542E-13  3.06038E-17  0.00000E+00
  1.390E+02  8.77355E-01 -1.74285E-14 -1.87415E-13 -6.04544E-14 -3.07627E-13  1.54684E-17  0.00000E+00
  1.395E+02  8.80203E-01 -1.66430E-14 -1.84223E-13 -5.93814E-14 -3.03718E-13  3.12770E-17  0.00000E+00
  1.400E+02  8.83022E-01 -1.58755E-14 -1.81081E-13 -5.83215E-14 -2.99814E-13  0.00000E+00  0.00000E+00
  1.405E+02  8.85812E-01 -1.51260E-14 -1.77987E-13 -5.72746E-14 -2.95917E-13  3.19791E-17  0.00000E+00
  1.410E+02  8.88573E-01 -1.43940E-14 -1.74943E-13 -5.62404E-14 -2.92025E-13  3.23411E-17  0.00000E+00
  1.415E+02  8.91304E-01 -1.36792E-14 -1.71946E-13 -5.52188E-14 -2.88140E-13  0.00000E+00  0.00000E+00
  1.420E+02  8.94005E-01 -1.29811E-14 -1.68997E-13 -5.42096E-14 -2.84259E-13  6.61750E-17  0.00000E+00
  1.425E+02  8.96677E-01 -1.22992E-14 -1.66095E-13 -5.32125E-14 -2.80384E-13  8.36807E-18  0.00000E+00
  1.430E+02  8.99318E-01 -1.16331E-14 -1.63240E-13 -5.22272E-14 -2.76515E-13  1.69324E-17  0.00000E+00
  1.435E+02  9.01928E-01 -1.09825E-14 -1.60430E-13 -5.12538E-14 -2.72651E-13  5.13981E-17  0.00000E+00
  1.440E+02  9.04508E-01 -1.03477E-14 -1.57668E-13 -5.02918E-14 -2.68792E-13  8.66841E-18  0.00000E+00
  1.445E+02  9.07058E-01 -9.72864E-15 -1.54952E-13 -4.93411E-14 -2.64938E-13  1.75449E-17  0.00000E+00
  1.450E+02  9.09576E-01 -9.12416E-15 -1.52281E-13 -4.84016E-14 -2.61090E-13  3.55139E-17  0.00000E+00
  1.455E+02  9.12063E-01 -8.53379E-15 -1.49655E-13 -4.74730E-14 -2.57246E-13  8.98658E-18  0.00000E+00
  1.460E+02  9.14519E-01 -7.95749E-15 -1.47074E-13 -4.65551E-14 -2.53408E-13  1.81935E-17  0.00000E+00
  1.465E+02  9.16943E-01 -7.39514E-15 -1.44537E-13 -4.56477E-14 -2.49574E-13  0.00000E+00  0.00000E+00
  1.470E+02  9.19335E-01 -6.84660E-15 -1.42044E-13 -4.47507E-14 -2.45745E-13  1.86465E-17  0.00000E+00
  1.475E+02  9.21696E-01 -6.31166E-15 -1.39595E-13 -4.38638E-14 -2.41921E-13  2.83187E-17  0.00000E+00
  1.480E+02  9.24024E-01 -5.78996E-15 -1.37190E-13 -4.29870E-14 -2.38102E-13  9.55797E-18  0.00000E+00
  1.485E+02  9.26320E-01 -5.28113E-15 -1.34828E-13 -4.21199E-14 -2.34287E-13  2.90353E-17  0.00000E+00
  1.490E+02  9.28584E-01 -4.78481E-15 -1.32509E-13 -4.12624E-14 -2.30477E-13  2.45025E-17  0.00000E+00
  1.495E+02  9.30815E-01 -4.30075E-15 -1.30233E-13 -4.04143E-14 -2.26671E-13  2.48141E-17  0.00000E+00
  1.500E+02  9.33013E-01 -3.82880E-15 -1.27998E-13 -3.95754E-14 -2.22870E-13  1.50786E-17  0.00000E+00
  1.505E+02  9.35178E-01 -3.36884E-15 -1.25806E-13 -3.87456E-14 -2.19072E-13  0.00000E+00  0.00000E+00
  1.510E+02  9.37310E-01 -2.92072E-15 -1.23655E-13 -3.79247E-14 -2.15279E-13  4.64037E-17  0.00000E+00
  1.515E+02  9.39409E-01 -2.48421E-15 -1.21547E-13 -3.71125E-14 -2.11490E-13  2.87230E-17  0.00000E+00
  1.520E+02  9.41474E-01 -2.05900E-15 -1.19480E-13 -3.63088E-14 -2.07706E-13  2.64488E-17  0.00000E+00
  1.525E+02  9.43505E-01 -1.64476E-15 -1.17453E-13 -3.55134E-14 -2.03925E-13  4.28651E-17  0.00000E+00
  1.530E+02  9.45503E-01 -1.24125E-15 -1.15468E-13 -3.47263E-14 -2.00148E-13  1.35688E-18  0.00000E+00
  1.535E+02  9.47467E-01 -8.48305E-16 -1.13522E-13 -3.39471E-14 -1.96375E-13  4.67314E-17  0.00000E+00
  1.540E+02  9.49397E-01 -4.65845E-16 -1.11617E-13 -3.31758E-14 -1.92605E-13  3.06298E-17  0.00000E+00
  1.545E+02  9.51293E-01 -9.37770E-17 -1.09752E-13 -3.24122E-14 -1.88840E-13  2.85585E-17  0.00000E+00
  1.550E+02  9.53154E-01  2.68068E-16 -1.07927E-13 -3.16560E-14 -1.85078E-13  5.07132E-17  0.00000E+00
  1.555E+02  9.54981E-01  6.19944E-16 -1.06142E-13 -3.09072E-14 -1.81319E-13  1.44699E-18  0.00000E+00
  1.560E+02  9.56773E-01  9.62141E-16 -1.04397E-13 -3.01656E-14 -1.77564E-13  5.12977E-17  4.42306E-17
  1.565E+02  9.58530E-01  1.29490E-15 -1.02690E-13 -2.94310E-14 -1.73813E-13  4.00814E-17  0.00000E+00
  1.570E+02  9.60252E-01  1.61838E-15 -1.01022E-13 -2.87033E-14 -1.70064E-13  3.30776E-17  0.00000E+00
  1.575E+02  9.61940E-01  1.93262E-15 -9.93922E-14 -2.79822E-14 -1.66319E-13  6.39544E-17  4.39644E-17
  1.580E+02  9.63592E-01  2.23769E-15 -9.78016E-14 -2.72677E-14 -1.62578E-13  1.54207E-17  0.00000E+00
  1.585E+02  9.65209E-01  2.53368E-15 -9.62497E-14 -2.65595E-14 -1.58839E-13  6.24625E-17  2.18988E-17
  1.590E+02  9.66790E-01  2.82081E-15 -9.47361E-14 -2.58575E-14 -1.55103E-13  5.69222E-17  8.74345E-17
  1.595E+02  9.68336E-01  3.09933E-15 -9.32605E-14 -2.51616E-14 -1.51370E-13  1.28071E-17  0.00000E+00
  1.600E+02  9.69846E-01  3.36949E-15 -9.18225E-14 -2.44716E-14 -1.47641E-13  7.13111E-17  6.53443E-17
  1.605E+02  9.71321E-01  3.63141E-15 -9.04219E-14 -2.37873E-14 -1.43914E-13  1.96872E-17  1.08722E-16
  1.610E+02  9.72759E-01  3.88515E-15 -8.90587E-14 -2.31086E-14 -1.40189E-13  7.30641E-17  2.17083E-17
  1.615E+02  9.74162E-01  4.13070E-15 -8.77331E-14 -2.24354E-14 -1.36468E-13  8.06652E-17  6.50199E-17
  1.620E+02  9.75528E-01  4.36813E-15 -8.64449E-14 -2.17674E-14 -1.32749E-13  6.80203E-18  8.65571E-17
  1.625E+02  9.76858E-01  4.59759E-15 -8.51939E-14 -2.11045E-14 -1.29032E-13  8.25827E-17  2.16062E-17
  1.630E+02  9.78152E-01  4.81931E-15 -8.39799E-14 -2.04466E-14 -1.25318E-13  5.56928E-17  1.07871E-16
  1.635E+02  9.79410E-01  5.03352E-15 -8.28023E-14 -1.97936E-14 -1.21606E-13  5.63286E-17  2.15432E-17
  1.640E+02  9.80631E-01  5.24037E-15 -8.16611E-14 -1.91452E-14 -1.17897E-13  8.54425E-17  8.60524E-17
  1.645E+02  9.81815E-01  5.43987E-15 -8.05562E-14 -1.85014E-14 -1.14190E-13  2.87955E-17  1.07420E-16
  1.650E+02  9.82963E-01  5.63200E-15 -7.94877E-14 -1.78619E-14 -1.10485E-13  7.27696E-17  2.14559E-17
  1.655E+02  9.84074E-01  5.81675E-15 -7.84558E-14 -1.72267E-14 -1.06782E-13  8.82515E-17  4.28575E-17
  1.660E+02  9.85148E-01  5.99424E-15 -7.74602E-14 -1.65955E-14 -1.03082E-13  2.97231E-17  4.28051E-17
  1.665E+02  9.86185E-01  6.16468E-15 -7.65006E-14 -1.59683E-14 -9.93829E-14  6.00501E-17  2.13773E-17
  1.670E+02  9.87185E-01  6.32829E-15 -7.55767E-14 -1.53449E-14 -9.56860E-14  7.58069E-17  8.54122E-17
  1.675E+02  9.88148E-01  6.48521E-15 -7.46883E-14 -1.47251E-14 -9.19909E-14  4.59235E-17  6.39892E-17
  1.680E+02  9.89074E-01  6.63545E-15 -7.38353E-14 -1.41088E-14 -8.82976E-14  7.72580E-17  0.00000E+00
  1.685E+02  9.89962E-01  6.77895E-15 -7.30179E-14 -1.34959E-14 -8.46060E-14  7.79617E-17  2.12859E-17
  1.690E+02  9.90814E-01  6.91566E-15 -7.22363E-14 -1.28862E-14 -8.09159E-14  4.71892E-17  0.00000E+00
  1.695E+02  9.91627E-01  7.04564E-15 -7.14903E-14 -1.22796E-14 -7.72274E-14  7.93173E-17  4.24917E-17
  1.700E+02  9.92404E-01  7.16907E-15 -7.07798E-14 -1.16758E-14 -7.35404E-14  1.59933E-17  0.00000E+00
  1.705E+02  9.93143E-01  7.28617E-15 -7.01042E-14 -1.10749E-14 -6.98547E-14  4.83573E-17  2.12095E-17
  1.710E+02  9.93844E-01  7.39709E-15 -6.94635E-14 -1.04767E-14 -6.61704E-14  9.74431E-17  2.11927E-17
  1.715E+02  9.94508E-01  7.50186E-15 -6.88575E-14 -9.88088E-15 -6.24874E-14  4.90719E-17  0.00000E+00
  1.720E+02  9.95134E-01  7.60035E-15 -6.82865E-14 -9.28746E-15 -5.88055E-14  1.64691E-17  2.11619E-17
  1.725E+02  9.95722E-01  7.69247E-15 -6.77507E-14 -8.69627E-15 -5.51247E-14  3.31512E-17  6.34438E-17
  1.730E+02  9.96273E-01  7.77822E-15 -6.72501E-14 -8.10715E-15 -5.14450E-14  5.00296E-17  6.34045E-17
  1.735E+02  9.96786E-01  7.85774E-15 -6.67846E-14 -7.51998E-15 -4.77663E-14  0.00000E+00  4.22453E-17
  1.740E+02  9.97261E-01  7.93127E-15 -6.63536E-14 -6.93461E-15 -4.40885E-14  8.43041E-17  8.44455E-17
  1.745E+02  9.97698E-01  7.99899E-15 -6.59569E-14 -6.35090E-15 -4.04115E-14  6.77754E-17  0.00000E+00
  1.750E+02  9.98097E-01  8.06093E-15 -6.55944E-14 -5.76871E-15 -3.67353E-14  8.51028E-17  1.26549E-16
  1.755E+02  9.98459E-01  8.11695E-15 -6.52665E-14 -5.18791E-15 -3.30598E-14  1.53816E-16  1.68664E-16
  1.760E+02  9.98782E-01  8.16684E-15 -6.49734E-14 -4.60834E-15 -2.93849E-14  8.57690E-17  8.43013E-17
  1.765E+02  9.99067E-01  8.21054E-15 -6.47154E-14 -4.02988E-15 -2.57106E-14  8.60492E-17  2.73892E-16
  1.770E+02  9.99315E-01  8.24810E-15 -6.44923E-14 -3.45239E-15 -2.20367E-14  2.24362E-16  1.05314E-16
  1.775E+02  9.99524E-01  8.27986E-15 -6.43036E-14 -2.87573E-15 -1.83633E-14  3.46002E-17  4.00098E-16
  1.780E+02  9.99695E-01  8.30604E-15 -6.41489E-14 -2.29976E-15 -1.46902E-14  2.25346E-16  6.10558E-16
  1.785E+02  9.99829E-01  8.32681E-15 -6.40277E-14 -1.72434E-15 -1.10174E-14  3.29863E-16  3.36809E-16
  1.790E+02  9.99924E-01  8.34201E-15 -6.39405E-14 -1.14933E-15 -7.34485E-15  0.00000E+00  2.10483E-15
  1.795E+02  9.99981E-01  8.35133E-15 -6.38878E-14 -5.74598E-16 -3.67239E-15  5.56559E-16  2.52563E-15
  1.800E+02  1.00000E+00  8.35472E-15 -6.38700E-14 -8.06329E-30 -5.15361E-29  9.98555E-15  8.06681E-12
