 #  Spin polarization functions (in cm)      MU=(1-cos(TH))/2
 #  Z =  47,   projectile: electron
 #  Kinetic energy = 5.00000E+06 eV
 #
 # TH (deg)      MU            U            S            T      1-U^2-T^2-S^2
 #------------------------------------------------------------------------------
  0.000E+00  0.00000E+00  0.00000E+00  0.00000E+00  1.00000E+00  0.00000E+00
  1.000E-04  7.61557E-13  1.58350E-06  8.08360E-12  1.00000E+00 -2.22045E-16
  1.250E-04  1.18994E-12  1.97938E-06  1.01045E-11  1.00000E+00 -2.22045E-16
  1.500E-04  1.71346E-12  2.37525E-06  1.21253E-11  1.00000E+00 -2.22045E-16
  1.750E-04  2.33225E-12  2.77113E-06  1.41462E-11  1.00000E+00 -2.22045E-16
  2.000E-04  3.04617E-12  3.16700E-06  1.61670E-11  1.00000E+00 -2.22045E-16
  2.250E-04  3.85530E-12  3.56288E-06  1.81878E-11  1.00000E+00  0.00000E+00
  2.500E-04  4.75964E-12  3.95875E-06  2.02085E-11  1.00000E+00  0.00000E+00
  2.750E-04  5.75917E-12  4.35463E-06  2.22293E-11  1.00000E+00 -2.22045E-16
  3.000E-04  6.85391E-12  4.75050E-06  2.42499E-11  1.00000E+00  2.22045E-16
  3.250E-04  8.04379E-12  5.14638E-06  2.62706E-11  1.00000E+00  0.00000E+00
  3.500E-04  9.32893E-12  5.54225E-06  2.82912E-11  1.00000E+00  0.00000E+00
  3.750E-04  1.07092E-11  5.93813E-06  3.03117E-11  1.00000E+00  0.00000E+00
  4.000E-04  1.21847E-11  6.33400E-06  3.23323E-11  1.00000E+00  1.11022E-16
  4.250E-04  1.37554E-11  6.72988E-06  3.43527E-11  1.00000E+00  0.00000E+00
  4.500E-04  1.54213E-11  7.12576E-06  3.63731E-11  1.00000E+00  1.11022E-16
  4.750E-04  1.71823E-11  7.52163E-06  3.83934E-11  1.00000E+00 -2.22045E-16
  5.000E-04  1.90386E-11  7.91751E-06  4.04137E-11  1.00000E+00  1.11022E-16
  5.250E-04  2.09900E-11  8.31338E-06  4.24339E-11  1.00000E+00  0.00000E+00
  5.500E-04  2.30367E-11  8.70926E-06  4.44540E-11  1.00000E+00  2.22045E-16
  5.750E-04  2.51785E-11  9.10513E-06  4.64741E-11  1.00000E+00  0.00000E+00
  6.000E-04  2.74156E-11  9.50101E-06  4.84941E-11  1.00000E+00 -2.22045E-16
  6.250E-04  2.97478E-11  9.89688E-06  5.05140E-11  1.00000E+00 -2.22045E-16
  6.500E-04  3.21752E-11  1.02928E-05  5.25338E-11  1.00000E+00  0.00000E+00
  6.750E-04  3.46979E-11  1.06886E-05  5.45535E-11  1.00000E+00  0.00000E+00
  7.000E-04  3.73157E-11  1.10845E-05  5.65732E-11  1.00000E+00  1.11022E-16
  7.250E-04  4.00286E-11  1.14804E-05  5.85927E-11  1.00000E+00 -2.22045E-16
  7.500E-04  4.28368E-11  1.18763E-05  6.06122E-11  1.00000E+00  1.11022E-16
  7.750E-04  4.57402E-11  1.22721E-05  6.26315E-11  1.00000E+00  0.00000E+00
  8.000E-04  4.87388E-11  1.26680E-05  6.46508E-11  1.00000E+00  1.11022E-16
  8.250E-04  5.18325E-11  1.30639E-05  6.66699E-11  1.00000E+00  0.00000E+00
  8.500E-04  5.50215E-11  1.34598E-05  6.86890E-11  1.00000E+00  0.00000E+00
  8.750E-04  5.83057E-11  1.38556E-05  7.07079E-11  1.00000E+00  0.00000E+00
  9.000E-04  6.16850E-11  1.42515E-05  7.27267E-11  1.00000E+00  2.22045E-16
  9.250E-04  6.51595E-11  1.46474E-05  7.47454E-11  1.00000E+00  0.00000E+00
  9.500E-04  6.87293E-11  1.50433E-05  7.67640E-11  1.00000E+00  1.11022E-16
  9.750E-04  7.23943E-11  1.54391E-05  7.87824E-11  1.00000E+00  0.00000E+00
  1.000E-03  7.61544E-11  1.58350E-05  8.08007E-11  1.00000E+00  2.22045E-16
  1.250E-03  1.18991E-10  1.97938E-05  1.00976E-10  1.00000E+00  1.11022E-16
  1.500E-03  1.71347E-10  2.37525E-05  1.21135E-10  1.00000E+00  1.11022E-16
  1.750E-03  2.33223E-10  2.77113E-05  1.41275E-10  1.00000E+00 -2.22045E-16
  2.000E-03  3.04617E-10  3.16700E-05  1.61393E-10  1.00000E+00  0.00000E+00
  2.250E-03  3.85531E-10  3.56288E-05  1.81486E-10  1.00000E+00 -2.22045E-16
  2.500E-03  4.75965E-10  3.95875E-05  2.01552E-10  1.00000E+00  2.22045E-16
  2.750E-03  5.75917E-10  4.35463E-05  2.21589E-10  1.00000E+00  0.00000E+00
  3.000E-03  6.85389E-10  4.75050E-05  2.41594E-10  1.00000E+00 -2.22045E-16
  3.250E-03  8.04380E-10  5.14638E-05  2.61567E-10  1.00000E+00  1.11022E-16
  3.500E-03  9.32891E-10  5.54226E-05  2.81505E-10  1.00000E+00  0.00000E+00
  3.750E-03  1.07092E-09  5.93813E-05  3.01407E-10  1.00000E+00  1.11022E-16
  4.000E-03  1.21847E-09  6.33401E-05  3.21273E-10  1.00000E+00  0.00000E+00
  4.250E-03  1.37554E-09  6.72988E-05  3.41102E-10  1.00000E+00  0.00000E+00
  4.500E-03  1.54213E-09  7.12576E-05  3.60895E-10  1.00000E+00  1.11022E-16
  4.750E-03  1.71823E-09  7.52164E-05  3.80650E-10  1.00000E+00  0.00000E+00
  5.000E-03  1.90386E-09  7.91751E-05  4.00369E-10  1.00000E+00  2.22045E-16
  5.250E-03  2.09900E-09  8.31339E-05  4.20053E-10  1.00000E+00 -2.22045E-16
  5.500E-03  2.30367E-09  8.70926E-05  4.39703E-10  1.00000E+00 -2.22045E-16
  5.750E-03  2.51785E-09  9.10514E-05  4.59320E-10  1.00000E+00  0.00000E+00
  6.000E-03  2.74156E-09  9.50102E-05  4.78907E-10  1.00000E+00 -2.22045E-16
  6.250E-03  2.97478E-09  9.89689E-05  4.98465E-10  1.00000E+00  0.00000E+00
  6.500E-03  3.21752E-09  1.02928E-04  5.17999E-10  1.00000E+00  0.00000E+00
  6.750E-03  3.46978E-09  1.06886E-04  5.37510E-10  1.00000E+00 -2.22045E-16
  7.000E-03  3.73156E-09  1.10845E-04  5.57003E-10  1.00000E+00  1.11022E-16
  7.250E-03  4.00286E-09  1.14804E-04  5.76480E-10  1.00000E+00  1.11022E-16
  7.500E-03  4.28368E-09  1.18763E-04  5.95947E-10  1.00000E+00 -2.22045E-16
  7.750E-03  4.57402E-09  1.22722E-04  6.15408E-10  1.00000E+00 -2.22045E-16
  8.000E-03  4.87388E-09  1.26680E-04  6.34867E-10  1.00000E+00  1.11022E-16
  8.250E-03  5.18326E-09  1.30639E-04  6.54329E-10  1.00000E+00 -2.22045E-16
  8.500E-03  5.50215E-09  1.34598E-04  6.73801E-10  1.00000E+00  1.11022E-16
  8.750E-03  5.83057E-09  1.38557E-04  6.93286E-10  1.00000E+00  0.00000E+00
  9.000E-03  6.16850E-09  1.42515E-04  7.12792E-10  1.00000E+00 -2.22045E-16
  9.250E-03  6.51596E-09  1.46474E-04  7.32325E-10  1.00000E+00  0.00000E+00
  9.500E-03  6.87293E-09  1.50433E-04  7.51889E-10  1.00000E+00  1.11022E-16
  9.750E-03  7.23942E-09  1.54392E-04  7.71493E-10  1.00000E+00  1.11022E-16
  1.000E-02  7.61544E-09  1.58351E-04  7.91142E-10  1.00000E+00  0.00000E+00
  1.250E-02  1.18991E-08  1.97938E-04  9.91604E-10  1.00000E+00  0.00000E+00
  1.500E-02  1.71347E-08  2.37526E-04  1.20375E-09  1.00000E+00  0.00000E+00
  1.750E-02  2.33223E-08  2.77114E-04  1.43225E-09  1.00000E+00  2.22045E-16
  2.000E-02  3.04617E-08  3.16701E-04  1.67834E-09  1.00000E+00 -2.22045E-16
  2.250E-02  3.85531E-08  3.56289E-04  1.93985E-09  1.00000E+00 -4.44089E-16
  2.500E-02  4.75965E-08  3.95877E-04  2.21310E-09  1.00000E+00  2.22045E-16
  2.750E-02  5.75917E-08  4.35465E-04  2.49552E-09  1.00000E+00 -2.22045E-16
  3.000E-02  6.85389E-08  4.75052E-04  2.78760E-09  1.00000E+00  2.22045E-16
  3.250E-02  8.04380E-08  5.14640E-04  3.09288E-09  1.00000E+00  2.22045E-16
  3.500E-02  9.32891E-08  5.54228E-04  3.41602E-09  1.00000E+00  5.55112E-16
  3.750E-02  1.07092E-07  5.93816E-04  3.76010E-09  1.00000E+00  0.00000E+00
  4.000E-02  1.21847E-07  6.33404E-04  4.12477E-09  1.00000E+00  0.00000E+00
  4.250E-02  1.37554E-07  6.72992E-04  4.50668E-09  1.00000E+00 -2.22045E-16
  4.500E-02  1.54213E-07  7.12580E-04  4.90178E-09  1.00000E+00  0.00000E+00
  4.750E-02  1.71823E-07  7.52168E-04  5.30823E-09  1.00000E+00 -2.22045E-16
  5.000E-02  1.90386E-07  7.91756E-04  5.72790E-09  1.00000E+00  4.44089E-16
  5.250E-02  2.09900E-07  8.31344E-04  6.16537E-09  1.00000E+00  1.11022E-16
  5.500E-02  2.30367E-07  8.70932E-04  6.62515E-09  1.00000E+00 -2.22045E-16
  5.750E-02  2.51785E-07  9.10520E-04  7.10882E-09  1.00000E+00 -2.22045E-16
  6.000E-02  2.74156E-07  9.50108E-04  7.61409E-09  1.00000E+00  3.33067E-16
  6.250E-02  2.97478E-07  9.89696E-04  8.13655E-09  1.00000E+00  0.00000E+00
  6.500E-02  3.21752E-07  1.02928E-03  8.67298E-09  9.99999E-01  2.22045E-16
  6.750E-02  3.46978E-07  1.06887E-03  9.22390E-09  9.99999E-01 -2.22045E-16
  7.000E-02  3.73156E-07  1.10846E-03  9.79367E-09  9.99999E-01 -2.22045E-16
  7.250E-02  4.00286E-07  1.14805E-03  1.03878E-08  9.99999E-01  0.00000E+00
  7.500E-02  4.28368E-07  1.18764E-03  1.10091E-08  9.99999E-01  1.11022E-16
  7.750E-02  4.57402E-07  1.22723E-03  1.16559E-08  9.99999E-01  2.22045E-16
  8.000E-02  4.87388E-07  1.26681E-03  1.23228E-08  9.99999E-01  0.00000E+00
  8.250E-02  5.18325E-07  1.30640E-03  1.30047E-08  9.99999E-01  1.11022E-16
  8.500E-02  5.50215E-07  1.34599E-03  1.37011E-08  9.99999E-01 -2.22045E-16
  8.750E-02  5.83057E-07  1.38558E-03  1.44169E-08  9.99999E-01  1.11022E-16
  9.000E-02  6.16850E-07  1.42517E-03  1.51601E-08  9.99999E-01 -4.44089E-16
  9.250E-02  6.51596E-07  1.46476E-03  1.59365E-08  9.99999E-01  0.00000E+00
  9.500E-02  6.87293E-07  1.50434E-03  1.67457E-08  9.99999E-01  1.11022E-16
  9.750E-02  7.23942E-07  1.54393E-03  1.75808E-08  9.99999E-01  0.00000E+00
  1.000E-01  7.61543E-07  1.58352E-03  1.84325E-08  9.99999E-01 -2.22045E-16
  1.250E-01  1.18991E-06  1.97941E-03  2.81963E-08  9.99998E-01 -4.44089E-16
  1.500E-01  1.71347E-06  2.37531E-03  4.04665E-08  9.99997E-01 -2.22045E-16
  1.750E-01  2.33223E-06  2.77121E-03  5.51784E-08  9.99996E-01  0.00000E+00
  2.000E-01  3.04617E-06  3.16712E-03  7.18766E-08  9.99995E-01 -2.22045E-16
  2.250E-01  3.85531E-06  3.56303E-03  9.06280E-08  9.99994E-01  1.11022E-16
  2.500E-01  4.75964E-06  3.95895E-03  1.11456E-07  9.99992E-01  0.00000E+00
  2.750E-01  5.75916E-06  4.35487E-03  1.33912E-07  9.99991E-01 -2.22045E-16
  3.000E-01  6.85388E-06  4.75080E-03  1.58460E-07  9.99989E-01 -2.22045E-16
  3.250E-01  8.04378E-06  5.14673E-03  1.85185E-07  9.99987E-01  0.00000E+00
  3.500E-01  9.32888E-06  5.54267E-03  2.13605E-07  9.99985E-01  0.00000E+00
  3.750E-01  1.07092E-05  5.93861E-03  2.44460E-07  9.99982E-01  3.33067E-16
  4.000E-01  1.21846E-05  6.33456E-03  2.77283E-07  9.99980E-01 -2.22045E-16
  4.250E-01  1.37553E-05  6.73052E-03  3.11370E-07  9.99977E-01  0.00000E+00
  4.500E-01  1.54212E-05  7.12648E-03  3.47999E-07  9.99975E-01 -2.22045E-16
  4.750E-01  1.71822E-05  7.52245E-03  3.86193E-07  9.99972E-01  2.22045E-16
  5.000E-01  1.90385E-05  7.91842E-03  4.24990E-07  9.99969E-01  0.00000E+00
  5.250E-01  2.09899E-05  8.31441E-03  4.66441E-07  9.99965E-01  0.00000E+00
  5.500E-01  2.30365E-05  8.71039E-03  5.09447E-07  9.99962E-01 -2.22045E-16
  5.750E-01  2.51783E-05  9.10639E-03  5.52433E-07  9.99959E-01  1.11022E-16
  6.000E-01  2.74153E-05  9.50239E-03  5.98483E-07  9.99955E-01  1.11022E-16
  6.250E-01  2.97475E-05  9.89840E-03  6.45806E-07  9.99951E-01 -2.22045E-16
  6.500E-01  3.21749E-05  1.02944E-02  6.92464E-07  9.99947E-01  0.00000E+00
  6.750E-01  3.46974E-05  1.06904E-02  7.42640E-07  9.99943E-01 -2.22045E-16
  7.000E-01  3.73152E-05  1.10865E-02  7.94937E-07  9.99939E-01  1.11022E-16
  7.250E-01  4.00281E-05  1.14825E-02  8.46692E-07  9.99934E-01  1.11022E-16
  7.500E-01  4.28362E-05  1.18785E-02  9.01996E-07  9.99929E-01  2.22045E-16
  7.750E-01  4.57395E-05  1.22746E-02  9.58804E-07  9.99925E-01 -2.22045E-16
  8.000E-01  4.87380E-05  1.26706E-02  1.01508E-06  9.99920E-01  3.33067E-16
  8.250E-01  5.18317E-05  1.30667E-02  1.07610E-06  9.99915E-01 -2.22045E-16
  8.500E-01  5.50205E-05  1.34627E-02  1.13891E-06  9.99909E-01  2.22045E-16
  8.750E-01  5.83045E-05  1.38588E-02  1.20059E-06  9.99904E-01  2.22045E-16
  9.000E-01  6.16838E-05  1.42549E-02  1.26716E-06  9.99898E-01 -2.22045E-16
  9.250E-01  6.51582E-05  1.46510E-02  1.33515E-06  9.99893E-01  0.00000E+00
  9.500E-01  6.87277E-05  1.50470E-02  1.40211E-06  9.99887E-01  2.22045E-16
  9.750E-01  7.23925E-05  1.54431E-02  1.47467E-06  9.99881E-01  1.11022E-16
  1.000E+00  7.61524E-05  1.58392E-02  1.54715E-06  9.99875E-01 -2.22045E-16
  1.100E+00  9.21439E-05  1.74236E-02  1.85595E-06  9.99848E-01  2.22045E-16
  1.200E+00  1.09658E-04  1.90081E-02  2.19047E-06  9.99819E-01  0.00000E+00
  1.300E+00  1.28695E-04  2.05927E-02  2.54930E-06  9.99788E-01 -2.22045E-16
  1.400E+00  1.49255E-04  2.21773E-02  2.93070E-06  9.99754E-01  1.11022E-16
  1.500E+00  1.71338E-04  2.37621E-02  3.33216E-06  9.99718E-01 -2.22045E-16
  1.600E+00  1.94942E-04  2.53469E-02  3.75316E-06  9.99679E-01  0.00000E+00
  1.700E+00  2.20070E-04  2.69317E-02  4.19233E-06  9.99637E-01  1.11022E-16
  1.800E+00  2.46720E-04  2.85166E-02  4.65071E-06  9.99593E-01  2.22045E-16
  1.900E+00  2.74892E-04  3.01016E-02  5.12782E-06  9.99547E-01  0.00000E+00
  2.000E+00  3.04586E-04  3.16867E-02  5.62377E-06  9.99498E-01  0.00000E+00
  2.100E+00  3.35803E-04  3.32718E-02  6.13627E-06  9.99446E-01  0.00000E+00
  2.200E+00  3.68542E-04  3.48570E-02  6.66785E-06  9.99392E-01 -2.22045E-16
  2.300E+00  4.02802E-04  3.64422E-02  7.21684E-06  9.99336E-01  2.22045E-16
  2.400E+00  4.38585E-04  3.80274E-02  7.78344E-06  9.99277E-01  0.00000E+00
  2.500E+00  4.75889E-04  3.96127E-02  8.36624E-06  9.99215E-01  0.00000E+00
  2.600E+00  5.14715E-04  4.11980E-02  8.96562E-06  9.99151E-01 -2.22045E-16
  2.700E+00  5.55063E-04  4.27834E-02  9.58100E-06  9.99084E-01  0.00000E+00
  2.800E+00  5.96931E-04  4.43687E-02  1.02117E-05  9.99015E-01  0.00000E+00
  2.900E+00  6.40321E-04  4.59541E-02  1.08544E-05  9.98944E-01  0.00000E+00
  3.000E+00  6.85233E-04  4.75396E-02  1.15111E-05  9.98869E-01  2.22045E-16
  3.100E+00  7.31665E-04  4.91250E-02  1.21807E-05  9.98793E-01 -2.22045E-16
  3.200E+00  7.79618E-04  5.07104E-02  1.28631E-05  9.98713E-01 -2.22045E-16
  3.300E+00  8.29092E-04  5.22959E-02  1.35571E-05  9.98632E-01 -2.22045E-16
  3.400E+00  8.80086E-04  5.38813E-02  1.42595E-05  9.98547E-01  1.11022E-16
  3.500E+00  9.32601E-04  5.54668E-02  1.49702E-05  9.98461E-01  0.00000E+00
  3.600E+00  9.86636E-04  5.70522E-02  1.56905E-05  9.98371E-01  0.00000E+00
  3.700E+00  1.04219E-03  5.86377E-02  1.64189E-05  9.98279E-01  3.33067E-16
  3.800E+00  1.09927E-03  6.02231E-02  1.71540E-05  9.98185E-01  1.11022E-16
  3.900E+00  1.15786E-03  6.18085E-02  1.78941E-05  9.98088E-01  2.22045E-16
  4.000E+00  1.21797E-03  6.33939E-02  1.86377E-05  9.97989E-01  3.33067E-16
  4.100E+00  1.27961E-03  6.49793E-02  1.93861E-05  9.97887E-01  2.22045E-16
  4.200E+00  1.34276E-03  6.65646E-02  2.01393E-05  9.97782E-01 -2.22045E-16
  4.300E+00  1.40743E-03  6.81499E-02  2.08945E-05  9.97675E-01 -2.22045E-16
  4.400E+00  1.47362E-03  6.97352E-02  2.16502E-05  9.97566E-01  0.00000E+00
  4.500E+00  1.54133E-03  7.13204E-02  2.24059E-05  9.97453E-01  0.00000E+00
  4.600E+00  1.61056E-03  7.29056E-02  2.31596E-05  9.97339E-01  0.00000E+00
  4.700E+00  1.68131E-03  7.44908E-02  2.39139E-05  9.97222E-01  0.00000E+00
  4.800E+00  1.75357E-03  7.60759E-02  2.46682E-05  9.97102E-01 -2.22045E-16
  4.900E+00  1.82735E-03  7.76609E-02  2.54183E-05  9.96980E-01 -2.22045E-16
  5.000E+00  1.90265E-03  7.92459E-02  2.61652E-05  9.96855E-01  2.22045E-16
  5.100E+00  1.97947E-03  8.08308E-02  2.69083E-05  9.96728E-01  1.11022E-16
  5.200E+00  2.05780E-03  8.24156E-02  2.76434E-05  9.96598E-01 -2.22045E-16
  5.300E+00  2.13765E-03  8.40004E-02  2.83735E-05  9.96466E-01 -2.22045E-16
  5.400E+00  2.21902E-03  8.55850E-02  2.90986E-05  9.96331E-01  1.11022E-16
  5.500E+00  2.30190E-03  8.71696E-02  2.98136E-05  9.96193E-01  3.33067E-16
  5.600E+00  2.38630E-03  8.87541E-02  3.05216E-05  9.96054E-01  0.00000E+00
  5.700E+00  2.47222E-03  9.03386E-02  3.12222E-05  9.95911E-01 -4.44089E-16
  5.800E+00  2.55965E-03  9.19229E-02  3.19081E-05  9.95766E-01  1.11022E-16
  5.900E+00  2.64859E-03  9.35071E-02  3.25852E-05  9.95619E-01  3.33067E-16
  6.000E+00  2.73905E-03  9.50913E-02  3.32547E-05  9.95469E-01  0.00000E+00
  6.100E+00  2.83103E-03  9.66753E-02  3.39085E-05  9.95316E-01  0.00000E+00
  6.200E+00  2.92452E-03  9.82592E-02  3.45535E-05  9.95161E-01  0.00000E+00
  6.300E+00  3.01952E-03  9.98430E-02  3.51880E-05  9.95003E-01  0.00000E+00
  6.400E+00  3.11604E-03  1.01427E-01  3.57975E-05  9.94843E-01  0.00000E+00
  6.500E+00  3.21407E-03  1.03010E-01  3.63972E-05  9.94680E-01 -2.22045E-16
  6.600E+00  3.31362E-03  1.04594E-01  3.69868E-05  9.94515E-01  0.00000E+00
  6.700E+00  3.41468E-03  1.06177E-01  3.75462E-05  9.94347E-01  2.22045E-16
  6.800E+00  3.51725E-03  1.07760E-01  3.81065E-05  9.94177E-01 -2.22045E-16
  6.900E+00  3.62133E-03  1.09343E-01  3.86466E-05  9.94004E-01  0.00000E+00
  7.000E+00  3.72692E-03  1.10926E-01  3.91413E-05  9.93829E-01 -2.22045E-16
  7.100E+00  3.83403E-03  1.12509E-01  3.96671E-05  9.93651E-01  2.22045E-16
  7.200E+00  3.94265E-03  1.14091E-01  4.01179E-05  9.93470E-01  2.22045E-16
  7.300E+00  4.05278E-03  1.15674E-01  4.05942E-05  9.93287E-01  3.33067E-16
  7.400E+00  4.16442E-03  1.17256E-01  4.10347E-05  9.93102E-01  2.22045E-16
  7.500E+00  4.27757E-03  1.18838E-01  4.14435E-05  9.92914E-01  0.00000E+00
  7.600E+00  4.39223E-03  1.20420E-01  4.18490E-05  9.92723E-01  0.00000E+00
  7.700E+00  4.50840E-03  1.22001E-01  4.22112E-05  9.92530E-01  2.22045E-16
  7.800E+00  4.62608E-03  1.23583E-01  4.25607E-05  9.92334E-01  1.11022E-16
  7.900E+00  4.74527E-03  1.25164E-01  4.28900E-05  9.92136E-01 -2.22045E-16
  8.000E+00  4.86597E-03  1.26745E-01  4.31885E-05  9.91935E-01  1.11022E-16
  8.100E+00  4.98817E-03  1.28326E-01  4.34629E-05  9.91732E-01 -2.22045E-16
  8.200E+00  5.11188E-03  1.29907E-01  4.37091E-05  9.91526E-01 -2.22045E-16
  8.300E+00  5.23711E-03  1.31488E-01  4.39267E-05  9.91318E-01 -2.22045E-16
  8.400E+00  5.36383E-03  1.33068E-01  4.41219E-05  9.91107E-01 -2.22045E-16
  8.500E+00  5.49207E-03  1.34648E-01  4.42920E-05  9.90893E-01  0.00000E+00
  8.600E+00  5.62181E-03  1.36228E-01  4.44318E-05  9.90678E-01 -2.22045E-16
  8.700E+00  5.75306E-03  1.37808E-01  4.45397E-05  9.90459E-01 -2.22045E-16
  8.800E+00  5.88581E-03  1.39387E-01  4.46150E-05  9.90238E-01 -2.22045E-16
  8.900E+00  6.02007E-03  1.40966E-01  4.46599E-05  9.90014E-01  2.22045E-16
  9.000E+00  6.15583E-03  1.42545E-01  4.46768E-05  9.89788E-01  0.00000E+00
  9.100E+00  6.29310E-03  1.44124E-01  4.46638E-05  9.89560E-01 -2.22045E-16
  9.200E+00  6.43187E-03  1.45703E-01  4.46164E-05  9.89328E-01  0.00000E+00
  9.300E+00  6.57214E-03  1.47281E-01  4.45321E-05  9.89095E-01  1.11022E-16
  9.400E+00  6.71392E-03  1.48859E-01  4.44126E-05  9.88858E-01  0.00000E+00
  9.500E+00  6.85720E-03  1.50437E-01  4.42612E-05  9.88620E-01  3.33067E-16
  9.600E+00  7.00198E-03  1.52014E-01  4.40797E-05  9.88378E-01  4.44089E-16
  9.700E+00  7.14827E-03  1.53591E-01  4.38656E-05  9.88134E-01  0.00000E+00
  9.800E+00  7.29605E-03  1.55168E-01  4.36141E-05  9.87888E-01  0.00000E+00
  9.900E+00  7.44534E-03  1.56745E-01  4.33223E-05  9.87639E-01  0.00000E+00
  1.000E+01  7.59612E-03  1.58321E-01  4.29919E-05  9.87388E-01 -2.22045E-16
  1.025E+01  7.97965E-03  1.62261E-01  4.20142E-05  9.86748E-01  1.11022E-16
  1.050E+01  8.37255E-03  1.66199E-01  4.07949E-05  9.86092E-01  1.11022E-16
  1.075E+01  8.77480E-03  1.70135E-01  3.93267E-05  9.85421E-01  1.11022E-16
  1.100E+01  9.18641E-03  1.74069E-01  3.76227E-05  9.84734E-01  1.11022E-16
  1.125E+01  9.60736E-03  1.78000E-01  3.56412E-05  9.84030E-01  1.11022E-16
  1.150E+01  1.00376E-02  1.81930E-01  3.34018E-05  9.83311E-01 -2.22045E-16
  1.175E+01  1.04773E-02  1.85857E-01  3.08718E-05  9.82577E-01  1.11022E-16
  1.200E+01  1.09262E-02  1.89782E-01  2.80625E-05  9.81826E-01 -2.22045E-16
  1.225E+01  1.13844E-02  1.93705E-01  2.49680E-05  9.81060E-01  0.00000E+00
  1.250E+01  1.18520E-02  1.97626E-01  2.15559E-05  9.80278E-01  0.00000E+00
  1.275E+01  1.23288E-02  2.01543E-01  1.78444E-05  9.79480E-01 -2.22045E-16
  1.300E+01  1.28150E-02  2.05459E-01  1.37983E-05  9.78666E-01 -2.22045E-16
  1.325E+01  1.33104E-02  2.09371E-01  9.44583E-06  9.77836E-01  1.11022E-16
  1.350E+01  1.38150E-02  2.13281E-01  4.76709E-06  9.76991E-01 -4.44089E-16
  1.375E+01  1.43290E-02  2.17188E-01 -2.51536E-07  9.76130E-01  0.00000E+00
  1.400E+01  1.48521E-02  2.21092E-01 -5.59689E-06  9.75253E-01  0.00000E+00
  1.425E+01  1.53845E-02  2.24993E-01 -1.12974E-05  9.74360E-01 -2.22045E-16
  1.450E+01  1.59262E-02  2.28891E-01 -1.73193E-05  9.73452E-01  0.00000E+00
  1.475E+01  1.64770E-02  2.32787E-01 -2.36987E-05  9.72528E-01  0.00000E+00
  1.500E+01  1.70371E-02  2.36678E-01 -3.04352E-05  9.71588E-01  0.00000E+00
  1.525E+01  1.76063E-02  2.40567E-01 -3.75314E-05  9.70633E-01 -2.22045E-16
  1.550E+01  1.81848E-02  2.44452E-01 -4.50091E-05  9.69661E-01 -2.22045E-16
  1.575E+01  1.87724E-02  2.48334E-01 -5.28403E-05  9.68674E-01  3.33067E-16
  1.600E+01  1.93692E-02  2.52213E-01 -6.10753E-05  9.67672E-01  2.22045E-16
  1.625E+01  1.99751E-02  2.56088E-01 -6.96962E-05  9.66653E-01 -2.22045E-16
  1.650E+01  2.05901E-02  2.59959E-01 -7.87179E-05  9.65620E-01 -2.22045E-16
  1.675E+01  2.12143E-02  2.63827E-01 -8.81419E-05  9.64570E-01 -2.22045E-16
  1.700E+01  2.18476E-02  2.67691E-01 -9.79421E-05  9.63505E-01 -2.22045E-16
  1.725E+01  2.24900E-02  2.71551E-01 -1.08176E-04  9.62424E-01  0.00000E+00
  1.750E+01  2.31415E-02  2.75407E-01 -1.18786E-04  9.61328E-01  2.22045E-16
  1.775E+01  2.38021E-02  2.79259E-01 -1.29830E-04  9.60216E-01  1.11022E-16
  1.800E+01  2.44717E-02  2.83108E-01 -1.41252E-04  9.59088E-01  0.00000E+00
  1.825E+01  2.51504E-02  2.86952E-01 -1.53082E-04  9.57945E-01  0.00000E+00
  1.850E+01  2.58382E-02  2.90792E-01 -1.65340E-04  9.56786E-01  0.00000E+00
  1.875E+01  2.65349E-02  2.94628E-01 -1.78012E-04  9.55612E-01 -2.22045E-16
  1.900E+01  2.72407E-02  2.98459E-01 -1.91119E-04  9.54422E-01 -2.22045E-16
  1.925E+01  2.79555E-02  3.02286E-01 -2.04645E-04  9.53217E-01  3.33067E-16
  1.950E+01  2.86793E-02  3.06108E-01 -2.18617E-04  9.51997E-01 -2.22045E-16
  1.975E+01  2.94120E-02  3.09926E-01 -2.33041E-04  9.50761E-01  0.00000E+00
  2.000E+01  3.01537E-02  3.13740E-01 -2.47921E-04  9.49509E-01 -2.22045E-16
  2.025E+01  3.09043E-02  3.17548E-01 -2.63251E-04  9.48242E-01 -2.22045E-16
  2.050E+01  3.16639E-02  3.21352E-01 -2.79023E-04  9.46960E-01  0.00000E+00
  2.075E+01  3.24324E-02  3.25151E-01 -2.95250E-04  9.45662E-01  0.00000E+00
  2.100E+01  3.32098E-02  3.28945E-01 -3.11931E-04  9.44349E-01 -2.22045E-16
  2.125E+01  3.39961E-02  3.32735E-01 -3.29059E-04  9.43020E-01  1.11022E-16
  2.150E+01  3.47912E-02  3.36519E-01 -3.46629E-04  9.41677E-01  0.00000E+00
  2.175E+01  3.55952E-02  3.40298E-01 -3.64637E-04  9.40318E-01  0.00000E+00
  2.200E+01  3.64081E-02  3.44072E-01 -3.83100E-04  9.38943E-01  1.11022E-16
  2.225E+01  3.72297E-02  3.47840E-01 -4.02025E-04  9.37554E-01  1.11022E-16
  2.250E+01  3.80602E-02  3.51604E-01 -4.21412E-04  9.36149E-01  0.00000E+00
  2.275E+01  3.88995E-02  3.55362E-01 -4.41268E-04  9.34729E-01  2.22045E-16
  2.300E+01  3.97476E-02  3.59114E-01 -4.61600E-04  9.33294E-01  3.33067E-16
  2.325E+01  4.06044E-02  3.62861E-01 -4.82423E-04  9.31843E-01  0.00000E+00
  2.350E+01  4.14700E-02  3.66602E-01 -5.03738E-04  9.30378E-01 -2.22045E-16
  2.375E+01  4.23443E-02  3.70338E-01 -5.25541E-04  9.28897E-01  1.11022E-16
  2.400E+01  4.32273E-02  3.74068E-01 -5.47827E-04  9.27401E-01 -2.22045E-16
  2.425E+01  4.41190E-02  3.77792E-01 -5.70593E-04  9.25890E-01 -2.22045E-16
  2.450E+01  4.50194E-02  3.81510E-01 -5.93843E-04  9.24364E-01 -2.22045E-16
  2.475E+01  4.59284E-02  3.85222E-01 -6.17564E-04  9.22824E-01  1.11022E-16
  2.500E+01  4.68461E-02  3.88929E-01 -6.41753E-04  9.21268E-01  1.11022E-16
  2.550E+01  4.87074E-02  3.96323E-01 -6.91532E-04  9.18111E-01  0.00000E+00
  2.600E+01  5.06030E-02  4.03692E-01 -7.43234E-04  9.14895E-01  2.22045E-16
  2.650E+01  5.25328E-02  4.11036E-01 -7.96913E-04  9.11619E-01 -2.22045E-16
  2.700E+01  5.44967E-02  4.18354E-01 -8.52637E-04  9.08284E-01  0.00000E+00
  2.750E+01  5.64946E-02  4.25645E-01 -9.10411E-04  9.04890E-01  0.00000E+00
  2.800E+01  5.85262E-02  4.32909E-01 -9.70192E-04  9.01437E-01  0.00000E+00
  2.850E+01  6.05914E-02  4.40146E-01 -1.03192E-03  8.97926E-01  2.22045E-16
  2.900E+01  6.26901E-02  4.47355E-01 -1.09557E-03  8.94356E-01  1.11022E-16
  2.950E+01  6.48222E-02  4.54535E-01 -1.16119E-03  8.90728E-01  0.00000E+00
  3.000E+01  6.69873E-02  4.61686E-01 -1.22885E-03  8.87043E-01 -2.22045E-16
  3.050E+01  6.91854E-02  4.68807E-01 -1.29861E-03  8.83300E-01 -2.22045E-16
  3.100E+01  7.14163E-02  4.75897E-01 -1.37048E-03  8.79500E-01  2.22045E-16
  3.150E+01  7.36799E-02  4.82957E-01 -1.44442E-03  8.75643E-01  0.00000E+00
  3.200E+01  7.59760E-02  4.89986E-01 -1.52031E-03  8.71729E-01 -2.22045E-16
  3.250E+01  7.83043E-02  4.96983E-01 -1.59816E-03  8.67759E-01  2.22045E-16
  3.300E+01  8.06647E-02  5.03948E-01 -1.67799E-03  8.63732E-01 -2.22045E-16
  3.350E+01  8.30571E-02  5.10881E-01 -1.75990E-03  8.59650E-01  3.33067E-16
  3.400E+01  8.54812E-02  5.17779E-01 -1.84398E-03  8.55512E-01 -2.22045E-16
  3.450E+01  8.79369E-02  5.24644E-01 -1.93015E-03  8.51319E-01  2.22045E-16
  3.500E+01  9.04240E-02  5.31475E-01 -2.01848E-03  8.47072E-01  2.22045E-16
  3.550E+01  9.29422E-02  5.38271E-01 -2.10869E-03  8.42769E-01  0.00000E+00
  3.600E+01  9.54915E-02  5.45032E-01 -2.20098E-03  8.38412E-01 -2.22045E-16
  3.650E+01  9.80716E-02  5.51757E-01 -2.29511E-03  8.34002E-01 -2.22045E-16
  3.700E+01  1.00682E-01  5.58446E-01 -2.39145E-03  8.29537E-01 -2.22045E-16
  3.750E+01  1.03323E-01  5.65098E-01 -2.48991E-03  8.25020E-01  2.22045E-16
  3.800E+01  1.05995E-01  5.71713E-01 -2.59056E-03  8.20449E-01  0.00000E+00
  3.850E+01  1.08696E-01  5.78291E-01 -2.69328E-03  8.15826E-01 -2.22045E-16
  3.900E+01  1.11427E-01  5.84830E-01 -2.79795E-03  8.11151E-01  1.11022E-16
  3.950E+01  1.14188E-01  5.91331E-01 -2.90463E-03  8.06424E-01  0.00000E+00
  4.000E+01  1.16978E-01  5.97793E-01 -3.01328E-03  8.01644E-01  0.00000E+00
  4.050E+01  1.19797E-01  6.04216E-01 -3.12408E-03  7.96814E-01  2.22045E-16
  4.100E+01  1.22645E-01  6.10599E-01 -3.23703E-03  7.91933E-01  0.00000E+00
  4.150E+01  1.25522E-01  6.16941E-01 -3.35215E-03  7.87002E-01 -2.22045E-16
  4.200E+01  1.28428E-01  6.23242E-01 -3.46934E-03  7.82021E-01  0.00000E+00
  4.250E+01  1.31361E-01  6.29503E-01 -3.58850E-03  7.76990E-01  2.22045E-16
  4.300E+01  1.34323E-01  6.35722E-01 -3.70966E-03  7.71909E-01  2.22045E-16
  4.350E+01  1.37313E-01  6.41899E-01 -3.83282E-03  7.66780E-01 -2.22045E-16
  4.400E+01  1.40330E-01  6.48033E-01 -3.95812E-03  7.61602E-01  0.00000E+00
  4.450E+01  1.43375E-01  6.54125E-01 -4.08558E-03  7.56376E-01  2.22045E-16
  4.500E+01  1.46447E-01  6.60172E-01 -4.21518E-03  7.51102E-01  0.00000E+00
  4.550E+01  1.49545E-01  6.66176E-01 -4.34688E-03  7.45782E-01  0.00000E+00
  4.600E+01  1.52671E-01  6.72137E-01 -4.48056E-03  7.40414E-01  0.00000E+00
  4.650E+01  1.55823E-01  6.78052E-01 -4.61624E-03  7.34999E-01  0.00000E+00
  4.700E+01  1.59001E-01  6.83924E-01 -4.75394E-03  7.29538E-01 -2.22045E-16
  4.750E+01  1.62205E-01  6.89749E-01 -4.89377E-03  7.24032E-01  2.22045E-16
  4.800E+01  1.65435E-01  6.95529E-01 -5.03576E-03  7.18480E-01  2.22045E-16
  4.850E+01  1.68690E-01  7.01263E-01 -5.17990E-03  7.12884E-01  0.00000E+00
  4.900E+01  1.71970E-01  7.06949E-01 -5.32613E-03  7.07244E-01  0.00000E+00
  4.950E+01  1.75276E-01  7.12590E-01 -5.47437E-03  7.01560E-01  4.44089E-16
  5.000E+01  1.78606E-01  7.18183E-01 -5.62463E-03  6.95831E-01  2.22045E-16
  5.050E+01  1.81961E-01  7.23729E-01 -5.77694E-03  6.90060E-01  0.00000E+00
  5.100E+01  1.85340E-01  7.29227E-01 -5.93136E-03  6.84246E-01  1.11022E-16
  5.150E+01  1.88743E-01  7.34677E-01 -6.08795E-03  6.78390E-01  1.11022E-16
  5.200E+01  1.92169E-01  7.40077E-01 -6.24668E-03  6.72493E-01  2.22045E-16
  5.250E+01  1.95619E-01  7.45429E-01 -6.40754E-03  6.66555E-01  0.00000E+00
  5.300E+01  1.99092E-01  7.50731E-01 -6.57044E-03  6.60575E-01 -2.22045E-16
  5.350E+01  2.02589E-01  7.55984E-01 -6.73538E-03  6.54555E-01  3.33067E-16
  5.400E+01  2.06107E-01  7.61187E-01 -6.90240E-03  6.48495E-01 -2.22045E-16
  5.450E+01  2.09649E-01  7.66340E-01 -7.07151E-03  6.42396E-01  2.22045E-16
  5.500E+01  2.13212E-01  7.71442E-01 -7.24280E-03  6.36258E-01  0.00000E+00
  5.550E+01  2.16797E-01  7.76493E-01 -7.41627E-03  6.30083E-01  0.00000E+00
  5.600E+01  2.20404E-01  7.81492E-01 -7.59187E-03  6.23869E-01 -2.22045E-16
  5.650E+01  2.24032E-01  7.86440E-01 -7.76956E-03  6.17618E-01  3.33067E-16
  5.700E+01  2.27680E-01  7.91336E-01 -7.94932E-03  6.11329E-01 -4.44089E-16
  5.750E+01  2.31350E-01  7.96181E-01 -8.13119E-03  6.05004E-01  4.44089E-16
  5.800E+01  2.35040E-01  8.00973E-01 -8.31520E-03  5.98643E-01  1.11022E-16
  5.850E+01  2.38751E-01  8.05712E-01 -8.50141E-03  5.92247E-01 -2.22045E-16
  5.900E+01  2.42481E-01  8.10397E-01 -8.68981E-03  5.85816E-01  0.00000E+00
  5.950E+01  2.46231E-01  8.15030E-01 -8.88037E-03  5.79351E-01  0.00000E+00
  6.000E+01  2.50000E-01  8.19608E-01 -9.07307E-03  5.72852E-01 -4.44089E-16
  6.050E+01  2.53788E-01  8.24134E-01 -9.26789E-03  5.66320E-01  0.00000E+00
  6.100E+01  2.57595E-01  8.28605E-01 -9.46486E-03  5.59753E-01 -2.22045E-16
  6.150E+01  2.61421E-01  8.33022E-01 -9.66402E-03  5.53155E-01 -2.22045E-16
  6.200E+01  2.65264E-01  8.37385E-01 -9.86541E-03  5.46525E-01  2.22045E-16
  6.250E+01  2.69126E-01  8.41692E-01 -1.00690E-02  5.39865E-01  0.00000E+00
  6.300E+01  2.73005E-01  8.45943E-01 -1.02748E-02  5.33174E-01 -2.22045E-16
  6.350E+01  2.76901E-01  8.50140E-01 -1.04829E-02  5.26452E-01  2.22045E-16
  6.400E+01  2.80814E-01  8.54282E-01 -1.06930E-02  5.19701E-01  1.11022E-16
  6.450E+01  2.84744E-01  8.58368E-01 -1.09055E-02  5.12919E-01  0.00000E+00
  6.500E+01  2.88691E-01  8.62398E-01 -1.11201E-02  5.06109E-01 -2.22045E-16
  6.550E+01  2.92653E-01  8.66372E-01 -1.13371E-02  4.99271E-01  0.00000E+00
  6.600E+01  2.96632E-01  8.70289E-01 -1.15563E-02  4.92407E-01  0.00000E+00
  6.650E+01  3.00625E-01  8.74149E-01 -1.17778E-02  4.85516E-01  2.22045E-16
  6.700E+01  3.04634E-01  8.77952E-01 -1.20015E-02  4.78598E-01  2.22045E-16
  6.750E+01  3.08658E-01  8.81699E-01 -1.22274E-02  4.71654E-01 -2.22045E-16
  6.800E+01  3.12697E-01  8.85389E-01 -1.24557E-02  4.64684E-01 -2.22045E-16
  6.850E+01  3.16749E-01  8.89022E-01 -1.26864E-02  4.57688E-01  2.22045E-16
  6.900E+01  3.20816E-01  8.92598E-01 -1.29195E-02  4.50669E-01  5.55112E-16
  6.950E+01  3.24896E-01  8.96115E-01 -1.31548E-02  4.43628E-01  2.22045E-16
  7.000E+01  3.28990E-01  8.99573E-01 -1.33924E-02  4.36564E-01  0.00000E+00
  7.050E+01  3.33097E-01  9.02974E-01 -1.36322E-02  4.29478E-01  1.11022E-16
  7.100E+01  3.37216E-01  9.06318E-01 -1.38743E-02  4.22369E-01  0.00000E+00
  7.150E+01  3.41348E-01  9.09605E-01 -1.41195E-02  4.15235E-01  0.00000E+00
  7.200E+01  3.45492E-01  9.12833E-01 -1.43675E-02  4.08081E-01  0.00000E+00
  7.250E+01  3.49647E-01  9.16000E-01 -1.46164E-02  4.00911E-01  0.00000E+00
  7.300E+01  3.53814E-01  9.19109E-01 -1.48678E-02  3.93723E-01  1.11022E-16
  7.350E+01  3.57992E-01  9.22160E-01 -1.51225E-02  3.86513E-01 -2.22045E-16
  7.400E+01  3.62181E-01  9.25153E-01 -1.53797E-02  3.79283E-01  2.22045E-16
  7.450E+01  3.66381E-01  9.28087E-01 -1.56393E-02  3.72035E-01  3.33067E-16
  7.500E+01  3.70590E-01  9.30962E-01 -1.59013E-02  3.64770E-01  3.33067E-16
  7.550E+01  3.74810E-01  9.33777E-01 -1.61656E-02  3.57490E-01  0.00000E+00
  7.600E+01  3.79039E-01  9.36533E-01 -1.64325E-02  3.50194E-01  1.11022E-16
  7.650E+01  3.83277E-01  9.39230E-01 -1.67020E-02  3.42883E-01  2.22045E-16
  7.700E+01  3.87524E-01  9.41867E-01 -1.69741E-02  3.35557E-01  0.00000E+00
  7.750E+01  3.91780E-01  9.44446E-01 -1.72489E-02  3.28215E-01  1.11022E-16
  7.800E+01  3.96044E-01  9.46965E-01 -1.75263E-02  3.20859E-01 -2.22045E-16
  7.850E+01  4.00316E-01  9.49424E-01 -1.78063E-02  3.13491E-01  1.11022E-16
  7.900E+01  4.04596E-01  9.51824E-01 -1.80889E-02  3.06110E-01  0.00000E+00
  7.950E+01  4.08882E-01  9.54164E-01 -1.83742E-02  2.98718E-01  0.00000E+00
  8.000E+01  4.13176E-01  9.56445E-01 -1.86621E-02  2.91316E-01  2.22045E-16
  8.050E+01  4.17476E-01  9.58666E-01 -1.89529E-02  2.83902E-01  5.55112E-16
  8.100E+01  4.21783E-01  9.60828E-01 -1.92464E-02  2.76477E-01  2.22045E-16
  8.150E+01  4.26095E-01  9.62930E-01 -1.95427E-02  2.69043E-01 -2.22045E-16
  8.200E+01  4.30413E-01  9.64972E-01 -1.98419E-02  2.61600E-01  1.11022E-16
  8.250E+01  4.34737E-01  9.66955E-01 -2.01438E-02  2.54149E-01 -2.22045E-16
  8.300E+01  4.39065E-01  9.68878E-01 -2.04485E-02  2.46691E-01  4.44089E-16
  8.350E+01  4.43398E-01  9.70742E-01 -2.07561E-02  2.39227E-01 -2.22045E-16
  8.400E+01  4.47736E-01  9.72546E-01 -2.10666E-02  2.31756E-01  2.22045E-16
  8.450E+01  4.52077E-01  9.74290E-01 -2.13801E-02  2.24279E-01  2.22045E-16
  8.500E+01  4.56422E-01  9.75976E-01 -2.16966E-02  2.16796E-01  4.44089E-16
  8.550E+01  4.60770E-01  9.77602E-01 -2.20161E-02  2.09309E-01 -4.44089E-16
  8.600E+01  4.65122E-01  9.79168E-01 -2.23386E-02  2.01819E-01 -2.22045E-16
  8.650E+01  4.69476E-01  9.80675E-01 -2.26642E-02  1.94325E-01  2.22045E-16
  8.700E+01  4.73832E-01  9.82123E-01 -2.29927E-02  1.86830E-01 -2.22045E-16
  8.750E+01  4.78190E-01  9.83512E-01 -2.33245E-02  1.79332E-01  4.44089E-16
  8.800E+01  4.82550E-01  9.84842E-01 -2.36594E-02  1.71833E-01 -2.22045E-16
  8.850E+01  4.86912E-01  9.86113E-01 -2.39976E-02  1.64333E-01 -2.22045E-16
  8.900E+01  4.91274E-01  9.87325E-01 -2.43391E-02  1.56832E-01  1.11022E-16
  8.950E+01  4.95637E-01  9.88479E-01 -2.46838E-02  1.49333E-01  0.00000E+00
  9.000E+01  5.00000E-01  9.89574E-01 -2.50317E-02  1.41835E-01  3.33067E-16
  9.050E+01  5.04363E-01  9.90610E-01 -2.53830E-02  1.34339E-01  1.11022E-16
  9.100E+01  5.08726E-01  9.91588E-01 -2.57376E-02  1.26846E-01 -2.22045E-16
  9.150E+01  5.13088E-01  9.92508E-01 -2.60957E-02  1.19356E-01  0.00000E+00
  9.200E+01  5.17450E-01  9.93371E-01 -2.64574E-02  1.11870E-01  1.11022E-16
  9.250E+01  5.21810E-01  9.94175E-01 -2.68226E-02  1.04388E-01  4.44089E-16
  9.300E+01  5.26168E-01  9.94922E-01 -2.71914E-02  9.69107E-02  1.11022E-16
  9.350E+01  5.30524E-01  9.95611E-01 -2.75637E-02  8.94398E-02 -2.22045E-16
  9.400E+01  5.34878E-01  9.96243E-01 -2.79396E-02  8.19759E-02  0.00000E+00
  9.450E+01  5.39230E-01  9.96817E-01 -2.83192E-02  7.45193E-02  1.11022E-16
  9.500E+01  5.43578E-01  9.97335E-01 -2.87025E-02  6.70703E-02  1.11022E-16
  9.550E+01  5.47923E-01  9.97797E-01 -2.90898E-02  5.96294E-02  1.11022E-16
  9.600E+01  5.52264E-01  9.98202E-01 -2.94809E-02  5.21974E-02 -4.44089E-16
  9.650E+01  5.56602E-01  9.98550E-01 -2.98760E-02  4.47750E-02  0.00000E+00
  9.700E+01  5.60935E-01  9.98843E-01 -3.02750E-02  3.73634E-02 -2.22045E-16
  9.750E+01  5.65263E-01  9.99080E-01 -3.06779E-02  2.99633E-02 -2.22045E-16
  9.800E+01  5.69587E-01  9.99262E-01 -3.10849E-02  2.25753E-02 -4.44089E-16
  9.850E+01  5.73905E-01  9.99388E-01 -3.14960E-02  1.51997E-02  3.33067E-16
  9.900E+01  5.78217E-01  9.99460E-01 -3.19113E-02  7.83689E-03 -4.44089E-16
  9.950E+01  5.82524E-01  9.99477E-01 -3.23310E-02  4.87522E-04  0.00000E+00
  1.000E+02  5.86824E-01  9.99440E-01 -3.27551E-02 -6.84749E-03 -2.22045E-16
  1.005E+02  5.91118E-01  9.99349E-01 -3.31835E-02 -1.41671E-02 -6.66134E-16
  1.010E+02  5.95404E-01  9.99204E-01 -3.36163E-02 -2.14705E-02  0.00000E+00
  1.015E+02  5.99684E-01  9.99006E-01 -3.40535E-02 -2.87570E-02  0.00000E+00
  1.020E+02  6.03956E-01  9.98755E-01 -3.44953E-02 -3.60263E-02 -2.22045E-16
  1.025E+02  6.08220E-01  9.98452E-01 -3.49418E-02 -4.32779E-02  2.22045E-16
  1.030E+02  6.12476E-01  9.98096E-01 -3.53932E-02 -5.05113E-02 -2.22045E-16
  1.035E+02  6.16723E-01  9.97689E-01 -3.58494E-02 -5.77257E-02  2.22045E-16
  1.040E+02  6.20961E-01  9.97230E-01 -3.63105E-02 -6.49199E-02 -2.22045E-16
  1.045E+02  6.25190E-01  9.96720E-01 -3.67765E-02 -7.20930E-02  1.11022E-16
  1.050E+02  6.29410E-01  9.96159E-01 -3.72475E-02 -7.92444E-02  2.22045E-16
  1.055E+02  6.33619E-01  9.95548E-01 -3.77235E-02 -8.63735E-02 -2.22045E-16
  1.060E+02  6.37819E-01  9.94888E-01 -3.82049E-02 -9.34800E-02 -2.22045E-16
  1.065E+02  6.42008E-01  9.94178E-01 -3.86916E-02 -1.00563E-01  1.11022E-16
  1.070E+02  6.46186E-01  9.93419E-01 -3.91839E-02 -1.07623E-01 -2.22045E-16
  1.075E+02  6.50353E-01  9.92612E-01 -3.96816E-02 -1.14657E-01  1.11022E-16
  1.080E+02  6.54508E-01  9.91757E-01 -4.01850E-02 -1.21666E-01  1.11022E-16
  1.085E+02  6.58652E-01  9.90855E-01 -4.06937E-02 -1.28647E-01  1.11022E-16
  1.090E+02  6.62784E-01  9.89906E-01 -4.12084E-02 -1.35602E-01  7.77156E-16
  1.095E+02  6.66903E-01  9.88911E-01 -4.17289E-02 -1.42528E-01  1.11022E-16
  1.100E+02  6.71010E-01  9.87870E-01 -4.22556E-02 -1.49426E-01 -2.22045E-16
  1.105E+02  6.75104E-01  9.86783E-01 -4.27885E-02 -1.56296E-01  5.55112E-16
  1.110E+02  6.79184E-01  9.85652E-01 -4.33276E-02 -1.63135E-01 -2.22045E-16
  1.115E+02  6.83251E-01  9.84477E-01 -4.38731E-02 -1.69943E-01  3.33067E-16
  1.120E+02  6.87303E-01  9.83258E-01 -4.44248E-02 -1.76719E-01  5.55112E-16
  1.125E+02  6.91342E-01  9.81997E-01 -4.49832E-02 -1.83462E-01 -2.22045E-16
  1.130E+02  6.95366E-01  9.80693E-01 -4.55482E-02 -1.90173E-01 -4.44089E-16
  1.135E+02  6.99375E-01  9.79348E-01 -4.61202E-02 -1.96849E-01  0.00000E+00
  1.140E+02  7.03368E-01  9.77962E-01 -4.66994E-02 -2.03492E-01  2.22045E-16
  1.145E+02  7.07347E-01  9.76536E-01 -4.72857E-02 -2.10099E-01  5.55112E-16
  1.150E+02  7.11309E-01  9.75070E-01 -4.78793E-02 -2.16669E-01 -2.22045E-16
  1.155E+02  7.15256E-01  9.73566E-01 -4.84801E-02 -2.23202E-01  0.00000E+00
  1.160E+02  7.19186E-01  9.72024E-01 -4.90884E-02 -2.29696E-01 -4.44089E-16
  1.165E+02  7.23099E-01  9.70444E-01 -4.97044E-02 -2.36152E-01  2.22045E-16
  1.170E+02  7.26995E-01  9.68828E-01 -5.03284E-02 -2.42569E-01  1.11022E-16
  1.175E+02  7.30874E-01  9.67176E-01 -5.09606E-02 -2.48945E-01  3.33067E-16
  1.180E+02  7.34736E-01  9.65489E-01 -5.16012E-02 -2.55281E-01  1.11022E-16
  1.185E+02  7.38579E-01  9.63768E-01 -5.22501E-02 -2.61574E-01 -2.22045E-16
  1.190E+02  7.42405E-01  9.62014E-01 -5.29074E-02 -2.67824E-01  1.11022E-16
  1.195E+02  7.46212E-01  9.60228E-01 -5.35734E-02 -2.74029E-01  0.00000E+00
  1.200E+02  7.50000E-01  9.58411E-01 -5.42483E-02 -2.80189E-01 -2.22045E-16
  1.205E+02  7.53769E-01  9.56563E-01 -5.49324E-02 -2.86304E-01 -6.66134E-16
  1.210E+02  7.57519E-01  9.54685E-01 -5.56261E-02 -2.92373E-01 -2.22045E-16
  1.215E+02  7.61249E-01  9.52779E-01 -5.63296E-02 -2.98395E-01  0.00000E+00
  1.220E+02  7.64960E-01  9.50845E-01 -5.70428E-02 -3.04368E-01 -2.22045E-16
  1.225E+02  7.68650E-01  9.48885E-01 -5.77658E-02 -3.10291E-01  0.00000E+00
  1.230E+02  7.72320E-01  9.46900E-01 -5.84989E-02 -3.16163E-01  1.11022E-16
  1.235E+02  7.75968E-01  9.44890E-01 -5.92424E-02 -3.21983E-01  1.11022E-16
  1.240E+02  7.79596E-01  9.42857E-01 -5.99968E-02 -3.27751E-01  4.44089E-16
  1.245E+02  7.83203E-01  9.40802E-01 -6.07623E-02 -3.33466E-01  2.22045E-16
  1.250E+02  7.86788E-01  9.38726E-01 -6.15394E-02 -3.39127E-01 -2.22045E-16
  1.255E+02  7.90351E-01  9.36629E-01 -6.23279E-02 -3.44733E-01  4.44089E-16
  1.260E+02  7.93893E-01  9.34515E-01 -6.31281E-02 -3.50280E-01  1.11022E-16
  1.265E+02  7.97411E-01  9.32384E-01 -6.39402E-02 -3.55770E-01  1.11022E-16
  1.270E+02  8.00908E-01  9.30237E-01 -6.47645E-02 -3.61200E-01  0.00000E+00
  1.275E+02  8.04381E-01  9.28075E-01 -6.56016E-02 -3.66569E-01  6.66134E-16
  1.280E+02  8.07831E-01  9.25900E-01 -6.64519E-02 -3.71878E-01  1.11022E-16
  1.285E+02  8.11257E-01  9.23713E-01 -6.73159E-02 -3.77125E-01  0.00000E+00
  1.290E+02  8.14660E-01  9.21515E-01 -6.81936E-02 -3.82308E-01  2.22045E-16
  1.295E+02  8.18039E-01  9.19309E-01 -6.90853E-02 -3.87425E-01 -2.22045E-16
  1.300E+02  8.21394E-01  9.17096E-01 -6.99911E-02 -3.92474E-01  0.00000E+00
  1.305E+02  8.24724E-01  9.14878E-01 -7.09115E-02 -3.97455E-01  2.22045E-16
  1.310E+02  8.28030E-01  9.12655E-01 -7.18471E-02 -4.02366E-01  2.22045E-16
  1.315E+02  8.31310E-01  9.10430E-01 -7.27986E-02 -4.07207E-01  1.11022E-16
  1.320E+02  8.34565E-01  9.08204E-01 -7.37664E-02 -4.11976E-01  0.00000E+00
  1.325E+02  8.37795E-01  9.05979E-01 -7.47509E-02 -4.16671E-01  0.00000E+00
  1.330E+02  8.40999E-01  9.03757E-01 -7.57521E-02 -4.21290E-01 -2.22045E-16
  1.335E+02  8.44177E-01  9.01540E-01 -7.67704E-02 -4.25830E-01  2.22045E-16
  1.340E+02  8.47329E-01  8.99331E-01 -7.78063E-02 -4.30291E-01  2.22045E-16
  1.345E+02  8.50455E-01  8.97130E-01 -7.88605E-02 -4.34670E-01  0.00000E+00
  1.350E+02  8.53553E-01  8.94941E-01 -7.99339E-02 -4.38967E-01  0.00000E+00
  1.355E+02  8.56625E-01  8.92763E-01 -8.10271E-02 -4.43180E-01  1.11022E-16
  1.360E+02  8.59670E-01  8.90601E-01 -8.21405E-02 -4.47306E-01  0.00000E+00
  1.365E+02  8.62687E-01  8.88457E-01 -8.32745E-02 -4.51343E-01  3.33067E-16
  1.370E+02  8.65677E-01  8.86332E-01 -8.44293E-02 -4.55287E-01  0.00000E+00
  1.375E+02  8.68639E-01  8.84231E-01 -8.56056E-02 -4.59137E-01  0.00000E+00
  1.380E+02  8.71572E-01  8.82155E-01 -8.68041E-02 -4.62891E-01 -2.22045E-16
  1.385E+02  8.74478E-01  8.80106E-01 -8.80260E-02 -4.66546E-01 -2.22045E-16
  1.390E+02  8.77355E-01  8.78086E-01 -8.92723E-02 -4.70101E-01  1.11022E-16
  1.395E+02  8.80203E-01  8.76099E-01 -9.05435E-02 -4.73553E-01 -2.22045E-16
  1.400E+02  8.83022E-01  8.74147E-01 -9.18402E-02 -4.76899E-01  4.44089E-16
  1.405E+02  8.85812E-01  8.72235E-01 -9.31626E-02 -4.80133E-01  0.00000E+00
  1.410E+02  8.88573E-01  8.70365E-01 -9.45114E-02 -4.83252E-01 -2.22045E-16
  1.415E+02  8.91304E-01  8.68541E-01 -9.58875E-02 -4.86254E-01 -4.44089E-16
  1.420E+02  8.94005E-01  8.66764E-01 -9.72924E-02 -4.89136E-01 -2.22045E-16
  1.425E+02  8.96677E-01  8.65038E-01 -9.87274E-02 -4.91896E-01  2.22045E-16
  1.430E+02  8.99318E-01  8.63366E-01 -1.00194E-01 -4.94530E-01  0.00000E+00
  1.435E+02  9.01928E-01  8.61752E-01 -1.01693E-01 -4.97033E-01  0.00000E+00
  1.440E+02  9.04508E-01  8.60202E-01 -1.03224E-01 -4.99397E-01  2.22045E-16
  1.445E+02  9.07058E-01  8.58721E-01 -1.04785E-01 -5.01616E-01 -4.44089E-16
  1.450E+02  9.09576E-01  8.57310E-01 -1.06382E-01 -5.03689E-01  0.00000E+00
  1.455E+02  9.12063E-01  8.55971E-01 -1.08017E-01 -5.05615E-01  2.22045E-16
  1.460E+02  9.14519E-01  8.54710E-01 -1.09689E-01 -5.07385E-01  0.00000E+00
  1.465E+02  9.16943E-01  8.53532E-01 -1.11400E-01 -5.08993E-01 -4.44089E-16
  1.470E+02  9.19335E-01  8.52442E-01 -1.13150E-01 -5.10431E-01 -2.22045E-16
  1.475E+02  9.21696E-01  8.51446E-01 -1.14940E-01 -5.11692E-01 -2.22045E-16
  1.480E+02  9.24024E-01  8.50548E-01 -1.16772E-01 -5.12769E-01  2.22045E-16
  1.485E+02  9.26320E-01  8.49753E-01 -1.18648E-01 -5.13656E-01  2.22045E-16
  1.490E+02  9.28584E-01  8.49065E-01 -1.20570E-01 -5.14346E-01  4.44089E-16
  1.495E+02  9.30815E-01  8.48489E-01 -1.22539E-01 -5.14830E-01 -2.22045E-16
  1.500E+02  9.33013E-01  8.48032E-01 -1.24558E-01 -5.15100E-01  2.22045E-16
  1.505E+02  9.35178E-01  8.47699E-01 -1.26626E-01 -5.15142E-01  2.22045E-16
  1.510E+02  9.37310E-01  8.47499E-01 -1.28746E-01 -5.14947E-01  6.66134E-16
  1.515E+02  9.39409E-01  8.47436E-01 -1.30919E-01 -5.14503E-01  3.33067E-16
  1.520E+02  9.41474E-01  8.47516E-01 -1.33147E-01 -5.13798E-01  2.22045E-16
  1.525E+02  9.43505E-01  8.47746E-01 -1.35433E-01 -5.12821E-01  0.00000E+00
  1.530E+02  9.45503E-01  8.48131E-01 -1.37779E-01 -5.11558E-01  0.00000E+00
  1.535E+02  9.47467E-01  8.48678E-01 -1.40187E-01 -5.09994E-01  0.00000E+00
  1.540E+02  9.49397E-01  8.49395E-01 -1.42659E-01 -5.08111E-01  1.11022E-16
  1.545E+02  9.51293E-01  8.50290E-01 -1.45195E-01 -5.05890E-01 -4.44089E-16
  1.550E+02  9.53154E-01  8.51371E-01 -1.47797E-01 -5.03312E-01  0.00000E+00
  1.555E+02  9.54981E-01  8.52644E-01 -1.50469E-01 -5.00357E-01  2.22045E-16
  1.560E+02  9.56773E-01  8.54115E-01 -1.53213E-01 -4.97005E-01  2.22045E-16
  1.565E+02  9.58530E-01  8.55790E-01 -1.56032E-01 -4.93231E-01 -2.22045E-16
  1.570E+02  9.60252E-01  8.57677E-01 -1.58928E-01 -4.89011E-01 -2.22045E-16
  1.575E+02  9.61940E-01  8.59784E-01 -1.61901E-01 -4.84313E-01 -4.44089E-16
  1.580E+02  9.63592E-01  8.62118E-01 -1.64953E-01 -4.79106E-01  1.11022E-16
  1.585E+02  9.65209E-01  8.64686E-01 -1.68086E-01 -4.73355E-01  0.00000E+00
  1.590E+02  9.66790E-01  8.67493E-01 -1.71302E-01 -4.67025E-01  1.11022E-16
  1.595E+02  9.68336E-01  8.70542E-01 -1.74601E-01 -4.60077E-01  0.00000E+00
  1.600E+02  9.69846E-01  8.73837E-01 -1.77988E-01 -4.52470E-01  1.11022E-16
  1.605E+02  9.71321E-01  8.77380E-01 -1.81462E-01 -4.44157E-01 -4.44089E-16
  1.610E+02  9.72759E-01  8.81174E-01 -1.85023E-01 -4.35084E-01  0.00000E+00
  1.615E+02  9.74162E-01  8.85220E-01 -1.88669E-01 -4.25194E-01 -6.66134E-16
  1.620E+02  9.75528E-01  8.89514E-01 -1.92400E-01 -4.14424E-01  0.00000E+00
  1.625E+02  9.76858E-01  8.94051E-01 -1.96212E-01 -4.02708E-01  1.11022E-16
  1.630E+02  9.78152E-01  8.98820E-01 -2.00103E-01 -3.89975E-01  0.00000E+00
  1.635E+02  9.79410E-01  9.03807E-01 -2.04072E-01 -3.76147E-01 -6.66134E-16
  1.640E+02  9.80631E-01  9.08993E-01 -2.08111E-01 -3.61139E-01  0.00000E+00
  1.645E+02  9.81815E-01  9.14353E-01 -2.12213E-01 -3.44854E-01  0.00000E+00
  1.650E+02  9.82963E-01  9.19856E-01 -2.16365E-01 -3.27188E-01 -2.22045E-16
  1.655E+02  9.84074E-01  9.25460E-01 -2.20552E-01 -3.08027E-01  0.00000E+00
  1.660E+02  9.85148E-01  9.31113E-01 -2.24758E-01 -2.87250E-01  0.00000E+00
  1.665E+02  9.86185E-01  9.36747E-01 -2.28962E-01 -2.64731E-01  0.00000E+00
  1.670E+02  9.87185E-01  9.42277E-01 -2.33141E-01 -2.40332E-01  0.00000E+00
  1.675E+02  9.88148E-01  9.47603E-01 -2.37262E-01 -2.13906E-01  1.11022E-16
  1.680E+02  9.89074E-01  9.52600E-01 -2.41287E-01 -1.85295E-01 -6.66134E-16
  1.685E+02  9.89962E-01  9.57119E-01 -2.45164E-01 -1.54329E-01  2.22045E-16
  1.690E+02  9.90814E-01  9.60979E-01 -2.48835E-01 -1.20836E-01  0.00000E+00
  1.695E+02  9.91627E-01  9.63959E-01 -2.52229E-01 -8.46403E-02  0.00000E+00
  1.700E+02  9.92404E-01  9.65796E-01 -2.55265E-01 -4.55734E-02 -2.22045E-16
  1.705E+02  9.93143E-01  9.66179E-01 -2.57847E-01 -3.47477E-03 -4.44089E-16
  1.710E+02  9.93844E-01  9.64741E-01 -2.59861E-01  4.18018E-02  5.55112E-16
  1.715E+02  9.94508E-01  9.61052E-01 -2.61171E-01  9.03786E-02 -4.44089E-16
  1.720E+02  9.95134E-01  9.54618E-01 -2.61617E-01  1.42340E-01  6.66134E-16
  1.725E+02  9.95722E-01  9.44871E-01 -2.61016E-01  1.97711E-01  0.00000E+00
  1.730E+02  9.96273E-01  9.31170E-01 -2.59166E-01  2.56430E-01  0.00000E+00
  1.735E+02  9.96786E-01  9.12805E-01 -2.55843E-01  3.18327E-01  0.00000E+00
  1.740E+02  9.97261E-01  8.89010E-01 -2.50810E-01  3.83087E-01  0.00000E+00
  1.745E+02  9.97698E-01  8.58981E-01 -2.43814E-01  4.50229E-01  2.22045E-16
  1.750E+02  9.98097E-01  8.21906E-01 -2.34599E-01  5.19070E-01  2.22045E-16
  1.755E+02  9.98459E-01  7.77009E-01 -2.22916E-01  5.88698E-01  1.11022E-16
  1.760E+02  9.98782E-01  7.23611E-01 -2.08547E-01  6.57948E-01  0.00000E+00
  1.765E+02  9.99067E-01  6.61203E-01 -1.91330E-01  7.25399E-01 -2.22045E-16
  1.770E+02  9.99315E-01  5.89534E-01 -1.71187E-01  7.89395E-01 -2.22045E-16
  1.775E+02  9.99524E-01  5.08691E-01 -1.48149E-01  8.48107E-01  0.00000E+00
  1.780E+02  9.99695E-01  4.19172E-01 -1.22377E-01  8.99621E-01  1.11022E-16
  1.785E+02  9.99829E-01  3.21931E-01 -9.41692E-02  9.42068E-01 -2.22045E-16
  1.790E+02  9.99924E-01  2.18381E-01 -6.39695E-02  9.73765E-01 -2.22045E-16
  1.795E+02  9.99981E-01  1.10353E-01 -3.23533E-02  9.93366E-01 -2.22045E-16
  1.800E+02  1.00000E+00  1.55416E-15 -4.55787E-16  1.00000E+00  0.00000E+00
