 #  Scattering amplitudes (in cm)      MU=(1-cos(TH))/2
 #  Z =  79,   projectile: electron
 #  Kinetic energy = 8.05000E+06 eV
 #
 # TH (deg)      MU          Re(F)        Im(F)        Re(G)        Im(G)        ERRF         ERRG 
 #-----------------------------------------------------------------------------------------------------------------
  0.000E+00  0.00000E+00  1.68127E-06  2.66713E-07  0.00000E+00  0.00000E+00  9.39887E-09  0.00000E+00
  1.000E-04  7.61557E-13  1.68126E-06  2.66713E-07  1.37959E-12  2.18864E-13  9.39446E-09  1.01607E-07
  1.250E-04  1.18994E-12  1.68125E-06  2.66713E-07  1.72449E-12  2.73580E-13  9.39198E-09  1.01594E-07
  1.500E-04  1.71346E-12  1.68125E-06  2.66713E-07  2.06938E-12  3.28296E-13  9.38895E-09  1.01578E-07
  1.750E-04  2.33225E-12  1.68124E-06  2.66713E-07  2.41426E-12  3.83012E-13  9.38537E-09  1.01559E-07
  2.000E-04  3.04617E-12  1.68123E-06  2.66713E-07  2.75914E-12  4.37727E-13  9.38125E-09  1.01537E-07
  2.250E-04  3.85530E-12  1.68122E-06  2.66713E-07  3.10401E-12  4.92443E-13  9.37657E-09  1.01512E-07
  2.500E-04  4.75964E-12  1.68121E-06  2.66712E-07  3.44888E-12  5.47158E-13  9.37134E-09  1.01484E-07
  2.750E-04  5.75917E-12  1.68120E-06  2.66712E-07  3.79374E-12  6.01874E-13  9.36557E-09  1.01453E-07
  3.000E-04  6.85391E-12  1.68118E-06  2.66712E-07  4.13859E-12  6.56589E-13  9.35924E-09  1.01419E-07
  3.250E-04  8.04379E-12  1.68117E-06  2.66712E-07  4.48343E-12  7.11304E-13  9.35237E-09  1.01382E-07
  3.500E-04  9.32893E-12  1.68115E-06  2.66712E-07  4.82827E-12  7.66019E-13  9.34495E-09  1.01343E-07
  3.750E-04  1.07092E-11  1.68113E-06  2.66711E-07  5.17309E-12  8.20734E-13  9.33699E-09  1.01300E-07
  4.000E-04  1.21847E-11  1.68111E-06  2.66711E-07  5.51790E-12  8.75449E-13  9.32848E-09  1.01255E-07
  4.250E-04  1.37554E-11  1.68109E-06  2.66711E-07  5.86270E-12  9.30163E-13  9.31942E-09  1.01206E-07
  4.500E-04  1.54213E-11  1.68107E-06  2.66710E-07  6.20749E-12  9.84878E-13  9.30982E-09  1.01155E-07
  4.750E-04  1.71823E-11  1.68105E-06  2.66710E-07  6.55226E-12  1.03959E-12  9.29968E-09  1.01100E-07
  5.000E-04  1.90386E-11  1.68103E-06  2.66710E-07  6.89702E-12  1.09431E-12  9.28899E-09  1.01043E-07
  5.250E-04  2.09900E-11  1.68100E-06  2.66709E-07  7.24176E-12  1.14902E-12  9.27777E-09  1.00983E-07
  5.500E-04  2.30367E-11  1.68098E-06  2.66709E-07  7.58649E-12  1.20373E-12  9.26600E-09  1.00920E-07
  5.750E-04  2.51785E-11  1.68095E-06  2.66708E-07  7.93120E-12  1.25845E-12  9.25370E-09  1.00854E-07
  6.000E-04  2.74156E-11  1.68092E-06  2.66708E-07  8.27590E-12  1.31316E-12  9.24085E-09  1.00785E-07
  6.250E-04  2.97478E-11  1.68089E-06  2.66708E-07  8.62057E-12  1.36787E-12  9.22747E-09  1.00714E-07
  6.500E-04  3.21752E-11  1.68086E-06  2.66707E-07  8.96523E-12  1.42258E-12  9.21355E-09  1.00639E-07
  6.750E-04  3.46979E-11  1.68083E-06  2.66707E-07  9.30987E-12  1.47730E-12  9.19910E-09  1.00562E-07
  7.000E-04  3.73157E-11  1.68079E-06  2.66706E-07  9.65449E-12  1.53201E-12  9.18411E-09  1.00481E-07
  7.250E-04  4.00286E-11  1.68076E-06  2.66706E-07  9.99909E-12  1.58672E-12  9.16859E-09  1.00398E-07
  7.500E-04  4.28368E-11  1.68072E-06  2.66705E-07  1.03437E-11  1.64143E-12  9.15254E-09  1.00312E-07
  7.750E-04  4.57402E-11  1.68069E-06  2.66704E-07  1.06882E-11  1.69614E-12  9.13596E-09  1.00223E-07
  8.000E-04  4.87388E-11  1.68065E-06  2.66704E-07  1.10328E-11  1.75085E-12  9.11885E-09  1.00131E-07
  8.250E-04  5.18325E-11  1.68061E-06  2.66703E-07  1.13773E-11  1.80556E-12  9.10121E-09  1.00037E-07
  8.500E-04  5.50215E-11  1.68057E-06  2.66703E-07  1.17217E-11  1.86027E-12  9.08305E-09  9.99390E-08
  8.750E-04  5.83057E-11  1.68053E-06  2.66702E-07  1.20662E-11  1.91498E-12  9.06436E-09  9.98386E-08
  9.000E-04  6.16850E-11  1.68048E-06  2.66701E-07  1.24106E-11  1.96969E-12  9.04515E-09  9.97353E-08
  9.250E-04  6.51595E-11  1.68044E-06  2.66701E-07  1.27550E-11  2.02440E-12  9.02543E-09  9.96292E-08
  9.500E-04  6.87293E-11  1.68040E-06  2.66700E-07  1.30994E-11  2.07910E-12  9.00518E-09  9.95203E-08
  9.750E-04  7.23943E-11  1.68035E-06  2.66699E-07  1.34438E-11  2.13381E-12  8.98441E-09  9.94086E-08
  1.000E-03  7.61544E-11  1.68030E-06  2.66698E-07  1.37881E-11  2.18852E-12  8.96313E-09  9.92941E-08
  1.250E-03  1.18991E-10  1.67976E-06  2.66690E-07  1.72295E-11  2.73556E-12  8.72241E-09  9.79951E-08
  1.500E-03  1.71347E-10  1.67909E-06  2.66680E-07  2.06673E-11  3.28255E-12  8.43241E-09  9.64224E-08
  1.750E-03  2.33223E-10  1.67831E-06  2.66668E-07  2.41005E-11  3.82947E-12  8.09563E-09  9.45848E-08
  2.000E-03  3.04617E-10  1.67741E-06  2.66654E-07  2.75287E-11  4.37631E-12  7.71493E-09  9.24926E-08
  2.250E-03  3.85531E-10  1.67638E-06  2.66638E-07  3.09509E-11  4.92305E-12  7.29355E-09  9.01574E-08
  2.500E-03  4.75965E-10  1.67524E-06  2.66620E-07  3.43665E-11  5.46970E-12  6.83507E-09  8.75922E-08
  2.750E-03  5.75917E-10  1.67398E-06  2.66601E-07  3.77747E-11  6.01623E-12  6.34338E-09  8.48112E-08
  3.000E-03  6.85389E-10  1.67261E-06  2.66580E-07  4.11749E-11  6.56263E-12  5.82263E-09  8.18298E-08
  3.250E-03  8.04380E-10  1.67112E-06  2.66556E-07  4.45664E-11  7.10890E-12  5.27721E-09  7.86641E-08
  3.500E-03  9.32891E-10  1.66951E-06  2.66531E-07  4.79485E-11  7.65502E-12  4.71169E-09  7.53315E-08
  3.750E-03  1.07092E-09  1.66779E-06  2.66505E-07  5.13204E-11  8.20098E-12  4.13080E-09  7.18501E-08
  4.000E-03  1.21847E-09  1.66596E-06  2.66476E-07  5.46816E-11  8.74677E-12  3.53939E-09  6.82386E-08
  4.250E-03  1.37554E-09  1.66401E-06  2.66445E-07  5.80313E-11  9.29237E-12  2.94232E-09  6.45162E-08
  4.500E-03  1.54213E-09  1.66195E-06  2.66413E-07  6.13689E-11  9.83779E-12  2.34453E-09  6.07026E-08
  4.750E-03  1.71823E-09  1.65978E-06  2.66379E-07  6.46937E-11  1.03830E-11  1.75089E-09  5.68179E-08
  5.000E-03  1.90386E-09  1.65750E-06  2.66342E-07  6.80052E-11  1.09280E-11  1.16620E-09  5.28821E-08
  5.250E-03  2.09900E-09  1.65512E-06  2.66305E-07  7.13028E-11  1.14728E-11  5.95155E-10  4.89155E-08
  5.500E-03  2.30367E-09  1.65263E-06  2.66265E-07  7.45857E-11  1.20173E-11  4.22868E-11  4.49381E-08
  5.750E-03  2.51785E-09  1.65003E-06  2.66223E-07  7.78534E-11  1.25616E-11  4.88079E-10  4.09698E-08
  6.000E-03  2.74156E-09  1.64733E-06  2.66180E-07  8.11054E-11  1.31056E-11  9.91856E-10  3.70300E-08
  6.250E-03  2.97478E-09  1.64452E-06  2.66135E-07  8.43410E-11  1.36493E-11  1.46523E-09  3.31377E-08
  6.500E-03  3.21752E-09  1.64162E-06  2.66088E-07  8.75597E-11  1.41928E-11  1.90471E-09  2.93113E-08
  6.750E-03  3.46978E-09  1.63862E-06  2.66039E-07  9.07611E-11  1.47360E-11  2.30714E-09  2.55684E-08
  7.000E-03  3.73156E-09  1.63551E-06  2.65988E-07  9.39444E-11  1.52788E-11  2.66972E-09  2.19260E-08
  7.250E-03  4.00286E-09  1.63232E-06  2.65936E-07  9.71093E-11  1.58214E-11  2.99008E-09  1.83998E-08
  7.500E-03  4.28368E-09  1.62902E-06  2.65881E-07  1.00255E-10  1.63636E-11  3.26624E-09  1.50047E-08
  7.750E-03  4.57402E-09  1.62564E-06  2.65825E-07  1.03382E-10  1.69055E-11  3.49664E-09  1.17545E-08
  8.000E-03  4.87388E-09  1.62216E-06  2.65767E-07  1.06488E-10  1.74470E-11  3.68019E-09  8.66178E-09
  8.250E-03  5.18326E-09  1.61859E-06  2.65708E-07  1.09575E-10  1.79882E-11  3.81624E-09  5.73780E-09
  8.500E-03  5.50215E-09  1.61494E-06  2.65646E-07  1.12640E-10  1.85290E-11  3.90460E-09  2.99254E-09
  8.750E-03  5.83057E-09  1.61120E-06  2.65583E-07  1.15685E-10  1.90695E-11  3.94552E-09  4.34627E-10
  9.000E-03  6.16850E-09  1.60737E-06  2.65518E-07  1.18707E-10  1.96095E-11  3.93970E-09  1.92874E-09
  9.250E-03  6.51596E-09  1.60346E-06  2.65451E-07  1.21708E-10  2.01491E-11  3.88830E-09  4.09178E-09
  9.500E-03  6.87293E-09  1.59947E-06  2.65383E-07  1.24687E-10  2.06884E-11  3.79288E-09  6.05016E-09
  9.750E-03  7.23942E-09  1.59540E-06  2.65312E-07  1.27643E-10  2.12272E-11  3.65543E-09  7.80103E-09
  1.000E-02  7.61544E-09  1.59126E-06  2.65240E-07  1.30575E-10  2.17655E-11  3.47829E-09  9.34295E-09
  1.250E-02  1.18991E-08  1.54597E-06  2.64424E-07  1.58574E-10  2.71232E-11  2.58008E-10  1.39321E-08
  1.500E-02  1.71347E-08  1.49501E-06  2.63438E-07  1.84016E-10  3.24264E-11  2.79684E-09  5.01240E-09
  1.750E-02  2.33223E-08  1.44015E-06  2.62288E-07  2.06807E-10  3.76658E-11  2.70632E-09  5.11039E-09
  2.000E-02  3.04617E-08  1.38298E-06  2.60983E-07  2.26968E-10  4.28323E-11  1.84889E-10  7.59193E-09
  2.250E-02  3.85531E-08  1.32481E-06  2.59529E-07  2.44600E-10  4.79180E-11  2.75626E-09  2.40733E-09
  2.500E-02  4.75965E-08  1.26671E-06  2.57936E-07  2.59859E-10  5.29155E-11  2.34271E-09  3.90778E-09
  2.750E-02  5.75917E-08  1.20947E-06  2.56213E-07  2.72928E-10  5.78182E-11  5.63793E-10  5.24691E-09
  3.000E-02  6.85389E-08  1.15366E-06  2.54368E-07  2.84002E-10  6.26202E-11  2.86263E-09  1.23570E-09
  3.250E-02  8.04380E-08  1.09969E-06  2.52412E-07  2.93273E-10  6.73168E-11  2.09527E-09  3.40652E-09
  3.500E-02  9.32891E-08  1.04778E-06  2.50352E-07  3.00926E-10  7.19034E-11  9.50150E-10  4.04381E-09
  3.750E-02  1.07092E-07  9.98100E-07  2.48199E-07  3.07132E-10  7.63768E-11  3.02955E-09  5.34726E-10
  4.000E-02  1.21847E-07  9.50697E-07  2.45961E-07  3.12049E-10  8.07341E-11  1.86811E-09  3.15837E-09
  4.250E-02  1.37554E-07  9.05581E-07  2.43647E-07  3.15818E-10  8.49730E-11  1.36463E-09  3.29043E-09
  4.500E-02  1.54213E-07  8.62720E-07  2.41266E-07  3.18568E-10  8.90921E-11  3.21579E-09  3.38691E-11
  4.750E-02  1.71823E-07  8.22054E-07  2.38825E-07  3.20416E-10  9.30903E-11  1.61802E-09  3.02024E-09
  5.000E-02  1.90386E-07  7.83507E-07  2.36333E-07  3.21465E-10  9.69673E-11  1.81232E-09  2.74631E-09
  5.250E-02  2.09900E-07  7.46994E-07  2.33796E-07  3.21808E-10  1.00723E-10  3.39524E-09  3.66437E-10
  5.500E-02  2.30367E-07  7.12421E-07  2.31222E-07  3.21529E-10  1.04357E-10  1.32150E-09  2.93213E-09
  5.750E-02  2.51785E-07  6.79696E-07  2.28617E-07  3.20703E-10  1.07872E-10  2.29120E-09  2.30853E-09
  6.000E-02  2.74156E-07  6.48724E-07  2.25987E-07  3.19397E-10  1.11267E-10  3.54754E-09  7.08879E-10
  6.250E-02  2.97478E-07  6.19412E-07  2.23338E-07  3.17673E-10  1.14544E-10  9.64474E-10  2.86370E-09
  6.500E-02  3.21752E-07  5.91670E-07  2.20674E-07  3.15583E-10  1.17706E-10  2.79464E-09  1.92676E-09
  6.750E-02  3.46978E-07  5.65413E-07  2.18002E-07  3.13177E-10  1.20753E-10  3.65480E-09  1.01308E-09
  7.000E-02  3.73156E-07  5.40556E-07  2.15325E-07  3.10499E-10  1.23687E-10  5.38670E-10  2.79731E-09
  7.250E-02  4.00286E-07  5.17021E-07  2.12648E-07  3.07586E-10  1.26512E-10  3.31244E-09  1.57431E-09
  7.500E-02  4.28368E-07  4.94732E-07  2.09974E-07  3.04476E-10  1.29229E-10  3.70065E-09  1.28788E-09
  7.750E-02  4.57402E-07  4.73619E-07  2.07307E-07  3.01198E-10  1.31840E-10  4.04274E-11  2.72175E-09
  8.000E-02  4.87388E-07  4.53612E-07  2.04649E-07  2.97780E-10  1.34349E-10  3.83146E-09  1.23664E-09
  8.250E-02  5.18325E-07  4.34649E-07  2.02005E-07  2.94248E-10  1.36757E-10  3.67023E-09  1.53658E-09
  8.500E-02  5.50215E-07  4.16669E-07  1.99376E-07  2.90624E-10  1.39067E-10  5.29742E-10  2.62956E-09
  8.750E-02  5.83057E-07  3.99614E-07  1.96764E-07  2.86926E-10  1.41282E-10  4.33622E-09  9.06115E-10
  9.000E-02  6.16850E-07  3.83433E-07  1.94172E-07  2.83174E-10  1.43405E-10  3.55062E-09  1.75948E-09
  9.250E-02  6.51596E-07  3.68073E-07  1.91602E-07  2.79381E-10  1.45437E-10  1.16738E-09  2.51582E-09
  9.500E-02  6.87293E-07  3.53487E-07  1.89055E-07  2.75561E-10  1.47383E-10  4.80965E-09  5.79389E-10
  9.750E-02  7.23942E-07  3.39631E-07  1.86533E-07  2.71727E-10  1.49243E-10  3.33135E-09  1.95534E-09
  1.000E-01  7.61543E-07  3.26461E-07  1.84037E-07  2.67888E-10  1.51021E-10  1.86432E-09  2.37758E-09
  1.250E-01  1.18991E-06  2.24884E-07  1.60669E-07  2.30669E-10  1.64807E-10  6.03617E-09  6.78147E-10
  1.500E-01  1.71347E-06  1.60352E-07  1.40361E-07  1.97373E-10  1.72773E-10  1.21089E-09  2.41541E-09
  1.750E-01  2.33223E-06  1.16973E-07  1.22919E-07  1.67975E-10  1.76521E-10  8.59769E-09  1.66174E-10
  2.000E-01  3.04617E-06  8.63031E-08  1.07952E-07  1.41637E-10  1.77175E-10  4.13108E-10  2.45330E-09
  2.250E-01  3.85531E-06  6.38055E-08  9.50729E-08  1.17804E-10  1.75543E-10  1.11383E-08  3.44981E-10
  2.500E-01  4.75964E-06  4.69284E-08  8.39554E-08  9.62702E-11  1.72240E-10  3.11920E-09  2.44952E-09
  2.750E-01  5.75916E-06  3.41226E-08  7.43357E-08  7.69994E-11  1.67756E-10  1.33809E-08  8.73290E-10
  3.000E-01  6.85388E-06  2.43611E-08  6.59979E-08  5.99685E-11  1.62480E-10  6.95830E-09  2.36297E-09
  3.250E-01  8.04378E-06  1.69105E-08  5.87615E-08  4.50957E-11  1.56721E-10  1.48774E-08  1.40676E-09
  3.500E-01  9.32888E-06  1.12229E-08  5.24718E-08  3.22291E-11  1.50712E-10  1.18078E-08  2.16180E-09
  3.750E-01  1.07092E-05  6.87975E-09  4.69947E-08  2.11661E-11  1.44622E-10  1.51720E-08  1.91514E-09
  4.000E-01  1.21846E-05  3.56007E-09  4.22138E-08  1.16805E-11  1.38571E-10  1.73776E-08  1.83845E-09
  4.250E-01  1.37553E-05  1.01833E-09  3.80284E-08  3.54594E-12  1.32635E-10  1.39212E-08  2.36662E-09
  4.500E-01  1.54212E-05 -9.32070E-10  3.43520E-08 -3.44788E-12  1.26861E-10  2.32751E-08  1.40287E-09
  4.750E-01  1.71822E-05 -2.43201E-09  3.11108E-08 -9.48614E-12  1.21274E-10  1.09090E-08  2.73453E-09
  5.000E-01  1.90385E-05 -3.58733E-09  2.82423E-08 -1.47258E-11  1.15887E-10  2.90437E-08  8.73149E-10
  5.250E-01  2.09899E-05 -4.47730E-09  2.56938E-08 -1.92964E-11  1.10702E-10  6.03799E-09  2.99720E-09
  5.500E-01  2.30365E-05 -5.16132E-09  2.34209E-08 -2.33027E-11  1.05715E-10  3.41800E-08  2.71534E-10
  5.750E-01  2.51783E-05 -5.68397E-09  2.13866E-08 -2.68281E-11  1.00921E-10  6.65426E-10  3.13722E-09
  6.000E-01  2.74153E-05 -6.07892E-09  1.95595E-08 -2.99393E-11  9.63128E-11  3.81552E-08  3.76360E-10
  6.250E-01  2.97475E-05 -6.37182E-09  1.79136E-08 -3.26891E-11  9.18840E-11  9.03795E-09  3.14191E-09
  6.500E-01  3.21749E-05 -6.58243E-09  1.64267E-08 -3.51201E-11  8.76277E-11  4.04471E-08  1.04194E-09
  6.750E-01  3.46974E-05 -6.72613E-09  1.50800E-08 -3.72669E-11  8.35380E-11  1.87710E-08  3.00426E-09
  7.000E-01  3.73152E-05 -6.81508E-09  1.38575E-08 -3.91582E-11  7.96093E-11  4.05807E-08  1.69449E-09
  7.250E-01  4.00281E-05 -6.85905E-09  1.27456E-08 -4.08184E-11  7.58366E-11  2.94143E-08  2.72381E-09
  7.500E-01  4.28362E-05 -6.86597E-09  1.17323E-08 -4.22686E-11  7.22152E-11  3.81689E-08  2.30254E-09
  7.750E-01  4.57395E-05 -6.84236E-09  1.08075E-08 -4.35274E-11  6.87405E-11  4.03920E-08  2.30711E-09
  8.000E-01  4.87380E-05 -6.79364E-09  9.96222E-09 -4.46117E-11  6.54083E-11  3.29507E-08  2.83547E-09
  8.250E-01  5.18317E-05 -6.72435E-09  9.18856E-09 -4.55367E-11  6.22142E-11  5.10304E-08  1.76764E-09
  8.500E-01  5.50205E-05 -6.63833E-09  8.47960E-09 -4.63166E-11  5.91539E-11  2.48213E-08  3.26511E-09
  8.750E-01  5.83045E-05 -6.53883E-09  7.82918E-09 -4.69644E-11  5.62231E-11  6.05930E-08  1.12536E-09
  9.000E-01  6.16838E-05 -6.42859E-09  7.23181E-09 -4.74921E-11  5.34172E-11  1.38546E-08  3.56722E-09
  9.250E-01  6.51582E-05 -6.30998E-09  6.68262E-09 -4.79109E-11  5.07318E-11  6.83236E-08  4.05900E-10
  9.500E-01  6.87277E-05 -6.18497E-09  6.17719E-09 -4.82312E-11  4.81624E-11  3.15275E-10  3.72278E-09
  9.750E-01  7.23925E-05 -6.05526E-09  5.71161E-09 -4.84625E-11  4.57042E-11  7.34918E-08  3.60586E-10
  1.000E+00  7.61524E-05 -5.92227E-09  5.28231E-09 -4.86138E-11  4.33529E-11  2.33297E-12  3.82029E-12
  1.100E+00  9.21439E-05 -5.37893E-09  3.86851E-09 -4.85702E-11  3.49245E-11  5.21416E-12  6.01709E-13
  1.200E+00  1.09658E-04 -4.85042E-09  2.82828E-09 -4.77808E-11  2.78543E-11  6.15886E-12  1.32640E-12
  1.300E+00  1.28695E-04 -4.35994E-09  2.05249E-09 -4.65295E-11  2.18978E-11  5.78394E-12  2.21464E-12
  1.400E+00  1.49255E-04 -3.91554E-09  1.46678E-09 -4.50024E-11  1.68519E-11  4.61362E-12  2.34530E-12
  1.500E+00  1.71338E-04 -3.51775E-09  1.01989E-09 -4.33196E-11  1.25534E-11  3.07787E-12  1.99269E-12
  1.600E+00  1.94942E-04 -3.16372E-09  6.75954E-10 -4.15583E-11  8.87330E-12  1.50889E-12  1.38921E-12
  1.700E+00  2.20070E-04 -2.84932E-09  4.09493E-10 -3.97688E-11  5.70948E-12  1.41039E-13  7.20364E-13
  1.800E+00  2.46720E-04 -2.57017E-09  2.02091E-10 -3.79838E-11  2.98073E-12  8.86213E-13  1.18213E-13
  1.900E+00  2.74892E-04 -2.32210E-09  4.02252E-11 -3.62252E-11  6.21594E-13  1.51408E-12  3.37564E-13
  2.000E+00  3.04586E-04 -2.10133E-09 -8.61881E-11 -3.45075E-11 -1.42132E-12  1.75171E-12  6.13711E-13
  2.100E+00  3.35803E-04 -1.90452E-09 -1.84775E-10 -3.28402E-11 -3.19215E-12  1.65848E-12  7.12532E-13
  2.200E+00  3.68542E-04 -1.72874E-09 -2.61374E-10 -3.12295E-11 -4.72779E-12  1.32495E-12  6.63199E-13
  2.300E+00  4.02802E-04 -1.57144E-09 -3.20504E-10 -2.96791E-11 -6.05938E-12  8.53062E-13  5.10119E-13
  2.400E+00  4.38585E-04 -1.43042E-09 -3.65692E-10 -2.81911E-11 -7.21343E-12  3.44385E-13  3.02059E-13
  2.500E+00  4.75889E-04 -1.30374E-09 -3.99717E-10 -2.67659E-11 -8.21259E-12  1.17587E-13  8.56407E-14
  2.600E+00  5.14715E-04 -1.18975E-09 -4.24781E-10 -2.54032E-11 -9.07637E-12  4.73444E-13  1.01022E-13
  2.700E+00  5.55063E-04 -1.08697E-09 -4.42639E-10 -2.41021E-11 -9.82158E-12  6.88172E-13  2.34108E-13
  2.800E+00  5.96931E-04 -9.94150E-10 -4.54697E-10 -2.28610E-11 -1.04628E-11  7.54233E-13  3.02079E-13
  2.900E+00  6.40321E-04 -9.10171E-10 -4.62087E-10 -2.16779E-11 -1.10127E-11  6.90453E-13  3.06019E-13
  3.000E+00  6.85233E-04 -8.34064E-10 -4.65721E-10 -2.05507E-11 -1.14822E-11  5.27598E-13  2.57326E-13
  3.100E+00  7.31665E-04 -7.64978E-10 -4.66339E-10 -1.94773E-11 -1.18809E-11  3.07677E-13  1.72882E-13
  3.200E+00  7.79618E-04 -7.02163E-10 -4.64543E-10 -1.84551E-11 -1.22173E-11  7.44534E-14  7.33819E-14
  3.300E+00  8.29092E-04 -6.44963E-10 -4.60823E-10 -1.74818E-11 -1.24985E-11  1.34576E-13  2.27885E-14
  3.400E+00  8.80086E-04 -5.92796E-10 -4.55576E-10 -1.65551E-11 -1.27310E-11  2.90264E-13  9.97575E-14
  3.500E+00  9.32601E-04 -5.45152E-10 -4.49131E-10 -1.56726E-11 -1.29205E-11  3.76098E-13  1.47634E-13
  3.600E+00  9.86636E-04 -5.01576E-10 -4.41753E-10 -1.48321E-11 -1.30718E-11  3.90100E-13  1.63950E-13
  3.700E+00  1.04219E-03 -4.61667E-10 -4.33662E-10 -1.40315E-11 -1.31893E-11  3.39299E-13  1.50066E-13
  3.800E+00  1.09927E-03 -4.25070E-10 -4.25036E-10 -1.32686E-11 -1.32768E-11  2.41431E-13  1.12857E-13
  3.900E+00  1.15786E-03 -3.91467E-10 -4.16022E-10 -1.25414E-11 -1.33377E-11  1.18703E-13  6.15226E-14
  4.000E+00  1.21797E-03 -3.60575E-10 -4.06740E-10 -1.18481E-11 -1.33750E-11  6.86165E-15  7.00381E-15
  4.100E+00  1.27961E-03 -3.32145E-10 -3.97289E-10 -1.11869E-11 -1.33914E-11  1.14729E-13  4.13613E-14
  4.200E+00  1.34276E-03 -3.05949E-10 -3.87748E-10 -1.05560E-11 -1.33891E-11  1.90635E-13  7.66701E-14
  4.300E+00  1.40743E-03 -2.81787E-10 -3.78182E-10 -9.95394E-12 -1.33703E-11  2.25727E-13  9.43098E-14
  4.400E+00  1.47362E-03 -2.59478E-10 -3.68646E-10 -9.37910E-12 -1.33368E-11  2.20561E-13  9.40121E-14
  4.500E+00  1.54133E-03 -2.38860E-10 -3.59181E-10 -8.83008E-12 -1.32903E-11  1.80768E-13  7.77696E-14
  4.600E+00  1.61056E-03 -2.19787E-10 -3.49822E-10 -8.30553E-12 -1.32322E-11  1.16396E-13  5.04518E-14
  4.700E+00  1.68131E-03 -2.02128E-10 -3.40597E-10 -7.80420E-12 -1.31639E-11  4.12870E-14  1.78422E-14
  4.800E+00  1.75357E-03 -1.85763E-10 -3.31526E-10 -7.32488E-12 -1.30866E-11  3.19442E-14  1.38518E-14
  4.900E+00  1.82735E-03 -1.70586E-10 -3.22626E-10 -6.86645E-12 -1.30012E-11  9.13208E-14  3.94784E-14
  5.000E+00  1.90265E-03 -1.56499E-10 -3.13911E-10 -6.42785E-12 -1.29088E-11  1.29286E-13  5.57744E-14
  5.100E+00  1.97947E-03 -1.43415E-10 -3.05389E-10 -6.00809E-12 -1.28101E-11  1.42193E-13  6.04724E-14
  5.200E+00  2.05780E-03 -1.31253E-10 -2.97067E-10 -5.60622E-12 -1.27060E-11  1.30777E-13  5.48314E-14
  5.300E+00  2.13765E-03 -1.19942E-10 -2.88950E-10 -5.22137E-12 -1.25970E-11  9.93512E-14  4.03864E-14
  5.400E+00  2.21902E-03 -1.09415E-10 -2.81040E-10 -4.85270E-12 -1.24840E-11  5.53675E-14  2.04867E-14
  5.500E+00  2.30190E-03 -9.96110E-11 -2.73337E-10 -4.49941E-12 -1.23673E-11  7.40558E-15  2.88785E-16
  5.600E+00  2.38630E-03 -9.04765E-11 -2.65843E-10 -4.16079E-12 -1.22475E-11  3.67460E-14  1.91138E-14
  5.700E+00  2.47222E-03 -8.19609E-11 -2.58554E-10 -3.83611E-12 -1.21250E-11  7.05540E-14  3.27543E-14
  5.800E+00  2.55965E-03 -7.40181E-11 -2.51470E-10 -3.52474E-12 -1.20003E-11  8.91831E-14  3.94712E-14
  5.900E+00  2.64859E-03 -6.66065E-11 -2.44587E-10 -3.22603E-12 -1.18737E-11  9.15687E-14  3.86591E-14
  6.000E+00  2.73905E-03 -5.96872E-11 -2.37901E-10 -2.93941E-12 -1.17455E-11  7.88221E-14  3.16325E-14
  6.100E+00  2.83103E-03 -5.32251E-11 -2.31410E-10 -2.66432E-12 -1.16160E-11  5.46859E-14  1.97907E-14
  6.200E+00  2.92452E-03 -4.71878E-11 -2.25109E-10 -2.40023E-12 -1.14856E-11  2.40674E-14  5.84118E-15
  6.300E+00  3.01952E-03 -4.15453E-11 -2.18993E-10 -2.14665E-12 -1.13544E-11  7.27141E-15  7.65928E-15
  6.400E+00  3.11604E-03 -3.62701E-11 -2.13059E-10 -1.90311E-12 -1.12226E-11  3.44089E-14  1.86829E-14
  6.500E+00  3.21407E-03 -3.13372E-11 -2.07301E-10 -1.66915E-12 -1.10905E-11  5.31948E-14  2.54051E-14
  6.600E+00  3.31362E-03 -2.67229E-11 -2.01714E-10 -1.44436E-12 -1.09582E-11  6.15978E-14  2.71944E-14
  6.700E+00  3.41468E-03 -2.24056E-11 -1.96294E-10 -1.22834E-12 -1.08260E-11  5.91626E-14  2.42322E-14
  6.800E+00  3.51725E-03 -1.83659E-11 -1.91037E-10 -1.02071E-12 -1.06939E-11  4.74190E-14  1.74250E-14
  6.900E+00  3.62133E-03 -1.45849E-11 -1.85936E-10 -8.21110E-13 -1.05620E-11  2.90926E-14  8.25170E-15
  7.000E+00  3.72692E-03 -1.10456E-11 -1.80989E-10 -6.29192E-13 -1.04305E-11  7.80694E-15  1.37458E-15
  7.100E+00  3.83403E-03 -7.73271E-12 -1.76189E-10 -4.44637E-13 -1.02996E-11  1.26905E-14  9.94653E-15
  7.200E+00  3.94265E-03 -4.63061E-12 -1.71533E-10 -2.67135E-13 -1.01692E-11  2.91711E-14  1.60287E-14
  7.300E+00  4.05278E-03 -1.72677E-12 -1.67016E-10 -9.63926E-14 -1.00395E-11  3.93498E-14  1.88353E-14
  7.400E+00  4.16442E-03  9.92030E-13 -1.62633E-10  6.78681E-14 -9.91053E-12  4.21748E-14  1.81890E-14
  7.500E+00  4.27757E-03  3.53751E-12 -1.58381E-10  2.25914E-13 -9.78239E-12  3.78906E-14  1.45005E-14
  7.600E+00  4.39223E-03  5.92014E-12 -1.54255E-10  3.77995E-13 -9.65513E-12  2.78684E-14  8.68970E-15
  7.700E+00  4.50840E-03  8.15055E-12 -1.50251E-10  5.24354E-13 -9.52880E-12  1.42434E-14  1.92300E-15
  7.800E+00  4.62608E-03  1.02379E-11 -1.46364E-10  6.65219E-13 -9.40345E-12  4.23793E-16  4.62899E-15
  7.900E+00  4.74527E-03  1.21911E-11 -1.42593E-10  8.00809E-13 -9.27913E-12  1.36049E-14  9.75367E-15
  8.000E+00  4.86597E-03  1.40183E-11 -1.38931E-10  9.31331E-13 -9.15586E-12  2.33435E-14  1.28153E-14
  8.100E+00  4.98817E-03  1.57271E-11 -1.35377E-10  1.05698E-12 -9.03368E-12  2.83979E-14  1.33649E-14
  8.200E+00  5.11188E-03  1.73248E-11 -1.31926E-10  1.17796E-12 -8.91262E-12  2.83608E-14  1.16507E-14
  8.300E+00  5.23711E-03  1.88179E-11 -1.28575E-10  1.29443E-12 -8.79271E-12  2.36595E-14  8.04632E-15
  8.400E+00  5.36383E-03  2.02128E-11 -1.25321E-10  1.40658E-12 -8.67396E-12  1.56481E-14  3.33865E-15
  8.500E+00  5.49207E-03  2.15152E-11 -1.22160E-10  1.51457E-12 -8.55639E-12  5.87781E-15  1.46138E-15
  8.600E+00  5.62181E-03  2.27307E-11 -1.19090E-10  1.61855E-12 -8.44001E-12  4.02110E-15  5.70675E-15
  8.700E+00  5.75306E-03  2.38642E-11 -1.16108E-10  1.71869E-12 -8.32485E-12  1.23176E-14  8.47214E-15
  8.800E+00  5.88581E-03  2.49207E-11 -1.13210E-10  1.81511E-12 -8.21090E-12  1.78238E-14  9.70986E-15
  8.900E+00  6.02007E-03  2.59046E-11 -1.10394E-10  1.90796E-12 -8.09817E-12  1.99397E-14  9.05567E-15
  9.000E+00  6.15583E-03  2.68201E-11 -1.07658E-10  1.99738E-12 -7.98668E-12  1.85572E-14  6.88331E-15
  9.100E+00  6.29310E-03  2.76711E-11 -1.04998E-10  2.08348E-12 -7.87642E-12  1.42671E-14  3.74193E-15
  9.200E+00  6.43187E-03  2.84614E-11 -1.02413E-10  2.16639E-12 -7.76739E-12  8.09101E-15  2.68530E-16
  9.300E+00  6.57214E-03  2.91944E-11 -9.98990E-11  2.24622E-12 -7.65959E-12  1.21519E-15  2.98731E-15
  9.400E+00  6.71392E-03  2.98734E-11 -9.74549E-11  2.32309E-12 -7.55303E-12  5.18254E-15  5.45914E-15
  9.500E+00  6.85720E-03  3.05015E-11 -9.50781E-11  2.39710E-12 -7.44770E-12  1.02031E-14  6.84963E-15
  9.600E+00  7.00198E-03  3.10815E-11 -9.27664E-11  2.46835E-12 -7.34360E-12  1.30826E-14  6.76495E-15
  9.700E+00  7.14827E-03  3.16162E-11 -9.05178E-11  2.53694E-12 -7.24071E-12  1.34375E-14  5.71902E-15
  9.800E+00  7.29605E-03  3.21081E-11 -8.83303E-11  2.60297E-12 -7.13905E-12  1.17029E-14  3.77221E-15
  9.900E+00  7.44534E-03  3.25597E-11 -8.62019E-11  2.66653E-12 -7.03859E-12  8.11704E-15  1.21211E-15
  1.000E+01  7.59612E-03  3.29731E-11 -8.41308E-11  2.72769E-12 -6.93934E-12  3.59988E-15  1.30032E-15
  1.025E+01  7.97965E-03  3.38536E-11 -7.91921E-11  2.87069E-12 -6.69641E-12  6.74311E-15  4.99657E-15
  1.050E+01  8.37255E-03  3.45391E-11 -7.45738E-11  3.00048E-12 -6.46080E-12  8.55839E-15  3.16931E-15
  1.075E+01  8.77480E-03  3.50554E-11 -7.02519E-11  3.11816E-12 -6.23237E-12  2.68780E-15  1.36335E-15
  1.100E+01  9.18641E-03  3.54253E-11 -6.62042E-11  3.22471E-12 -6.01093E-12  4.15583E-15  3.80720E-15
  1.125E+01  9.60736E-03  3.56681E-11 -6.24104E-11  3.32104E-12 -5.79630E-12  5.65779E-15  2.12728E-15
  1.150E+01  1.00376E-02  3.58010E-11 -5.88522E-11  3.40797E-12 -5.58830E-12  1.85671E-15  1.35504E-15
  1.175E+01  1.04773E-02  3.58385E-11 -5.55123E-11  3.48624E-12 -5.38675E-12  2.54910E-15  2.83482E-15
  1.200E+01  1.09262E-02  3.57937E-11 -5.23753E-11  3.55655E-12 -5.19144E-12  3.40316E-15  1.39555E-15
  1.225E+01  1.13844E-02  3.56777E-11 -4.94268E-11  3.61950E-12 -5.00218E-12  1.27652E-15  1.18846E-15
  1.250E+01  1.18520E-02  3.55004E-11 -4.66535E-11  3.67567E-12 -4.81879E-12  1.29272E-15  1.99423E-15
  1.275E+01  1.23288E-02  3.52703E-11 -4.40435E-11  3.72558E-12 -4.64108E-12  1.82916E-15  6.83460E-16
  1.300E+01  1.28150E-02  3.49949E-11 -4.15855E-11  3.76970E-12 -4.46885E-12  2.51091E-16  1.44399E-15
  1.325E+01  1.33104E-02  3.46809E-11 -3.92693E-11  3.80848E-12 -4.30194E-12  3.62179E-16  1.64006E-15
  1.350E+01  1.38150E-02  3.43340E-11 -3.70854E-11  3.84231E-12 -4.14017E-12  5.80877E-16  2.42660E-16
  1.375E+01  1.43290E-02  3.39592E-11 -3.50250E-11  3.87157E-12 -3.98335E-12  3.35619E-16  1.05089E-15
  1.400E+01  1.48521E-02  3.35611E-11 -3.30801E-11  3.89659E-12 -3.83133E-12  1.07801E-16  1.23691E-15
  1.425E+01  1.53845E-02  3.31436E-11 -3.12431E-11  3.91769E-12 -3.68393E-12  2.07889E-16  2.16711E-16
  1.450E+01  1.59262E-02  3.27100E-11 -2.95072E-11  3.93516E-12 -3.54102E-12  6.01727E-16  1.35820E-15
  1.475E+01  1.64770E-02  3.22634E-11 -2.78659E-11  3.94926E-12 -3.40242E-12  2.90453E-16  1.00797E-15
  1.500E+01  1.70371E-02  3.18064E-11 -2.63134E-11  3.96024E-12 -3.26799E-12  7.48171E-16  9.73011E-17
  1.525E+01  1.76063E-02  3.13414E-11 -2.48441E-11  3.96832E-12 -3.13759E-12  9.03878E-16  1.12774E-15
  1.550E+01  1.81848E-02  3.08703E-11 -2.34529E-11  3.97373E-12 -3.01109E-12  3.49626E-16  8.17356E-16
  1.575E+01  1.87724E-02  3.03951E-11 -2.21351E-11  3.97664E-12 -2.88834E-12  6.76542E-16  5.26846E-16
  1.600E+01  1.93692E-02  2.99173E-11 -2.08862E-11  3.97725E-12 -2.76923E-12  8.18627E-16  1.01928E-15
  1.625E+01  1.99751E-02  2.94382E-11 -1.97021E-11  3.97572E-12 -2.65363E-12  1.58566E-16  1.64412E-16
  1.650E+01  2.05901E-02  2.89590E-11 -1.85790E-11  3.97221E-12 -2.54141E-12  9.21858E-16  6.36773E-16
  1.675E+01  2.12143E-02  2.84809E-11 -1.75134E-11  3.96686E-12 -2.43247E-12  1.19153E-15  7.71052E-16
  1.700E+01  2.18476E-02  2.80047E-11 -1.65019E-11  3.95980E-12 -2.32669E-12  1.44449E-16  1.49449E-16
  1.725E+01  2.24900E-02  2.75311E-11 -1.55414E-11  3.95116E-12 -2.22397E-12  1.12122E-15  5.79589E-16
  1.750E+01  2.31415E-02  2.70610E-11 -1.46289E-11  3.94105E-12 -2.12421E-12  1.22438E-15  1.12433E-15
  1.775E+01  2.38021E-02  2.65948E-11 -1.37619E-11  3.92958E-12 -2.02731E-12  0.00000E+00  2.72745E-16
  1.800E+01  2.44717E-02  2.61332E-11 -1.29378E-11  3.91686E-12 -1.93317E-12  1.02669E-15  5.29513E-16
  1.825E+01  2.51504E-02  2.56765E-11 -1.21541E-11  3.90297E-12 -1.84170E-12  8.73051E-16  1.02840E-15
  1.850E+01  2.58382E-02  2.52252E-11 -1.14087E-11  3.88801E-12 -1.75282E-12  2.42511E-16  3.74638E-16
  1.875E+01  2.65349E-02  2.47794E-11 -1.06995E-11  3.87204E-12 -1.66644E-12  9.43432E-16  8.49497E-16
  1.900E+01  2.72407E-02  2.43396E-11 -1.00246E-11  3.85516E-12 -1.58248E-12  9.17883E-16  7.07850E-16
  1.925E+01  2.79555E-02  2.39058E-11 -9.38202E-12  3.83743E-12 -1.50085E-12  1.11667E-16  1.14727E-16
  1.950E+01  2.86793E-02  2.34784E-11 -8.77017E-12  3.81891E-12 -1.42150E-12  1.08719E-15  3.34816E-16
  1.975E+01  2.94120E-02  2.30573E-11 -8.18740E-12  3.79968E-12 -1.34434E-12  9.52949E-16  6.51623E-16
  2.000E+01  3.01537E-02  2.26429E-11 -7.63219E-12  3.77977E-12 -1.26930E-12  2.06311E-16  1.05717E-16
  2.025E+01  3.09043E-02  2.22350E-11 -7.10312E-12  3.75926E-12 -1.19632E-12  8.04238E-16  2.05876E-16
  2.050E+01  3.16639E-02  2.18338E-11 -6.59885E-12  3.73818E-12 -1.12533E-12  7.84011E-16  4.01051E-16
  2.075E+01  3.24324E-02  2.14393E-11 -6.11811E-12  3.71660E-12 -1.05627E-12  1.91131E-16  1.95371E-16
  2.100E+01  3.32098E-02  2.10516E-11 -5.65972E-12  3.69454E-12 -9.89085E-13  7.45746E-16  5.71214E-16
  2.125E+01  3.39961E-02  2.06705E-11 -5.22255E-12  3.67205E-12 -9.23710E-13  7.27638E-16  1.85616E-16
  2.150E+01  3.47912E-02  2.02962E-11 -4.80554E-12  3.64918E-12 -8.60091E-13  0.00000E+00  1.80998E-16
  2.175E+01  3.55952E-02  1.99285E-11 -4.40771E-12  3.62595E-12 -7.98176E-13  5.19988E-16  5.29625E-16
  2.200E+01  3.64081E-02  1.95675E-11 -4.02810E-12  3.60240E-12 -7.37912E-13  5.07784E-16  3.44481E-16
  2.225E+01  3.72297E-02  1.92131E-11 -3.66583E-12  3.57856E-12 -6.79250E-13  1.65333E-16  3.36174E-16
  2.250E+01  3.80602E-02  1.88652E-11 -3.32006E-12  3.55446E-12 -6.22142E-13  4.84614E-16  4.92225E-16
  2.275E+01  3.88995E-02  1.85237E-11 -2.99001E-12  3.53013E-12 -5.66540E-13  7.89350E-16  6.40792E-16
  2.300E+01  3.97476E-02  1.81887E-11 -2.67491E-12  3.50560E-12 -5.12402E-13  3.08648E-16  3.12900E-16
  2.325E+01  4.06044E-02  1.78599E-11 -2.37406E-12  3.48088E-12 -4.59683E-13  4.52683E-16  1.52826E-16
  2.350E+01  4.14700E-02  1.75374E-11 -2.08679E-12  3.45601E-12 -4.08341E-13  7.37882E-16  5.97281E-16
  2.375E+01  4.23443E-02  1.72210E-11 -1.81247E-12  3.43100E-12 -3.58338E-13  1.44365E-16  1.45928E-16
  2.400E+01  4.32273E-02  1.69106E-11 -1.55049E-12  3.40587E-12 -3.09633E-13  4.23770E-16  1.42644E-16
  2.425E+01  4.41190E-02  1.66062E-11 -1.30027E-12  3.38065E-12 -2.62189E-13  6.91231E-16  2.78929E-16
  2.450E+01  4.50194E-02  1.63077E-11 -1.06129E-12  3.35534E-12 -2.15971E-13  1.35330E-16  1.36385E-16
  2.475E+01  4.59284E-02  1.60149E-11 -8.33023E-13  3.32997E-12 -1.70944E-13  1.32504E-16  2.66801E-16
  2.500E+01  4.68461E-02  1.57277E-11 -6.14985E-13  3.30456E-12 -1.27073E-13  6.48823E-16  2.61017E-16
  2.550E+01  4.87074E-02  1.51701E-11 -2.07772E-13  3.25363E-12 -4.26719E-14  0.00000E+00  0.00000E+00
  2.600E+01  5.06030E-02  1.46339E-11  1.63765E-13  3.20268E-12  3.74798E-14  1.19608E-16  0.00000E+00
  2.650E+01  5.25328E-02  1.41184E-11  5.02717E-13  3.15179E-12  1.13614E-13  2.29938E-16  0.00000E+00
  2.700E+01  5.44967E-02  1.36227E-11  8.11869E-13  3.10103E-12  1.85946E-13  2.21185E-16  2.20557E-16
  2.750E+01  5.64946E-02  1.31462E-11  1.09375E-12  3.05049E-12  2.54680E-13  0.00000E+00  0.00000E+00
  2.800E+01  5.85262E-02  1.26880E-11  1.35065E-12  3.00022E-12  3.20006E-13  2.05111E-16  6.10831E-16
  2.850E+01  6.05914E-02  1.22475E-11  1.58466E-12  2.95028E-12  3.82101E-13  1.97723E-16  5.87472E-16
  2.900E+01  6.26901E-02  1.18238E-11  1.79767E-12  2.90071E-12  4.41133E-13  1.90727E-16  0.00000E+00
  2.950E+01  6.48222E-02  1.14164E-11  1.99139E-12  2.85156E-12  4.97259E-13  1.84098E-16  5.44412E-16
  3.000E+01  6.69873E-02  1.10244E-11  2.16738E-12  2.80285E-12  5.50626E-13  1.77810E-16  1.74849E-16
  3.050E+01  6.91854E-02  1.06474E-11  2.32708E-12  2.75463E-12  6.01372E-13  1.71841E-16  0.00000E+00
  3.100E+01  7.14163E-02  1.02846E-11  2.47178E-12  2.70690E-12  6.49628E-13  1.66170E-16  1.62597E-16
  3.150E+01  7.36799E-02  9.93552E-12  2.60268E-12  2.65971E-12  6.95516E-13  1.60779E-16  1.56925E-16
  3.200E+01  7.59760E-02  9.59951E-12  2.72087E-12  2.61305E-12  7.39152E-13  1.55650E-16  1.51529E-16
  3.250E+01  7.83043E-02  9.27606E-12  2.82735E-12  2.56696E-12  7.80644E-13  0.00000E+00  1.46393E-16
  3.300E+01  8.06647E-02  8.96462E-12  2.92302E-12  2.52144E-12  8.20096E-13  0.00000E+00  1.41501E-16
  3.350E+01  8.30571E-02  8.66470E-12  3.00874E-12  2.47650E-12  8.57605E-13  1.41678E-16  1.36838E-16
  3.400E+01  8.54812E-02  8.37583E-12  3.08525E-12  2.43214E-12  8.93261E-13  1.37446E-16  0.00000E+00
  3.450E+01  8.79369E-02  8.09754E-12  3.15328E-12  2.38839E-12  9.27151E-13  0.00000E+00  0.00000E+00
  3.500E+01  9.04240E-02  7.82939E-12  3.21347E-12  2.34523E-12  9.59356E-13  0.00000E+00  0.00000E+00
  3.550E+01  9.29422E-02  7.57095E-12  3.26642E-12  2.30268E-12  9.89955E-13  0.00000E+00  0.00000E+00
  3.600E+01  9.54915E-02  7.32184E-12  3.31269E-12  2.26074E-12  1.01902E-12  1.22333E-16  2.33027E-16
  3.650E+01  9.80716E-02  7.08165E-12  3.35277E-12  2.21939E-12  1.04662E-12  0.00000E+00  1.12970E-16
  3.700E+01  1.00682E-01  6.85005E-12  3.38715E-12  2.17865E-12  1.07282E-12  1.15727E-16  1.09579E-16
  3.750E+01  1.03323E-01  6.62666E-12  3.41624E-12  2.13851E-12  1.09769E-12  1.12632E-16  3.18991E-16
  3.800E+01  1.05995E-01  6.41116E-12  3.44044E-12  2.09898E-12  1.12127E-12  0.00000E+00  1.03218E-16
  3.850E+01  1.08696E-01  6.20323E-12  3.46014E-12  2.06004E-12  1.14364E-12  1.06823E-16  1.00234E-16
  3.900E+01  1.11427E-01  6.00256E-12  3.47566E-12  2.02169E-12  1.16484E-12  0.00000E+00  9.73713E-17
  3.950E+01  1.14188E-01  5.80887E-12  3.48733E-12  1.98392E-12  1.18491E-12  1.01476E-16  0.00000E+00
  4.000E+01  1.16978E-01  5.62187E-12  3.49544E-12  1.94675E-12  1.20392E-12  2.96888E-16  0.00000E+00
  4.050E+01  1.19797E-01  5.44131E-12  3.50025E-12  1.91015E-12  1.22191E-12  0.00000E+00  0.00000E+00
  4.100E+01  1.22645E-01  5.26693E-12  3.50201E-12  1.87412E-12  1.23891E-12  9.42270E-17  0.00000E+00
  4.150E+01  1.25522E-01  5.09848E-12  3.50096E-12  1.83866E-12  1.25497E-12  1.83992E-16  0.00000E+00
  4.200E+01  1.28428E-01  4.93574E-12  3.49732E-12  1.80375E-12  1.27013E-12  0.00000E+00  0.00000E+00
  4.250E+01  1.31361E-01  4.77849E-12  3.49128E-12  1.76940E-12  1.28443E-12  0.00000E+00  0.00000E+00
  4.300E+01  1.34323E-01  4.62651E-12  3.48303E-12  1.73560E-12  1.29789E-12  0.00000E+00  0.00000E+00
  4.350E+01  1.37313E-01  4.47961E-12  3.47274E-12  1.70234E-12  1.31057E-12  0.00000E+00  0.00000E+00
  4.400E+01  1.40330E-01  4.33758E-12  3.46058E-12  1.66961E-12  1.32248E-12  0.00000E+00  0.00000E+00
  4.450E+01  1.43375E-01  4.20025E-12  3.44668E-12  1.63741E-12  1.33366E-12  0.00000E+00  0.00000E+00
  4.500E+01  1.46447E-01  4.06744E-12  3.43119E-12  1.60572E-12  1.34414E-12  0.00000E+00  0.00000E+00
  4.550E+01  1.49545E-01  3.93898E-12  3.41423E-12  1.57455E-12  1.35395E-12  0.00000E+00  0.00000E+00
  4.600E+01  1.52671E-01  3.81471E-12  3.39594E-12  1.54388E-12  1.36311E-12  0.00000E+00  0.00000E+00
  4.650E+01  1.55823E-01  3.69447E-12  3.37642E-12  1.51371E-12  1.37165E-12  0.00000E+00  0.00000E+00
  4.700E+01  1.59001E-01  3.57812E-12  3.35576E-12  1.48402E-12  1.37959E-12  0.00000E+00  0.00000E+00
  4.750E+01  1.62205E-01  3.46551E-12  3.33408E-12  1.45482E-12  1.38696E-12  0.00000E+00  0.00000E+00
  4.800E+01  1.65435E-01  3.35651E-12  3.31145E-12  1.42610E-12  1.39378E-12  0.00000E+00  0.00000E+00
  4.850E+01  1.68690E-01  3.25099E-12  3.28797E-12  1.39784E-12  1.40007E-12  0.00000E+00  0.00000E+00
  4.900E+01  1.71970E-01  3.14882E-12  3.26370E-12  1.37005E-12  1.40585E-12  0.00000E+00  0.00000E+00
  4.950E+01  1.75276E-01  3.04989E-12  3.23872E-12  1.34271E-12  1.41115E-12  0.00000E+00  0.00000E+00
  5.000E+01  1.78606E-01  2.95407E-12  3.21311E-12  1.31582E-12  1.41597E-12  0.00000E+00  0.00000E+00
  5.050E+01  1.81961E-01  2.86126E-12  3.18693E-12  1.28936E-12  1.42034E-12  0.00000E+00  0.00000E+00
  5.100E+01  1.85340E-01  2.77135E-12  3.16022E-12  1.26334E-12  1.42428E-12  0.00000E+00  0.00000E+00
  5.150E+01  1.88743E-01  2.68425E-12  3.13305E-12  1.23775E-12  1.42779E-12  0.00000E+00  0.00000E+00
  5.200E+01  1.92169E-01  2.59985E-12  3.10547E-12  1.21258E-12  1.43091E-12  0.00000E+00  0.00000E+00
  5.250E+01  1.95619E-01  2.51806E-12  3.07752E-12  1.18781E-12  1.43363E-12  0.00000E+00  0.00000E+00
  5.300E+01  1.99092E-01  2.43879E-12  3.04926E-12  1.16346E-12  1.43599E-12  0.00000E+00  0.00000E+00
  5.350E+01  2.02589E-01  2.36196E-12  3.02072E-12  1.13951E-12  1.43798E-12  0.00000E+00  0.00000E+00
  5.400E+01  2.06107E-01  2.28748E-12  2.99194E-12  1.11594E-12  1.43963E-12  0.00000E+00  0.00000E+00
  5.450E+01  2.09649E-01  2.21528E-12  2.96295E-12  1.09277E-12  1.44095E-12  0.00000E+00  0.00000E+00
  5.500E+01  2.13212E-01  2.14527E-12  2.93380E-12  1.06998E-12  1.44194E-12  0.00000E+00  0.00000E+00
  5.550E+01  2.16797E-01  2.07739E-12  2.90450E-12  1.04756E-12  1.44263E-12  0.00000E+00  0.00000E+00
  5.600E+01  2.20404E-01  2.01156E-12  2.87509E-12  1.02551E-12  1.44302E-12  0.00000E+00  0.00000E+00
  5.650E+01  2.24032E-01  1.94771E-12  2.84560E-12  1.00383E-12  1.44313E-12  0.00000E+00  0.00000E+00
  5.700E+01  2.27680E-01  1.88578E-12  2.81606E-12  9.82496E-13  1.44295E-12  0.00000E+00  0.00000E+00
  5.750E+01  2.31350E-01  1.82572E-12  2.78648E-12  9.61519E-13  1.44252E-12  0.00000E+00  0.00000E+00
  5.800E+01  2.35040E-01  1.76744E-12  2.75689E-12  9.40887E-13  1.44183E-12  0.00000E+00  0.00000E+00
  5.850E+01  2.38751E-01  1.71091E-12  2.72731E-12  9.20595E-13  1.44089E-12  0.00000E+00  0.00000E+00
  5.900E+01  2.42481E-01  1.65606E-12  2.69775E-12  9.00637E-13  1.43971E-12  0.00000E+00  0.00000E+00
  5.950E+01  2.46231E-01  1.60284E-12  2.66823E-12  8.81009E-13  1.43831E-12  0.00000E+00  0.00000E+00
  6.000E+01  2.50000E-01  1.55120E-12  2.63878E-12  8.61705E-13  1.43668E-12  0.00000E+00  0.00000E+00
  6.050E+01  2.53788E-01  1.50108E-12  2.60941E-12  8.42720E-13  1.43485E-12  0.00000E+00  0.00000E+00
  6.100E+01  2.57595E-01  1.45244E-12  2.58012E-12  8.24048E-13  1.43281E-12  0.00000E+00  0.00000E+00
  6.150E+01  2.61421E-01  1.40523E-12  2.55094E-12  8.05685E-13  1.43057E-12  0.00000E+00  0.00000E+00
  6.200E+01  2.65264E-01  1.35941E-12  2.52187E-12  7.87625E-13  1.42814E-12  0.00000E+00  0.00000E+00
  6.250E+01  2.69126E-01  1.31493E-12  2.49293E-12  7.69864E-13  1.42553E-12  0.00000E+00  0.00000E+00
  6.300E+01  2.73005E-01  1.27176E-12  2.46412E-12  7.52397E-13  1.42274E-12  0.00000E+00  0.00000E+00
  6.350E+01  2.76901E-01  1.22985E-12  2.43546E-12  7.35220E-13  1.41979E-12  0.00000E+00  0.00000E+00
  6.400E+01  2.80814E-01  1.18916E-12  2.40696E-12  7.18327E-13  1.41666E-12  0.00000E+00  0.00000E+00
  6.450E+01  2.84744E-01  1.14965E-12  2.37862E-12  7.01715E-13  1.41339E-12  0.00000E+00  0.00000E+00
  6.500E+01  2.88691E-01  1.11130E-12  2.35045E-12  6.85379E-13  1.40996E-12  0.00000E+00  0.00000E+00
  6.550E+01  2.92653E-01  1.07406E-12  2.32246E-12  6.69314E-13  1.40638E-12  0.00000E+00  0.00000E+00
  6.600E+01  2.96632E-01  1.03790E-12  2.29464E-12  6.53516E-13  1.40266E-12  0.00000E+00  0.00000E+00
  6.650E+01  3.00625E-01  1.00280E-12  2.26702E-12  6.37981E-13  1.39881E-12  0.00000E+00  0.00000E+00
  6.700E+01  3.04634E-01  9.68705E-13  2.23959E-12  6.22705E-13  1.39482E-12  0.00000E+00  0.00000E+00
  6.750E+01  3.08658E-01  9.35599E-13  2.21236E-12  6.07684E-13  1.39071E-12  0.00000E+00  0.00000E+00
  6.800E+01  3.12697E-01  9.03451E-13  2.18533E-12  5.92914E-13  1.38648E-12  0.00000E+00  0.00000E+00
  6.850E+01  3.16749E-01  8.72231E-13  2.15852E-12  5.78390E-13  1.38213E-12  0.00000E+00  0.00000E+00
  6.900E+01  3.20816E-01  8.41913E-13  2.13191E-12  5.64110E-13  1.37767E-12  0.00000E+00  0.00000E+00
  6.950E+01  3.24896E-01  8.12473E-13  2.10551E-12  5.50069E-13  1.37310E-12  0.00000E+00  0.00000E+00
  7.000E+01  3.28990E-01  7.83884E-13  2.07933E-12  5.36264E-13  1.36843E-12  0.00000E+00  0.00000E+00
  7.050E+01  3.33097E-01  7.56118E-13  2.05336E-12  5.22691E-13  1.36365E-12  0.00000E+00  0.00000E+00
  7.100E+01  3.37216E-01  7.29151E-13  2.02763E-12  5.09346E-13  1.35878E-12  0.00000E+00  0.00000E+00
  7.150E+01  3.41348E-01  7.02961E-13  2.00212E-12  4.96227E-13  1.35382E-12  0.00000E+00  0.00000E+00
  7.200E+01  3.45492E-01  6.77528E-13  1.97683E-12  4.83328E-13  1.34876E-12  0.00000E+00  0.00000E+00
  7.250E+01  3.49647E-01  6.52829E-13  1.95176E-12  4.70649E-13  1.34362E-12  0.00000E+00  0.00000E+00
  7.300E+01  3.53814E-01  6.28844E-13  1.92691E-12  4.58183E-13  1.33840E-12  3.53299E-17  0.00000E+00
  7.350E+01  3.57992E-01  6.05552E-13  1.90230E-12  4.45930E-13  1.33310E-12  3.50385E-17  0.00000E+00
  7.400E+01  3.62181E-01  5.82931E-13  1.87792E-12  4.33885E-13  1.32772E-12  0.00000E+00  0.00000E+00
  7.450E+01  3.66381E-01  5.60961E-13  1.85377E-12  4.22045E-13  1.32227E-12  3.44814E-17  0.00000E+00
  7.500E+01  3.70590E-01  5.39628E-13  1.82985E-12  4.10408E-13  1.31674E-12  0.00000E+00  0.00000E+00
  7.550E+01  3.74810E-01  5.18912E-13  1.80615E-12  3.98969E-13  1.31115E-12  0.00000E+00  0.00000E+00
  7.600E+01  3.79039E-01  4.98797E-13  1.78268E-12  3.87727E-13  1.30550E-12  3.37071E-17  0.00000E+00
  7.650E+01  3.83277E-01  4.79266E-13  1.75945E-12  3.76678E-13  1.29978E-12  0.00000E+00  0.00000E+00
  7.700E+01  3.87524E-01  4.60301E-13  1.73644E-12  3.65819E-13  1.29400E-12  0.00000E+00  0.00000E+00
  7.750E+01  3.91780E-01  4.41886E-13  1.71367E-12  3.55148E-13  1.28816E-12  3.30021E-17  0.00000E+00
  7.800E+01  3.96044E-01  4.24006E-13  1.69112E-12  3.44662E-13  1.28227E-12  3.27817E-17  0.00000E+00
  7.850E+01  4.00316E-01  4.06648E-13  1.66880E-12  3.34358E-13  1.27632E-12  3.25684E-17  0.00000E+00
  7.900E+01  4.04596E-01  3.89796E-13  1.64671E-12  3.24233E-13  1.27032E-12  0.00000E+00  0.00000E+00
  7.950E+01  4.08882E-01  3.73438E-13  1.62484E-12  3.14286E-13  1.26428E-12  3.21623E-17  0.00000E+00
  8.000E+01  4.13176E-01  3.57559E-13  1.60320E-12  3.04512E-13  1.25819E-12  3.19693E-17  0.00000E+00
  8.050E+01  4.17476E-01  3.42145E-13  1.58178E-12  2.94910E-13  1.25205E-12  0.00000E+00  0.00000E+00
  8.100E+01  4.21783E-01  3.27185E-13  1.56059E-12  2.85477E-13  1.24587E-12  3.16027E-17  0.00000E+00
  8.150E+01  4.26095E-01  3.12664E-13  1.53962E-12  2.76211E-13  1.23965E-12  3.14289E-17  0.00000E+00
  8.200E+01  4.30413E-01  2.98573E-13  1.51887E-12  2.67109E-13  1.23339E-12  0.00000E+00  0.00000E+00
  8.250E+01  4.34737E-01  2.84899E-13  1.49834E-12  2.58170E-13  1.22709E-12  3.10996E-17  0.00000E+00
  8.300E+01  4.39065E-01  2.71631E-13  1.47803E-12  2.49389E-13  1.22076E-12  0.00000E+00  0.00000E+00
  8.350E+01  4.43398E-01  2.58759E-13  1.45794E-12  2.40767E-13  1.21439E-12  0.00000E+00  0.00000E+00
  8.400E+01  4.47736E-01  2.46270E-13  1.43807E-12  2.32299E-13  1.20799E-12  3.06501E-17  0.00000E+00
  8.450E+01  4.52077E-01  2.34156E-13  1.41841E-12  2.23984E-13  1.20156E-12  3.05118E-17  0.00000E+00
  8.500E+01  4.56422E-01  2.22404E-13  1.39896E-12  2.15820E-13  1.19511E-12  0.00000E+00  0.00000E+00
  8.550E+01  4.60770E-01  2.11007E-13  1.37972E-12  2.07805E-13  1.18862E-12  3.02517E-17  0.00000E+00
  8.600E+01  4.65122E-01  1.99955E-13  1.36070E-12  1.99936E-13  1.18210E-12  3.01298E-17  0.00000E+00
  8.650E+01  4.69476E-01  1.89238E-13  1.34188E-12  1.92211E-13  1.17557E-12  3.00133E-17  0.00000E+00
  8.700E+01  4.73832E-01  1.78848E-13  1.32328E-12  1.84629E-13  1.16900E-12  2.99021E-17  0.00000E+00
  8.750E+01  4.78190E-01  1.68776E-13  1.30487E-12  1.77187E-13  1.16242E-12  1.48980E-17  0.00000E+00
  8.800E+01  4.82550E-01  1.59013E-13  1.28668E-12  1.69884E-13  1.15581E-12  0.00000E+00  0.00000E+00
  8.850E+01  4.86912E-01  1.49550E-13  1.26868E-12  1.62717E-13  1.14918E-12  2.95994E-17  0.00000E+00
  8.900E+01  4.91274E-01  1.40381E-13  1.25089E-12  1.55685E-13  1.14254E-12  0.00000E+00  0.00000E+00
  8.950E+01  4.95637E-01  1.31497E-13  1.23329E-12  1.48785E-13  1.13587E-12  1.47114E-17  0.00000E+00
  9.000E+01  5.00000E-01  1.22891E-13  1.21589E-12  1.42017E-13  1.12919E-12  2.93419E-17  0.00000E+00
  9.050E+01  5.04363E-01  1.14555E-13  1.19869E-12  1.35377E-13  1.12250E-12  1.46330E-17  0.00000E+00
  9.100E+01  5.08726E-01  1.06483E-13  1.18168E-12  1.28865E-13  1.11579E-12  2.91948E-17  0.00000E+00
  9.150E+01  5.13088E-01  9.86667E-14  1.16487E-12  1.22478E-13  1.10906E-12  2.91285E-17  0.00000E+00
  9.200E+01  5.17450E-01  9.10998E-14  1.14825E-12  1.16215E-13  1.10232E-12  0.00000E+00  0.00000E+00
  9.250E+01  5.21810E-01  8.37756E-14  1.13181E-12  1.10074E-13  1.09557E-12  1.45050E-17  0.00000E+00
  9.300E+01  5.26168E-01  7.66880E-14  1.11556E-12  1.04054E-13  1.08881E-12  2.89577E-17  0.00000E+00
  9.350E+01  5.30524E-01  6.98307E-14  1.09950E-12  9.81524E-14  1.08204E-12  7.22753E-18  0.00000E+00
  9.400E+01  5.34878E-01  6.31979E-14  1.08363E-12  9.23680E-14  1.07526E-12  0.00000E+00  0.00000E+00
  9.450E+01  5.39230E-01  5.67834E-14  1.06793E-12  8.66993E-14  1.06847E-12  1.44144E-17  0.00000E+00
  9.500E+01  5.43578E-01  5.05813E-14  1.05242E-12  8.11446E-14  1.06168E-12  0.00000E+00  0.00000E+00
  9.550E+01  5.47923E-01  4.45860E-14  1.03708E-12  7.57023E-14  1.05487E-12  0.00000E+00  0.00000E+00
  9.600E+01  5.52264E-01  3.87919E-14  1.02193E-12  7.03710E-14  1.04806E-12  7.18531E-18  0.00000E+00
  9.650E+01  5.56602E-01  3.31941E-14  1.00694E-12  6.51492E-14  1.04125E-12  1.43606E-17  0.00000E+00
  9.700E+01  5.60935E-01  2.77872E-14  9.92137E-13  6.00354E-14  1.03443E-12  7.17637E-18  0.00000E+00
  9.750E+01  5.65263E-01  2.25665E-14  9.77501E-13  5.50281E-14  1.02761E-12  3.58680E-18  0.00000E+00
  9.800E+01  5.69587E-01  1.75270E-14  9.63036E-13  5.01259E-14  1.02078E-12  7.17195E-18  1.33869E-17
  9.850E+01  5.73905E-01  1.26636E-14  9.48741E-13  4.53274E-14  1.01395E-12  0.00000E+00  6.63049E-18
  9.900E+01  5.78217E-01  7.97173E-15  9.34612E-13  4.06313E-14  1.00712E-12  8.96504E-18  6.56866E-18
  9.950E+01  5.82524E-01  3.44674E-15  9.20650E-13  3.60360E-14  1.00028E-12  9.41555E-18  1.30159E-17
  1.000E+02  5.86824E-01 -9.15684E-16  9.06852E-13  3.15404E-14  9.93445E-13  2.35482E-18  1.28966E-17
  1.005E+02  5.91118E-01 -5.11972E-15  8.93216E-13  2.71430E-14  9.86609E-13  1.34636E-17  0.00000E+00
  1.010E+02  5.95404E-01 -9.16948E-15  8.79741E-13  2.28427E-14  9.79773E-13  8.98211E-18  3.16607E-18
  1.015E+02  5.99684E-01 -1.30691E-14  8.66425E-13  1.86379E-14  9.72937E-13  3.59597E-18  9.41339E-18
  1.020E+02  6.03956E-01 -1.68227E-14  8.53267E-13  1.45276E-14  9.66102E-13  1.07990E-17  3.11002E-18
  1.025E+02  6.08220E-01 -2.04342E-14  8.40265E-13  1.05105E-14  9.59268E-13  1.44157E-17  0.00000E+00
  1.030E+02  6.12476E-01 -2.39076E-14  8.27418E-13  6.58524E-15  9.52437E-13  0.00000E+00  3.05592E-18
  1.035E+02  6.16723E-01 -2.72464E-14  8.14725E-13  2.75071E-15  9.45607E-13  0.00000E+00  4.54435E-18
  1.040E+02  6.20961E-01 -3.04541E-14  8.02182E-13 -9.94314E-16  9.38780E-13  1.44806E-17  1.87730E-19
  1.045E+02  6.25190E-01 -3.35341E-14  7.89790E-13 -4.65101E-15  9.31957E-13  7.25345E-18  4.46734E-18
  1.050E+02  6.29410E-01 -3.64899E-14  7.77545E-13 -8.22054E-15  9.25136E-13  1.45356E-17  0.00000E+00
  1.055E+02  6.33619E-01 -3.93250E-14  7.65448E-13 -1.17041E-14  9.18320E-13  0.00000E+00  1.46432E-18
  1.060E+02  6.37819E-01 -4.20426E-14  7.53496E-13 -1.51027E-14  9.11508E-13  7.29997E-18  1.45224E-17
  1.065E+02  6.42008E-01 -4.46461E-14  7.41688E-13 -1.84175E-14  9.04701E-13  7.31786E-18  0.00000E+00
  1.070E+02  6.46186E-01 -4.71385E-14  7.30023E-13 -2.16497E-14  8.97898E-13  7.33696E-18  0.00000E+00
  1.075E+02  6.50353E-01 -4.95227E-14  7.18500E-13 -2.48003E-14  8.91101E-13  1.47146E-17  5.66889E-18
  1.080E+02  6.54508E-01 -5.18015E-14  7.07115E-13 -2.78705E-14  8.84309E-13  4.42731E-17  0.00000E+00
  1.085E+02  6.58652E-01 -5.39780E-14  6.95869E-13 -3.08611E-14  8.77523E-13  4.44099E-17  5.57941E-18
  1.090E+02  6.62784E-01 -5.60549E-14  6.84760E-13 -3.37734E-14  8.70744E-13  2.97029E-17  1.10716E-17
  1.095E+02  6.66903E-01 -5.80351E-14  6.73786E-13 -3.66082E-14  8.63971E-13  5.96086E-17  5.49292E-18
  1.100E+02  6.71010E-01 -5.99213E-14  6.62946E-13 -3.93667E-14  8.57204E-13  1.49554E-17  0.00000E+00
  1.105E+02  6.75104E-01 -6.17162E-14  6.52239E-13 -4.20498E-14  8.50445E-13  4.50339E-17  0.00000E+00
  1.110E+02  6.79184E-01 -6.34221E-14  6.41664E-13 -4.46585E-14  8.43693E-13  6.02792E-17  0.00000E+00
  1.115E+02  6.83251E-01 -6.50417E-14  6.31219E-13 -4.71939E-14  8.36948E-13  6.05241E-17  0.00000E+00
  1.120E+02  6.87303E-01 -6.65771E-14  6.20902E-13 -4.96568E-14  8.30211E-13  6.07798E-17  1.05781E-17
  1.125E+02  6.91342E-01 -6.80308E-14  6.10712E-13 -5.20482E-14  8.23482E-13  6.10466E-17  0.00000E+00
  1.130E+02  6.95366E-01 -6.94053E-14  6.00649E-13 -5.43690E-14  8.16762E-13  1.53311E-17  0.00000E+00
  1.135E+02  6.99375E-01 -7.07029E-14  5.90711E-13 -5.66202E-14  8.10049E-13  7.70173E-17  0.00000E+00
  1.140E+02  7.03368E-01 -7.19258E-14  5.80896E-13 -5.88026E-14  8.03345E-13  7.73933E-17  0.00000E+00
  1.145E+02  7.07347E-01 -7.30761E-14  5.71204E-13 -6.09173E-14  7.96650E-13  0.00000E+00  0.00000E+00
  1.150E+02  7.11309E-01 -7.41559E-14  5.61633E-13 -6.29650E-14  7.89964E-13  4.69138E-17  1.01316E-17
  1.155E+02  7.15256E-01 -7.51671E-14  5.52182E-13 -6.49467E-14  7.83286E-13  1.25777E-16  0.00000E+00
  1.160E+02  7.19186E-01 -7.61117E-14  5.42849E-13 -6.68632E-14  7.76618E-13  1.58093E-17  9.99237E-18
  1.165E+02  7.23099E-01 -7.69919E-14  5.33633E-13 -6.87153E-14  7.69960E-13  4.76991E-17  0.00000E+00
  1.170E+02  7.26995E-01 -7.78096E-14  5.24535E-13 -7.05040E-14  7.63310E-13  3.19866E-17  0.00000E+00
  1.175E+02  7.30874E-01 -7.85668E-14  5.15551E-13 -7.22300E-14  7.56671E-13  0.00000E+00  0.00000E+00
  1.180E+02  7.34736E-01 -7.92653E-14  5.06682E-13 -7.38942E-14  7.50041E-13  0.00000E+00  0.00000E+00
  1.185E+02  7.38579E-01 -7.99066E-14  4.97925E-13 -7.54974E-14  7.43421E-13  3.25875E-17  0.00000E+00
  1.190E+02  7.42405E-01 -8.04926E-14  4.89280E-13 -7.70404E-14  7.36811E-13  0.00000E+00  0.00000E+00
  1.195E+02  7.46212E-01 -8.10248E-14  4.80746E-13 -7.85240E-14  7.30211E-13  0.00000E+00  0.00000E+00
  1.200E+02  7.50000E-01 -8.15051E-14  4.72321E-13 -7.99490E-14  7.23622E-13  6.65013E-17  0.00000E+00
  1.205E+02  7.53769E-01 -8.19352E-14  4.64004E-13 -8.13161E-14  7.17042E-13  0.00000E+00  0.00000E+00
  1.210E+02  7.57519E-01 -8.23168E-14  4.55795E-13 -8.26262E-14  7.10474E-13  3.37291E-17  0.00000E+00
  1.215E+02  7.61249E-01 -8.26514E-14  4.47693E-13 -8.38800E-14  7.03915E-13  3.39797E-17  0.00000E+00
  1.220E+02  7.64960E-01 -8.29404E-14  4.39696E-13 -8.50782E-14  6.97367E-13  0.00000E+00  0.00000E+00
  1.225E+02  7.68650E-01 -8.31851E-14  4.31803E-13 -8.62216E-14  6.90830E-13  3.45045E-17  0.00000E+00
  1.230E+02  7.72320E-01 -8.33871E-14  4.24013E-13 -8.73109E-14  6.84303E-13  3.47791E-17  0.00000E+00
  1.235E+02  7.75968E-01 -8.35478E-14  4.16325E-13 -8.83468E-14  6.77787E-13  0.00000E+00  0.00000E+00
  1.240E+02  7.79596E-01 -8.36688E-14  4.08739E-13 -8.93301E-14  6.71282E-13  3.53535E-17  0.00000E+00
  1.245E+02  7.83203E-01 -8.37514E-14  4.01252E-13 -9.02614E-14  6.64788E-13  7.13074E-17  0.00000E+00
  1.250E+02  7.86788E-01 -8.37971E-14  3.93866E-13 -9.11416E-14  6.58305E-13  3.59629E-17  0.00000E+00
  1.255E+02  7.90351E-01 -8.38069E-14  3.86578E-13 -9.19712E-14  6.51832E-13  0.00000E+00  0.00000E+00
  1.260E+02  7.93893E-01 -8.37820E-14  3.79387E-13 -9.27509E-14  6.45371E-13  3.66088E-17  0.00000E+00
  1.265E+02  7.97411E-01 -8.37237E-14  3.72292E-13 -9.34814E-14  6.38920E-13  0.00000E+00  0.00000E+00
  1.270E+02  8.00908E-01 -8.36333E-14  3.65293E-13 -9.41635E-14  6.32480E-13  3.72934E-17  0.00000E+00
  1.275E+02  8.04381E-01 -8.35120E-14  3.58388E-13 -9.47977E-14  6.26052E-13  3.76507E-17  0.00000E+00
  1.280E+02  8.07831E-01 -8.33611E-14  3.51577E-13 -9.53847E-14  6.19634E-13  0.00000E+00  0.00000E+00
  1.285E+02  8.11257E-01 -8.31816E-14  3.44860E-13 -9.59252E-14  6.13228E-13  3.83965E-17  0.00000E+00
  1.290E+02  8.14660E-01 -8.29748E-14  3.38234E-13 -9.64198E-14  6.06832E-13  0.00000E+00  0.00000E+00
  1.295E+02  8.18039E-01 -8.27414E-14  3.31700E-13 -9.68691E-14  6.00448E-13  3.91859E-17  0.00000E+00
  1.300E+02  8.21394E-01 -8.24825E-14  3.25256E-13 -9.72738E-14  5.94074E-13  0.00000E+00  0.00000E+00
  1.305E+02  8.24724E-01 -8.21993E-14  3.18900E-13 -9.76345E-14  5.87712E-13  0.00000E+00  0.00000E+00
  1.310E+02  8.28030E-01 -8.18928E-14  3.12634E-13 -9.79518E-14  5.81361E-13  4.04569E-17  0.00000E+00
  1.315E+02  8.31310E-01 -8.15641E-14  3.06456E-13 -9.82263E-14  5.75020E-13  0.00000E+00  0.00000E+00
  1.320E+02  8.34565E-01 -8.12142E-14  3.00365E-13 -9.84587E-14  5.68691E-13  0.00000E+00  0.00000E+00
  1.325E+02  8.37795E-01 -8.08440E-14  2.94360E-13 -9.86495E-14  5.62372E-13  4.18395E-17  0.00000E+00
  1.330E+02  8.40999E-01 -8.04543E-14  2.88440E-13 -9.87993E-14  5.56065E-13  8.46535E-17  0.00000E+00
  1.335E+02  8.44177E-01 -8.00459E-14  2.82605E-13 -9.89087E-14  5.49768E-13  4.28279E-17  0.00000E+00
  1.340E+02  8.47329E-01 -7.96197E-14  2.76854E-13 -9.89783E-14  5.43482E-13  4.33432E-17  0.00000E+00
  1.345E+02  8.50455E-01 -7.91768E-14  2.71186E-13 -9.90086E-14  5.37208E-13  8.77462E-17  0.00000E+00
  1.350E+02  8.53553E-01 -7.87180E-14  2.65601E-13 -9.90003E-14  5.30943E-13  4.44179E-17  0.00000E+00
  1.355E+02  8.56625E-01 -7.82443E-14  2.60097E-13 -9.89539E-14  5.24690E-13  4.49782E-17  0.00000E+00
  1.360E+02  8.59670E-01 -7.77564E-14  2.54675E-13 -9.88699E-14  5.18447E-13  9.11083E-17  0.00000E+00
  1.365E+02  8.62687E-01 -7.72550E-14  2.49333E-13 -9.87489E-14  5.12215E-13  4.61465E-17  0.00000E+00
  1.370E+02  8.65677E-01 -7.67407E-14  2.44071E-13 -9.85915E-14  5.05994E-13  0.00000E+00  0.00000E+00
  1.375E+02  8.68639E-01 -7.62143E-14  2.38887E-13 -9.83982E-14  4.99783E-13  4.73819E-17  0.00000E+00
  1.380E+02  8.71572E-01 -7.56767E-14  2.33781E-13 -9.81695E-14  4.93583E-13  4.80259E-17  0.00000E+00
  1.385E+02  8.74478E-01 -7.51286E-14  2.28753E-13 -9.79060E-14  4.87393E-13  0.00000E+00  0.00000E+00
  1.390E+02  8.77355E-01 -7.45710E-14  2.23803E-13 -9.76083E-14  4.81213E-13  4.93690E-17  0.00000E+00
  1.395E+02  8.80203E-01 -7.40045E-14  2.18929E-13 -9.72767E-14  4.75044E-13  0.00000E+00  0.00000E+00
  1.400E+02  8.83022E-01 -7.34295E-14  2.14130E-13 -9.69119E-14  4.68885E-13  5.07888E-17  0.00000E+00
  1.405E+02  8.85812E-01 -7.28466E-14  2.09407E-13 -9.65144E-14  4.62736E-13  5.15290E-17  0.00000E+00
  1.410E+02  8.88573E-01 -7.22565E-14  2.04758E-13 -9.60846E-14  4.56597E-13  0.00000E+00  0.00000E+00
  1.415E+02  8.91304E-01 -7.16598E-14  2.00182E-13 -9.56231E-14  4.50468E-13  5.30729E-17  0.00000E+00
  1.420E+02  8.94005E-01 -7.10574E-14  1.95679E-13 -9.51305E-14  4.44349E-13  0.00000E+00  0.00000E+00
  1.425E+02  8.96677E-01 -7.04500E-14  1.91250E-13 -9.46071E-14  4.38240E-13  5.47051E-17  0.00000E+00
  1.430E+02  8.99318E-01 -6.98382E-14  1.86894E-13 -9.40534E-14  4.32141E-13  5.55556E-17  0.00000E+00
  1.435E+02  9.01928E-01 -6.92223E-14  1.82609E-13 -9.34701E-14  4.26051E-13  0.00000E+00  0.00000E+00
  1.440E+02  9.04508E-01 -6.86027E-14  1.78394E-13 -9.28576E-14  4.19972E-13  5.73292E-17  0.00000E+00
  1.445E+02  9.07058E-01 -6.79799E-14  1.74249E-13 -9.22162E-14  4.13901E-13  0.00000E+00  0.00000E+00
  1.450E+02  9.09576E-01 -6.73547E-14  1.70174E-13 -9.15466E-14  4.07840E-13  0.00000E+00  0.00000E+00
  1.455E+02  9.12063E-01 -6.67278E-14  1.66170E-13 -9.08492E-14  4.01788E-13  1.20364E-16  0.00000E+00
  1.460E+02  9.14519E-01 -6.60998E-14  1.62234E-13 -9.01245E-14  3.95746E-13  6.11863E-17  0.00000E+00
  1.465E+02  9.16943E-01 -6.54712E-14  1.58367E-13 -8.93729E-14  3.89713E-13  6.22186E-17  0.00000E+00
  1.470E+02  9.19335E-01 -6.48420E-14  1.54568E-13 -8.85950E-14  3.83688E-13  1.26559E-16  0.00000E+00
  1.475E+02  9.21696E-01 -6.42128E-14  1.50835E-13 -8.77911E-14  3.77673E-13  0.00000E+00  0.00000E+00
  1.480E+02  9.24024E-01 -6.35840E-14  1.47169E-13 -8.69617E-14  3.71667E-13  6.54914E-17  0.00000E+00
  1.485E+02  9.26320E-01 -6.29563E-14  1.43570E-13 -8.61074E-14  3.65669E-13  6.66432E-17  0.00000E+00
  1.490E+02  9.28584E-01 -6.23303E-14  1.40037E-13 -8.52284E-14  3.59680E-13  6.78264E-17  0.00000E+00
  1.495E+02  9.30815E-01 -6.17065E-14  1.36569E-13 -8.43254E-14  3.53699E-13  6.90417E-17  0.00000E+00
  1.500E+02  9.33013E-01 -6.10851E-14  1.33167E-13 -8.33987E-14  3.47727E-13  7.02898E-17  0.00000E+00
  1.505E+02  9.35178E-01 -6.04664E-14  1.29830E-13 -8.24487E-14  3.41763E-13  7.15715E-17  0.00000E+00
  1.510E+02  9.37310E-01 -5.98508E-14  1.26556E-13 -8.14760E-14  3.35808E-13  7.28877E-17  0.00000E+00
  1.515E+02  9.39409E-01 -5.92386E-14  1.23345E-13 -8.04810E-14  3.29860E-13  2.22716E-16  0.00000E+00
  1.520E+02  9.41474E-01 -5.86304E-14  1.20198E-13 -7.94640E-14  3.23920E-13  7.56255E-17  0.00000E+00
  1.525E+02  9.43505E-01 -5.80267E-14  1.17115E-13 -7.84255E-14  3.17989E-13  1.54096E-16  0.00000E+00
  1.530E+02  9.45503E-01 -5.74279E-14  1.14094E-13 -7.73660E-14  3.12065E-13  7.85069E-17  0.00000E+00
  1.535E+02  9.47467E-01 -5.68344E-14  1.11135E-13 -7.62859E-14  3.06148E-13  0.00000E+00  0.00000E+00
  1.540E+02  9.49397E-01 -5.62462E-14  1.08238E-13 -7.51856E-14  3.00239E-13  0.00000E+00  0.00000E+00
  1.545E+02  9.51293E-01 -5.56637E-14  1.05402E-13 -7.40656E-14  2.94338E-13  8.31066E-17  0.00000E+00
  1.550E+02  9.53154E-01 -5.50872E-14  1.02627E-13 -7.29261E-14  2.88444E-13  8.47159E-17  0.00000E+00
  1.555E+02  9.54981E-01 -5.45171E-14  9.99126E-14 -7.17677E-14  2.82556E-13  8.63634E-17  0.00000E+00
  1.560E+02  9.56773E-01 -5.39538E-14  9.72585E-14 -7.05908E-14  2.76676E-13  1.76098E-16  0.00000E+00
  1.565E+02  9.58530E-01 -5.33978E-14  9.46647E-14 -6.93958E-14  2.70803E-13  0.00000E+00  0.00000E+00
  1.570E+02  9.60252E-01 -5.28492E-14  9.21307E-14 -6.81831E-14  2.64936E-13  9.15344E-17  0.00000E+00
  1.575E+02  9.61940E-01 -5.23084E-14  8.96562E-14 -6.69531E-14  2.59077E-13  1.86668E-16  0.00000E+00
  1.580E+02  9.63592E-01 -5.17754E-14  8.72403E-14 -6.57063E-14  2.53223E-13  1.90342E-16  0.00000E+00
  1.585E+02  9.65209E-01 -5.12504E-14  8.48829E-14 -6.44429E-14  2.47376E-13  9.70452E-17  0.00000E+00
  1.590E+02  9.66790E-01 -5.07339E-14  8.25837E-14 -6.31634E-14  2.41535E-13  1.97912E-16  0.00000E+00
  1.595E+02  9.68336E-01 -5.02261E-14  8.03426E-14 -6.18683E-14  2.35701E-13  2.01804E-16  0.00000E+00
  1.600E+02  9.69846E-01 -4.97276E-14  7.81596E-14 -6.05579E-14  2.29872E-13  1.02882E-16  0.00000E+00
  1.605E+02  9.71321E-01 -4.92384E-14  7.60343E-14 -5.92326E-14  2.24049E-13  3.14681E-16  0.00000E+00
  1.610E+02  9.72759E-01 -4.87588E-14  7.39664E-14 -5.78928E-14  2.18232E-13  3.20811E-16  0.00000E+00
  1.615E+02  9.74162E-01 -4.82888E-14  7.19553E-14 -5.65389E-14  2.12420E-13  1.09010E-16  0.00000E+00
  1.620E+02  9.75528E-01 -4.78285E-14  7.00006E-14 -5.51713E-14  2.06614E-13  3.33334E-16  0.00000E+00
  1.625E+02  9.76858E-01 -4.73784E-14  6.81021E-14 -5.37904E-14  2.00813E-13  3.39714E-16  0.00000E+00
  1.630E+02  9.78152E-01 -4.69386E-14  6.62599E-14 -5.23966E-14  1.95017E-13  1.15387E-16  0.00000E+00
  1.635E+02  9.79410E-01 -4.65095E-14  6.44738E-14 -5.09902E-14  1.89227E-13  3.52667E-16  0.00000E+00
  1.640E+02  9.80631E-01 -4.60913E-14  6.27439E-14 -4.95716E-14  1.83441E-13  2.39481E-16  0.00000E+00
  1.645E+02  9.81815E-01 -4.56843E-14  6.10696E-14 -4.81413E-14  1.77660E-13  1.21938E-16  0.00000E+00
  1.650E+02  9.82963E-01 -4.52883E-14  5.94505E-14 -4.66996E-14  1.71883E-13  7.44872E-16  0.00000E+00
  1.655E+02  9.84074E-01 -4.49034E-14  5.78862E-14 -4.52469E-14  1.66111E-13  3.79076E-16  0.00000E+00
  1.660E+02  9.85148E-01 -4.45299E-14  5.63764E-14 -4.37835E-14  1.60343E-13  1.28574E-16  0.00000E+00
  1.665E+02  9.86185E-01 -4.41680E-14  5.49213E-14 -4.23099E-14  1.54580E-13  9.15500E-16  0.00000E+00
  1.670E+02  9.87185E-01 -4.38180E-14  5.35210E-14 -4.08264E-14  1.48820E-13  3.98967E-16  5.36370E-17
  1.675E+02  9.88148E-01 -4.34803E-14  5.21754E-14 -3.93334E-14  1.43064E-13  1.35178E-16  1.07142E-16
  1.680E+02  9.89074E-01 -4.31547E-14  5.08841E-14 -3.78313E-14  1.37312E-13  5.49389E-16  1.07015E-16
  1.685E+02  9.89962E-01 -4.28414E-14  4.96468E-14 -3.63204E-14  1.31564E-13  4.18477E-16  5.34471E-17
  1.690E+02  9.90814E-01 -4.25403E-14  4.84629E-14 -3.48011E-14  1.25819E-13  1.41608E-16  1.06778E-16
  1.695E+02  9.91627E-01 -4.22514E-14  4.73324E-14 -3.32738E-14  1.20077E-13  4.31066E-16  0.00000E+00
  1.700E+02  9.92404E-01 -4.19752E-14  4.62553E-14 -3.17389E-14  1.14339E-13  1.45727E-16  0.00000E+00
  1.705E+02  9.93143E-01 -4.17118E-14  4.52318E-14 -3.01967E-14  1.08603E-13  1.47717E-16  1.06462E-16
  1.710E+02  9.93844E-01 -4.14614E-14  4.42619E-14 -2.86476E-14  1.02870E-13  2.99302E-16  1.06367E-16
  1.715E+02  9.94508E-01 -4.12242E-14  4.33456E-14 -2.70920E-14  9.71405E-14  1.51523E-16  2.12555E-16
  1.720E+02  9.95134E-01 -4.10001E-14  4.24822E-14 -2.55302E-14  9.14130E-14  0.00000E+00  2.65483E-16
  1.725E+02  9.95722E-01 -4.07889E-14  4.16714E-14 -2.39626E-14  8.56880E-14  0.00000E+00  5.30569E-17
  1.730E+02  9.96273E-01 -4.05907E-14  4.09129E-14 -2.23896E-14  7.99653E-14  1.56715E-16  2.12079E-16
  1.735E+02  9.96786E-01 -4.04057E-14  4.02069E-14 -2.08115E-14  7.42447E-14  1.58284E-16  3.17912E-16
  1.740E+02  9.97261E-01 -4.02341E-14  3.95538E-14 -1.92286E-14  6.85260E-14  1.59763E-16  2.64768E-16
  1.745E+02  9.97698E-01 -4.00763E-14  3.89536E-14 -1.76415E-14  6.28091E-14  2.41715E-16  2.11697E-16
  1.750E+02  9.98097E-01 -3.99322E-14  3.84063E-14 -1.60504E-14  5.70939E-14  8.12106E-17  4.76078E-16
  1.755E+02  9.98459E-01 -3.98018E-14  3.79116E-14 -1.44556E-14  5.13802E-14  4.90776E-16  5.28733E-17
  1.760E+02  9.98782E-01 -3.96848E-14  3.74688E-14 -1.28576E-14  4.56679E-14  2.46980E-16  5.81369E-16
  1.765E+02  9.99067E-01 -3.95811E-14  3.70776E-14 -1.12567E-14  3.99567E-14  5.79605E-16  5.81159E-16
  1.770E+02  9.99315E-01 -3.94909E-14  3.67381E-14 -9.65334E-15  3.42467E-14  4.99298E-16  1.58448E-16
  1.775E+02  9.99524E-01 -3.94145E-14  3.64510E-14 -8.04775E-15  2.85375E-14  8.35708E-17  1.16165E-15
  1.780E+02  9.99695E-01 -3.93522E-14  3.62165E-14 -6.44036E-15  2.28291E-14  1.09021E-15  9.50234E-16
  1.785E+02  9.99829E-01 -3.93043E-14  3.60351E-14 -4.83152E-15  1.71213E-14  8.40881E-16  1.47789E-15
  1.790E+02  9.99924E-01 -3.92704E-14  3.59064E-14 -3.22160E-15  1.14139E-14  3.36996E-16  4.90813E-15
  1.795E+02  9.99981E-01 -3.92504E-14  3.58296E-14 -1.61098E-15  5.70688E-15  2.10862E-15  4.85501E-15
  1.800E+02  1.00000E+00 -3.92434E-14  3.58044E-14 -2.26084E-29  8.00867E-29  4.03321E-14  2.79040E-11
