 #  Scattering amplitudes (in cm)      MU=(1-cos(TH))/2
 #  Z =  79,   projectile: electron
 #  Kinetic energy = 3.10000E+06 eV
 #
 # TH (deg)      MU          Re(F)        Im(F)        Re(G)        Im(G)        ERRF         ERRG 
 #-----------------------------------------------------------------------------------------------------------------
  0.000E+00  0.00000E+00  7.08686E-07  1.13336E-07  0.00000E+00  0.00000E+00  3.16533E-08  0.00000E+00
  1.000E-04  7.61557E-13  7.08685E-07  1.13336E-07  5.30930E-13  8.49211E-14  3.16507E-08  2.60708E-07
  1.250E-04  1.18994E-12  7.08685E-07  1.13336E-07  6.63662E-13  1.06151E-13  3.16492E-08  2.60702E-07
  1.500E-04  1.71346E-12  7.08684E-07  1.13336E-07  7.96394E-13  1.27382E-13  3.16474E-08  2.60695E-07
  1.750E-04  2.33225E-12  7.08684E-07  1.13336E-07  9.29126E-13  1.48612E-13  3.16453E-08  2.60686E-07
  2.000E-04  3.04617E-12  7.08683E-07  1.13336E-07  1.06186E-12  1.69842E-13  3.16428E-08  2.60676E-07
  2.250E-04  3.85530E-12  7.08682E-07  1.13336E-07  1.19459E-12  1.91072E-13  3.16400E-08  2.60665E-07
  2.500E-04  4.75964E-12  7.08681E-07  1.13336E-07  1.32732E-12  2.12303E-13  3.16369E-08  2.60652E-07
  2.750E-04  5.75917E-12  7.08681E-07  1.13336E-07  1.46005E-12  2.33533E-13  3.16335E-08  2.60638E-07
  3.000E-04  6.85391E-12  7.08679E-07  1.13336E-07  1.59278E-12  2.54763E-13  3.16297E-08  2.60623E-07
  3.250E-04  8.04379E-12  7.08678E-07  1.13336E-07  1.72551E-12  2.75993E-13  3.16256E-08  2.60606E-07
  3.500E-04  9.32893E-12  7.08677E-07  1.13336E-07  1.85823E-12  2.97224E-13  3.16212E-08  2.60588E-07
  3.750E-04  1.07092E-11  7.08676E-07  1.13336E-07  1.99096E-12  3.18454E-13  3.16165E-08  2.60569E-07
  4.000E-04  1.21847E-11  7.08674E-07  1.13336E-07  2.12369E-12  3.39684E-13  3.16114E-08  2.60548E-07
  4.250E-04  1.37554E-11  7.08673E-07  1.13336E-07  2.25641E-12  3.60914E-13  3.16060E-08  2.60526E-07
  4.500E-04  1.54213E-11  7.08671E-07  1.13336E-07  2.38914E-12  3.82144E-13  3.16003E-08  2.60503E-07
  4.750E-04  1.71823E-11  7.08670E-07  1.13336E-07  2.52186E-12  4.03374E-13  3.15942E-08  2.60478E-07
  5.000E-04  1.90386E-11  7.08668E-07  1.13336E-07  2.65459E-12  4.24604E-13  3.15878E-08  2.60452E-07
  5.250E-04  2.09900E-11  7.08666E-07  1.13336E-07  2.78731E-12  4.45835E-13  3.15811E-08  2.60425E-07
  5.500E-04  2.30367E-11  7.08664E-07  1.13336E-07  2.92003E-12  4.67065E-13  3.15741E-08  2.60396E-07
  5.750E-04  2.51785E-11  7.08662E-07  1.13336E-07  3.05275E-12  4.88295E-13  3.15667E-08  2.60366E-07
  6.000E-04  2.74156E-11  7.08660E-07  1.13335E-07  3.18547E-12  5.09525E-13  3.15590E-08  2.60335E-07
  6.250E-04  2.97478E-11  7.08658E-07  1.13335E-07  3.31819E-12  5.30755E-13  3.15510E-08  2.60302E-07
  6.500E-04  3.21752E-11  7.08656E-07  1.13335E-07  3.45090E-12  5.51985E-13  3.15427E-08  2.60268E-07
  6.750E-04  3.46979E-11  7.08653E-07  1.13335E-07  3.58362E-12  5.73215E-13  3.15340E-08  2.60233E-07
  7.000E-04  3.73157E-11  7.08651E-07  1.13335E-07  3.71633E-12  5.94445E-13  3.15250E-08  2.60197E-07
  7.250E-04  4.00286E-11  7.08648E-07  1.13335E-07  3.84904E-12  6.15675E-13  3.15157E-08  2.60159E-07
  7.500E-04  4.28368E-11  7.08646E-07  1.13335E-07  3.98175E-12  6.36905E-13  3.15061E-08  2.60119E-07
  7.750E-04  4.57402E-11  7.08643E-07  1.13335E-07  4.11446E-12  6.58135E-13  3.14961E-08  2.60079E-07
  8.000E-04  4.87388E-11  7.08640E-07  1.13335E-07  4.24717E-12  6.79365E-13  3.14858E-08  2.60037E-07
  8.250E-04  5.18325E-11  7.08637E-07  1.13335E-07  4.37988E-12  7.00594E-13  3.14752E-08  2.59994E-07
  8.500E-04  5.50215E-11  7.08634E-07  1.13335E-07  4.51258E-12  7.21824E-13  3.14643E-08  2.59949E-07
  8.750E-04  5.83057E-11  7.08631E-07  1.13335E-07  4.64528E-12  7.43054E-13  3.14530E-08  2.59903E-07
  9.000E-04  6.16850E-11  7.08628E-07  1.13335E-07  4.77798E-12  7.64284E-13  3.14414E-08  2.59856E-07
  9.250E-04  6.51595E-11  7.08625E-07  1.13335E-07  4.91068E-12  7.85514E-13  3.14295E-08  2.59807E-07
  9.500E-04  6.87293E-11  7.08621E-07  1.13335E-07  5.04338E-12  8.06743E-13  3.14172E-08  2.59758E-07
  9.750E-04  7.23943E-11  7.08618E-07  1.13335E-07  5.17608E-12  8.27973E-13  3.14047E-08  2.59706E-07
  1.000E-03  7.61544E-11  7.08614E-07  1.13335E-07  5.30877E-12  8.49203E-13  3.13918E-08  2.59654E-07
  1.250E-03  1.18991E-10  7.08574E-07  1.13334E-07  6.63559E-12  1.06150E-12  3.12451E-08  2.59056E-07
  1.500E-03  1.71347E-10  7.08525E-07  1.13333E-07  7.96215E-12  1.27379E-12  3.10664E-08  2.58327E-07
  1.750E-03  2.33223E-10  7.08467E-07  1.13332E-07  9.28842E-12  1.48607E-12  3.08557E-08  2.57466E-07
  2.000E-03  3.04617E-10  7.08400E-07  1.13331E-07  1.06143E-11  1.69836E-12  3.06135E-08  2.56476E-07
  2.250E-03  3.85531E-10  7.08324E-07  1.13330E-07  1.19398E-11  1.91063E-12  3.03402E-08  2.55356E-07
  2.500E-03  4.75965E-10  7.08239E-07  1.13329E-07  1.32649E-11  2.12290E-12  3.00360E-08  2.54109E-07
  2.750E-03  5.75917E-10  7.08146E-07  1.13328E-07  1.45895E-11  2.33516E-12  2.97016E-08  2.52735E-07
  3.000E-03  6.85389E-10  7.08043E-07  1.13326E-07  1.59135E-11  2.54741E-12  2.93373E-08  2.51235E-07
  3.250E-03  8.04380E-10  7.07932E-07  1.13324E-07  1.72369E-11  2.75965E-12  2.89439E-08  2.49612E-07
  3.500E-03  9.32891E-10  7.07811E-07  1.13322E-07  1.85596E-11  2.97188E-12  2.85217E-08  2.47866E-07
  3.750E-03  1.07092E-09  7.07682E-07  1.13320E-07  1.98817E-11  3.18410E-12  2.80715E-08  2.46000E-07
  4.000E-03  1.21847E-09  7.07544E-07  1.13318E-07  2.12030E-11  3.39631E-12  2.75940E-08  2.44016E-07
  4.250E-03  1.37554E-09  7.07397E-07  1.13316E-07  2.25235E-11  3.60851E-12  2.70899E-08  2.41914E-07
  4.500E-03  1.54213E-09  7.07242E-07  1.13313E-07  2.38432E-11  3.82069E-12  2.65599E-08  2.39698E-07
  4.750E-03  1.71823E-09  7.07077E-07  1.13311E-07  2.51620E-11  4.03286E-12  2.60048E-08  2.37369E-07
  5.000E-03  1.90386E-09  7.06904E-07  1.13308E-07  2.64798E-11  4.24502E-12  2.54255E-08  2.34930E-07
  5.250E-03  2.09900E-09  7.06722E-07  1.13305E-07  2.77966E-11  4.45716E-12  2.48229E-08  2.32384E-07
  5.500E-03  2.30367E-09  7.06531E-07  1.13302E-07  2.91124E-11  4.66928E-12  2.41978E-08  2.29732E-07
  5.750E-03  2.51785E-09  7.06332E-07  1.13299E-07  3.04271E-11  4.88139E-12  2.35511E-08  2.26977E-07
  6.000E-03  2.74156E-09  7.06124E-07  1.13296E-07  3.17407E-11  5.09348E-12  2.28839E-08  2.24123E-07
  6.250E-03  2.97478E-09  7.05907E-07  1.13293E-07  3.30531E-11  5.30555E-12  2.21972E-08  2.21171E-07
  6.500E-03  3.21752E-09  7.05682E-07  1.13289E-07  3.43642E-11  5.51760E-12  2.14919E-08  2.18125E-07
  6.750E-03  3.46978E-09  7.05448E-07  1.13285E-07  3.56741E-11  5.72963E-12  2.07692E-08  2.14987E-07
  7.000E-03  3.73156E-09  7.05205E-07  1.13282E-07  3.69826E-11  5.94163E-12  2.00300E-08  2.11761E-07
  7.250E-03  4.00286E-09  7.04954E-07  1.13278E-07  3.82898E-11  6.15362E-12  1.92756E-08  2.08450E-07
  7.500E-03  4.28368E-09  7.04694E-07  1.13274E-07  3.95955E-11  6.36559E-12  1.85070E-08  2.05057E-07
  7.750E-03  4.57402E-09  7.04425E-07  1.13269E-07  4.08998E-11  6.57753E-12  1.77253E-08  2.01585E-07
  8.000E-03  4.87388E-09  7.04148E-07  1.13265E-07  4.22026E-11  6.78945E-12  1.69318E-08  1.98038E-07
  8.250E-03  5.18326E-09  7.03863E-07  1.13261E-07  4.35037E-11  7.00134E-12  1.61275E-08  1.94419E-07
  8.500E-03  5.50215E-09  7.03569E-07  1.13256E-07  4.48033E-11  7.21321E-12  1.53137E-08  1.90731E-07
  8.750E-03  5.83057E-09  7.03267E-07  1.13251E-07  4.61013E-11  7.42505E-12  1.44917E-08  1.86978E-07
  9.000E-03  6.16850E-09  7.02956E-07  1.13246E-07  4.73975E-11  7.63686E-12  1.36625E-08  1.83164E-07
  9.250E-03  6.51596E-09  7.02637E-07  1.13241E-07  4.86920E-11  7.84865E-12  1.28274E-08  1.79292E-07
  9.500E-03  6.87293E-09  7.02309E-07  1.13236E-07  4.99847E-11  8.06041E-12  1.19876E-08  1.75366E-07
  9.750E-03  7.23942E-09  7.01974E-07  1.13231E-07  5.12756E-11  8.27213E-12  1.11444E-08  1.71389E-07
  1.000E-02  7.61544E-09  7.01630E-07  1.13225E-07  5.25646E-11  8.48383E-12  1.02989E-08  1.67365E-07
  1.250E-02  1.18991E-08  6.97742E-07  1.13163E-07  6.53417E-11  1.05990E-11  1.98976E-09  1.25393E-07
  1.500E-02  1.71347E-08  6.93068E-07  1.13088E-07  7.78849E-11  1.27103E-11  5.25288E-09  8.29275E-08
  1.750E-02  2.33223E-08  6.87650E-07  1.12999E-07  9.01555E-11  1.48170E-11  1.04676E-08  4.35730E-08
  2.000E-02  3.04617E-08  6.81538E-07  1.12896E-07  1.02119E-10  1.69183E-11  1.30493E-08  1.03501E-08
  2.250E-02  3.85531E-08  6.74782E-07  1.12780E-07  1.13745E-10  1.90136E-11  1.28394E-08  1.46183E-08
  2.500E-02  4.75965E-08  6.67438E-07  1.12651E-07  1.25008E-10  2.11020E-11  1.01395E-08  3.02996E-08
  2.750E-02  5.75917E-08  6.59564E-07  1.12509E-07  1.35887E-10  2.31830E-11  5.64862E-09  3.67979E-08
  3.000E-02  6.85389E-08  6.51217E-07  1.12354E-07  1.46364E-10  2.52558E-11  3.32450E-10  3.52539E-08
  3.250E-02  8.04380E-08  6.42454E-07  1.12187E-07  1.56427E-10  2.73196E-11  4.75083E-09  2.76169E-08
  3.500E-02  9.32891E-08  6.33332E-07  1.12007E-07  1.66068E-10  2.93740E-11  8.63874E-09  1.63219E-08
  3.750E-02  1.07092E-07  6.23905E-07  1.11815E-07  1.75282E-10  3.14181E-11  1.06330E-08  3.92351E-09
  4.000E-02  1.21847E-07  6.14225E-07  1.11611E-07  1.84067E-10  3.34515E-11  1.04184E-08  7.26288E-09
  4.250E-02  1.37554E-07  6.04342E-07  1.11395E-07  1.92424E-10  3.54735E-11  8.11082E-09  1.54599E-08
  4.500E-02  1.54213E-07  5.94301E-07  1.11168E-07  2.00358E-10  3.74835E-11  4.22530E-09  1.96275E-08
  4.750E-02  1.71823E-07  5.84144E-07  1.10929E-07  2.07875E-10  3.94809E-11  4.29297E-10  1.95377E-08
  5.000E-02  1.90386E-07  5.73912E-07  1.10679E-07  2.14982E-10  4.14653E-11  4.90993E-09  1.57210E-08
  5.250E-02  2.09900E-07  5.63638E-07  1.10418E-07  2.21691E-10  4.34361E-11  8.32311E-09  9.29920E-09
  5.500E-02  2.30367E-07  5.53355E-07  1.10147E-07  2.28010E-10  4.53927E-11  9.99795E-09  1.73794E-09
  5.750E-02  2.51785E-07  5.43092E-07  1.09866E-07  2.33953E-10  4.73348E-11  9.61556E-09  5.43663E-09
  6.000E-02  2.74156E-07  5.32873E-07  1.09575E-07  2.39532E-10  4.92619E-11  7.26964E-09  1.09094E-08
  6.250E-02  2.97478E-07  5.22720E-07  1.09274E-07  2.44759E-10  5.11736E-11  3.44632E-09  1.37910E-08
  6.500E-02  3.21752E-07  5.12654E-07  1.08963E-07  2.49647E-10  5.30693E-11  1.07321E-09  1.37438E-08
  6.750E-02  3.46978E-07  5.02689E-07  1.08644E-07  2.54210E-10  5.49489E-11  5.36862E-09  1.10019E-08
  7.000E-02  3.73156E-07  4.92842E-07  1.08315E-07  2.58461E-10  5.68118E-11  8.56450E-09  6.28804E-09
  7.250E-02  4.00286E-07  4.83123E-07  1.07978E-07  2.62412E-10  5.86578E-11  1.00064E-08  6.47845E-10
  7.500E-02  4.28368E-07  4.73542E-07  1.07633E-07  2.66078E-10  6.04866E-11  9.39377E-09  4.76469E-09
  7.750E-02  4.57402E-07  4.64108E-07  1.07280E-07  2.69470E-10  6.22977E-11  6.84230E-09  8.90975E-09
  8.000E-02  4.87388E-07  4.54828E-07  1.06919E-07  2.72600E-10  6.40911E-11  2.86365E-09  1.10510E-08
  8.250E-02  5.18325E-07  4.45706E-07  1.06551E-07  2.75481E-10  6.58664E-11  1.73562E-09  1.08788E-08
  8.500E-02  5.50215E-07  4.36746E-07  1.06176E-07  2.78123E-10  6.76233E-11  6.01546E-09  8.54726E-09
  8.750E-02  5.83057E-07  4.27953E-07  1.05794E-07  2.80539E-10  6.93618E-11  9.09266E-09  4.62207E-09
  9.000E-02  6.16850E-07  4.19326E-07  1.05405E-07  2.82738E-10  7.10815E-11  1.03218E-08  4.70528E-11
  9.250E-02  6.51596E-07  4.10869E-07  1.05010E-07  2.84731E-10  7.27823E-11  9.42965E-09  4.50305E-09
  9.500E-02  6.87293E-07  4.02580E-07  1.04609E-07  2.86527E-10  7.44641E-11  6.57589E-09  7.87135E-09
  9.750E-02  7.23942E-07  3.94461E-07  1.04203E-07  2.88137E-10  7.61266E-11  2.32547E-09  9.52660E-09
  1.000E-01  7.61543E-07  3.86511E-07  1.03791E-07  2.89569E-10  7.77699E-11  2.46187E-09  9.20510E-09
  1.250E-01  1.18991E-06  3.15891E-07  9.94256E-08  2.95828E-10  9.31246E-11  1.13818E-08  1.00296E-09
  1.500E-01  1.71347E-06  2.59627E-07  9.47733E-08  2.91765E-10  1.06521E-10  4.36047E-10  7.50765E-09
  1.750E-01  2.33223E-06  2.14923E-07  9.00168E-08  2.81783E-10  1.18039E-10  1.35411E-08  1.08769E-09
  2.000E-01  3.04617E-06  1.79306E-07  8.52892E-08  2.68672E-10  1.27817E-10  4.53783E-09  6.49966E-09
  2.250E-01  3.85531E-06  1.50781E-07  8.06814E-08  2.54172E-10  1.36027E-10  1.49274E-08  2.74680E-09
  2.500E-01  4.75964E-06  1.27782E-07  7.62515E-08  2.39335E-10  1.42844E-10  9.81504E-09  5.46851E-09
  2.750E-01  5.75916E-06  1.09090E-07  7.20331E-08  2.24758E-10  1.48437E-10  1.47784E-08  4.12980E-09
  3.000E-01  6.85388E-06  9.37627E-08  6.80418E-08  2.10742E-10  1.52961E-10  1.58263E-08  4.22805E-09
  3.250E-01  8.04378E-06  8.10735E-08  6.42815E-08  1.97406E-10  1.56551E-10  1.25640E-08  5.20292E-09
  3.500E-01  9.32888E-06  7.04623E-08  6.07480E-08  1.84767E-10  1.59328E-10  2.18860E-08  2.76864E-09
  3.750E-01  1.07092E-05  6.14996E-08  5.74324E-08  1.72783E-10  1.61393E-10  8.04843E-09  5.91032E-09
  4.000E-01  1.21846E-05  5.38561E-08  5.43232E-08  1.61396E-10  1.62834E-10  2.72126E-08  1.15145E-09
  4.250E-01  1.37553E-05  4.72793E-08  5.14076E-08  1.50541E-10  1.63727E-10  1.27533E-09  6.21261E-09
  4.500E-01  1.54212E-05  4.15751E-08  4.86727E-08  1.40165E-10  1.64138E-10  3.10155E-08  5.36863E-10
  4.750E-01  1.71822E-05  3.65939E-08  4.61061E-08  1.30225E-10  1.64122E-10  7.46077E-09  6.09017E-09
  5.000E-01  1.90385E-05  3.22190E-08  4.36960E-08  1.20689E-10  1.63731E-10  3.25444E-08  2.19996E-09
  5.250E-01  2.09899E-05  2.83589E-08  4.14316E-08  1.11540E-10  1.63011E-10  1.76193E-08  5.54209E-09
  5.500E-01  2.30365E-05  2.49406E-08  3.93028E-08  1.02765E-10  1.62000E-10  3.11459E-08  3.73587E-09
  5.750E-01  2.51783E-05  2.19054E-08  3.73006E-08  9.43602E-11  1.60738E-10  2.84120E-08  4.58903E-09
  6.000E-01  2.74153E-05  1.92049E-08  3.54166E-08  8.63226E-11  1.59257E-10  2.63476E-08  5.04041E-09
  6.250E-01  2.97475E-05  1.67988E-08  3.36432E-08  7.86520E-11  1.57588E-10  3.88266E-08  3.27801E-09
  6.500E-01  3.21749E-05  1.46531E-08  3.19734E-08  7.13479E-11  1.55758E-10  1.79551E-08  6.01420E-09
  6.750E-01  3.46974E-05  1.27384E-08  3.04007E-08  6.44085E-11  1.53795E-10  4.76944E-08  1.68541E-09
  7.000E-01  3.73152E-05  1.10294E-08  2.89191E-08  5.78303E-11  1.51720E-10  6.13789E-09  6.57271E-09
  7.250E-01  4.00281E-05  9.50379E-09  2.75230E-08  5.16078E-11  1.49554E-10  5.38038E-08  8.45203E-11
  7.500E-01  4.28362E-05  8.14176E-09  2.62073E-08  4.57332E-11  1.47317E-10  8.52234E-09  6.65696E-09
  7.750E-01  4.57395E-05  6.92586E-09  2.49669E-08  4.01968E-11  1.45024E-10  5.60421E-08  1.90599E-09
  8.000E-01  4.87380E-05  5.84044E-09  2.37972E-08  3.49869E-11  1.42691E-10  2.50376E-08  6.24218E-09
  8.250E-01  5.18317E-05  4.87152E-09  2.26939E-08  3.00906E-11  1.40330E-10  5.35427E-08  3.64191E-09
  8.500E-01  5.50205E-05  4.00662E-09  2.16529E-08  2.54936E-11  1.37952E-10  4.20750E-08  5.34270E-09
  8.750E-01  5.83045E-05  3.23453E-09  2.06704E-08  2.11810E-11  1.35566E-10  4.58147E-08  5.15603E-09
  9.000E-01  6.16838E-05  2.54522E-09  1.97425E-08  1.71374E-11  1.33182E-10  5.80655E-08  4.01239E-09
  9.250E-01  6.51582E-05  1.92971E-09  1.88659E-08  1.33471E-11  1.30806E-10  3.28359E-08  6.32512E-09
  9.500E-01  6.87277E-05  1.38000E-09  1.80374E-08  9.79443E-12  1.28443E-10  7.13464E-08  2.34112E-09
  9.750E-01  7.23925E-05  8.88934E-10  1.72540E-08  6.46421E-12  1.26098E-10  1.51021E-08  7.04980E-09
  1.000E+00  7.61524E-05  4.50118E-10  1.65126E-08  3.34156E-12  1.23776E-10  3.30767E-12  3.26456E-13
  1.100E+00  9.21439E-05 -8.87138E-10  1.39176E-08 -7.34799E-12  1.14762E-10  1.56202E-12  5.78775E-13
  1.200E+00  1.09658E-04 -1.74409E-09  1.18113E-08 -1.57230E-11  1.06252E-10  4.19828E-14  5.34263E-13
  1.300E+00  1.28695E-04 -2.29252E-09  1.00832E-08 -2.23769E-11  9.82692E-11  9.33446E-13  3.52346E-13
  1.400E+00  1.49255E-04 -2.63836E-09  8.65055E-09 -2.77275E-11  9.07958E-11  1.29788E-12  1.45839E-13
  1.500E+00  1.71338E-04 -2.84761E-09  7.45175E-09 -3.20610E-11  8.38029E-11  1.15894E-12  1.87922E-14
  1.600E+00  1.94942E-04 -2.96230E-09  6.44049E-09 -3.55742E-11  7.72615E-11  7.16469E-13  1.13886E-13
  1.700E+00  2.20070E-04 -3.01011E-09  5.58166E-09 -3.84073E-11  7.11459E-11  1.86590E-13  1.40546E-13
  1.800E+00  2.46720E-04 -3.01001E-09  4.84821E-09 -4.06656E-11  6.54340E-11  2.55051E-13  1.16455E-13
  1.900E+00  2.74892E-04 -2.97545E-09  4.21893E-09 -4.24329E-11  6.01057E-11  5.04826E-13  6.64074E-14
  2.000E+00  3.04586E-04 -2.91629E-09  3.67693E-09 -4.37795E-11  5.51421E-11  5.40005E-13  1.24420E-14
  2.100E+00  3.35803E-04 -2.83992E-09  3.20852E-09 -4.47664E-11  5.05239E-11  4.02962E-13  2.85737E-14
  2.200E+00  3.68542E-04 -2.75190E-09  2.80248E-09 -4.54467E-11  4.62318E-11  1.73688E-13  4.90058E-14
  2.300E+00  4.02802E-04 -2.65650E-09  2.44951E-09 -4.58676E-11  4.22458E-11  5.82954E-14  4.90317E-14
  2.400E+00  4.38585E-04 -2.55692E-09  2.14187E-09 -4.60702E-11  3.85457E-11  2.23992E-13  3.46466E-14
  2.500E+00  4.75889E-04 -2.45557E-09  1.87303E-09 -4.60903E-11  3.51115E-11  2.86982E-13  1.36195E-14
  2.600E+00  5.14715E-04 -2.35426E-09  1.63753E-09 -4.59589E-11  3.19236E-11  2.49260E-13  6.32188E-15
  2.700E+00  5.55063E-04 -2.25428E-09  1.43071E-09 -4.57024E-11  2.89632E-11  1.42013E-13  1.92961E-14
  2.800E+00  5.96931E-04 -2.15655E-09  1.24865E-09 -4.53433E-11  2.62122E-11  1.02536E-14  2.36485E-14
  2.900E+00  6.40321E-04 -2.06173E-09  1.08802E-09 -4.49006E-11  2.36539E-11  1.01264E-13  1.99234E-14
  3.000E+00  6.85233E-04 -1.97022E-09  9.45975E-10 -4.43900E-11  2.12727E-11  1.62565E-13  1.04668E-14
  3.100E+00  7.31665E-04 -1.88226E-09  8.20100E-10 -4.38249E-11  1.90543E-11  1.62867E-13  5.92197E-16
  3.200E+00  7.79618E-04 -1.79800E-09  7.08331E-10 -4.32162E-11  1.69854E-11  1.11859E-13  7.34169E-15
  3.300E+00  8.29092E-04 -1.71746E-09  6.08899E-10 -4.25732E-11  1.50541E-11  3.44429E-14  1.20790E-14
  3.400E+00  8.80086E-04 -1.64062E-09  5.20289E-10 -4.19034E-11  1.32494E-11  4.20286E-14  1.15919E-14
  3.500E+00  9.32601E-04 -1.56739E-09  4.41197E-10 -4.12132E-11  1.15617E-11  9.33680E-14  7.80957E-15
  3.600E+00  9.86636E-04 -1.49767E-09  3.70499E-10 -4.05079E-11  9.98179E-12  1.08375E-13  2.16567E-15
  3.700E+00  1.04219E-03 -1.43133E-09  3.07222E-10 -3.97917E-11  8.50173E-12  8.63301E-14  2.86337E-15
  3.800E+00  1.09927E-03 -1.36824E-09  2.50523E-10 -3.90683E-11  7.11416E-12  4.13338E-14  5.99711E-15
  3.900E+00  1.15786E-03 -1.30824E-09  1.99667E-10 -3.83409E-11  5.81243E-12  1.13687E-14  7.33010E-15
  4.000E+00  1.21797E-03 -1.25120E-09  1.54016E-10 -3.76118E-11  4.59049E-12  5.30292E-14  5.91022E-15
  4.100E+00  1.27961E-03 -1.19696E-09  1.13009E-10 -3.68833E-11  3.44284E-12  7.27178E-14  2.97199E-15
  4.200E+00  1.34276E-03 -1.14538E-09  7.61551E-11 -3.61571E-11  2.36448E-12  6.63242E-14  6.28103E-16
  4.300E+00  1.40743E-03 -1.09632E-09  4.30218E-11 -3.54348E-11  1.35080E-12  4.04746E-14  3.13984E-15
  4.400E+00  1.47362E-03 -1.04965E-09  1.32279E-11 -3.47177E-11  3.97598E-13  4.66994E-15  4.41839E-15
  4.500E+00  1.54133E-03 -1.00524E-09 -1.35637E-11 -3.40067E-11 -4.98982E-13  2.81507E-14  4.21650E-15
  4.600E+00  1.61056E-03 -9.62973E-10 -3.76521E-11 -3.33028E-11 -1.34250E-12  4.80772E-14  2.59874E-15
  4.700E+00  1.68131E-03 -9.22726E-10 -5.93032E-11 -3.26068E-11 -2.13624E-12  4.99466E-14  6.21266E-16
  4.800E+00  1.75357E-03 -8.84393E-10 -7.87537E-11 -3.19193E-11 -2.88325E-12  3.59122E-14  1.54611E-15
  4.900E+00  1.82735E-03 -8.47873E-10 -9.62150E-11 -3.12407E-11 -3.58632E-12  1.17980E-14  2.84857E-15
  5.000E+00  1.90265E-03 -8.13066E-10 -1.11876E-10 -3.05716E-11 -4.24809E-12  1.30120E-14  2.40370E-15
  5.100E+00  1.97947E-03 -7.79883E-10 -1.25907E-10 -2.99123E-11 -4.87097E-12  3.09524E-14  2.09713E-15
  5.200E+00  2.05780E-03 -7.48236E-10 -1.38459E-10 -2.92631E-11 -5.45723E-12  3.75586E-14  1.20856E-15
  5.300E+00  2.13765E-03 -7.18044E-10 -1.49670E-10 -2.86242E-11 -6.00899E-12  3.10931E-14  3.87234E-16
  5.400E+00  2.21902E-03 -6.89230E-10 -1.59662E-10 -2.79957E-11 -6.52822E-12  1.54400E-14  1.86251E-15
  5.500E+00  2.30190E-03 -6.61722E-10 -1.68547E-10 -2.73779E-11 -7.01675E-12  3.40671E-15  1.97224E-15
  5.600E+00  2.38630E-03 -6.35452E-10 -1.76426E-10 -2.67707E-11 -7.47632E-12  1.89477E-14  1.72718E-15
  5.700E+00  2.47222E-03 -6.10356E-10 -1.83389E-10 -2.61742E-11 -7.90855E-12  2.68985E-14  8.32472E-16
  5.800E+00  2.55965E-03 -5.86374E-10 -1.89519E-10 -2.55885E-11 -8.31496E-12  2.55341E-14  1.60599E-16
  5.900E+00  2.64859E-03 -5.63448E-10 -1.94890E-10 -2.50135E-11 -8.69697E-12  1.64776E-14  9.30054E-16
  6.000E+00  2.73905E-03 -5.41525E-10 -1.99570E-10 -2.44492E-11 -9.05592E-12  2.45862E-15  1.49704E-15
  6.100E+00  2.83103E-03 -5.20554E-10 -2.03620E-10 -2.38956E-11 -9.39306E-12  1.07557E-14  1.30198E-15
  6.200E+00  2.92452E-03 -5.00487E-10 -2.07097E-10 -2.33524E-11 -9.70959E-12  1.89885E-14  1.25886E-15
  6.300E+00  3.01952E-03 -4.81280E-10 -2.10051E-10 -2.28198E-11 -1.00066E-11  2.05963E-14  1.35315E-16
  6.400E+00  3.11604E-03 -4.62889E-10 -2.12528E-10 -2.22975E-11 -1.02852E-11  1.51809E-14  3.92921E-16
  6.500E+00  3.21407E-03 -4.45275E-10 -2.14572E-10 -2.17854E-11 -1.05463E-11  5.70601E-15  1.14153E-15
  6.600E+00  3.31362E-03 -4.28399E-10 -2.16220E-10 -2.12834E-11 -1.07908E-11  4.99781E-15  1.10601E-15
  6.700E+00  3.41468E-03 -4.12226E-10 -2.17507E-10 -2.07914E-11 -1.10197E-11  1.25777E-14  8.33870E-16
  6.800E+00  3.51725E-03 -3.96722E-10 -2.18466E-10 -2.03092E-11 -1.12338E-11  1.53002E-14  3.46581E-16
  6.900E+00  3.62133E-03 -3.81855E-10 -2.19126E-10 -1.98367E-11 -1.14338E-11  1.31008E-14  2.24178E-16
  7.000E+00  3.72692E-03 -3.67594E-10 -2.19514E-10 -1.93736E-11 -1.16205E-11  6.97183E-15  5.44002E-16
  7.100E+00  3.83403E-03 -3.53911E-10 -2.19655E-10 -1.89199E-11 -1.17946E-11  1.09807E-15  6.33918E-16
  7.200E+00  3.94265E-03 -3.40778E-10 -2.19571E-10 -1.84754E-11 -1.19567E-11  8.00212E-15  7.18473E-16
  7.300E+00  4.05278E-03 -3.28170E-10 -2.19282E-10 -1.80399E-11 -1.21075E-11  1.19269E-14  4.98753E-16
  7.400E+00  4.16442E-03 -3.16063E-10 -2.18807E-10 -1.76132E-11 -1.22475E-11  1.10938E-14  0.00000E+00
  7.500E+00  4.27757E-03 -3.04433E-10 -2.18164E-10 -1.71952E-11 -1.23773E-11  7.03115E-15  3.77297E-16
  7.600E+00  4.39223E-03 -2.93258E-10 -2.17368E-10 -1.67857E-11 -1.24974E-11  1.27300E-15  6.42416E-16
  7.700E+00  4.50840E-03 -2.82519E-10 -2.16434E-10 -1.63845E-11 -1.26083E-11  4.18253E-15  5.35944E-16
  7.800E+00  4.62608E-03 -2.72195E-10 -2.15376E-10 -1.59915E-11 -1.27105E-11  8.29711E-15  4.34849E-16
  7.900E+00  4.74527E-03 -2.62267E-10 -2.14205E-10 -1.56065E-11 -1.28044E-11  9.11153E-15  1.69413E-16
  8.000E+00  4.86597E-03 -2.52718E-10 -2.12932E-10 -1.52293E-11 -1.28904E-11  6.73096E-15  1.65058E-16
  8.100E+00  4.98817E-03 -2.43531E-10 -2.11568E-10 -1.48598E-11 -1.29690E-11  2.51288E-15  3.21732E-16
  8.200E+00  5.11188E-03 -2.34691E-10 -2.10123E-10 -1.44977E-11 -1.30405E-11  2.04195E-15  4.70491E-16
  8.300E+00  5.23711E-03 -2.26182E-10 -2.08605E-10 -1.41430E-11 -1.31052E-11  5.70968E-15  1.52942E-16
  8.400E+00  5.36383E-03 -2.17989E-10 -2.07021E-10 -1.37954E-11 -1.31636E-11  7.25520E-15  2.98389E-16
  8.500E+00  5.49207E-03 -2.10100E-10 -2.05380E-10 -1.34549E-11 -1.32158E-11  6.32232E-15  0.00000E+00
  8.600E+00  5.62181E-03 -2.02500E-10 -2.03688E-10 -1.31212E-11 -1.32623E-11  3.45647E-15  4.26285E-16
  8.700E+00  5.75306E-03 -1.95178E-10 -2.01951E-10 -1.27942E-11 -1.33033E-11  2.41098E-16  2.77461E-16
  8.800E+00  5.88581E-03 -1.88123E-10 -2.00175E-10 -1.24738E-11 -1.33391E-11  3.41483E-15  1.35483E-16
  8.900E+00  6.02007E-03 -1.81322E-10 -1.98364E-10 -1.21598E-11 -1.33700E-11  5.40742E-15  1.32345E-16
  9.000E+00  6.15583E-03 -1.74765E-10 -1.96525E-10 -1.18521E-11 -1.33961E-11  5.28474E-15  0.00000E+00
  9.100E+00  6.29310E-03 -1.68443E-10 -1.94660E-10 -1.15505E-11 -1.34177E-11  3.51738E-15  1.26384E-16
  9.200E+00  6.43187E-03 -1.62344E-10 -1.92774E-10 -1.12549E-11 -1.34350E-11  8.59825E-16  2.47100E-16
  9.300E+00  6.57214E-03 -1.56462E-10 -1.90871E-10 -1.09652E-11 -1.34484E-11  1.99724E-15  1.20809E-16
  9.400E+00  6.71392E-03 -1.50785E-10 -1.88955E-10 -1.06811E-11 -1.34578E-11  3.80483E-15  1.18156E-16
  9.500E+00  6.85720E-03 -1.45307E-10 -1.87027E-10 -1.04027E-11 -1.34636E-11  4.22612E-15  0.00000E+00
  9.600E+00  7.00198E-03 -1.40019E-10 -1.85092E-10 -1.01297E-11 -1.34659E-11  3.24985E-15  0.00000E+00
  9.700E+00  7.14827E-03 -1.34914E-10 -1.83151E-10 -9.86212E-12 -1.34649E-11  1.44608E-15  1.10693E-16
  9.800E+00  7.29605E-03 -1.29984E-10 -1.81207E-10 -9.59973E-12 -1.34607E-11  8.49555E-16  2.16717E-16
  9.900E+00  7.44534E-03 -1.25223E-10 -1.79262E-10 -9.34244E-12 -1.34536E-11  2.49604E-15  1.06096E-16
  1.000E+01  7.59612E-03 -1.20623E-10 -1.77319E-10 -9.09014E-12 -1.34436E-11  3.35057E-15  0.00000E+00
  1.025E+01  7.97965E-03 -1.09792E-10 -1.72476E-10 -8.48053E-12 -1.34070E-11  7.74667E-16  9.86990E-17
  1.050E+01  8.37255E-03 -9.98436E-11 -1.67677E-10 -7.89974E-12 -1.33555E-11  2.45740E-15  0.00000E+00
  1.075E+01  8.77480E-03 -9.06963E-11 -1.62938E-10 -7.34620E-12 -1.32908E-11  8.58475E-16  8.93778E-17
  1.100E+01  9.18641E-03 -8.22776E-11 -1.58276E-10 -6.81844E-12 -1.32146E-11  1.63763E-15  0.00000E+00
  1.125E+01  9.60736E-03 -7.45225E-11 -1.53702E-10 -6.31506E-12 -1.31282E-11  9.95024E-16  0.00000E+00
  1.150E+01  1.00376E-02 -6.73722E-11 -1.49225E-10 -5.83475E-12 -1.30328E-11  1.22271E-15  0.00000E+00
  1.175E+01  1.04773E-02 -6.07745E-11 -1.44850E-10 -5.37628E-12 -1.29297E-11  9.09795E-16  0.00000E+00
  1.200E+01  1.09262E-02 -5.46818E-11 -1.40583E-10 -4.93851E-12 -1.28197E-11  6.84493E-16  7.10277E-17
  1.225E+01  1.13844E-02 -4.90514E-11 -1.36427E-10 -4.52035E-12 -1.27038E-11  6.56010E-16  0.00000E+00
  1.250E+01  1.18520E-02 -4.38448E-11 -1.32383E-10 -4.12079E-12 -1.25827E-11  3.43223E-16  6.52031E-17
  1.275E+01  1.23288E-02 -3.90269E-11 -1.28452E-10 -3.73887E-12 -1.24572E-11  4.94227E-16  0.00000E+00
  1.300E+01  1.28150E-02 -3.45663E-11 -1.24634E-10 -3.37370E-12 -1.23278E-11  1.58271E-16  6.00476E-17
  1.325E+01  1.33104E-02 -3.04340E-11 -1.20928E-10 -3.02443E-12 -1.21952E-11  3.55057E-16  2.88447E-17
  1.350E+01  1.38150E-02 -2.66042E-11 -1.17333E-10 -2.69027E-12 -1.20599E-11  4.88014E-17  8.31946E-17
  1.375E+01  1.43290E-02 -2.30529E-11 -1.13847E-10 -2.37048E-12 -1.19223E-11  2.11435E-16  0.00000E+00
  1.400E+01  1.48521E-02 -1.97586E-11 -1.10468E-10 -2.06435E-12 -1.17827E-11  2.26338E-17  5.13685E-17
  1.425E+01  1.53845E-02 -1.67016E-11 -1.07195E-10 -1.77123E-12 -1.16417E-11  2.18202E-17  0.00000E+00
  1.450E+01  1.59262E-02 -1.38637E-11 -1.04024E-10 -1.49047E-12 -1.14995E-11  4.20980E-17  2.38485E-17
  1.475E+01  1.64770E-02 -1.12287E-11 -1.00953E-10 -1.22151E-12 -1.13564E-11  6.09515E-17  2.30010E-17
  1.500E+01  1.70371E-02 -8.78128E-12 -9.79798E-11 -9.63787E-13 -1.12126E-11  7.84887E-17  1.10982E-17
  1.525E+01  1.76063E-02 -6.50773E-12 -9.51009E-11 -7.16771E-13 -1.10685E-11  1.13769E-16  0.00000E+00
  1.550E+01  1.81848E-02 -4.39538E-12 -9.23139E-11 -4.79970E-13 -1.09242E-11  1.64998E-16  1.03521E-17
  1.575E+01  1.87724E-02 -2.43253E-12 -8.96160E-11 -2.52918E-13 -1.07799E-11  1.33011E-16  1.50088E-17
  1.600E+01  1.93692E-02 -6.08549E-13 -8.70044E-11 -3.51709E-14 -1.06357E-11  2.29579E-16  8.46656E-18
  1.625E+01  1.99751E-02  1.08648E-12 -8.44764E-11  1.73689E-13 -1.04919E-11  1.05960E-16  2.34042E-18
  1.650E+01  2.05901E-02  2.66157E-12 -8.20293E-11  3.74057E-13 -1.03486E-11  2.85821E-16  4.53086E-18
  1.675E+01  2.12143E-02  4.12509E-12 -7.96604E-11  5.66310E-13 -1.02058E-11  6.24294E-17  0.00000E+00
  1.700E+01  2.18476E-02  5.48482E-12 -7.73671E-11  7.50802E-13 -1.00638E-11  3.32952E-16  1.70036E-17
  1.725E+01  2.24900E-02  6.74776E-12 -7.51468E-11  9.27871E-13 -9.92258E-12  2.93634E-17  0.00000E+00
  1.750E+01  2.31415E-02  7.92067E-12 -7.29972E-11  1.09784E-12 -9.78223E-12  3.56221E-16  1.59803E-17
  1.775E+01  2.38021E-02  9.00942E-12 -7.09157E-11  1.26100E-12 -9.64284E-12  8.30067E-17  1.55014E-17
  1.800E+01  2.44717E-02  1.00199E-11 -6.89000E-11  1.41766E-12 -9.50448E-12  3.49375E-16  0.00000E+00
  1.825E+01  2.51504E-02  1.09571E-11 -6.69479E-11  1.56807E-12 -9.36722E-12  1.56684E-16  2.92065E-17
  1.850E+01  2.58382E-02  1.18260E-11 -6.50571E-11  1.71251E-12 -9.23110E-12  3.55379E-16  0.00000E+00
  1.875E+01  2.65349E-02  1.26311E-11 -6.32255E-11  1.85122E-12 -9.09617E-12  1.48104E-16  2.75552E-17
  1.900E+01  2.72407E-02  1.33765E-11 -6.14511E-11  1.98444E-12 -8.96247E-12  2.40117E-16  0.00000E+00
  1.925E+01  2.79555E-02  1.40662E-11 -5.97318E-11  2.11238E-12 -8.83003E-12  2.33659E-16  0.00000E+00
  1.950E+01  2.86793E-02  1.47036E-11 -5.80657E-11  2.23526E-12 -8.69889E-12  2.27452E-16  0.00000E+00
  1.975E+01  2.94120E-02  1.52922E-11 -5.64511E-11  2.35330E-12 -8.56907E-12  2.21484E-16  0.00000E+00
  2.000E+01  3.01537E-02  1.58352E-11 -5.48860E-11  2.46667E-12 -8.44060E-12  1.29446E-16  0.00000E+00
  2.025E+01  3.09043E-02  1.63353E-11 -5.33688E-11  2.57556E-12 -8.31348E-12  2.52261E-16  0.00000E+00
  2.050E+01  3.16639E-02  1.67954E-11 -5.18977E-11  2.68016E-12 -8.18774E-12  4.09794E-17  0.00000E+00
  2.075E+01  3.24324E-02  1.72179E-11 -5.04713E-11  2.78063E-12 -8.06338E-12  2.79680E-16  0.00000E+00
  2.100E+01  3.32098E-02  1.76052E-11 -4.90879E-11  2.87712E-12 -7.94042E-12  3.89663E-17  0.00000E+00
  2.125E+01  3.39961E-02  1.79595E-11 -4.77461E-11  2.96979E-12 -7.81885E-12  3.04110E-16  0.00000E+00
  2.150E+01  3.47912E-02  1.82829E-11 -4.64444E-11  3.05880E-12 -7.69869E-12  7.41900E-17  0.00000E+00
  2.175E+01  3.55952E-02  1.85774E-11 -4.51814E-11  3.14427E-12 -7.57994E-12  2.17250E-16  0.00000E+00
  2.200E+01  3.64081E-02  1.88446E-11 -4.39559E-11  3.22634E-12 -7.46259E-12  1.41410E-16  0.00000E+00
  2.225E+01  3.72297E-02  1.90862E-11 -4.27665E-11  3.30514E-12 -7.34664E-12  2.07156E-16  0.00000E+00
  2.250E+01  3.80602E-02  1.93040E-11 -4.16120E-11  3.38080E-12 -7.23210E-12  2.02365E-16  0.00000E+00
  2.275E+01  3.88995E-02  1.94992E-11 -4.04913E-11  3.45342E-12 -7.11894E-12  2.63647E-16  0.00000E+00
  2.300E+01  3.97476E-02  1.96734E-11 -3.94031E-11  3.52312E-12 -7.00718E-12  1.28839E-16  0.00000E+00
  2.325E+01  4.06044E-02  1.98278E-11 -3.83465E-11  3.59001E-12 -6.89680E-12  1.88930E-16  0.00000E+00
  2.350E+01  4.14700E-02  1.99636E-11 -3.73203E-11  3.65419E-12 -6.78780E-12  1.23161E-16  0.00000E+00
  2.375E+01  4.23443E-02  2.00819E-11 -3.63236E-11  3.71576E-12 -6.68016E-12  6.02295E-17  0.00000E+00
  2.400E+01  4.32273E-02  2.01839E-11 -3.53553E-11  3.77481E-12 -6.57388E-12  1.76765E-16  0.00000E+00
  2.425E+01  4.41190E-02  2.02705E-11 -3.44145E-11  3.83143E-12 -6.46894E-12  1.15310E-16  0.00000E+00
  2.450E+01  4.50194E-02  2.03427E-11 -3.35004E-11  3.88572E-12 -6.36533E-12  0.00000E+00  0.00000E+00
  2.475E+01  4.59284E-02  2.04013E-11 -3.26119E-11  3.93774E-12 -6.26305E-12  0.00000E+00  0.00000E+00
  2.500E+01  4.68461E-02  2.04473E-11 -3.17484E-11  3.98759E-12 -6.16208E-12  0.00000E+00  0.00000E+00
  2.550E+01  4.87074E-02  2.05041E-11 -3.00929E-11  4.08107E-12 -5.96403E-12  0.00000E+00  0.00000E+00
  2.600E+01  5.06030E-02  2.05188E-11 -2.85276E-11  4.16671E-12 -5.77106E-12  0.00000E+00  0.00000E+00
  2.650E+01  5.25328E-02  2.04966E-11 -2.70469E-11  4.24506E-12 -5.58308E-12  0.00000E+00  0.00000E+00
  2.700E+01  5.44967E-02  2.04419E-11 -2.56456E-11  4.31660E-12 -5.39996E-12  0.00000E+00  0.00000E+00
  2.750E+01  5.64946E-02  2.03586E-11 -2.43187E-11  4.38179E-12 -5.22160E-12  0.00000E+00  0.00000E+00
  2.800E+01  5.85262E-02  2.02503E-11 -2.30618E-11  4.44105E-12 -5.04788E-12  0.00000E+00  0.00000E+00
  2.850E+01  6.05914E-02  2.01202E-11 -2.18705E-11  4.49478E-12 -4.87869E-12  0.00000E+00  0.00000E+00
  2.900E+01  6.26901E-02  1.99710E-11 -2.07409E-11  4.54332E-12 -4.71391E-12  0.00000E+00  0.00000E+00
  2.950E+01  6.48222E-02  1.98052E-11 -1.96694E-11  4.58703E-12 -4.55343E-12  0.00000E+00  0.00000E+00
  3.000E+01  6.69873E-02  1.96250E-11 -1.86526E-11  4.62620E-12 -4.39714E-12  0.00000E+00  0.00000E+00
  3.050E+01  6.91854E-02  1.94324E-11 -1.76872E-11  4.66113E-12 -4.24492E-12  0.00000E+00  0.00000E+00
  3.100E+01  7.14163E-02  1.92292E-11 -1.67703E-11  4.69209E-12 -4.09666E-12  0.00000E+00  0.00000E+00
  3.150E+01  7.36799E-02  1.90169E-11 -1.58991E-11  4.71933E-12 -3.95226E-12  0.00000E+00  0.00000E+00
  3.200E+01  7.59760E-02  1.87969E-11 -1.50711E-11  4.74309E-12 -3.81162E-12  0.00000E+00  0.00000E+00
  3.250E+01  7.83043E-02  1.85705E-11 -1.42838E-11  4.76357E-12 -3.67462E-12  0.00000E+00  0.00000E+00
  3.300E+01  8.06647E-02  1.83388E-11 -1.35349E-11  4.78099E-12 -3.54117E-12  0.00000E+00  0.00000E+00
  3.350E+01  8.30571E-02  1.81027E-11 -1.28223E-11  4.79554E-12 -3.41117E-12  0.00000E+00  0.00000E+00
  3.400E+01  8.54812E-02  1.78632E-11 -1.21441E-11  4.80738E-12 -3.28453E-12  0.00000E+00  0.00000E+00
  3.450E+01  8.79369E-02  1.76211E-11 -1.14983E-11  4.81670E-12 -3.16115E-12  0.00000E+00  0.00000E+00
  3.500E+01  9.04240E-02  1.73769E-11 -1.08833E-11  4.82364E-12 -3.04093E-12  0.00000E+00  0.00000E+00
  3.550E+01  9.29422E-02  1.71315E-11 -1.02974E-11  4.82835E-12 -2.92380E-12  0.00000E+00  0.00000E+00
  3.600E+01  9.54915E-02  1.68854E-11 -9.73901E-12  4.83097E-12 -2.80967E-12  0.00000E+00  0.00000E+00
  3.650E+01  9.80716E-02  1.66389E-11 -9.20676E-12  4.83162E-12 -2.69844E-12  0.00000E+00  0.00000E+00
  3.700E+01  1.00682E-01  1.63926E-11 -8.69927E-12  4.83042E-12 -2.59006E-12  0.00000E+00  0.00000E+00
  3.750E+01  1.03323E-01  1.61469E-11 -8.21528E-12  4.82749E-12 -2.48442E-12  0.00000E+00  0.00000E+00
  3.800E+01  1.05995E-01  1.59021E-11 -7.75359E-12  4.82293E-12 -2.38146E-12  0.00000E+00  0.00000E+00
  3.850E+01  1.08696E-01  1.56586E-11 -7.31306E-12  4.81684E-12 -2.28111E-12  0.00000E+00  0.00000E+00
  3.900E+01  1.11427E-01  1.54165E-11 -6.89263E-12  4.80931E-12 -2.18329E-12  0.00000E+00  0.00000E+00
  3.950E+01  1.14188E-01  1.51761E-11 -6.49128E-12  4.80043E-12 -2.08793E-12  0.00000E+00  0.00000E+00
  4.000E+01  1.16978E-01  1.49377E-11 -6.10809E-12  4.79029E-12 -1.99497E-12  0.00000E+00  0.00000E+00
  4.050E+01  1.19797E-01  1.47014E-11 -5.74216E-12  4.77896E-12 -1.90434E-12  0.00000E+00  0.00000E+00
  4.100E+01  1.22645E-01  1.44674E-11 -5.39266E-12  4.76651E-12 -1.81598E-12  0.00000E+00  0.00000E+00
  4.150E+01  1.25522E-01  1.42358E-11 -5.05879E-12  4.75301E-12 -1.72982E-12  0.00000E+00  0.00000E+00
  4.200E+01  1.28428E-01  1.40068E-11 -4.73980E-12  4.73853E-12 -1.64581E-12  0.00000E+00  0.00000E+00
  4.250E+01  1.31361E-01  1.37803E-11 -4.43498E-12  4.72313E-12 -1.56389E-12  0.00000E+00  0.00000E+00
  4.300E+01  1.34323E-01  1.35566E-11 -4.14365E-12  4.70687E-12 -1.48401E-12  0.00000E+00  0.00000E+00
  4.350E+01  1.37313E-01  1.33357E-11 -3.86518E-12  4.68979E-12 -1.40610E-12  0.00000E+00  0.00000E+00
  4.400E+01  1.40330E-01  1.31176E-11 -3.59898E-12  4.67195E-12 -1.33013E-12  0.00000E+00  0.00000E+00
  4.450E+01  1.43375E-01  1.29024E-11 -3.34449E-12  4.65341E-12 -1.25603E-12  0.00000E+00  0.00000E+00
  4.500E+01  1.46447E-01  1.26902E-11 -3.10116E-12  4.63420E-12 -1.18376E-12  0.00000E+00  0.00000E+00
  4.550E+01  1.49545E-01  1.24809E-11 -2.86848E-12  4.61436E-12 -1.11327E-12  0.00000E+00  0.00000E+00
  4.600E+01  1.52671E-01  1.22747E-11 -2.64597E-12  4.59395E-12 -1.04452E-12  0.00000E+00  0.00000E+00
  4.650E+01  1.55823E-01  1.20714E-11 -2.43316E-12  4.57299E-12 -9.77457E-13  0.00000E+00  0.00000E+00
  4.700E+01  1.59001E-01  1.18711E-11 -2.22962E-12  4.55152E-12 -9.12042E-13  0.00000E+00  0.00000E+00
  4.750E+01  1.62205E-01  1.16738E-11 -2.03494E-12  4.52959E-12 -8.48232E-13  0.00000E+00  0.00000E+00
  4.800E+01  1.65435E-01  1.14796E-11 -1.84874E-12  4.50721E-12 -7.85987E-13  0.00000E+00  0.00000E+00
  4.850E+01  1.68690E-01  1.12883E-11 -1.67064E-12  4.48442E-12 -7.25267E-13  0.00000E+00  0.00000E+00
  4.900E+01  1.71970E-01  1.11000E-11 -1.50027E-12  4.46126E-12 -6.66034E-13  0.00000E+00  0.00000E+00
  4.950E+01  1.75276E-01  1.09146E-11 -1.33732E-12  4.43774E-12 -6.08251E-13  0.00000E+00  0.00000E+00
  5.000E+01  1.78606E-01  1.07323E-11 -1.18144E-12  4.41389E-12 -5.51883E-13  0.00000E+00  0.00000E+00
  5.050E+01  1.81961E-01  1.05528E-11 -1.03234E-12  4.38975E-12 -4.96893E-13  0.00000E+00  0.00000E+00
  5.100E+01  1.85340E-01  1.03762E-11 -8.89732E-13  4.36532E-12 -4.43249E-13  0.00000E+00  0.00000E+00
  5.150E+01  1.88743E-01  1.02025E-11 -7.53344E-13  4.34064E-12 -3.90918E-13  0.00000E+00  0.00000E+00
  5.200E+01  1.92169E-01  1.00317E-11 -6.22912E-13  4.31572E-12 -3.39868E-13  0.00000E+00  0.00000E+00
  5.250E+01  1.95619E-01  9.86361E-12 -4.98183E-13  4.29059E-12 -2.90068E-13  0.00000E+00  0.00000E+00
  5.300E+01  1.99092E-01  9.69833E-12 -3.78914E-13  4.26526E-12 -2.41488E-13  0.00000E+00  0.00000E+00
  5.350E+01  2.02589E-01  9.53580E-12 -2.64878E-13  4.23976E-12 -1.94099E-13  0.00000E+00  0.00000E+00
  5.400E+01  2.06107E-01  9.37597E-12 -1.55858E-13  4.21409E-12 -1.47872E-13  0.00000E+00  0.00000E+00
  5.450E+01  2.09649E-01  9.21881E-12 -5.16507E-14  4.18827E-12 -1.02781E-13  0.00000E+00  0.00000E+00
  5.500E+01  2.13212E-01  9.06429E-12  4.79385E-14  4.16233E-12 -5.87986E-14  0.00000E+00  0.00000E+00
  5.550E+01  2.16797E-01  8.91236E-12  1.43099E-13  4.13627E-12 -1.58988E-14  0.00000E+00  0.00000E+00
  5.600E+01  2.20404E-01  8.76300E-12  2.34012E-13  4.11010E-12  2.59433E-14  0.00000E+00  0.00000E+00
  5.650E+01  2.24032E-01  8.61615E-12  3.20854E-13  4.08385E-12  6.67521E-14  0.00000E+00  0.00000E+00
  5.700E+01  2.27680E-01  8.47179E-12  4.03789E-13  4.05751E-12  1.06551E-13  0.00000E+00  0.00000E+00
  5.750E+01  2.31350E-01  8.32988E-12  4.82974E-13  4.03112E-12  1.45364E-13  0.00000E+00  0.00000E+00
  5.800E+01  2.35040E-01  8.19038E-12  5.58556E-13  4.00466E-12  1.83213E-13  0.00000E+00  0.00000E+00
  5.850E+01  2.38751E-01  8.05325E-12  6.30676E-13  3.97817E-12  2.20120E-13  0.00000E+00  0.00000E+00
  5.900E+01  2.42481E-01  7.91845E-12  6.99471E-13  3.95164E-12  2.56105E-13  0.00000E+00  0.00000E+00
  5.950E+01  2.46231E-01  7.78594E-12  7.65074E-13  3.92508E-12  2.91190E-13  0.00000E+00  0.00000E+00
  6.000E+01  2.50000E-01  7.65568E-12  8.27614E-13  3.89851E-12  3.25394E-13  0.00000E+00  0.00000E+00
  6.050E+01  2.53788E-01  7.52765E-12  8.87213E-13  3.87192E-12  3.58738E-13  0.00000E+00  0.00000E+00
  6.100E+01  2.57595E-01  7.40180E-12  9.43986E-13  3.84534E-12  3.91239E-13  0.00000E+00  0.00000E+00
  6.150E+01  2.61421E-01  7.27809E-12  9.98039E-13  3.81877E-12  4.22917E-13  0.00000E+00  0.00000E+00
  6.200E+01  2.65264E-01  7.15649E-12  1.04948E-12  3.79221E-12  4.53789E-13  0.00000E+00  0.00000E+00
  6.250E+01  2.69126E-01  7.03696E-12  1.09840E-12  3.76568E-12  4.83872E-13  0.00000E+00  0.00000E+00
  6.300E+01  2.73005E-01  6.91946E-12  1.14490E-12  3.73917E-12  5.13185E-13  0.00000E+00  0.00000E+00
  6.350E+01  2.76901E-01  6.80397E-12  1.18909E-12  3.71269E-12  5.41742E-13  0.00000E+00  0.00000E+00
  6.400E+01  2.80814E-01  6.69043E-12  1.23104E-12  3.68626E-12  5.69561E-13  0.00000E+00  0.00000E+00
  6.450E+01  2.84744E-01  6.57883E-12  1.27086E-12  3.65987E-12  5.96657E-13  0.00000E+00  0.00000E+00
  6.500E+01  2.88691E-01  6.46913E-12  1.30860E-12  3.63353E-12  6.23045E-13  0.00000E+00  0.00000E+00
  6.550E+01  2.92653E-01  6.36129E-12  1.34436E-12  3.60725E-12  6.48740E-13  0.00000E+00  0.00000E+00
  6.600E+01  2.96632E-01  6.25528E-12  1.37820E-12  3.58102E-12  6.73757E-13  0.00000E+00  0.00000E+00
  6.650E+01  3.00625E-01  6.15106E-12  1.41021E-12  3.55487E-12  6.98110E-13  0.00000E+00  0.00000E+00
  6.700E+01  3.04634E-01  6.04860E-12  1.44045E-12  3.52878E-12  7.21812E-13  0.00000E+00  0.00000E+00
  6.750E+01  3.08658E-01  5.94788E-12  1.46898E-12  3.50276E-12  7.44876E-13  0.00000E+00  0.00000E+00
  6.800E+01  3.12697E-01  5.84886E-12  1.49589E-12  3.47682E-12  7.67317E-13  0.00000E+00  0.00000E+00
  6.850E+01  3.16749E-01  5.75152E-12  1.52122E-12  3.45095E-12  7.89146E-13  0.00000E+00  0.00000E+00
  6.900E+01  3.20816E-01  5.65581E-12  1.54503E-12  3.42517E-12  8.10377E-13  0.00000E+00  0.00000E+00
  6.950E+01  3.24896E-01  5.56171E-12  1.56738E-12  3.39948E-12  8.31021E-13  0.00000E+00  0.00000E+00
  7.000E+01  3.28990E-01  5.46920E-12  1.58832E-12  3.37388E-12  8.51089E-13  0.00000E+00  0.00000E+00
  7.050E+01  3.33097E-01  5.37823E-12  1.60792E-12  3.34836E-12  8.70594E-13  0.00000E+00  0.00000E+00
  7.100E+01  3.37216E-01  5.28879E-12  1.62621E-12  3.32294E-12  8.89547E-13  0.00000E+00  0.00000E+00
  7.150E+01  3.41348E-01  5.20086E-12  1.64327E-12  3.29762E-12  9.07958E-13  0.00000E+00  0.00000E+00
  7.200E+01  3.45492E-01  5.11440E-12  1.65911E-12  3.27240E-12  9.25838E-13  0.00000E+00  0.00000E+00
  7.250E+01  3.49647E-01  5.02937E-12  1.67379E-12  3.24727E-12  9.43199E-13  0.00000E+00  0.00000E+00
  7.300E+01  3.53814E-01  4.94576E-12  1.68734E-12  3.22225E-12  9.60049E-13  0.00000E+00  0.00000E+00
  7.350E+01  3.57992E-01  4.86354E-12  1.69983E-12  3.19733E-12  9.76398E-13  0.00000E+00  0.00000E+00
  7.400E+01  3.62181E-01  4.78269E-12  1.71128E-12  3.17252E-12  9.92258E-13  0.00000E+00  0.00000E+00
  7.450E+01  3.66381E-01  4.70319E-12  1.72175E-12  3.14782E-12  1.00764E-12  0.00000E+00  0.00000E+00
  7.500E+01  3.70590E-01  4.62500E-12  1.73125E-12  3.12323E-12  1.02254E-12  0.00000E+00  0.00000E+00
  7.550E+01  3.74810E-01  4.54811E-12  1.73983E-12  3.09875E-12  1.03699E-12  0.00000E+00  0.00000E+00
  7.600E+01  3.79039E-01  4.47248E-12  1.74752E-12  3.07438E-12  1.05098E-12  0.00000E+00  0.00000E+00
  7.650E+01  3.83277E-01  4.39810E-12  1.75436E-12  3.05012E-12  1.06452E-12  0.00000E+00  0.00000E+00
  7.700E+01  3.87524E-01  4.32495E-12  1.76037E-12  3.02598E-12  1.07763E-12  0.00000E+00  0.00000E+00
  7.750E+01  3.91780E-01  4.25300E-12  1.76560E-12  3.00195E-12  1.09030E-12  0.00000E+00  0.00000E+00
  7.800E+01  3.96044E-01  4.18223E-12  1.77006E-12  2.97804E-12  1.10256E-12  0.00000E+00  0.00000E+00
  7.850E+01  4.00316E-01  4.11263E-12  1.77380E-12  2.95425E-12  1.11441E-12  0.00000E+00  0.00000E+00
  7.900E+01  4.04596E-01  4.04416E-12  1.77683E-12  2.93058E-12  1.12585E-12  0.00000E+00  0.00000E+00
  7.950E+01  4.08882E-01  3.97681E-12  1.77917E-12  2.90702E-12  1.13689E-12  0.00000E+00  0.00000E+00
  8.000E+01  4.13176E-01  3.91056E-12  1.78087E-12  2.88358E-12  1.14754E-12  0.00000E+00  0.00000E+00
  8.050E+01  4.17476E-01  3.84539E-12  1.78194E-12  2.86026E-12  1.15781E-12  0.00000E+00  0.00000E+00
  8.100E+01  4.21783E-01  3.78128E-12  1.78241E-12  2.83707E-12  1.16770E-12  0.00000E+00  0.00000E+00
  8.150E+01  4.26095E-01  3.71821E-12  1.78230E-12  2.81399E-12  1.17722E-12  0.00000E+00  0.00000E+00
  8.200E+01  4.30413E-01  3.65617E-12  1.78164E-12  2.79104E-12  1.18638E-12  0.00000E+00  0.00000E+00
  8.250E+01  4.34737E-01  3.59513E-12  1.78043E-12  2.76820E-12  1.19518E-12  0.00000E+00  0.00000E+00
  8.300E+01  4.39065E-01  3.53507E-12  1.77872E-12  2.74549E-12  1.20363E-12  0.00000E+00  0.00000E+00
  8.350E+01  4.43398E-01  3.47599E-12  1.77650E-12  2.72290E-12  1.21174E-12  0.00000E+00  0.00000E+00
  8.400E+01  4.47736E-01  3.41786E-12  1.77382E-12  2.70043E-12  1.21951E-12  0.00000E+00  0.00000E+00
  8.450E+01  4.52077E-01  3.36066E-12  1.77067E-12  2.67808E-12  1.22695E-12  0.00000E+00  0.00000E+00
  8.500E+01  4.56422E-01  3.30438E-12  1.76709E-12  2.65586E-12  1.23407E-12  0.00000E+00  0.00000E+00
  8.550E+01  4.60770E-01  3.24901E-12  1.76309E-12  2.63376E-12  1.24086E-12  0.00000E+00  0.00000E+00
  8.600E+01  4.65122E-01  3.19453E-12  1.75869E-12  2.61178E-12  1.24734E-12  0.00000E+00  0.00000E+00
  8.650E+01  4.69476E-01  3.14091E-12  1.75389E-12  2.58992E-12  1.25352E-12  0.00000E+00  0.00000E+00
  8.700E+01  4.73832E-01  3.08816E-12  1.74873E-12  2.56819E-12  1.25938E-12  0.00000E+00  0.00000E+00
  8.750E+01  4.78190E-01  3.03624E-12  1.74321E-12  2.54657E-12  1.26495E-12  0.00000E+00  0.00000E+00
  8.800E+01  4.82550E-01  2.98515E-12  1.73734E-12  2.52508E-12  1.27023E-12  0.00000E+00  0.00000E+00
  8.850E+01  4.86912E-01  2.93488E-12  1.73115E-12  2.50371E-12  1.27522E-12  0.00000E+00  0.00000E+00
  8.900E+01  4.91274E-01  2.88541E-12  1.72465E-12  2.48247E-12  1.27992E-12  0.00000E+00  0.00000E+00
  8.950E+01  4.95637E-01  2.83672E-12  1.71785E-12  2.46134E-12  1.28435E-12  0.00000E+00  0.00000E+00
  9.000E+01  5.00000E-01  2.78880E-12  1.71076E-12  2.44033E-12  1.28851E-12  0.00000E+00  0.00000E+00
  9.050E+01  5.04363E-01  2.74164E-12  1.70339E-12  2.41945E-12  1.29239E-12  0.00000E+00  0.00000E+00
  9.100E+01  5.08726E-01  2.69523E-12  1.69577E-12  2.39868E-12  1.29601E-12  0.00000E+00  0.00000E+00
  9.150E+01  5.13088E-01  2.64955E-12  1.68789E-12  2.37804E-12  1.29937E-12  0.00000E+00  0.00000E+00
  9.200E+01  5.17450E-01  2.60459E-12  1.67977E-12  2.35751E-12  1.30248E-12  0.00000E+00  0.00000E+00
  9.250E+01  5.21810E-01  2.56034E-12  1.67142E-12  2.33711E-12  1.30534E-12  0.00000E+00  0.00000E+00
  9.300E+01  5.26168E-01  2.51678E-12  1.66285E-12  2.31682E-12  1.30794E-12  0.00000E+00  0.00000E+00
  9.350E+01  5.30524E-01  2.47391E-12  1.65408E-12  2.29665E-12  1.31031E-12  0.00000E+00  0.00000E+00
  9.400E+01  5.34878E-01  2.43171E-12  1.64511E-12  2.27660E-12  1.31244E-12  0.00000E+00  0.00000E+00
  9.450E+01  5.39230E-01  2.39018E-12  1.63594E-12  2.25667E-12  1.31433E-12  0.00000E+00  0.00000E+00
  9.500E+01  5.43578E-01  2.34929E-12  1.62660E-12  2.23685E-12  1.31599E-12  0.00000E+00  0.00000E+00
  9.550E+01  5.47923E-01  2.30905E-12  1.61709E-12  2.21715E-12  1.31742E-12  0.00000E+00  0.00000E+00
  9.600E+01  5.52264E-01  2.26943E-12  1.60741E-12  2.19757E-12  1.31863E-12  0.00000E+00  0.00000E+00
  9.650E+01  5.56602E-01  2.23043E-12  1.59759E-12  2.17810E-12  1.31963E-12  0.00000E+00  0.00000E+00
  9.700E+01  5.60935E-01  2.19205E-12  1.58761E-12  2.15875E-12  1.32040E-12  0.00000E+00  0.00000E+00
  9.750E+01  5.65263E-01  2.15426E-12  1.57750E-12  2.13951E-12  1.32096E-12  0.00000E+00  0.00000E+00
  9.800E+01  5.69587E-01  2.11705E-12  1.56726E-12  2.12039E-12  1.32132E-12  0.00000E+00  0.00000E+00
  9.850E+01  5.73905E-01  2.08043E-12  1.55689E-12  2.10138E-12  1.32146E-12  0.00000E+00  0.00000E+00
  9.900E+01  5.78217E-01  2.04438E-12  1.54641E-12  2.08248E-12  1.32141E-12  0.00000E+00  0.00000E+00
  9.950E+01  5.82524E-01  2.00888E-12  1.53583E-12  2.06369E-12  1.32116E-12  0.00000E+00  0.00000E+00
  1.000E+02  5.86824E-01  1.97394E-12  1.52514E-12  2.04502E-12  1.32071E-12  0.00000E+00  0.00000E+00
  1.005E+02  5.91118E-01  1.93954E-12  1.51435E-12  2.02645E-12  1.32006E-12  0.00000E+00  0.00000E+00
  1.010E+02  5.95404E-01  1.90567E-12  1.50347E-12  2.00800E-12  1.31923E-12  0.00000E+00  0.00000E+00
  1.015E+02  5.99684E-01  1.87233E-12  1.49251E-12  1.98965E-12  1.31821E-12  0.00000E+00  0.00000E+00
  1.020E+02  6.03956E-01  1.83950E-12  1.48148E-12  1.97142E-12  1.31701E-12  0.00000E+00  0.00000E+00
  1.025E+02  6.08220E-01  1.80718E-12  1.47037E-12  1.95329E-12  1.31563E-12  0.00000E+00  0.00000E+00
  1.030E+02  6.12476E-01  1.77536E-12  1.45919E-12  1.93527E-12  1.31407E-12  0.00000E+00  0.00000E+00
  1.035E+02  6.16723E-01  1.74403E-12  1.44796E-12  1.91736E-12  1.31233E-12  0.00000E+00  0.00000E+00
  1.040E+02  6.20961E-01  1.71319E-12  1.43667E-12  1.89956E-12  1.31042E-12  0.00000E+00  0.00000E+00
  1.045E+02  6.25190E-01  1.68282E-12  1.42532E-12  1.88186E-12  1.30834E-12  0.00000E+00  0.00000E+00
  1.050E+02  6.29410E-01  1.65292E-12  1.41394E-12  1.86426E-12  1.30610E-12  0.00000E+00  0.00000E+00
  1.055E+02  6.33619E-01  1.62348E-12  1.40251E-12  1.84677E-12  1.30369E-12  0.00000E+00  0.00000E+00
  1.060E+02  6.37819E-01  1.59449E-12  1.39104E-12  1.82938E-12  1.30112E-12  0.00000E+00  0.00000E+00
  1.065E+02  6.42008E-01  1.56595E-12  1.37954E-12  1.81210E-12  1.29839E-12  0.00000E+00  0.00000E+00
  1.070E+02  6.46186E-01  1.53785E-12  1.36802E-12  1.79492E-12  1.29550E-12  0.00000E+00  0.00000E+00
  1.075E+02  6.50353E-01  1.51018E-12  1.35647E-12  1.77784E-12  1.29246E-12  0.00000E+00  0.00000E+00
  1.080E+02  6.54508E-01  1.48294E-12  1.34490E-12  1.76086E-12  1.28927E-12  0.00000E+00  0.00000E+00
  1.085E+02  6.58652E-01  1.45612E-12  1.33331E-12  1.74398E-12  1.28593E-12  0.00000E+00  0.00000E+00
  1.090E+02  6.62784E-01  1.42971E-12  1.32171E-12  1.72720E-12  1.28244E-12  0.00000E+00  0.00000E+00
  1.095E+02  6.66903E-01  1.40370E-12  1.31011E-12  1.71051E-12  1.27880E-12  0.00000E+00  0.00000E+00
  1.100E+02  6.71010E-01  1.37810E-12  1.29850E-12  1.69393E-12  1.27503E-12  0.00000E+00  0.00000E+00
  1.105E+02  6.75104E-01  1.35289E-12  1.28689E-12  1.67744E-12  1.27111E-12  0.00000E+00  0.00000E+00
  1.110E+02  6.79184E-01  1.32807E-12  1.27528E-12  1.66105E-12  1.26705E-12  0.00000E+00  0.00000E+00
  1.115E+02  6.83251E-01  1.30363E-12  1.26367E-12  1.64476E-12  1.26286E-12  0.00000E+00  0.00000E+00
  1.120E+02  6.87303E-01  1.27956E-12  1.25207E-12  1.62856E-12  1.25854E-12  0.00000E+00  0.00000E+00
  1.125E+02  6.91342E-01  1.25587E-12  1.24049E-12  1.61245E-12  1.25408E-12  0.00000E+00  0.00000E+00
  1.130E+02  6.95366E-01  1.23254E-12  1.22892E-12  1.59644E-12  1.24949E-12  0.00000E+00  0.00000E+00
  1.135E+02  6.99375E-01  1.20957E-12  1.21736E-12  1.58052E-12  1.24478E-12  0.00000E+00  0.00000E+00
  1.140E+02  7.03368E-01  1.18695E-12  1.20583E-12  1.56470E-12  1.23993E-12  0.00000E+00  0.00000E+00
  1.145E+02  7.07347E-01  1.16468E-12  1.19432E-12  1.54896E-12  1.23497E-12  0.00000E+00  0.00000E+00
  1.150E+02  7.11309E-01  1.14276E-12  1.18283E-12  1.53332E-12  1.22988E-12  0.00000E+00  0.00000E+00
  1.155E+02  7.15256E-01  1.12117E-12  1.17137E-12  1.51776E-12  1.22467E-12  0.00000E+00  0.00000E+00
  1.160E+02  7.19186E-01  1.09991E-12  1.15994E-12  1.50229E-12  1.21935E-12  0.00000E+00  0.00000E+00
  1.165E+02  7.23099E-01  1.07899E-12  1.14855E-12  1.48692E-12  1.21390E-12  0.00000E+00  0.00000E+00
  1.170E+02  7.26995E-01  1.05838E-12  1.13718E-12  1.47163E-12  1.20835E-12  0.00000E+00  0.00000E+00
  1.175E+02  7.30874E-01  1.03810E-12  1.12586E-12  1.45642E-12  1.20268E-12  0.00000E+00  0.00000E+00
  1.180E+02  7.34736E-01  1.01813E-12  1.11458E-12  1.44131E-12  1.19689E-12  0.00000E+00  0.00000E+00
  1.185E+02  7.38579E-01  9.98465E-13  1.10333E-12  1.42627E-12  1.19100E-12  0.00000E+00  0.00000E+00
  1.190E+02  7.42405E-01  9.79108E-13  1.09213E-12  1.41133E-12  1.18500E-12  0.00000E+00  0.00000E+00
  1.195E+02  7.46212E-01  9.60050E-13  1.08098E-12  1.39646E-12  1.17890E-12  0.00000E+00  0.00000E+00
  1.200E+02  7.50000E-01  9.41287E-13  1.06987E-12  1.38168E-12  1.17268E-12  0.00000E+00  0.00000E+00
  1.205E+02  7.53769E-01  9.22816E-13  1.05881E-12  1.36699E-12  1.16637E-12  0.00000E+00  0.00000E+00
  1.210E+02  7.57519E-01  9.04633E-13  1.04780E-12  1.35237E-12  1.15996E-12  0.00000E+00  0.00000E+00
  1.215E+02  7.61249E-01  8.86733E-13  1.03685E-12  1.33783E-12  1.15344E-12  0.00000E+00  0.00000E+00
  1.220E+02  7.64960E-01  8.69112E-13  1.02595E-12  1.32338E-12  1.14683E-12  0.00000E+00  0.00000E+00
  1.225E+02  7.68650E-01  8.51765E-13  1.01510E-12  1.30900E-12  1.14012E-12  0.00000E+00  0.00000E+00
  1.230E+02  7.72320E-01  8.34690E-13  1.00432E-12  1.29471E-12  1.13331E-12  0.00000E+00  0.00000E+00
  1.235E+02  7.75968E-01  8.17882E-13  9.93588E-13  1.28049E-12  1.12641E-12  0.00000E+00  0.00000E+00
  1.240E+02  7.79596E-01  8.01337E-13  9.82921E-13  1.26634E-12  1.11942E-12  0.00000E+00  0.00000E+00
  1.245E+02  7.83203E-01  7.85053E-13  9.72315E-13  1.25228E-12  1.11233E-12  0.00000E+00  0.00000E+00
  1.250E+02  7.86788E-01  7.69024E-13  9.61774E-13  1.23829E-12  1.10516E-12  0.00000E+00  0.00000E+00
  1.255E+02  7.90351E-01  7.53249E-13  9.51298E-13  1.22437E-12  1.09790E-12  0.00000E+00  0.00000E+00
  1.260E+02  7.93893E-01  7.37722E-13  9.40887E-13  1.21053E-12  1.09055E-12  0.00000E+00  0.00000E+00
  1.265E+02  7.97411E-01  7.22440E-13  9.30544E-13  1.19677E-12  1.08311E-12  0.00000E+00  0.00000E+00
  1.270E+02  8.00908E-01  7.07401E-13  9.20268E-13  1.18307E-12  1.07559E-12  0.00000E+00  0.00000E+00
  1.275E+02  8.04381E-01  6.92600E-13  9.10063E-13  1.16945E-12  1.06799E-12  0.00000E+00  0.00000E+00
  1.280E+02  8.07831E-01  6.78036E-13  8.99930E-13  1.15590E-12  1.06031E-12  0.00000E+00  0.00000E+00
  1.285E+02  8.11257E-01  6.63704E-13  8.89869E-13  1.14242E-12  1.05254E-12  0.00000E+00  0.00000E+00
  1.290E+02  8.14660E-01  6.49601E-13  8.79881E-13  1.12901E-12  1.04470E-12  0.00000E+00  0.00000E+00
  1.295E+02  8.18039E-01  6.35724E-13  8.69968E-13  1.11567E-12  1.03678E-12  0.00000E+00  0.00000E+00
  1.300E+02  8.21394E-01  6.22069E-13  8.60129E-13  1.10239E-12  1.02878E-12  0.00000E+00  0.00000E+00
  1.305E+02  8.24724E-01  6.08635E-13  8.50367E-13  1.08919E-12  1.02071E-12  0.00000E+00  0.00000E+00
  1.310E+02  8.28030E-01  5.95418E-13  8.40682E-13  1.07605E-12  1.01256E-12  0.00000E+00  0.00000E+00
  1.315E+02  8.31310E-01  5.82416E-13  8.31075E-13  1.06298E-12  1.00434E-12  0.00000E+00  0.00000E+00
  1.320E+02  8.34565E-01  5.69625E-13  8.21549E-13  1.04997E-12  9.96045E-13  0.00000E+00  0.00000E+00
  1.325E+02  8.37795E-01  5.57042E-13  8.12103E-13  1.03703E-12  9.87681E-13  0.00000E+00  0.00000E+00
  1.330E+02  8.40999E-01  5.44666E-13  8.02737E-13  1.02415E-12  9.79247E-13  0.00000E+00  0.00000E+00
  1.335E+02  8.44177E-01  5.32493E-13  7.93453E-13  1.01133E-12  9.70745E-13  0.00000E+00  0.00000E+00
  1.340E+02  8.47329E-01  5.20519E-13  7.84251E-13  9.98581E-13  9.62174E-13  0.00000E+00  0.00000E+00
  1.345E+02  8.50455E-01  5.08744E-13  7.75133E-13  9.85890E-13  9.53538E-13  0.00000E+00  0.00000E+00
  1.350E+02  8.53553E-01  4.97165E-13  7.66099E-13  9.73261E-13  9.44836E-13  0.00000E+00  0.00000E+00
  1.355E+02  8.56625E-01  4.85779E-13  7.57150E-13  9.60691E-13  9.36069E-13  0.00000E+00  0.00000E+00
  1.360E+02  8.59670E-01  4.74583E-13  7.48287E-13  9.48182E-13  9.27239E-13  0.00000E+00  0.00000E+00
  1.365E+02  8.62687E-01  4.63575E-13  7.39511E-13  9.35731E-13  9.18347E-13  0.00000E+00  0.00000E+00
  1.370E+02  8.65677E-01  4.52753E-13  7.30821E-13  9.23339E-13  9.09394E-13  0.00000E+00  0.00000E+00
  1.375E+02  8.68639E-01  4.42114E-13  7.22218E-13  9.11004E-13  9.00380E-13  0.00000E+00  0.00000E+00
  1.380E+02  8.71572E-01  4.31656E-13  7.13703E-13  8.98726E-13  8.91307E-13  0.00000E+00  0.00000E+00
  1.385E+02  8.74478E-01  4.21378E-13  7.05278E-13  8.86504E-13  8.82176E-13  0.00000E+00  0.00000E+00
  1.390E+02  8.77355E-01  4.11276E-13  6.96942E-13  8.74337E-13  8.72987E-13  0.00000E+00  0.00000E+00
  1.395E+02  8.80203E-01  4.01348E-13  6.88697E-13  8.62226E-13  8.63742E-13  0.00000E+00  0.00000E+00
  1.400E+02  8.83022E-01  3.91594E-13  6.80542E-13  8.50168E-13  8.54442E-13  0.00000E+00  0.00000E+00
  1.405E+02  8.85812E-01  3.82009E-13  6.72478E-13  8.38163E-13  8.45087E-13  0.00000E+00  0.00000E+00
  1.410E+02  8.88573E-01  3.72593E-13  6.64505E-13  8.26211E-13  8.35678E-13  0.00000E+00  0.00000E+00
  1.415E+02  8.91304E-01  3.63343E-13  6.56624E-13  8.14311E-13  8.26217E-13  0.00000E+00  0.00000E+00
  1.420E+02  8.94005E-01  3.54257E-13  6.48836E-13  8.02462E-13  8.16704E-13  0.00000E+00  0.00000E+00
  1.425E+02  8.96677E-01  3.45334E-13  6.41141E-13  7.90664E-13  8.07140E-13  0.00000E+00  0.00000E+00
  1.430E+02  8.99318E-01  3.36572E-13  6.33541E-13  7.78915E-13  7.97527E-13  0.00000E+00  0.00000E+00
  1.435E+02  9.01928E-01  3.27969E-13  6.26035E-13  7.67216E-13  7.87864E-13  0.00000E+00  0.00000E+00
  1.440E+02  9.04508E-01  3.19523E-13  6.18623E-13  7.55565E-13  7.78153E-13  0.00000E+00  0.00000E+00
  1.445E+02  9.07058E-01  3.11230E-13  6.11304E-13  7.43961E-13  7.68394E-13  0.00000E+00  0.00000E+00
  1.450E+02  9.09576E-01  3.03091E-13  6.04080E-13  7.32405E-13  7.58589E-13  0.00000E+00  0.00000E+00
  1.455E+02  9.12063E-01  2.95105E-13  5.96953E-13  7.20894E-13  7.48739E-13  0.00000E+00  0.00000E+00
  1.460E+02  9.14519E-01  2.87269E-13  5.89923E-13  7.09430E-13  7.38843E-13  0.00000E+00  0.00000E+00
  1.465E+02  9.16943E-01  2.79581E-13  5.82989E-13  6.98010E-13  7.28904E-13  0.00000E+00  0.00000E+00
  1.470E+02  9.19335E-01  2.72040E-13  5.76152E-13  6.86635E-13  7.18921E-13  0.00000E+00  0.00000E+00
  1.475E+02  9.21696E-01  2.64644E-13  5.69411E-13  6.75303E-13  7.08896E-13  0.00000E+00  0.00000E+00
  1.480E+02  9.24024E-01  2.57392E-13  5.62767E-13  6.64014E-13  6.98829E-13  0.00000E+00  0.00000E+00
  1.485E+02  9.26320E-01  2.50281E-13  5.56220E-13  6.52767E-13  6.88721E-13  0.00000E+00  0.00000E+00
  1.490E+02  9.28584E-01  2.43311E-13  5.49773E-13  6.41562E-13  6.78574E-13  0.00000E+00  0.00000E+00
  1.495E+02  9.30815E-01  2.36481E-13  5.43424E-13  6.30397E-13  6.68387E-13  0.00000E+00  0.00000E+00
  1.500E+02  9.33013E-01  2.29789E-13  5.37174E-13  6.19273E-13  6.58161E-13  0.00000E+00  0.00000E+00
  1.505E+02  9.35178E-01  2.23233E-13  5.31022E-13  6.08188E-13  6.47898E-13  0.00000E+00  0.00000E+00
  1.510E+02  9.37310E-01  2.16812E-13  5.24970E-13  5.97142E-13  6.37598E-13  0.00000E+00  0.00000E+00
  1.515E+02  9.39409E-01  2.10524E-13  5.19016E-13  5.86133E-13  6.27262E-13  0.00000E+00  0.00000E+00
  1.520E+02  9.41474E-01  2.04369E-13  5.13162E-13  5.75163E-13  6.16890E-13  0.00000E+00  0.00000E+00
  1.525E+02  9.43505E-01  1.98345E-13  5.07408E-13  5.64229E-13  6.06483E-13  0.00000E+00  0.00000E+00
  1.530E+02  9.45503E-01  1.92451E-13  5.01755E-13  5.53331E-13  5.96042E-13  0.00000E+00  0.00000E+00
  1.535E+02  9.47467E-01  1.86686E-13  4.96202E-13  5.42468E-13  5.85568E-13  0.00000E+00  0.00000E+00
  1.540E+02  9.49397E-01  1.81049E-13  4.90750E-13  5.31641E-13  5.75062E-13  0.00000E+00  0.00000E+00
  1.545E+02  9.51293E-01  1.75537E-13  4.85399E-13  5.20847E-13  5.64523E-13  0.00000E+00  0.00000E+00
  1.550E+02  9.53154E-01  1.70151E-13  4.80148E-13  5.10086E-13  5.53954E-13  0.00000E+00  0.00000E+00
  1.555E+02  9.54981E-01  1.64888E-13  4.74998E-13  4.99359E-13  5.43353E-13  0.00000E+00  0.00000E+00
  1.560E+02  9.56773E-01  1.59749E-13  4.69949E-13  4.88663E-13  5.32723E-13  0.00000E+00  0.00000E+00
  1.565E+02  9.58530E-01  1.54731E-13  4.65003E-13  4.77999E-13  5.22064E-13  0.00000E+00  0.00000E+00
  1.570E+02  9.60252E-01  1.49835E-13  4.60159E-13  4.67365E-13  5.11377E-13  0.00000E+00  0.00000E+00
  1.575E+02  9.61940E-01  1.45059E-13  4.55417E-13  4.56761E-13  5.00662E-13  0.00000E+00  0.00000E+00
  1.580E+02  9.63592E-01  1.40401E-13  4.50777E-13  4.46187E-13  4.89919E-13  0.00000E+00  0.00000E+00
  1.585E+02  9.65209E-01  1.35861E-13  4.46238E-13  4.35642E-13  4.79151E-13  0.00000E+00  0.00000E+00
  1.590E+02  9.66790E-01  1.31438E-13  4.41802E-13  4.25124E-13  4.68356E-13  0.00000E+00  0.00000E+00
  1.595E+02  9.68336E-01  1.27131E-13  4.37468E-13  4.14634E-13  4.57537E-13  0.00000E+00  0.00000E+00
  1.600E+02  9.69846E-01  1.22940E-13  4.33237E-13  4.04170E-13  4.46693E-13  0.00000E+00  0.00000E+00
  1.605E+02  9.71321E-01  1.18863E-13  4.29110E-13  3.93733E-13  4.35825E-13  0.00000E+00  0.00000E+00
  1.610E+02  9.72759E-01  1.14900E-13  4.25086E-13  3.83321E-13  4.24934E-13  0.00000E+00  0.00000E+00
  1.615E+02  9.74162E-01  1.11049E-13  4.21165E-13  3.72934E-13  4.14021E-13  0.00000E+00  0.00000E+00
  1.620E+02  9.75528E-01  1.07310E-13  4.17346E-13  3.62570E-13  4.03086E-13  0.00000E+00  0.00000E+00
  1.625E+02  9.76858E-01  1.03682E-13  4.13631E-13  3.52230E-13  3.92129E-13  0.00000E+00  0.00000E+00
  1.630E+02  9.78152E-01  1.00165E-13  4.10019E-13  3.41913E-13  3.81152E-13  0.00000E+00  0.00000E+00
  1.635E+02  9.79410E-01  9.67569E-14  4.06511E-13  3.31618E-13  3.70155E-13  0.00000E+00  0.00000E+00
  1.640E+02  9.80631E-01  9.34585E-14  4.03107E-13  3.21345E-13  3.59139E-13  0.00000E+00  0.00000E+00
  1.645E+02  9.81815E-01  9.02685E-14  3.99807E-13  3.11092E-13  3.48104E-13  0.00000E+00  0.00000E+00
  1.650E+02  9.82963E-01  8.71862E-14  3.96611E-13  3.00859E-13  3.37051E-13  0.00000E+00  0.00000E+00
  1.655E+02  9.84074E-01  8.42106E-14  3.93518E-13  2.90646E-13  3.25980E-13  0.00000E+00  0.00000E+00
  1.660E+02  9.85148E-01  8.13413E-14  3.90529E-13  2.80451E-13  3.14893E-13  0.00000E+00  0.00000E+00
  1.665E+02  9.86185E-01  7.85778E-14  3.87644E-13  2.70275E-13  3.03789E-13  0.00000E+00  0.00000E+00
  1.670E+02  9.87185E-01  7.59198E-14  3.84864E-13  2.60116E-13  2.92670E-13  0.00000E+00  0.00000E+00
  1.675E+02  9.88148E-01  7.33668E-14  3.82188E-13  2.49974E-13  2.81535E-13  0.00000E+00  0.00000E+00
  1.680E+02  9.89074E-01  7.09182E-14  3.79618E-13  2.39848E-13  2.70386E-13  0.00000E+00  0.00000E+00
  1.685E+02  9.89962E-01  6.85733E-14  3.77151E-13  2.29738E-13  2.59223E-13  0.00000E+00  0.00000E+00
  1.690E+02  9.90814E-01  6.63314E-14  3.74789E-13  2.19643E-13  2.48047E-13  0.00000E+00  0.00000E+00
  1.695E+02  9.91627E-01  6.41920E-14  3.72530E-13  2.09562E-13  2.36859E-13  0.00000E+00  0.00000E+00
  1.700E+02  9.92404E-01  6.21550E-14  3.70376E-13  1.99494E-13  2.25658E-13  0.00000E+00  0.00000E+00
  1.705E+02  9.93143E-01  6.02201E-14  3.68327E-13  1.89440E-13  2.14446E-13  0.00000E+00  0.00000E+00
  1.710E+02  9.93844E-01  5.83870E-14  3.66384E-13  1.79397E-13  2.03223E-13  2.44632E-17  0.00000E+00
  1.715E+02  9.94508E-01  5.66553E-14  3.64546E-13  1.69367E-13  1.91989E-13  2.45686E-17  0.00000E+00
  1.720E+02  9.95134E-01  5.50245E-14  3.62812E-13  1.59347E-13  1.80746E-13  0.00000E+00  0.00000E+00
  1.725E+02  9.95722E-01  5.34939E-14  3.61183E-13  1.49338E-13  1.69493E-13  0.00000E+00  0.00000E+00
  1.730E+02  9.96273E-01  5.20632E-14  3.59658E-13  1.39338E-13  1.58232E-13  0.00000E+00  0.00000E+00
  1.735E+02  9.96786E-01  5.07323E-14  3.58238E-13  1.29348E-13  1.46963E-13  0.00000E+00  0.00000E+00
  1.740E+02  9.97261E-01  4.95011E-14  3.56922E-13  1.19366E-13  1.35687E-13  0.00000E+00  0.00000E+00
  1.745E+02  9.97698E-01  4.83696E-14  3.55713E-13  1.09391E-13  1.24404E-13  0.00000E+00  0.00000E+00
  1.750E+02  9.98097E-01  4.73377E-14  3.54610E-13  9.94240E-14  1.13114E-13  2.51535E-17  0.00000E+00
  1.755E+02  9.98459E-01  4.64047E-14  3.53612E-13  8.94632E-14  1.01819E-13  2.52137E-17  0.00000E+00
  1.760E+02  9.98782E-01  4.55703E-14  3.52718E-13  7.95082E-14  9.05188E-14  2.52678E-17  0.00000E+00
  1.765E+02  9.99067E-01  4.48340E-14  3.51929E-13  6.95584E-14  7.92139E-14  2.53158E-17  0.00000E+00
  1.770E+02  9.99315E-01  4.41958E-14  3.51243E-13  5.96131E-14  6.79050E-14  2.53576E-17  0.00000E+00
  1.775E+02  9.99524E-01  4.36560E-14  3.50663E-13  4.96716E-14  5.65927E-14  2.53930E-17  0.00000E+00
  1.780E+02  9.99695E-01  4.32148E-14  3.50190E-13  3.97334E-14  4.52776E-14  2.54221E-17  0.00000E+00
  1.785E+02  9.99829E-01  4.28725E-14  3.49823E-13  2.97978E-14  3.39601E-14  2.54445E-17  0.00000E+00
  1.790E+02  9.99924E-01  4.26284E-14  3.49563E-13  1.98641E-14  2.26410E-14  7.63815E-17  0.00000E+00
  1.795E+02  9.99981E-01  4.24824E-14  3.49407E-13  9.93174E-15  1.13208E-14  5.09401E-17  0.00000E+00
  1.800E+02  1.00000E+00  4.24339E-14  3.49356E-13  1.39375E-28  1.58871E-28  7.13249E-16  6.15049E-14
