 #  Scattering amplitudes (in cm)      MU=(1-cos(TH))/2
 #  Z =  79,   projectile: electron
 #  Kinetic energy = 6.00000E+06 eV
 #
 # TH (deg)      MU          Re(F)        Im(F)        Re(G)        Im(G)        ERRF         ERRG 
 #-----------------------------------------------------------------------------------------------------------------
  0.000E+00  0.00000E+00  1.27855E-06  2.03099E-07  0.00000E+00  0.00000E+00  3.17265E-09  0.00000E+00
  1.000E-04  7.61557E-13  1.27855E-06  2.03099E-07  1.02818E-12  1.63335E-13  3.17170E-09  9.50618E-08
  1.250E-04  1.18994E-12  1.27855E-06  2.03099E-07  1.28522E-12  2.04168E-13  3.17116E-09  9.50538E-08
  1.500E-04  1.71346E-12  1.27854E-06  2.03099E-07  1.54226E-12  2.45002E-13  3.17050E-09  9.50441E-08
  1.750E-04  2.33225E-12  1.27854E-06  2.03099E-07  1.79930E-12  2.85835E-13  3.16973E-09  9.50326E-08
  2.000E-04  3.04617E-12  1.27854E-06  2.03099E-07  2.05634E-12  3.26669E-13  3.16883E-09  9.50193E-08
  2.250E-04  3.85530E-12  1.27853E-06  2.03099E-07  2.31337E-12  3.67503E-13  3.16782E-09  9.50043E-08
  2.500E-04  4.75964E-12  1.27853E-06  2.03099E-07  2.57040E-12  4.08336E-13  3.16669E-09  9.49875E-08
  2.750E-04  5.75917E-12  1.27852E-06  2.03099E-07  2.82743E-12  4.49169E-13  3.16543E-09  9.49689E-08
  3.000E-04  6.85391E-12  1.27851E-06  2.03099E-07  3.08446E-12  4.90003E-13  3.16406E-09  9.49486E-08
  3.250E-04  8.04379E-12  1.27851E-06  2.03098E-07  3.34148E-12  5.30836E-13  3.16257E-09  9.49265E-08
  3.500E-04  9.32893E-12  1.27850E-06  2.03098E-07  3.59849E-12  5.71669E-13  3.16096E-09  9.49026E-08
  3.750E-04  1.07092E-11  1.27849E-06  2.03098E-07  3.85550E-12  6.12502E-13  3.15924E-09  9.48770E-08
  4.000E-04  1.21847E-11  1.27849E-06  2.03098E-07  4.11251E-12  6.53336E-13  3.15739E-09  9.48496E-08
  4.250E-04  1.37554E-11  1.27848E-06  2.03098E-07  4.36951E-12  6.94169E-13  3.15542E-09  9.48205E-08
  4.500E-04  1.54213E-11  1.27847E-06  2.03098E-07  4.62651E-12  7.35001E-13  3.15334E-09  9.47896E-08
  4.750E-04  1.71823E-11  1.27846E-06  2.03098E-07  4.88350E-12  7.75834E-13  3.15114E-09  9.47569E-08
  5.000E-04  1.90386E-11  1.27845E-06  2.03098E-07  5.14049E-12  8.16667E-13  3.14882E-09  9.47225E-08
  5.250E-04  2.09900E-11  1.27844E-06  2.03097E-07  5.39746E-12  8.57500E-13  3.14638E-09  9.46863E-08
  5.500E-04  2.30367E-11  1.27842E-06  2.03097E-07  5.65444E-12  8.98332E-13  3.14383E-09  9.46484E-08
  5.750E-04  2.51785E-11  1.27841E-06  2.03097E-07  5.91140E-12  9.39165E-13  3.14115E-09  9.46087E-08
  6.000E-04  2.74156E-11  1.27840E-06  2.03097E-07  6.16836E-12  9.79997E-13  3.13836E-09  9.45672E-08
  6.250E-04  2.97478E-11  1.27839E-06  2.03097E-07  6.42531E-12  1.02083E-12  3.13545E-09  9.45240E-08
  6.500E-04  3.21752E-11  1.27837E-06  2.03096E-07  6.68225E-12  1.06166E-12  3.13243E-09  9.44791E-08
  6.750E-04  3.46979E-11  1.27836E-06  2.03096E-07  6.93918E-12  1.10249E-12  3.12929E-09  9.44324E-08
  7.000E-04  3.73157E-11  1.27834E-06  2.03096E-07  7.19611E-12  1.14333E-12  3.12602E-09  9.43840E-08
  7.250E-04  4.00286E-11  1.27833E-06  2.03096E-07  7.45302E-12  1.18416E-12  3.12265E-09  9.43338E-08
  7.500E-04  4.28368E-11  1.27831E-06  2.03095E-07  7.70993E-12  1.22499E-12  3.11915E-09  9.42819E-08
  7.750E-04  4.57402E-11  1.27830E-06  2.03095E-07  7.96683E-12  1.26582E-12  3.11554E-09  9.42282E-08
  8.000E-04  4.87388E-11  1.27828E-06  2.03095E-07  8.22371E-12  1.30665E-12  3.11182E-09  9.41728E-08
  8.250E-04  5.18325E-11  1.27826E-06  2.03095E-07  8.48059E-12  1.34748E-12  3.10798E-09  9.41157E-08
  8.500E-04  5.50215E-11  1.27825E-06  2.03094E-07  8.73745E-12  1.38831E-12  3.10402E-09  9.40568E-08
  8.750E-04  5.83057E-11  1.27823E-06  2.03094E-07  8.99431E-12  1.42914E-12  3.09994E-09  9.39962E-08
  9.000E-04  6.16850E-11  1.27821E-06  2.03094E-07  9.25115E-12  1.46997E-12  3.09576E-09  9.39339E-08
  9.250E-04  6.51595E-11  1.27819E-06  2.03094E-07  9.50799E-12  1.51080E-12  3.09145E-09  9.38698E-08
  9.500E-04  6.87293E-11  1.27817E-06  2.03093E-07  9.76481E-12  1.55163E-12  3.08703E-09  9.38040E-08
  9.750E-04  7.23943E-11  1.27815E-06  2.03093E-07  1.00216E-11  1.59246E-12  3.08250E-09  9.37365E-08
  1.000E-03  7.61544E-11  1.27813E-06  2.03093E-07  1.02784E-11  1.63329E-12  3.07785E-09  9.36673E-08
  1.250E-03  1.18991E-10  1.27789E-06  2.03089E-07  1.28456E-11  2.04158E-12  3.02514E-09  9.28809E-08
  1.500E-03  1.71347E-10  1.27760E-06  2.03084E-07  1.54112E-11  2.44984E-12  2.96131E-09  9.19256E-08
  1.750E-03  2.33223E-10  1.27725E-06  2.03079E-07  1.79749E-11  2.85808E-12  2.88671E-09  9.08048E-08
  2.000E-03  3.04617E-10  1.27686E-06  2.03073E-07  2.05364E-11  3.26627E-12  2.80175E-09  8.95226E-08
  2.250E-03  3.85531E-10  1.27641E-06  2.03066E-07  2.30953E-11  3.67443E-12  2.70690E-09  8.80837E-08
  2.500E-03  4.75965E-10  1.27590E-06  2.03058E-07  2.56513E-11  4.08255E-12  2.60268E-09  8.64931E-08
  2.750E-03  5.75917E-10  1.27535E-06  2.03050E-07  2.82042E-11  4.49061E-12  2.48966E-09  8.47566E-08
  3.000E-03  6.85389E-10  1.27474E-06  2.03040E-07  3.07535E-11  4.89862E-12  2.36846E-09  8.28805E-08
  3.250E-03  8.04380E-10  1.27408E-06  2.03030E-07  3.32991E-11  5.30658E-12  2.23974E-09  8.08713E-08
  3.500E-03  9.32891E-10  1.27337E-06  2.03019E-07  3.58406E-11  5.71446E-12  2.10419E-09  7.87363E-08
  3.750E-03  1.07092E-09  1.27261E-06  2.03007E-07  3.83777E-11  6.12228E-12  1.96257E-09  7.64830E-08
  4.000E-03  1.21847E-09  1.27180E-06  2.02995E-07  4.09101E-11  6.53003E-12  1.81562E-09  7.41194E-08
  4.250E-03  1.37554E-09  1.27093E-06  2.02981E-07  4.34374E-11  6.93770E-12  1.66416E-09  7.16538E-08
  4.500E-03  1.54213E-09  1.27002E-06  2.02967E-07  4.59595E-11  7.34528E-12  1.50898E-09  6.90948E-08
  4.750E-03  1.71823E-09  1.26906E-06  2.02952E-07  4.84759E-11  7.75277E-12  1.35093E-09  6.64512E-08
  5.000E-03  1.90386E-09  1.26804E-06  2.02936E-07  5.09865E-11  8.16018E-12  1.19084E-09  6.37323E-08
  5.250E-03  2.09900E-09  1.26698E-06  2.02919E-07  5.34909E-11  8.56748E-12  1.02958E-09  6.09473E-08
  5.500E-03  2.30367E-09  1.26586E-06  2.02902E-07  5.59888E-11  8.97468E-12  8.67981E-10  5.81057E-08
  5.750E-03  2.51785E-09  1.26470E-06  2.02884E-07  5.84800E-11  9.38178E-12  7.06906E-10  5.52172E-08
  6.000E-03  2.74156E-09  1.26349E-06  2.02864E-07  6.09641E-11  9.78876E-12  5.47192E-10  5.22914E-08
  6.250E-03  2.97478E-09  1.26223E-06  2.02844E-07  6.34410E-11  1.01956E-11  3.89669E-10  4.93381E-08
  6.500E-03  3.21752E-09  1.26092E-06  2.02824E-07  6.59103E-11  1.06024E-11  2.35145E-10  4.63669E-08
  6.750E-03  3.46978E-09  1.25957E-06  2.02802E-07  6.83718E-11  1.10090E-11  8.44084E-11  4.33877E-08
  7.000E-03  3.73156E-09  1.25816E-06  2.02780E-07  7.08251E-11  1.14155E-11  6.17807E-11  4.04098E-08
  7.250E-03  4.00286E-09  1.25672E-06  2.02757E-07  7.32701E-11  1.18218E-11  2.02695E-10  3.74429E-08
  7.500E-03  4.28368E-09  1.25522E-06  2.02733E-07  7.57065E-11  1.22280E-11  3.37642E-10  3.44962E-08
  7.750E-03  4.57402E-09  1.25368E-06  2.02708E-07  7.81341E-11  1.26341E-11  4.65970E-10  3.15788E-08
  8.000E-03  4.87388E-09  1.25209E-06  2.02682E-07  8.05525E-11  1.30400E-11  5.87069E-10  2.86995E-08
  8.250E-03  5.18326E-09  1.25046E-06  2.02656E-07  8.29616E-11  1.34457E-11  7.00380E-10  2.58670E-08
  8.500E-03  5.50215E-09  1.24879E-06  2.02629E-07  8.53611E-11  1.38513E-11  8.05391E-10  2.30895E-08
  8.750E-03  5.83057E-09  1.24707E-06  2.02601E-07  8.77509E-11  1.42567E-11  9.01645E-10  2.03750E-08
  9.000E-03  6.16850E-09  1.24531E-06  2.02572E-07  9.01305E-11  1.46620E-11  9.88739E-10  1.77309E-08
  9.250E-03  6.51596E-09  1.24350E-06  2.02543E-07  9.24999E-11  1.50671E-11  1.06633E-09  1.51646E-08
  9.500E-03  6.87293E-09  1.24166E-06  2.02512E-07  9.48589E-11  1.54720E-11  1.13414E-09  1.26826E-08
  9.750E-03  7.23942E-09  1.23977E-06  2.02481E-07  9.72071E-11  1.58767E-11  1.19193E-09  1.02912E-08
  1.000E-02  7.61544E-09  1.23784E-06  2.02449E-07  9.95444E-11  1.62812E-11  1.23956E-09  7.99636E-09
  1.250E-02  1.18991E-08  1.21641E-06  2.02087E-07  1.22276E-10  2.03151E-11  1.16573E-09  8.74247E-09
  1.500E-02  1.71347E-08  1.19152E-06  2.01647E-07  1.43729E-10  2.43250E-11  3.36337E-10  1.34103E-08
  1.750E-02  2.33223E-08  1.16377E-06  2.01131E-07  1.63779E-10  2.83067E-11  6.21103E-10  8.69699E-09
  2.000E-02  3.04617E-08  1.13380E-06  2.00542E-07  1.82355E-10  3.22557E-11  1.06978E-09  3.53102E-10
  2.250E-02  3.85531E-08  1.10217E-06  1.99881E-07  1.99426E-10  3.61680E-11  7.52512E-10  5.89219E-09
  2.500E-02  4.75965E-08  1.06942E-06  1.99151E-07  2.15001E-10  4.00399E-11  6.92242E-11  6.97229E-09
  2.750E-02  5.75917E-08  1.03602E-06  1.98354E-07  2.29116E-10  4.38678E-11  8.10286E-10  3.42775E-09
  3.000E-02  6.85389E-08  1.00237E-06  1.97494E-07  2.41826E-10  4.76482E-11  9.61649E-10  1.63427E-09
  3.250E-02  8.04380E-08  9.68799E-07  1.96573E-07  2.53204E-10  5.13782E-11  4.31473E-10  4.78003E-09
  3.500E-02  9.32891E-08  9.35569E-07  1.95594E-07  2.63328E-10  5.50548E-11  3.99076E-10  4.32125E-09
  3.750E-02  1.07092E-07  9.02889E-07  1.94561E-07  2.72282E-10  5.86756E-11  9.42715E-10  1.07277E-09
  4.000E-02  1.21847E-07  8.70917E-07  1.93475E-07  2.80150E-10  6.22382E-11  8.14713E-10  2.48920E-09
  4.250E-02  1.37554E-07  8.39770E-07  1.92341E-07  2.87013E-10  6.57405E-11  1.02801E-10  3.98673E-09
  4.500E-02  1.54213E-07  8.09528E-07  1.91162E-07  2.92953E-10  6.91807E-11  6.90841E-10  2.64634E-09
  4.750E-02  1.71823E-07  7.80245E-07  1.89940E-07  2.98042E-10  7.25573E-11  9.99796E-10  3.63255E-10
  5.000E-02  1.90386E-07  7.51951E-07  1.88678E-07  3.02352E-10  7.58689E-11  5.94631E-10  2.87293E-09
  5.250E-02  2.09900E-07  7.24661E-07  1.87380E-07  3.05948E-10  7.91144E-11  2.47457E-10  3.22672E-09
  5.500E-02  2.30367E-07  6.98376E-07  1.86049E-07  3.08891E-10  8.22928E-11  9.30127E-10  1.34238E-09
  5.750E-02  2.51785E-07  6.73086E-07  1.84687E-07  3.11238E-10  8.54036E-11  9.57699E-10  1.34439E-09
  6.000E-02  2.74156E-07  6.48775E-07  1.83297E-07  3.13039E-10  8.84460E-11  2.93480E-10  2.94422E-09
  6.250E-02  2.97478E-07  6.25420E-07  1.81881E-07  3.14344E-10  9.14199E-11  6.01614E-10  2.41926E-09
  6.500E-02  3.21752E-07  6.02995E-07  1.80443E-07  3.15196E-10  9.43250E-11  1.08708E-09  2.42096E-10
  6.750E-02  3.46978E-07  5.81473E-07  1.78985E-07  3.15636E-10  9.71612E-11  7.99523E-10  2.00288E-09
  7.000E-02  3.73156E-07  5.60822E-07  1.77509E-07  3.15702E-10  9.99287E-11  7.65682E-11  2.75673E-09
  7.250E-02  4.00286E-07  5.41012E-07  1.76017E-07  3.15427E-10  1.02628E-10  9.25027E-10  1.55666E-09
  7.500E-02  4.28368E-07  5.22011E-07  1.74511E-07  3.14844E-10  1.05259E-10  1.12996E-09  6.88195E-10
  7.750E-02  4.57402E-07  5.03788E-07  1.72994E-07  3.13981E-10  1.07822E-10  5.21651E-10  2.37567E-09
  8.000E-02  4.87388E-07  4.86312E-07  1.71468E-07  3.12867E-10  1.10318E-10  4.85696E-10  2.34471E-09
  8.250E-02  5.18325E-07  4.69552E-07  1.69933E-07  3.11525E-10  1.12747E-10  1.17453E-09  6.68290E-10
  8.500E-02  5.50215E-07  4.53479E-07  1.68393E-07  3.09978E-10  1.15111E-10  1.03401E-09  1.43319E-09
  8.750E-02  5.83057E-07  4.38064E-07  1.66849E-07  3.08248E-10  1.17410E-10  1.37724E-10  2.47407E-09
  9.000E-02  6.16850E-07  4.23278E-07  1.65301E-07  3.06353E-10  1.19644E-10  8.89544E-10  1.74818E-09
  9.250E-02  6.51596E-07  4.09094E-07  1.63752E-07  3.04312E-10  1.21816E-10  1.30628E-09  1.94911E-10
  9.500E-02  6.87293E-07  3.95487E-07  1.62204E-07  3.02142E-10  1.23925E-10  7.88625E-10  1.96203E-09
  9.750E-02  7.23942E-07  3.82431E-07  1.60656E-07  2.99856E-10  1.25973E-10  3.19834E-10  2.31099E-09
  1.000E-01  7.61543E-07  3.69902E-07  1.59111E-07  2.97469E-10  1.27960E-10  1.23440E-09  1.02063E-09
  1.250E-01  1.18991E-06  2.68960E-07  1.44000E-07  2.70367E-10  1.44760E-10  6.45551E-10  2.04150E-09
  1.500E-01  1.71347E-06  2.00611E-07  1.29932E-07  2.41992E-10  1.56743E-10  5.50146E-10  2.08307E-09
  1.750E-01  2.33223E-06  1.53040E-07  1.17186E-07  2.15376E-10  1.64928E-10  1.82746E-09  1.17349E-09
  2.000E-01  3.04617E-06  1.18854E-07  1.05782E-07  1.91162E-10  1.70148E-10  2.44429E-09  2.58115E-10
  2.250E-01  3.85531E-06  9.34718E-08  9.56283E-08  1.69129E-10  1.73043E-10  1.86082E-09  1.55216E-09
  2.500E-01  4.75964E-06  7.40615E-08  8.65910E-08  1.48898E-10  1.74101E-10  1.08397E-10  2.11345E-09
  2.750E-01  5.75916E-06  5.88634E-08  7.85364E-08  1.30176E-10  1.73698E-10  2.10986E-09  1.67822E-09
  3.000E-01  6.85388E-06  4.67597E-08  7.13439E-08  1.12809E-10  1.72136E-10  3.67791E-09  4.37261E-10
  3.250E-01  8.04378E-06  3.70137E-08  6.49100E-08  9.67371E-11  1.69665E-10  3.60522E-09  1.04011E-09
  3.500E-01  9.32888E-06  2.91158E-08  5.91466E-08  8.19482E-11  1.66493E-10  1.60194E-09  2.05753E-09
  3.750E-01  1.07092E-05  2.26948E-08  5.39786E-08  6.84372E-11  1.62800E-10  1.62384E-09  2.11489E-09
  4.000E-01  1.21846E-05  1.74673E-08  4.93406E-08  5.61837E-11  1.58734E-10  4.56994E-09  1.15498E-09
  4.250E-01  1.37553E-05  1.32099E-08  4.51752E-08  4.51438E-11  1.54418E-10  5.62360E-09  3.91376E-10
  4.500E-01  1.54212E-05  9.74251E-09  4.14310E-08  3.52508E-11  1.49951E-10  3.92203E-09  1.79575E-09
  4.750E-01  1.71822E-05  6.91827E-09  3.80621E-08  2.64204E-11  1.45412E-10  6.33814E-11  2.37553E-09
  5.000E-01  1.90385E-05  4.61713E-09  3.50269E-08  1.85578E-11  1.40860E-10  4.58383E-09  1.82699E-09
  5.250E-01  2.09899E-05  2.74096E-09  3.22886E-08  1.15640E-11  1.36341E-10  7.36723E-09  3.83928E-10
  5.500E-01  2.30365E-05  1.20977E-09  2.98137E-08  5.34173E-12  1.31887E-10  6.75031E-09  1.28120E-09
  5.750E-01  2.51783E-05 -4.13911E-11  2.75727E-08 -2.01352E-13  1.27518E-10  2.62733E-09  2.37160E-09
  6.000E-01  2.74153E-05 -1.06504E-09  2.55393E-08 -5.14974E-12  1.23250E-10  3.30922E-09  2.34832E-09
  6.250E-01  2.97475E-05 -1.90351E-09  2.36903E-08 -9.57898E-12  1.19091E-10  8.24107E-09  1.19641E-09
  6.500E-01  3.21749E-05 -2.59083E-09  2.20051E-08 -1.35553E-11  1.15046E-10  9.55448E-09  5.56015E-10
  6.750E-01  3.46974E-05 -3.15434E-09  2.04659E-08 -1.71359E-11  1.11114E-10  6.20425E-09  2.08018E-09
  7.000E-01  3.73152E-05 -3.61596E-09  1.90569E-08 -2.03694E-11  1.07297E-10  5.91575E-10  2.63900E-09
  7.250E-01  4.00281E-05 -3.99330E-09  1.77642E-08 -2.32972E-11  1.03591E-10  7.74919E-09  1.94362E-09
  7.500E-01  4.28362E-05 -4.30055E-09  1.65759E-08 -2.59540E-11  9.99955E-11  1.17078E-08  3.01632E-10
  7.750E-01  4.57395E-05 -4.54918E-09  1.54813E-08 -2.83689E-11  9.65059E-11  1.01895E-08  1.51839E-09
  8.000E-01  4.87380E-05 -4.74848E-09  1.44712E-08 -3.05664E-11  9.31198E-11  3.46660E-09  2.64684E-09
  8.250E-01  5.18317E-05 -4.90605E-09  1.35375E-08 -3.25673E-11  8.98343E-11  5.55342E-09  2.52875E-09
  8.500E-01  5.50205E-05 -5.02815E-09  1.26730E-08 -3.43889E-11  8.66465E-11  1.25665E-08  1.19652E-09
  8.750E-01  5.83045E-05 -5.11994E-09  1.18714E-08 -3.60464E-11  8.35538E-11  1.39180E-08  7.34274E-10
  9.000E-01  6.16838E-05 -5.18576E-09  1.11272E-08 -3.75528E-11  8.05538E-11  8.48672E-09  2.34925E-09
  9.250E-01  6.51582E-05 -5.22923E-09  1.04354E-08 -3.89194E-11  7.76441E-11  1.55575E-09  2.86853E-09
  9.500E-01  6.87277E-05 -5.25345E-09  9.79150E-09 -4.01564E-11  7.48228E-11  1.15786E-08  2.02341E-09
  9.750E-01  7.23925E-05 -5.26105E-09  9.19164E-09 -4.12728E-11  7.20876E-11  1.66180E-08  1.94549E-10
  1.000E+00  7.61524E-05 -5.25432E-09  8.63226E-09 -4.22770E-11  6.94367E-11  9.93769E-13  2.04416E-13
  1.100E+00  9.21439E-05 -5.11986E-09  6.74003E-09 -4.53153E-11  5.96384E-11  1.14194E-12  2.20139E-13
  1.200E+00  1.09658E-04 -4.87605E-09  5.28738E-09 -4.70818E-11  5.10386E-11  1.12780E-12  2.10461E-13
  1.300E+00  1.28695E-04 -4.57909E-09  4.16109E-09 -4.79003E-11  4.35140E-11  1.01763E-12  1.85399E-13
  1.400E+00  1.49255E-04 -4.26304E-09  3.28001E-09 -4.80259E-11  3.69387E-11  8.56126E-13  1.52765E-13
  1.500E+00  1.71338E-04 -3.94801E-09  2.58494E-09 -4.76554E-11  3.11900E-11  6.71758E-13  1.17736E-13
  1.600E+00  1.94942E-04 -3.64528E-09  2.03217E-09 -4.69363E-11  2.61544E-11  4.85520E-13  8.29592E-14
  1.700E+00  2.20070E-04 -3.36061E-09  1.58922E-09 -4.59770E-11  2.17310E-11  3.11205E-13  5.11434E-14
  1.800E+00  2.46720E-04 -3.09640E-09  1.23178E-09 -4.48557E-11  1.78330E-11  1.58132E-13  2.39585E-14
  1.900E+00  2.74892E-04 -2.85308E-09  9.41527E-10 -4.36286E-11  1.43867E-11  3.02317E-14  1.17058E-15
  2.000E+00  3.04586E-04 -2.63001E-09  7.04549E-10 -4.23357E-11  1.13305E-11  6.87614E-14  1.56302E-14
  2.100E+00  3.35803E-04 -2.42600E-09  5.10181E-10 -4.10058E-11  8.61275E-12  1.38545E-13  2.78372E-14
  2.200E+00  3.68542E-04 -2.23961E-09  3.50174E-10 -3.96594E-11  6.19033E-12  1.82206E-13  3.47662E-14
  2.300E+00  4.02802E-04 -2.06936E-09  2.18085E-10 -3.83117E-11  4.02697E-12  2.02051E-13  3.74362E-14
  2.400E+00  4.38585E-04 -1.91381E-09  1.08834E-10 -3.69737E-11  2.09199E-12  2.01336E-13  3.62303E-14
  2.500E+00  4.75889E-04 -1.77158E-09  1.83791E-11 -3.56533E-11  3.59204E-13  1.84677E-13  3.34820E-14
  2.600E+00  5.14715E-04 -1.64142E-09 -5.65246E-11 -3.43564E-11 -1.19386E-12  1.56772E-13  2.77323E-14
  2.700E+00  5.55063E-04 -1.52219E-09 -1.18501E-10 -3.30875E-11 -2.58665E-12  1.21194E-13  2.11335E-14
  2.800E+00  5.96931E-04 -1.41286E-09 -1.69687E-10 -3.18495E-11 -3.83613E-12  8.30116E-14  1.34684E-14
  2.900E+00  6.40321E-04 -1.31249E-09 -2.11837E-10 -3.06448E-11 -4.95716E-12  4.48405E-14  6.68131E-15
  3.000E+00  6.85233E-04 -1.22025E-09 -2.46398E-10 -2.94746E-11 -5.96282E-12  9.34574E-15  3.89385E-16
  3.100E+00  7.31665E-04 -1.13538E-09 -2.74567E-10 -2.83398E-11 -6.86470E-12  2.08318E-14  4.60998E-15
  3.200E+00  7.79618E-04 -1.05722E-09 -2.97343E-10 -2.72410E-11 -7.67307E-12  4.46963E-14  9.09111E-15
  3.300E+00  8.29092E-04 -9.85147E-10 -3.15562E-10 -2.61781E-11 -8.39710E-12  6.14596E-14  1.17334E-14
  3.400E+00  8.80086E-04 -9.18624E-10 -3.29925E-10 -2.51510E-11 -9.04494E-12  7.05901E-14  1.30413E-14
  3.500E+00  9.32601E-04 -8.57156E-10 -3.41022E-10 -2.41591E-11 -9.62392E-12  7.27994E-14  1.34214E-14
  3.600E+00  9.86636E-04 -8.00301E-10 -3.49351E-10 -2.32019E-11 -1.01406E-11  6.85493E-14  1.23103E-14
  3.700E+00  1.04219E-03 -7.47660E-10 -3.55334E-10 -2.22786E-11 -1.06008E-11  6.02894E-14  1.07939E-14
  3.800E+00  1.09927E-03 -6.98871E-10 -3.59329E-10 -2.13883E-11 -1.10098E-11  4.79399E-14  8.30316E-15
  3.900E+00  1.15786E-03 -6.53609E-10 -3.61640E-10 -2.05302E-11 -1.13725E-11  3.41284E-14  5.45020E-15
  4.000E+00  1.21797E-03 -6.11578E-10 -3.62528E-10 -1.97031E-11 -1.16930E-11  1.87264E-14  2.73104E-15
  4.100E+00  1.27961E-03 -5.72512E-10 -3.62212E-10 -1.89062E-11 -1.19752E-11  4.29324E-15  1.36648E-16
  4.200E+00  1.34276E-03 -5.36167E-10 -3.60882E-10 -1.81384E-11 -1.22226E-11  8.53443E-15  1.95101E-15
  4.300E+00  1.40743E-03 -5.02325E-10 -3.58699E-10 -1.73986E-11 -1.24384E-11  1.92462E-14  4.21427E-15
  4.400E+00  1.47362E-03 -4.70785E-10 -3.55802E-10 -1.66859E-11 -1.26254E-11  2.75450E-14  5.20303E-15
  4.500E+00  1.54133E-03 -4.41367E-10 -3.52309E-10 -1.59991E-11 -1.27861E-11  3.22605E-14  6.09848E-15
  4.600E+00  1.61056E-03 -4.13904E-10 -3.48323E-10 -1.53374E-11 -1.29229E-11  3.41392E-14  6.04619E-15
  4.700E+00  1.68131E-03 -3.88246E-10 -3.43930E-10 -1.46998E-11 -1.30379E-11  3.24820E-14  5.88921E-15
  4.800E+00  1.75357E-03 -3.64255E-10 -3.39206E-10 -1.40852E-11 -1.31330E-11  2.87365E-14  5.14610E-15
  4.900E+00  1.82735E-03 -3.41807E-10 -3.34215E-10 -1.34928E-11 -1.32100E-11  2.33408E-14  3.88990E-15
  5.000E+00  1.90265E-03 -3.20786E-10 -3.29012E-10 -1.29216E-11 -1.32704E-11  1.65883E-14  2.73103E-15
  5.100E+00  1.97947E-03 -3.01088E-10 -3.23645E-10 -1.23710E-11 -1.33157E-11  9.38103E-15  1.39872E-15
  5.200E+00  2.05780E-03 -2.82616E-10 -3.18155E-10 -1.18399E-11 -1.33472E-11  2.17646E-15  0.00000E+00
  5.300E+00  2.13765E-03 -2.65283E-10 -3.12576E-10 -1.13276E-11 -1.33660E-11  4.48613E-15  1.13127E-15
  5.400E+00  2.21902E-03 -2.49008E-10 -3.06939E-10 -1.08334E-11 -1.33734E-11  9.86023E-15  2.25542E-15
  5.500E+00  2.30190E-03 -2.33716E-10 -3.01270E-10 -1.03565E-11 -1.33702E-11  1.40738E-14  2.69667E-15
  5.600E+00  2.38630E-03 -2.19340E-10 -2.95589E-10 -9.89616E-12 -1.33573E-11  1.66402E-14  3.03224E-15
  5.700E+00  2.47222E-03 -2.05815E-10 -2.89917E-10 -9.45182E-12 -1.33357E-11  1.77263E-14  3.20289E-15
  5.800E+00  2.55965E-03 -1.93086E-10 -2.84268E-10 -9.02279E-12 -1.33060E-11  1.69221E-14  3.02371E-15
  5.900E+00  2.64859E-03 -1.81098E-10 -2.78657E-10 -8.60846E-12 -1.32691E-11  1.53810E-14  2.72510E-15
  6.000E+00  2.73905E-03 -1.69802E-10 -2.73095E-10 -8.20824E-12 -1.32254E-11  1.25405E-14  2.13143E-15
  6.100E+00  2.83103E-03 -1.59153E-10 -2.67591E-10 -7.82157E-12 -1.31756E-11  9.09368E-15  1.27267E-15
  6.200E+00  2.92452E-03 -1.49108E-10 -2.62153E-10 -7.44792E-12 -1.31202E-11  5.21309E-15  5.86187E-16
  6.300E+00  3.01952E-03 -1.39629E-10 -2.56788E-10 -7.08677E-12 -1.30598E-11  1.47167E-15  0.00000E+00
  6.400E+00  3.11604E-03 -1.30680E-10 -2.51501E-10 -6.73765E-12 -1.29948E-11  2.44313E-15  7.69000E-16
  6.500E+00  3.21407E-03 -1.22227E-10 -2.46297E-10 -6.40008E-12 -1.29255E-11  5.52321E-15  1.17065E-15
  6.600E+00  3.31362E-03 -1.14240E-10 -2.41180E-10 -6.07362E-12 -1.28525E-11  7.83961E-15  1.54718E-15
  6.700E+00  3.41468E-03 -1.06690E-10 -2.36151E-10 -5.75785E-12 -1.27760E-11  9.41079E-15  1.85029E-15
  6.800E+00  3.51725E-03 -9.95492E-11 -2.31213E-10 -5.45235E-12 -1.26964E-11  9.94027E-15  1.84346E-15
  6.900E+00  3.62133E-03 -9.27938E-11 -2.26368E-10 -5.15674E-12 -1.26139E-11  9.69227E-15  1.69494E-15
  7.000E+00  3.72692E-03 -8.64006E-11 -2.21616E-10 -4.87065E-12 -1.25289E-11  8.73356E-15  1.59996E-15
  7.100E+00  3.83403E-03 -8.03481E-11 -2.16958E-10 -4.59372E-12 -1.24416E-11  7.29003E-15  1.19887E-15
  7.200E+00  3.94265E-03 -7.46158E-11 -2.12394E-10 -4.32562E-12 -1.23522E-11  5.12357E-15  7.33493E-16
  7.300E+00  4.05278E-03 -6.91856E-11 -2.07924E-10 -4.06601E-12 -1.22610E-11  3.03552E-15  3.35542E-16
  7.400E+00  4.16442E-03 -6.40398E-11 -2.03548E-10 -3.81460E-12 -1.21682E-11  7.94877E-16  8.15758E-17
  7.500E+00  4.27757E-03 -5.91618E-11 -1.99264E-10 -3.57108E-12 -1.20739E-11  1.28900E-15  3.96794E-16
  7.600E+00  4.39223E-03 -5.45369E-11 -1.95073E-10 -3.33516E-12 -1.19784E-11  3.04692E-15  7.72299E-16
  7.700E+00  4.50840E-03 -5.01505E-11 -1.90973E-10 -3.10659E-12 -1.18817E-11  4.60710E-15  8.64620E-16
  7.800E+00  4.62608E-03 -4.59892E-11 -1.86963E-10 -2.88509E-12 -1.17841E-11  5.33720E-15  1.06166E-15
  7.900E+00  4.74527E-03 -4.20409E-11 -1.83041E-10 -2.67041E-12 -1.16857E-11  5.76325E-15  1.10556E-15
  8.000E+00  4.86597E-03 -3.82936E-11 -1.79207E-10 -2.46233E-12 -1.15865E-11  5.64939E-15  1.07735E-15
  8.100E+00  4.98817E-03 -3.47364E-11 -1.75458E-10 -2.26060E-12 -1.14868E-11  5.22461E-15  8.80801E-16
  8.200E+00  5.11188E-03 -3.13590E-11 -1.71794E-10 -2.06501E-12 -1.13865E-11  4.29725E-15  7.59759E-16
  8.300E+00  5.23711E-03 -2.81518E-11 -1.68213E-10 -1.87534E-12 -1.12859E-11  3.08424E-15  4.18857E-16
  8.400E+00  5.36383E-03 -2.51057E-11 -1.64713E-10 -1.69141E-12 -1.11851E-11  1.81166E-15  1.57178E-16
  8.500E+00  5.49207E-03 -2.22121E-11 -1.61293E-10 -1.51300E-12 -1.10840E-11  4.56358E-16  1.53397E-17
  8.600E+00  5.62181E-03 -1.94631E-11 -1.57950E-10 -1.33994E-12 -1.09828E-11  7.93691E-16  2.54572E-16
  8.700E+00  5.75306E-03 -1.68511E-11 -1.54684E-10 -1.17205E-12 -1.08815E-11  1.83591E-15  4.53302E-16
  8.800E+00  5.88581E-03 -1.43691E-11 -1.51492E-10 -1.00915E-12 -1.07803E-11  2.65707E-15  5.42735E-16
  8.900E+00  6.02007E-03 -1.20103E-11 -1.48374E-10 -8.51083E-13 -1.06792E-11  3.19358E-15  6.41880E-16
  9.000E+00  6.15583E-03 -9.76842E-12 -1.45327E-10 -6.97688E-13 -1.05782E-11  3.42600E-15  6.27271E-16
  9.100E+00  6.29310E-03 -7.63757E-12 -1.42350E-10 -5.48813E-13 -1.04774E-11  3.37428E-15  6.19812E-16
  9.200E+00  6.43187E-03 -5.61211E-12 -1.39440E-10 -4.04311E-13 -1.03768E-11  3.05708E-15  5.08260E-16
  9.300E+00  6.57214E-03 -3.68677E-12 -1.36598E-10 -2.64042E-13 -1.02765E-11  2.52746E-15  4.01467E-16
  9.400E+00  6.71392E-03 -1.85658E-12 -1.33820E-10 -1.27870E-13 -1.01766E-11  1.84297E-15  2.47779E-16
  9.500E+00  6.85720E-03 -1.16818E-13 -1.31106E-10  4.33486E-15 -1.00770E-11  1.07856E-15  9.90102E-17
  9.600E+00  7.00198E-03  1.53698E-12 -1.28454E-10  1.32698E-13 -9.97787E-12  3.01628E-16  4.77472E-17
  9.700E+00  7.14827E-03  3.10898E-12 -1.25862E-10  2.57340E-13 -9.87915E-12  4.46351E-16  1.72341E-16
  9.800E+00  7.29605E-03  4.60320E-12 -1.23329E-10  3.78377E-13 -9.78090E-12  1.04473E-15  2.74541E-16
  9.900E+00  7.44534E-03  6.02340E-12 -1.20854E-10  4.95921E-13 -9.68314E-12  1.49310E-15  3.36053E-16
  1.000E+01  7.59612E-03  7.37312E-12 -1.18434E-10  6.10079E-13 -9.58590E-12  1.85139E-15  3.73032E-16
  1.025E+01  7.97965E-03  1.04608E-11 -1.12622E-10  8.81339E-13 -9.34523E-12  3.11181E-16  1.04254E-16
  1.050E+01  8.37255E-03  1.31767E-11 -1.07131E-10  1.13360E-12 -9.10826E-12  1.01817E-15  9.91828E-17
  1.075E+01  8.77480E-03  1.55629E-11 -1.01942E-10  1.36827E-12 -8.87522E-12  1.44655E-15  2.83396E-16
  1.100E+01  9.18641E-03  1.76561E-11 -9.70354E-11  1.58660E-12 -8.64631E-12  8.75105E-16  2.16166E-16
  1.125E+01  9.60736E-03  1.94889E-11 -9.23944E-11  1.78978E-12 -8.42165E-12  1.60711E-16  0.00000E+00
  1.150E+01  1.00376E-02  2.10898E-11 -8.80027E-11  1.97885E-12 -8.20134E-12  8.29582E-16  9.85579E-17
  1.175E+01  1.04773E-02  2.24840E-11 -8.38450E-11  2.15482E-12 -7.98545E-12  8.23166E-16  1.88500E-16
  1.200E+01  1.09262E-02  2.36938E-11 -7.99070E-11  2.31859E-12 -7.77401E-12  2.81553E-16  1.20282E-16
  1.225E+01  1.13844E-02  2.47389E-11 -7.61754E-11  2.47097E-12 -7.56704E-12  2.69879E-16  0.00000E+00
  1.250E+01  1.18520E-02  2.56368E-11 -7.26378E-11  2.61275E-12 -7.36453E-12  3.62469E-16  5.52391E-17
  1.275E+01  1.23288E-02  2.64030E-11 -6.92825E-11  2.74463E-12 -7.16646E-12  3.48012E-16  5.30041E-17
  1.300E+01  1.28150E-02  2.70515E-11 -6.60987E-11  2.86726E-12 -6.97279E-12  0.00000E+00  5.08984E-17
  1.325E+01  1.33104E-02  2.75945E-11 -6.30762E-11  2.98125E-12 -6.78347E-12  1.83738E-16  0.00000E+00
  1.350E+01  1.38150E-02  2.80431E-11 -6.02054E-11  3.08715E-12 -6.59846E-12  1.76804E-16  0.00000E+00
  1.375E+01  1.43290E-02  2.84071E-11 -5.74776E-11  3.18548E-12 -6.41768E-12  1.70250E-16  9.05280E-17
  1.400E+01  1.48521E-02  2.86953E-11 -5.48845E-11  3.27674E-12 -6.24106E-12  0.00000E+00  8.71733E-17
  1.425E+01  1.53845E-02  2.89156E-11 -5.24184E-11  3.36135E-12 -6.06855E-12  0.00000E+00  8.39959E-17
  1.450E+01  1.59262E-02  2.90750E-11 -5.00719E-11  3.43973E-12 -5.90005E-12  7.63010E-17  0.00000E+00
  1.475E+01  1.64770E-02  2.91799E-11 -4.78384E-11  3.51228E-12 -5.73549E-12  7.36581E-17  7.81255E-17
  1.500E+01  1.70371E-02  2.92360E-11 -4.57115E-11  3.57935E-12 -5.57478E-12  0.00000E+00  1.50822E-16
  1.525E+01  1.76063E-02  2.92484E-11 -4.36853E-11  3.64126E-12 -5.41785E-12  6.87614E-17  0.00000E+00
  1.550E+01  1.81848E-02  2.92217E-11 -4.17542E-11  3.69835E-12 -5.26460E-12  1.32982E-16  1.40753E-16
  1.575E+01  1.87724E-02  2.91601E-11 -3.99130E-11  3.75089E-12 -5.11497E-12  2.57317E-16  6.80395E-17
  1.600E+01  1.93692E-02  2.90673E-11 -3.81569E-11  3.79915E-12 -4.96885E-12  1.24539E-16  1.31626E-16
  1.625E+01  1.99751E-02  2.89468E-11 -3.64813E-11  3.84340E-12 -4.82617E-12  1.20610E-16  0.00000E+00
  1.650E+01  2.05901E-02  2.88014E-11 -3.48820E-11  3.88386E-12 -4.68685E-12  1.16861E-16  0.00000E+00
  1.675E+01  2.12143E-02  2.86341E-11 -3.33548E-11  3.92077E-12 -4.55080E-12  0.00000E+00  0.00000E+00
  1.700E+01  2.18476E-02  2.84472E-11 -3.18960E-11  3.95431E-12 -4.41795E-12  0.00000E+00  1.15765E-16
  1.725E+01  2.24900E-02  2.82431E-11 -3.05021E-11  3.98470E-12 -4.28820E-12  1.06589E-16  0.00000E+00
  1.750E+01  2.31415E-02  2.80238E-11 -2.91697E-11  4.01211E-12 -4.16149E-12  2.06918E-16  0.00000E+00
  1.775E+01  2.38021E-02  2.77911E-11 -2.78956E-11  4.03672E-12 -4.03774E-12  0.00000E+00  0.00000E+00
  1.800E+01  2.44717E-02  2.75466E-11 -2.66770E-11  4.05868E-12 -3.91687E-12  1.95183E-16  1.02513E-16
  1.825E+01  2.51504E-02  2.72919E-11 -2.55110E-11  4.07814E-12 -3.79881E-12  0.00000E+00  0.00000E+00
  1.850E+01  2.58382E-02  2.70284E-11 -2.43950E-11  4.09525E-12 -3.68349E-12  0.00000E+00  0.00000E+00
  1.875E+01  2.65349E-02  2.67572E-11 -2.33266E-11  4.11014E-12 -3.57083E-12  1.79336E-16  9.39584E-17
  1.900E+01  2.72407E-02  2.64796E-11 -2.23033E-11  4.12293E-12 -3.46077E-12  0.00000E+00  0.00000E+00
  1.925E+01  2.79555E-02  2.61964E-11 -2.13231E-11  4.13374E-12 -3.35323E-12  0.00000E+00  0.00000E+00
  1.950E+01  2.86793E-02  2.59087E-11 -2.03838E-11  4.14269E-12 -3.24817E-12  0.00000E+00  0.00000E+00
  1.975E+01  2.94120E-02  2.56172E-11 -1.94836E-11  4.14987E-12 -3.14550E-12  0.00000E+00  0.00000E+00
  2.000E+01  3.01537E-02  2.53228E-11 -1.86204E-11  4.15539E-12 -3.04517E-12  0.00000E+00  0.00000E+00
  2.025E+01  3.09043E-02  2.50260E-11 -1.77926E-11  4.15934E-12 -2.94712E-12  0.00000E+00  0.00000E+00
  2.050E+01  3.16639E-02  2.47276E-11 -1.69986E-11  4.16180E-12 -2.85129E-12  0.00000E+00  0.00000E+00
  2.075E+01  3.24324E-02  2.44280E-11 -1.62367E-11  4.16286E-12 -2.75762E-12  0.00000E+00  0.00000E+00
  2.100E+01  3.32098E-02  2.41277E-11 -1.55056E-11  4.16259E-12 -2.66606E-12  0.00000E+00  0.00000E+00
  2.125E+01  3.39961E-02  2.38273E-11 -1.48037E-11  4.16107E-12 -2.57655E-12  0.00000E+00  0.00000E+00
  2.150E+01  3.47912E-02  2.35271E-11 -1.41297E-11  4.15837E-12 -2.48904E-12  0.00000E+00  0.00000E+00
  2.175E+01  3.55952E-02  2.32275E-11 -1.34825E-11  4.15456E-12 -2.40348E-12  0.00000E+00  0.00000E+00
  2.200E+01  3.64081E-02  2.29288E-11 -1.28608E-11  4.14969E-12 -2.31982E-12  0.00000E+00  0.00000E+00
  2.225E+01  3.72297E-02  2.26313E-11 -1.22634E-11  4.14383E-12 -2.23800E-12  0.00000E+00  0.00000E+00
  2.250E+01  3.80602E-02  2.23353E-11 -1.16894E-11  4.13702E-12 -2.15799E-12  0.00000E+00  0.00000E+00
  2.275E+01  3.88995E-02  2.20410E-11 -1.11376E-11  4.12933E-12 -2.07974E-12  0.00000E+00  0.00000E+00
  2.300E+01  3.97476E-02  2.17486E-11 -1.06071E-11  4.12081E-12 -2.00320E-12  0.00000E+00  0.00000E+00
  2.325E+01  4.06044E-02  2.14584E-11 -1.00971E-11  4.11149E-12 -1.92834E-12  0.00000E+00  0.00000E+00
  2.350E+01  4.14700E-02  2.11704E-11 -9.60656E-12  4.10142E-12 -1.85510E-12  0.00000E+00  0.00000E+00
  2.375E+01  4.23443E-02  2.08849E-11 -9.13472E-12  4.09066E-12 -1.78345E-12  0.00000E+00  0.00000E+00
  2.400E+01  4.32273E-02  2.06020E-11 -8.68080E-12  4.07923E-12 -1.71334E-12  0.00000E+00  0.00000E+00
  2.425E+01  4.41190E-02  2.03217E-11 -8.24402E-12  4.06717E-12 -1.64475E-12  0.00000E+00  0.00000E+00
  2.450E+01  4.50194E-02  2.00442E-11 -7.82369E-12  4.05453E-12 -1.57763E-12  0.00000E+00  0.00000E+00
  2.475E+01  4.59284E-02  1.97696E-11 -7.41911E-12  4.04133E-12 -1.51195E-12  0.00000E+00  0.00000E+00
  2.500E+01  4.68461E-02  1.94979E-11 -7.02963E-12  4.02761E-12 -1.44766E-12  0.00000E+00  0.00000E+00
  2.550E+01  4.87074E-02  1.89637E-11 -6.29356E-12  3.99872E-12 -1.32317E-12  0.00000E+00  0.00000E+00
  2.600E+01  5.06030E-02  1.84419E-11 -5.61089E-12  3.96810E-12 -1.20388E-12  0.00000E+00  0.00000E+00
  2.650E+01  5.25328E-02  1.79327E-11 -4.97741E-12  3.93594E-12 -1.08956E-12  0.00000E+00  0.00000E+00
  2.700E+01  5.44967E-02  1.74364E-11 -4.38932E-12  3.90243E-12 -9.79959E-13  0.00000E+00  0.00000E+00
  2.750E+01  5.64946E-02  1.69530E-11 -3.84315E-12  3.86774E-12 -8.74870E-13  0.00000E+00  0.00000E+00
  2.800E+01  5.85262E-02  1.64824E-11 -3.33571E-12  3.83202E-12 -7.74080E-13  0.00000E+00  0.00000E+00
  2.850E+01  6.05914E-02  1.60247E-11 -2.86410E-12  3.79541E-12 -6.77392E-13  0.00000E+00  0.00000E+00
  2.900E+01  6.26901E-02  1.55796E-11 -2.42566E-12  3.75804E-12 -5.84620E-13  0.00000E+00  0.00000E+00
  2.950E+01  6.48222E-02  1.51469E-11 -2.01796E-12  3.72001E-12 -4.95588E-13  0.00000E+00  0.00000E+00
  3.000E+01  6.69873E-02  1.47266E-11 -1.63876E-12  3.68142E-12 -4.10129E-13  0.00000E+00  0.00000E+00
  3.050E+01  6.91854E-02  1.43183E-11 -1.28603E-12  3.64238E-12 -3.28084E-13  0.00000E+00  0.00000E+00
  3.100E+01  7.14163E-02  1.39218E-11 -9.57884E-13  3.60296E-12 -2.49305E-13  0.00000E+00  0.00000E+00
  3.150E+01  7.36799E-02  1.35369E-11 -6.52573E-13  3.56324E-12 -1.73649E-13  0.00000E+00  0.00000E+00
  3.200E+01  7.59760E-02  1.31633E-11 -3.68506E-13  3.52329E-12 -1.00982E-13  0.00000E+00  0.00000E+00
  3.250E+01  7.83043E-02  1.28006E-11 -1.04203E-13  3.48316E-12 -3.11756E-14  0.00000E+00  0.00000E+00
  3.300E+01  8.06647E-02  1.24486E-11  1.41688E-13  3.44293E-12  3.58902E-14  0.00000E+00  0.00000E+00
  3.350E+01  8.30571E-02  1.21070E-11  3.70415E-13  3.40263E-12  1.00331E-13  0.00000E+00  0.00000E+00
  3.400E+01  8.54812E-02  1.17755E-11  5.83141E-13  3.36231E-12  1.62256E-13  0.00000E+00  0.00000E+00
  3.450E+01  8.79369E-02  1.14539E-11  7.80925E-13  3.32203E-12  2.21768E-13  0.00000E+00  0.00000E+00
  3.500E+01  9.04240E-02  1.11418E-11  9.64783E-13  3.28180E-12  2.78967E-13  0.00000E+00  0.00000E+00
  3.550E+01  9.29422E-02  1.08389E-11  1.13561E-12  3.24168E-12  3.33946E-13  0.00000E+00  0.00000E+00
  3.600E+01  9.54915E-02  1.05451E-11  1.29430E-12  3.20168E-12  3.86794E-13  0.00000E+00  0.00000E+00
  3.650E+01  9.80716E-02  1.02599E-11  1.44161E-12  3.16184E-12  4.37597E-13  0.00000E+00  0.00000E+00
  3.700E+01  1.00682E-01  9.98314E-12  1.57828E-12  3.12219E-12  4.86436E-13  0.00000E+00  0.00000E+00
  3.750E+01  1.03323E-01  9.71456E-12  1.70499E-12  3.08274E-12  5.33387E-13  0.00000E+00  0.00000E+00
  3.800E+01  1.05995E-01  9.45391E-12  1.82239E-12  3.04351E-12  5.78523E-13  0.00000E+00  0.00000E+00
  3.850E+01  1.08696E-01  9.20091E-12  1.93105E-12  3.00454E-12  6.21916E-13  0.00000E+00  0.00000E+00
  3.900E+01  1.11427E-01  8.95533E-12  2.03154E-12  2.96582E-12  6.63631E-13  0.00000E+00  0.00000E+00
  3.950E+01  1.14188E-01  8.71694E-12  2.12437E-12  2.92738E-12  7.03733E-13  0.00000E+00  0.00000E+00
  4.000E+01  1.16978E-01  8.48550E-12  2.21002E-12  2.88922E-12  7.42282E-13  0.00000E+00  0.00000E+00
  4.050E+01  1.19797E-01  8.26079E-12  2.28893E-12  2.85137E-12  7.79337E-13  0.00000E+00  0.00000E+00
  4.100E+01  1.22645E-01  8.04260E-12  2.36151E-12  2.81383E-12  8.14953E-13  0.00000E+00  0.00000E+00
  4.150E+01  1.25522E-01  7.83072E-12  2.42815E-12  2.77661E-12  8.49183E-13  0.00000E+00  0.00000E+00
  4.200E+01  1.28428E-01  7.62495E-12  2.48923E-12  2.73972E-12  8.82078E-13  0.00000E+00  0.00000E+00
  4.250E+01  1.31361E-01  7.42508E-12  2.54508E-12  2.70316E-12  9.13687E-13  0.00000E+00  0.00000E+00
  4.300E+01  1.34323E-01  7.23093E-12  2.59602E-12  2.66695E-12  9.44055E-13  0.00000E+00  0.00000E+00
  4.350E+01  1.37313E-01  7.04232E-12  2.64234E-12  2.63108E-12  9.73228E-13  0.00000E+00  0.00000E+00
  4.400E+01  1.40330E-01  6.85907E-12  2.68434E-12  2.59556E-12  1.00125E-12  0.00000E+00  0.00000E+00
  4.450E+01  1.43375E-01  6.68101E-12  2.72225E-12  2.56040E-12  1.02815E-12  0.00000E+00  0.00000E+00
  4.500E+01  1.46447E-01  6.50798E-12  2.75634E-12  2.52559E-12  1.05399E-12  0.00000E+00  0.00000E+00
  4.550E+01  1.49545E-01  6.33980E-12  2.78682E-12  2.49115E-12  1.07879E-12  0.00000E+00  0.00000E+00
  4.600E+01  1.52671E-01  6.17634E-12  2.81393E-12  2.45706E-12  1.10258E-12  0.00000E+00  0.00000E+00
  4.650E+01  1.55823E-01  6.01744E-12  2.83785E-12  2.42334E-12  1.12542E-12  0.00000E+00  0.00000E+00
  4.700E+01  1.59001E-01  5.86295E-12  2.85879E-12  2.38999E-12  1.14731E-12  0.00000E+00  0.00000E+00
  4.750E+01  1.62205E-01  5.71275E-12  2.87692E-12  2.35699E-12  1.16831E-12  0.00000E+00  0.00000E+00
  4.800E+01  1.65435E-01  5.56669E-12  2.89240E-12  2.32437E-12  1.18844E-12  0.00000E+00  0.00000E+00
  4.850E+01  1.68690E-01  5.42464E-12  2.90539E-12  2.29210E-12  1.20773E-12  0.00000E+00  0.00000E+00
  4.900E+01  1.71970E-01  5.28648E-12  2.91604E-12  2.26021E-12  1.22620E-12  0.00000E+00  0.00000E+00
  4.950E+01  1.75276E-01  5.15209E-12  2.92449E-12  2.22867E-12  1.24389E-12  0.00000E+00  0.00000E+00
  5.000E+01  1.78606E-01  5.02136E-12  2.93088E-12  2.19750E-12  1.26081E-12  0.00000E+00  0.00000E+00
  5.050E+01  1.81961E-01  4.89416E-12  2.93533E-12  2.16668E-12  1.27701E-12  0.00000E+00  0.00000E+00
  5.100E+01  1.85340E-01  4.77040E-12  2.93795E-12  2.13623E-12  1.29248E-12  0.00000E+00  0.00000E+00
  5.150E+01  1.88743E-01  4.64996E-12  2.93885E-12  2.10613E-12  1.30728E-12  0.00000E+00  0.00000E+00
  5.200E+01  1.92169E-01  4.53275E-12  2.93813E-12  2.07639E-12  1.32140E-12  0.00000E+00  0.00000E+00
  5.250E+01  1.95619E-01  4.41867E-12  2.93590E-12  2.04700E-12  1.33488E-12  0.00000E+00  0.00000E+00
  5.300E+01  1.99092E-01  4.30762E-12  2.93225E-12  2.01796E-12  1.34773E-12  0.00000E+00  0.00000E+00
  5.350E+01  2.02589E-01  4.19952E-12  2.92726E-12  1.98927E-12  1.35998E-12  0.00000E+00  0.00000E+00
  5.400E+01  2.06107E-01  4.09426E-12  2.92102E-12  1.96093E-12  1.37165E-12  0.00000E+00  0.00000E+00
  5.450E+01  2.09649E-01  3.99178E-12  2.91360E-12  1.93293E-12  1.38275E-12  0.00000E+00  0.00000E+00
  5.500E+01  2.13212E-01  3.89199E-12  2.90507E-12  1.90527E-12  1.39329E-12  0.00000E+00  0.00000E+00
  5.550E+01  2.16797E-01  3.79480E-12  2.89550E-12  1.87795E-12  1.40331E-12  0.00000E+00  0.00000E+00
  5.600E+01  2.20404E-01  3.70015E-12  2.88496E-12  1.85096E-12  1.41281E-12  0.00000E+00  0.00000E+00
  5.650E+01  2.24032E-01  3.60795E-12  2.87352E-12  1.82431E-12  1.42181E-12  0.00000E+00  0.00000E+00
  5.700E+01  2.27680E-01  3.51813E-12  2.86122E-12  1.79798E-12  1.43032E-12  0.00000E+00  0.00000E+00
  5.750E+01  2.31350E-01  3.43064E-12  2.84813E-12  1.77198E-12  1.43836E-12  0.00000E+00  0.00000E+00
  5.800E+01  2.35040E-01  3.34539E-12  2.83430E-12  1.74630E-12  1.44595E-12  0.00000E+00  0.00000E+00
  5.850E+01  2.38751E-01  3.26232E-12  2.81976E-12  1.72095E-12  1.45309E-12  0.00000E+00  0.00000E+00
  5.900E+01  2.42481E-01  3.18138E-12  2.80458E-12  1.69590E-12  1.45981E-12  0.00000E+00  0.00000E+00
  5.950E+01  2.46231E-01  3.10250E-12  2.78879E-12  1.67118E-12  1.46611E-12  0.00000E+00  0.00000E+00
  6.000E+01  2.50000E-01  3.02562E-12  2.77243E-12  1.64676E-12  1.47200E-12  0.00000E+00  0.00000E+00
  6.050E+01  2.53788E-01  2.95069E-12  2.75556E-12  1.62265E-12  1.47751E-12  0.00000E+00  0.00000E+00
  6.100E+01  2.57595E-01  2.87765E-12  2.73820E-12  1.59884E-12  1.48263E-12  0.00000E+00  0.00000E+00
  6.150E+01  2.61421E-01  2.80644E-12  2.72038E-12  1.57534E-12  1.48739E-12  0.00000E+00  0.00000E+00
  6.200E+01  2.65264E-01  2.73703E-12  2.70215E-12  1.55213E-12  1.49178E-12  0.00000E+00  0.00000E+00
  6.250E+01  2.69126E-01  2.66935E-12  2.68352E-12  1.52922E-12  1.49583E-12  0.00000E+00  0.00000E+00
  6.300E+01  2.73005E-01  2.60336E-12  2.66454E-12  1.50659E-12  1.49954E-12  0.00000E+00  0.00000E+00
  6.350E+01  2.76901E-01  2.53901E-12  2.64523E-12  1.48426E-12  1.50292E-12  0.00000E+00  0.00000E+00
  6.400E+01  2.80814E-01  2.47626E-12  2.62561E-12  1.46221E-12  1.50598E-12  0.00000E+00  0.00000E+00
  6.450E+01  2.84744E-01  2.41506E-12  2.60573E-12  1.44044E-12  1.50874E-12  0.00000E+00  0.00000E+00
  6.500E+01  2.88691E-01  2.35537E-12  2.58559E-12  1.41895E-12  1.51119E-12  0.00000E+00  0.00000E+00
  6.550E+01  2.92653E-01  2.29715E-12  2.56521E-12  1.39774E-12  1.51335E-12  0.00000E+00  0.00000E+00
  6.600E+01  2.96632E-01  2.24037E-12  2.54463E-12  1.37679E-12  1.51523E-12  0.00000E+00  0.00000E+00
  6.650E+01  3.00625E-01  2.18498E-12  2.52385E-12  1.35612E-12  1.51683E-12  0.00000E+00  0.00000E+00
  6.700E+01  3.04634E-01  2.13094E-12  2.50290E-12  1.33571E-12  1.51817E-12  0.00000E+00  0.00000E+00
  6.750E+01  3.08658E-01  2.07822E-12  2.48181E-12  1.31557E-12  1.51924E-12  0.00000E+00  0.00000E+00
  6.800E+01  3.12697E-01  2.02678E-12  2.46058E-12  1.29568E-12  1.52006E-12  0.00000E+00  0.00000E+00
  6.850E+01  3.16749E-01  1.97659E-12  2.43924E-12  1.27606E-12  1.52063E-12  0.00000E+00  0.00000E+00
  6.900E+01  3.20816E-01  1.92762E-12  2.41779E-12  1.25668E-12  1.52097E-12  0.00000E+00  0.00000E+00
  6.950E+01  3.24896E-01  1.87983E-12  2.39626E-12  1.23756E-12  1.52107E-12  0.00000E+00  0.00000E+00
  7.000E+01  3.28990E-01  1.83320E-12  2.37464E-12  1.21868E-12  1.52095E-12  0.00000E+00  0.00000E+00
  7.050E+01  3.33097E-01  1.78769E-12  2.35296E-12  1.20005E-12  1.52060E-12  0.00000E+00  0.00000E+00
  7.100E+01  3.37216E-01  1.74327E-12  2.33124E-12  1.18166E-12  1.52004E-12  0.00000E+00  0.00000E+00
  7.150E+01  3.41348E-01  1.69992E-12  2.30949E-12  1.16352E-12  1.51928E-12  0.00000E+00  0.00000E+00
  7.200E+01  3.45492E-01  1.65761E-12  2.28772E-12  1.14560E-12  1.51831E-12  0.00000E+00  0.00000E+00
  7.250E+01  3.49647E-01  1.61631E-12  2.26592E-12  1.12792E-12  1.51715E-12  0.00000E+00  0.00000E+00
  7.300E+01  3.53814E-01  1.57600E-12  2.24410E-12  1.11048E-12  1.51579E-12  0.00000E+00  0.00000E+00
  7.350E+01  3.57992E-01  1.53665E-12  2.22230E-12  1.09326E-12  1.51425E-12  0.00000E+00  0.00000E+00
  7.400E+01  3.62181E-01  1.49824E-12  2.20052E-12  1.07626E-12  1.51253E-12  0.00000E+00  0.00000E+00
  7.450E+01  3.66381E-01  1.46073E-12  2.17876E-12  1.05949E-12  1.51063E-12  0.00000E+00  0.00000E+00
  7.500E+01  3.70590E-01  1.42412E-12  2.15703E-12  1.04294E-12  1.50856E-12  0.00000E+00  0.00000E+00
  7.550E+01  3.74810E-01  1.38838E-12  2.13534E-12  1.02661E-12  1.50632E-12  0.00000E+00  0.00000E+00
  7.600E+01  3.79039E-01  1.35348E-12  2.11368E-12  1.01049E-12  1.50392E-12  0.00000E+00  0.00000E+00
  7.650E+01  3.83277E-01  1.31940E-12  2.09208E-12  9.94584E-13  1.50136E-12  0.00000E+00  0.00000E+00
  7.700E+01  3.87524E-01  1.28613E-12  2.07053E-12  9.78888E-13  1.49865E-12  0.00000E+00  0.00000E+00
  7.750E+01  3.91780E-01  1.25365E-12  2.04906E-12  9.63399E-13  1.49579E-12  0.00000E+00  0.00000E+00
  7.800E+01  3.96044E-01  1.22193E-12  2.02765E-12  9.48115E-13  1.49278E-12  0.00000E+00  0.00000E+00
  7.850E+01  4.00316E-01  1.19095E-12  2.00631E-12  9.33034E-13  1.48963E-12  0.00000E+00  0.00000E+00
  7.900E+01  4.04596E-01  1.16070E-12  1.98505E-12  9.18153E-13  1.48634E-12  0.00000E+00  0.00000E+00
  7.950E+01  4.08882E-01  1.13116E-12  1.96388E-12  9.03469E-13  1.48292E-12  0.00000E+00  0.00000E+00
  8.000E+01  4.13176E-01  1.10232E-12  1.94279E-12  8.88981E-13  1.47937E-12  0.00000E+00  0.00000E+00
  8.050E+01  4.17476E-01  1.07415E-12  1.92179E-12  8.74686E-13  1.47569E-12  0.00000E+00  0.00000E+00
  8.100E+01  4.21783E-01  1.04664E-12  1.90090E-12  8.60581E-13  1.47189E-12  0.00000E+00  0.00000E+00
  8.150E+01  4.26095E-01  1.01977E-12  1.88010E-12  8.46665E-13  1.46797E-12  0.00000E+00  0.00000E+00
  8.200E+01  4.30413E-01  9.93532E-13  1.85941E-12  8.32935E-13  1.46393E-12  0.00000E+00  0.00000E+00
  8.250E+01  4.34737E-01  9.67906E-13  1.83882E-12  8.19390E-13  1.45977E-12  0.00000E+00  0.00000E+00
  8.300E+01  4.39065E-01  9.42878E-13  1.81835E-12  8.06026E-13  1.45550E-12  0.00000E+00  0.00000E+00
  8.350E+01  4.43398E-01  9.18434E-13  1.79798E-12  7.92841E-13  1.45113E-12  0.00000E+00  0.00000E+00
  8.400E+01  4.47736E-01  8.94559E-13  1.77773E-12  7.79835E-13  1.44665E-12  0.00000E+00  0.00000E+00
  8.450E+01  4.52077E-01  8.71241E-13  1.75760E-12  7.67003E-13  1.44207E-12  0.00000E+00  0.00000E+00
  8.500E+01  4.56422E-01  8.48467E-13  1.73759E-12  7.54345E-13  1.43738E-12  0.00000E+00  0.00000E+00
  8.550E+01  4.60770E-01  8.26222E-13  1.71770E-12  7.41859E-13  1.43260E-12  0.00000E+00  0.00000E+00
  8.600E+01  4.65122E-01  8.04495E-13  1.69793E-12  7.29541E-13  1.42773E-12  0.00000E+00  0.00000E+00
  8.650E+01  4.69476E-01  7.83274E-13  1.67829E-12  7.17391E-13  1.42276E-12  0.00000E+00  0.00000E+00
  8.700E+01  4.73832E-01  7.62548E-13  1.65878E-12  7.05406E-13  1.41770E-12  0.00000E+00  0.00000E+00
  8.750E+01  4.78190E-01  7.42303E-13  1.63940E-12  6.93585E-13  1.41256E-12  0.00000E+00  0.00000E+00
  8.800E+01  4.82550E-01  7.22529E-13  1.62014E-12  6.81925E-13  1.40733E-12  0.00000E+00  0.00000E+00
  8.850E+01  4.86912E-01  7.03216E-13  1.60102E-12  6.70424E-13  1.40202E-12  0.00000E+00  0.00000E+00
  8.900E+01  4.91274E-01  6.84351E-13  1.58204E-12  6.59082E-13  1.39662E-12  0.00000E+00  0.00000E+00
  8.950E+01  4.95637E-01  6.65926E-13  1.56318E-12  6.47895E-13  1.39115E-12  0.00000E+00  0.00000E+00
  9.000E+01  5.00000E-01  6.47929E-13  1.54447E-12  6.36862E-13  1.38560E-12  0.00000E+00  0.00000E+00
  9.050E+01  5.04363E-01  6.30352E-13  1.52588E-12  6.25981E-13  1.37998E-12  0.00000E+00  0.00000E+00
  9.100E+01  5.08726E-01  6.13184E-13  1.50744E-12  6.15250E-13  1.37428E-12  0.00000E+00  0.00000E+00
  9.150E+01  5.13088E-01  5.96415E-13  1.48913E-12  6.04668E-13  1.36851E-12  0.00000E+00  0.00000E+00
  9.200E+01  5.17450E-01  5.80037E-13  1.47096E-12  5.94233E-13  1.36268E-12  0.00000E+00  0.00000E+00
  9.250E+01  5.21810E-01  5.64041E-13  1.45293E-12  5.83943E-13  1.35677E-12  0.00000E+00  0.00000E+00
  9.300E+01  5.26168E-01  5.48418E-13  1.43504E-12  5.73797E-13  1.35081E-12  0.00000E+00  0.00000E+00
  9.350E+01  5.30524E-01  5.33160E-13  1.41729E-12  5.63792E-13  1.34477E-12  0.00000E+00  0.00000E+00
  9.400E+01  5.34878E-01  5.18257E-13  1.39968E-12  5.53927E-13  1.33868E-12  0.00000E+00  0.00000E+00
  9.450E+01  5.39230E-01  5.03703E-13  1.38221E-12  5.44201E-13  1.33253E-12  0.00000E+00  0.00000E+00
  9.500E+01  5.43578E-01  4.89490E-13  1.36488E-12  5.34612E-13  1.32631E-12  0.00000E+00  0.00000E+00
  9.550E+01  5.47923E-01  4.75608E-13  1.34769E-12  5.25158E-13  1.32004E-12  0.00000E+00  0.00000E+00
  9.600E+01  5.52264E-01  4.62052E-13  1.33065E-12  5.15837E-13  1.31372E-12  0.00000E+00  0.00000E+00
  9.650E+01  5.56602E-01  4.48813E-13  1.31374E-12  5.06649E-13  1.30734E-12  0.00000E+00  0.00000E+00
  9.700E+01  5.60935E-01  4.35885E-13  1.29698E-12  4.97591E-13  1.30091E-12  0.00000E+00  0.00000E+00
  9.750E+01  5.65263E-01  4.23261E-13  1.28035E-12  4.88663E-13  1.29442E-12  0.00000E+00  0.00000E+00
  9.800E+01  5.69587E-01  4.10933E-13  1.26387E-12  4.79862E-13  1.28789E-12  0.00000E+00  0.00000E+00
  9.850E+01  5.73905E-01  3.98895E-13  1.24753E-12  4.71187E-13  1.28131E-12  0.00000E+00  0.00000E+00
  9.900E+01  5.78217E-01  3.87141E-13  1.23133E-12  4.62636E-13  1.27468E-12  0.00000E+00  0.00000E+00
  9.950E+01  5.82524E-01  3.75664E-13  1.21527E-12  4.54209E-13  1.26800E-12  0.00000E+00  0.00000E+00
  1.000E+02  5.86824E-01  3.64458E-13  1.19935E-12  4.45904E-13  1.26128E-12  0.00000E+00  0.00000E+00
  1.005E+02  5.91118E-01  3.53517E-13  1.18357E-12  4.37719E-13  1.25452E-12  0.00000E+00  0.00000E+00
  1.010E+02  5.95404E-01  3.42835E-13  1.16793E-12  4.29652E-13  1.24772E-12  0.00000E+00  0.00000E+00
  1.015E+02  5.99684E-01  3.32406E-13  1.15243E-12  4.21704E-13  1.24087E-12  0.00000E+00  0.00000E+00
  1.020E+02  6.03956E-01  3.22225E-13  1.13707E-12  4.13871E-13  1.23398E-12  0.00000E+00  0.00000E+00
  1.025E+02  6.08220E-01  3.12286E-13  1.12185E-12  4.06153E-13  1.22706E-12  0.00000E+00  0.00000E+00
  1.030E+02  6.12476E-01  3.02584E-13  1.10677E-12  3.98549E-13  1.22009E-12  0.00000E+00  0.00000E+00
  1.035E+02  6.16723E-01  2.93113E-13  1.09182E-12  3.91057E-13  1.21309E-12  0.00000E+00  0.00000E+00
  1.040E+02  6.20961E-01  2.83868E-13  1.07701E-12  3.83676E-13  1.20605E-12  0.00000E+00  0.00000E+00
  1.045E+02  6.25190E-01  2.74845E-13  1.06234E-12  3.76404E-13  1.19898E-12  0.00000E+00  0.00000E+00
  1.050E+02  6.29410E-01  2.66038E-13  1.04781E-12  3.69241E-13  1.19188E-12  0.00000E+00  0.00000E+00
  1.055E+02  6.33619E-01  2.57443E-13  1.03341E-12  3.62185E-13  1.18474E-12  0.00000E+00  0.00000E+00
  1.060E+02  6.37819E-01  2.49055E-13  1.01915E-12  3.55234E-13  1.17757E-12  0.00000E+00  0.00000E+00
  1.065E+02  6.42008E-01  2.40869E-13  1.00502E-12  3.48388E-13  1.17036E-12  0.00000E+00  0.00000E+00
  1.070E+02  6.46186E-01  2.32881E-13  9.91030E-13  3.41646E-13  1.16313E-12  0.00000E+00  0.00000E+00
  1.075E+02  6.50353E-01  2.25086E-13  9.77172E-13  3.35005E-13  1.15587E-12  0.00000E+00  0.00000E+00
  1.080E+02  6.54508E-01  2.17481E-13  9.63448E-13  3.28466E-13  1.14858E-12  0.00000E+00  0.00000E+00
  1.085E+02  6.58652E-01  2.10060E-13  9.49856E-13  3.22026E-13  1.14126E-12  0.00000E+00  0.00000E+00
  1.090E+02  6.62784E-01  2.02821E-13  9.36396E-13  3.15685E-13  1.13391E-12  0.00000E+00  0.00000E+00
  1.095E+02  6.66903E-01  1.95758E-13  9.23068E-13  3.09441E-13  1.12654E-12  0.00000E+00  0.00000E+00
  1.100E+02  6.71010E-01  1.88868E-13  9.09871E-13  3.03294E-13  1.11914E-12  0.00000E+00  0.00000E+00
  1.105E+02  6.75104E-01  1.82148E-13  8.96805E-13  2.97242E-13  1.11172E-12  0.00000E+00  0.00000E+00
  1.110E+02  6.79184E-01  1.75592E-13  8.83870E-13  2.91284E-13  1.10428E-12  0.00000E+00  0.00000E+00
  1.115E+02  6.83251E-01  1.69199E-13  8.71063E-13  2.85419E-13  1.09681E-12  0.00000E+00  0.00000E+00
  1.120E+02  6.87303E-01  1.62964E-13  8.58384E-13  2.79646E-13  1.08931E-12  0.00000E+00  0.00000E+00
  1.125E+02  6.91342E-01  1.56883E-13  8.45833E-13  2.73963E-13  1.08180E-12  0.00000E+00  0.00000E+00
  1.130E+02  6.95366E-01  1.50954E-13  8.33410E-13  2.68371E-13  1.07426E-12  0.00000E+00  0.00000E+00
  1.135E+02  6.99375E-01  1.45173E-13  8.21113E-13  2.62867E-13  1.06670E-12  0.00000E+00  0.00000E+00
  1.140E+02  7.03368E-01  1.39536E-13  8.08943E-13  2.57451E-13  1.05913E-12  0.00000E+00  0.00000E+00
  1.145E+02  7.07347E-01  1.34040E-13  7.96898E-13  2.52121E-13  1.05153E-12  0.00000E+00  0.00000E+00
  1.150E+02  7.11309E-01  1.28683E-13  7.84978E-13  2.46877E-13  1.04391E-12  0.00000E+00  0.00000E+00
  1.155E+02  7.15256E-01  1.23461E-13  7.73182E-13  2.41718E-13  1.03628E-12  0.00000E+00  0.00000E+00
  1.160E+02  7.19186E-01  1.18371E-13  7.61508E-13  2.36642E-13  1.02863E-12  0.00000E+00  0.00000E+00
  1.165E+02  7.23099E-01  1.13411E-13  7.49957E-13  2.31649E-13  1.02096E-12  0.00000E+00  0.00000E+00
  1.170E+02  7.26995E-01  1.08576E-13  7.38529E-13  2.26737E-13  1.01327E-12  0.00000E+00  0.00000E+00
  1.175E+02  7.30874E-01  1.03865E-13  7.27222E-13  2.21906E-13  1.00557E-12  0.00000E+00  0.00000E+00
  1.180E+02  7.34736E-01  9.92751E-14  7.16035E-13  2.17154E-13  9.97851E-13  0.00000E+00  0.00000E+00
  1.185E+02  7.38579E-01  9.48029E-14  7.04969E-13  2.12482E-13  9.90117E-13  0.00000E+00  0.00000E+00
  1.190E+02  7.42405E-01  9.04462E-14  6.94022E-13  2.07887E-13  9.82368E-13  0.00000E+00  0.00000E+00
  1.195E+02  7.46212E-01  8.62024E-14  6.83193E-13  2.03369E-13  9.74605E-13  0.00000E+00  0.00000E+00
  1.200E+02  7.50000E-01  8.20688E-14  6.72482E-13  1.98927E-13  9.66828E-13  0.00000E+00  0.00000E+00
  1.205E+02  7.53769E-01  7.80429E-14  6.61888E-13  1.94559E-13  9.59037E-13  0.00000E+00  0.00000E+00
  1.210E+02  7.57519E-01  7.41224E-14  6.51412E-13  1.90266E-13  9.51234E-13  0.00000E+00  0.00000E+00
  1.215E+02  7.61249E-01  7.03047E-14  6.41051E-13  1.86046E-13  9.43417E-13  0.00000E+00  0.00000E+00
  1.220E+02  7.64960E-01  6.65877E-14  6.30806E-13  1.81899E-13  9.35589E-13  0.00000E+00  0.00000E+00
  1.225E+02  7.68650E-01  6.29691E-14  6.20675E-13  1.77822E-13  9.27749E-13  0.00000E+00  0.00000E+00
  1.230E+02  7.72320E-01  5.94466E-14  6.10658E-13  1.73817E-13  9.19897E-13  0.00000E+00  0.00000E+00
  1.235E+02  7.75968E-01  5.60181E-14  6.00754E-13  1.69881E-13  9.12034E-13  0.00000E+00  0.00000E+00
  1.240E+02  7.79596E-01  5.26814E-14  5.90963E-13  1.66013E-13  9.04161E-13  0.00000E+00  0.00000E+00
  1.245E+02  7.83203E-01  4.94343E-14  5.81284E-13  1.62214E-13  8.96277E-13  0.00000E+00  0.00000E+00
  1.250E+02  7.86788E-01  4.62747E-14  5.71717E-13  1.58482E-13  8.88383E-13  0.00000E+00  0.00000E+00
  1.255E+02  7.90351E-01  4.32007E-14  5.62261E-13  1.54816E-13  8.80480E-13  0.00000E+00  0.00000E+00
  1.260E+02  7.93893E-01  4.02105E-14  5.52914E-13  1.51216E-13  8.72567E-13  0.00000E+00  0.00000E+00
  1.265E+02  7.97411E-01  3.73020E-14  5.43677E-13  1.47680E-13  8.64645E-13  0.00000E+00  0.00000E+00
  1.270E+02  8.00908E-01  3.44733E-14  5.34548E-13  1.44208E-13  8.56714E-13  0.00000E+00  0.00000E+00
  1.275E+02  8.04381E-01  3.17226E-14  5.25527E-13  1.40799E-13  8.48776E-13  0.00000E+00  0.00000E+00
  1.280E+02  8.07831E-01  2.90480E-14  5.16614E-13  1.37452E-13  8.40829E-13  0.00000E+00  0.00000E+00
  1.285E+02  8.11257E-01  2.64476E-14  5.07809E-13  1.34166E-13  8.32874E-13  0.00000E+00  0.00000E+00
  1.290E+02  8.14660E-01  2.39199E-14  4.99110E-13  1.30942E-13  8.24912E-13  0.00000E+00  0.00000E+00
  1.295E+02  8.18039E-01  2.14631E-14  4.90516E-13  1.27777E-13  8.16942E-13  0.00000E+00  0.00000E+00
  1.300E+02  8.21394E-01  1.90757E-14  4.82028E-13  1.24671E-13  8.08966E-13  0.00000E+00  0.00000E+00
  1.305E+02  8.24724E-01  1.67559E-14  4.73643E-13  1.21623E-13  8.00983E-13  0.00000E+00  0.00000E+00
  1.310E+02  8.28030E-01  1.45021E-14  4.65363E-13  1.18633E-13  7.92993E-13  7.02065E-18  0.00000E+00
  1.315E+02  8.31310E-01  1.23127E-14  4.57186E-13  1.15700E-13  7.84998E-13  7.09080E-18  0.00000E+00
  1.320E+02  8.34565E-01  1.01861E-14  4.49112E-13  1.12822E-13  7.76996E-13  3.58142E-18  0.00000E+00
  1.325E+02  8.37795E-01  8.12089E-15  4.41140E-13  1.10001E-13  7.68988E-13  0.00000E+00  0.00000E+00
  1.330E+02  8.40999E-01  6.11560E-15  4.33270E-13  1.07233E-13  7.60975E-13  0.00000E+00  0.00000E+00
  1.335E+02  8.44177E-01  4.16885E-15  4.25500E-13  1.04520E-13  7.52957E-13  1.84766E-18  0.00000E+00
  1.340E+02  8.47329E-01  2.27922E-15  4.17831E-13  1.01859E-13  7.44934E-13  9.33834E-19  0.00000E+00
  1.345E+02  8.50455E-01  4.45248E-16  4.10262E-13  9.92510E-14  7.36906E-13  1.65217E-18  0.00000E+00
  1.350E+02  8.53553E-01 -1.33448E-15  4.02792E-13  9.66945E-14  7.28873E-13  1.43195E-18  0.00000E+00
  1.355E+02  8.56625E-01 -3.06133E-15  3.95421E-13  9.41891E-14  7.20835E-13  0.00000E+00  0.00000E+00
  1.360E+02  8.59670E-01 -4.73656E-15  3.88149E-13  9.17338E-14  7.12794E-13  0.00000E+00  0.00000E+00
  1.365E+02  8.62687E-01 -6.36138E-15  3.80974E-13  8.93282E-14  7.04748E-13  0.00000E+00  0.00000E+00
  1.370E+02  8.65677E-01 -7.93698E-15  3.73896E-13  8.69713E-14  6.96698E-13  3.99835E-18  0.00000E+00
  1.375E+02  8.68639E-01 -9.46460E-15  3.66915E-13  8.46627E-14  6.88645E-13  1.21388E-17  0.00000E+00
  1.380E+02  8.71572E-01 -1.09455E-14  3.60029E-13  8.24015E-14  6.80588E-13  4.09540E-18  0.00000E+00
  1.385E+02  8.74478E-01 -1.23809E-14  3.53240E-13  8.01871E-14  6.72528E-13  4.14579E-18  0.00000E+00
  1.390E+02  8.77355E-01 -1.37720E-14  3.46546E-13  7.80189E-14  6.64464E-13  0.00000E+00  0.00000E+00
  1.395E+02  8.80203E-01 -1.51200E-14  3.39946E-13  7.58961E-14  6.56397E-13  0.00000E+00  0.00000E+00
  1.400E+02  8.83022E-01 -1.64257E-14  3.33441E-13  7.38181E-14  6.48328E-13  0.00000E+00  0.00000E+00
  1.405E+02  8.85812E-01 -1.76904E-14  3.27030E-13  7.17843E-14  6.40255E-13  0.00000E+00  0.00000E+00
  1.410E+02  8.88573E-01 -1.89149E-14  3.20711E-13  6.97939E-14  6.32180E-13  0.00000E+00  0.00000E+00
  1.415E+02  8.91304E-01 -2.01003E-14  3.14484E-13  6.78463E-14  6.24102E-13  0.00000E+00  0.00000E+00
  1.420E+02  8.94005E-01 -2.12480E-14  3.08349E-13  6.59410E-14  6.16022E-13  0.00000E+00  0.00000E+00
  1.425E+02  8.96677E-01 -2.23588E-14  3.02307E-13  6.40772E-14  6.07939E-13  0.00000E+00  0.00000E+00
  1.430E+02  8.99318E-01 -2.34337E-14  2.96357E-13  6.22542E-14  5.99855E-13  0.00000E+00  0.00000E+00
  1.435E+02  9.01928E-01 -2.44734E-14  2.90498E-13  6.04715E-14  5.91768E-13  0.00000E+00  0.00000E+00
  1.440E+02  9.04508E-01 -2.54789E-14  2.84728E-13  5.87285E-14  5.83679E-13  0.00000E+00  0.00000E+00
  1.445E+02  9.07058E-01 -2.64514E-14  2.79047E-13  5.70244E-14  5.75589E-13  0.00000E+00  0.00000E+00
  1.450E+02  9.09576E-01 -2.73914E-14  2.73456E-13  5.53587E-14  5.67497E-13  0.00000E+00  0.00000E+00
  1.455E+02  9.12063E-01 -2.82999E-14  2.67955E-13  5.37308E-14  5.59403E-13  0.00000E+00  0.00000E+00
  1.460E+02  9.14519E-01 -2.91781E-14  2.62543E-13  5.21400E-14  5.51308E-13  0.00000E+00  0.00000E+00
  1.465E+02  9.16943E-01 -3.00267E-14  2.57219E-13  5.05857E-14  5.43211E-13  0.00000E+00  0.00000E+00
  1.470E+02  9.19335E-01 -3.08463E-14  2.51983E-13  4.90674E-14  5.35113E-13  0.00000E+00  0.00000E+00
  1.475E+02  9.21696E-01 -3.16377E-14  2.46834E-13  4.75843E-14  5.27014E-13  0.00000E+00  0.00000E+00
  1.480E+02  9.24024E-01 -3.24016E-14  2.41771E-13  4.61360E-14  5.18913E-13  0.00000E+00  0.00000E+00
  1.485E+02  9.26320E-01 -3.31389E-14  2.36795E-13  4.47218E-14  5.10811E-13  0.00000E+00  0.00000E+00
  1.490E+02  9.28584E-01 -3.38506E-14  2.31906E-13  4.33411E-14  5.02709E-13  0.00000E+00  0.00000E+00
  1.495E+02  9.30815E-01 -3.45372E-14  2.27103E-13  4.19933E-14  4.94605E-13  0.00000E+00  0.00000E+00
  1.500E+02  9.33013E-01 -3.51996E-14  2.22386E-13  4.06778E-14  4.86501E-13  0.00000E+00  0.00000E+00
  1.505E+02  9.35178E-01 -3.58383E-14  2.17753E-13  3.93940E-14  4.78396E-13  0.00000E+00  0.00000E+00
  1.510E+02  9.37310E-01 -3.64538E-14  2.13205E-13  3.81415E-14  4.70290E-13  0.00000E+00  0.00000E+00
  1.515E+02  9.39409E-01 -3.70470E-14  2.08741E-13  3.69195E-14  4.62183E-13  0.00000E+00  0.00000E+00
  1.520E+02  9.41474E-01 -3.76185E-14  2.04362E-13  3.57274E-14  4.54076E-13  0.00000E+00  0.00000E+00
  1.525E+02  9.43505E-01 -3.81691E-14  2.00066E-13  3.45649E-14  4.45968E-13  0.00000E+00  0.00000E+00
  1.530E+02  9.45503E-01 -3.86993E-14  1.95853E-13  3.34311E-14  4.37860E-13  0.00000E+00  0.00000E+00
  1.535E+02  9.47467E-01 -3.92098E-14  1.91725E-13  3.23257E-14  4.29751E-13  0.00000E+00  0.00000E+00
  1.540E+02  9.49397E-01 -3.97011E-14  1.87679E-13  3.12479E-14  4.21642E-13  0.00000E+00  0.00000E+00
  1.545E+02  9.51293E-01 -4.01737E-14  1.83715E-13  3.01973E-14  4.13532E-13  0.00000E+00  0.00000E+00
  1.550E+02  9.53154E-01 -4.06282E-14  1.79832E-13  2.91733E-14  4.05423E-13  0.00000E+00  0.00000E+00
  1.555E+02  9.54981E-01 -4.10651E-14  1.76032E-13  2.81753E-14  3.97313E-13  0.00000E+00  0.00000E+00
  1.560E+02  9.56773E-01 -4.14851E-14  1.72313E-13  2.72028E-14  3.89202E-13  0.00000E+00  0.00000E+00
  1.565E+02  9.58530E-01 -4.18887E-14  1.68675E-13  2.62552E-14  3.81092E-13  0.00000E+00  0.00000E+00
  1.570E+02  9.60252E-01 -4.22764E-14  1.65119E-13  2.53319E-14  3.72981E-13  0.00000E+00  0.00000E+00
  1.575E+02  9.61940E-01 -4.26488E-14  1.61644E-13  2.44324E-14  3.64871E-13  0.00000E+00  0.00000E+00
  1.580E+02  9.63592E-01 -4.30061E-14  1.58248E-13  2.35562E-14  3.56760E-13  0.00000E+00  0.00000E+00
  1.585E+02  9.65209E-01 -4.33488E-14  1.54933E-13  2.27028E-14  3.48649E-13  0.00000E+00  0.00000E+00
  1.590E+02  9.66790E-01 -4.36774E-14  1.51697E-13  2.18714E-14  3.40538E-13  0.00000E+00  0.00000E+00
  1.595E+02  9.68336E-01 -4.39925E-14  1.48541E-13  2.10618E-14  3.32427E-13  0.00000E+00  0.00000E+00
  1.600E+02  9.69846E-01 -4.42945E-14  1.45464E-13  2.02732E-14  3.24317E-13  0.00000E+00  0.00000E+00
  1.605E+02  9.71321E-01 -4.45839E-14  1.42467E-13  1.95051E-14  3.16206E-13  0.00000E+00  0.00000E+00
  1.610E+02  9.72759E-01 -4.48609E-14  1.39549E-13  1.87571E-14  3.08095E-13  0.00000E+00  0.00000E+00
  1.615E+02  9.74162E-01 -4.51260E-14  1.36709E-13  1.80285E-14  2.99984E-13  0.00000E+00  0.00000E+00
  1.620E+02  9.75528E-01 -4.53795E-14  1.33947E-13  1.73188E-14  2.91874E-13  0.00000E+00  0.00000E+00
  1.625E+02  9.76858E-01 -4.56217E-14  1.31264E-13  1.66276E-14  2.83763E-13  0.00000E+00  0.00000E+00
  1.630E+02  9.78152E-01 -4.58531E-14  1.28658E-13  1.59543E-14  2.75653E-13  0.00000E+00  0.00000E+00
  1.635E+02  9.79410E-01 -4.60741E-14  1.26130E-13  1.52983E-14  2.67543E-13  0.00000E+00  0.00000E+00
  1.640E+02  9.80631E-01 -4.62851E-14  1.23680E-13  1.46591E-14  2.59433E-13  0.00000E+00  0.00000E+00
  1.645E+02  9.81815E-01 -4.64864E-14  1.21308E-13  1.40363E-14  2.51323E-13  0.00000E+00  0.00000E+00
  1.650E+02  9.82963E-01 -4.66781E-14  1.19013E-13  1.34292E-14  2.43213E-13  0.00000E+00  0.00000E+00
  1.655E+02  9.84074E-01 -4.68606E-14  1.16795E-13  1.28373E-14  2.35104E-13  0.00000E+00  0.00000E+00
  1.660E+02  9.85148E-01 -4.70341E-14  1.14653E-13  1.22602E-14  2.26995E-13  0.00000E+00  0.00000E+00
  1.665E+02  9.86185E-01 -4.71990E-14  1.12587E-13  1.16973E-14  2.18885E-13  0.00000E+00  0.00000E+00
  1.670E+02  9.87185E-01 -4.73557E-14  1.10599E-13  1.11481E-14  2.10776E-13  0.00000E+00  0.00000E+00
  1.675E+02  9.88148E-01 -4.75044E-14  1.08687E-13  1.06121E-14  2.02668E-13  0.00000E+00  0.00000E+00
  1.680E+02  9.89074E-01 -4.76453E-14  1.06852E-13  1.00887E-14  1.94559E-13  0.00000E+00  0.00000E+00
  1.685E+02  9.89962E-01 -4.77787E-14  1.05092E-13  9.57752E-15  1.86451E-13  0.00000E+00  0.00000E+00
  1.690E+02  9.90814E-01 -4.79046E-14  1.03409E-13  9.07793E-15  1.78343E-13  0.00000E+00  0.00000E+00
  1.695E+02  9.91627E-01 -4.80233E-14  1.01800E-13  8.58946E-15  1.70235E-13  0.00000E+00  0.00000E+00
  1.700E+02  9.92404E-01 -4.81350E-14  1.00267E-13  8.11160E-15  1.62127E-13  0.00000E+00  0.00000E+00
  1.705E+02  9.93143E-01 -4.82401E-14  9.88096E-14  7.64384E-15  1.54019E-13  0.00000E+00  0.00000E+00
  1.710E+02  9.93844E-01 -4.83388E-14  9.74283E-14  7.18567E-15  1.45912E-13  0.00000E+00  0.00000E+00
  1.715E+02  9.94508E-01 -4.84313E-14  9.61227E-14  6.73656E-15  1.37804E-13  0.00000E+00  0.00000E+00
  1.720E+02  9.95134E-01 -4.85176E-14  9.48923E-14  6.29602E-15  1.29697E-13  0.00000E+00  0.00000E+00
  1.725E+02  9.95722E-01 -4.85977E-14  9.37365E-14  5.86354E-15  1.21590E-13  0.00000E+00  0.00000E+00
  1.730E+02  9.96273E-01 -4.86719E-14  9.26551E-14  5.43861E-15  1.13484E-13  0.00000E+00  0.00000E+00
  1.735E+02  9.96786E-01 -4.87403E-14  9.16483E-14  5.02074E-15  1.05377E-13  0.00000E+00  0.00000E+00
  1.740E+02  9.97261E-01 -4.88031E-14  9.07166E-14  4.60940E-15  9.72705E-14  0.00000E+00  0.00000E+00
  1.745E+02  9.97698E-01 -4.88606E-14  8.98603E-14  4.20411E-15  8.91642E-14  0.00000E+00  0.00000E+00
  1.750E+02  9.98097E-01 -4.89128E-14  8.90794E-14  3.80434E-15  8.10579E-14  0.00000E+00  0.00000E+00
  1.755E+02  9.98459E-01 -4.89599E-14  8.83732E-14  3.40959E-15  7.29518E-14  0.00000E+00  0.00000E+00
  1.760E+02  9.98782E-01 -4.90017E-14  8.77411E-14  3.01936E-15  6.48458E-14  0.00000E+00  1.93131E-17
  1.765E+02  9.99067E-01 -4.90381E-14  8.71827E-14  2.63314E-15  5.67399E-14  0.00000E+00  0.00000E+00
  1.770E+02  9.99315E-01 -4.90694E-14  8.66981E-14  2.25045E-15  4.86340E-14  0.00000E+00  1.92998E-17
  1.775E+02  9.99524E-01 -4.90958E-14  8.62880E-14  1.87077E-15  4.05282E-14  0.00000E+00  1.92945E-17
  1.780E+02  9.99695E-01 -4.91174E-14  8.59533E-14  1.49362E-15  3.24225E-14  0.00000E+00  9.64513E-18
  1.785E+02  9.99829E-01 -4.91345E-14  8.56942E-14  1.11847E-15  2.43168E-14  9.07835E-17  1.92869E-17
  1.790E+02  9.99924E-01 -4.91469E-14  8.55103E-14  7.44817E-16  1.62112E-14  0.00000E+00  3.85692E-17
  1.795E+02  9.99981E-01 -4.91546E-14  8.54004E-14  3.72161E-16  8.10558E-15  0.00000E+00  9.64158E-18
  1.800E+02  1.00000E+00 -4.91566E-14  8.53644E-14  5.22148E-30  1.13749E-28  1.27408E-15  1.06045E-13
