 #  Spin polarization functions (in cm)      MU=(1-cos(TH))/2
 #  Z =  79,   projectile: electron
 #  Kinetic energy = 6.00000E+06 eV
 #
 # TH (deg)      MU            U            S            T      1-U^2-T^2-S^2
 #------------------------------------------------------------------------------
  0.000E+00  0.00000E+00  0.00000E+00  0.00000E+00  1.00000E+00  0.00000E+00
  1.000E-04  7.61557E-13  1.60836E-06  1.08240E-11  1.00000E+00  0.00000E+00
  1.250E-04  1.18994E-12  2.01044E-06  1.35300E-11  1.00000E+00  2.22045E-16
  1.500E-04  1.71346E-12  2.41253E-06  1.62359E-11  1.00000E+00  0.00000E+00
  1.750E-04  2.33225E-12  2.81462E-06  1.89418E-11  1.00000E+00  0.00000E+00
  2.000E-04  3.04617E-12  3.21671E-06  2.16477E-11  1.00000E+00  0.00000E+00
  2.250E-04  3.85530E-12  3.61880E-06  2.43536E-11  1.00000E+00  0.00000E+00
  2.500E-04  4.75964E-12  4.02089E-06  2.70594E-11  1.00000E+00  2.22045E-16
  2.750E-04  5.75917E-12  4.42298E-06  2.97652E-11  1.00000E+00 -2.22045E-16
  3.000E-04  6.85391E-12  4.82507E-06  3.24710E-11  1.00000E+00  0.00000E+00
  3.250E-04  8.04379E-12  5.22715E-06  3.51766E-11  1.00000E+00 -2.22045E-16
  3.500E-04  9.32893E-12  5.62924E-06  3.78823E-11  1.00000E+00 -2.22045E-16
  3.750E-04  1.07092E-11  6.03133E-06  4.05879E-11  1.00000E+00  0.00000E+00
  4.000E-04  1.21847E-11  6.43342E-06  4.32934E-11  1.00000E+00  2.22045E-16
  4.250E-04  1.37554E-11  6.83551E-06  4.59989E-11  1.00000E+00 -2.22045E-16
  4.500E-04  1.54213E-11  7.23760E-06  4.87042E-11  1.00000E+00  1.11022E-16
  4.750E-04  1.71823E-11  7.63969E-06  5.14096E-11  1.00000E+00  0.00000E+00
  5.000E-04  1.90386E-11  8.04178E-06  5.41148E-11  1.00000E+00  1.11022E-16
  5.250E-04  2.09900E-11  8.44387E-06  5.68200E-11  1.00000E+00  1.11022E-16
  5.500E-04  2.30367E-11  8.84595E-06  5.95250E-11  1.00000E+00  1.11022E-16
  5.750E-04  2.51785E-11  9.24804E-06  6.22300E-11  1.00000E+00  0.00000E+00
  6.000E-04  2.74156E-11  9.65013E-06  6.49349E-11  1.00000E+00 -2.22045E-16
  6.250E-04  2.97478E-11  1.00522E-05  6.76397E-11  1.00000E+00  2.22045E-16
  6.500E-04  3.21752E-11  1.04543E-05  7.03444E-11  1.00000E+00 -2.22045E-16
  6.750E-04  3.46979E-11  1.08564E-05  7.30490E-11  1.00000E+00  0.00000E+00
  7.000E-04  3.73157E-11  1.12585E-05  7.57535E-11  1.00000E+00  2.22045E-16
  7.250E-04  4.00286E-11  1.16606E-05  7.84578E-11  1.00000E+00  2.22045E-16
  7.500E-04  4.28368E-11  1.20627E-05  8.11621E-11  1.00000E+00  0.00000E+00
  7.750E-04  4.57402E-11  1.24648E-05  8.38662E-11  1.00000E+00  1.11022E-16
  8.000E-04  4.87388E-11  1.28668E-05  8.65702E-11  1.00000E+00  0.00000E+00
  8.250E-04  5.18325E-11  1.32689E-05  8.92741E-11  1.00000E+00 -2.22045E-16
  8.500E-04  5.50215E-11  1.36710E-05  9.19779E-11  1.00000E+00  1.11022E-16
  8.750E-04  5.83057E-11  1.40731E-05  9.46815E-11  1.00000E+00 -2.22045E-16
  9.000E-04  6.16850E-11  1.44752E-05  9.73849E-11  1.00000E+00  1.11022E-16
  9.250E-04  6.51595E-11  1.48773E-05  1.00088E-10  1.00000E+00  2.22045E-16
  9.500E-04  6.87293E-11  1.52794E-05  1.02791E-10  1.00000E+00  0.00000E+00
  9.750E-04  7.23943E-11  1.56815E-05  1.05494E-10  1.00000E+00 -2.22045E-16
  1.000E-03  7.61544E-11  1.60836E-05  1.08197E-10  1.00000E+00  2.22045E-16
  1.250E-03  1.18991E-10  2.01044E-05  1.35217E-10  1.00000E+00  1.11022E-16
  1.500E-03  1.71347E-10  2.41253E-05  1.62217E-10  1.00000E+00  2.22045E-16
  1.750E-03  2.33223E-10  2.81462E-05  1.89193E-10  1.00000E+00  0.00000E+00
  2.000E-03  3.04617E-10  3.21671E-05  2.16144E-10  1.00000E+00 -2.22045E-16
  2.250E-03  3.85531E-10  3.61880E-05  2.43065E-10  1.00000E+00  1.11022E-16
  2.500E-03  4.75965E-10  4.02089E-05  2.69954E-10  1.00000E+00  2.22045E-16
  2.750E-03  5.75917E-10  4.42298E-05  2.96809E-10  1.00000E+00 -2.22045E-16
  3.000E-03  6.85389E-10  4.82507E-05  3.23626E-10  1.00000E+00  2.22045E-16
  3.250E-03  8.04380E-10  5.22716E-05  3.50406E-10  1.00000E+00  0.00000E+00
  3.500E-03  9.32891E-10  5.62925E-05  3.77145E-10  1.00000E+00  1.11022E-16
  3.750E-03  1.07092E-09  6.03133E-05  4.03844E-10  1.00000E+00  0.00000E+00
  4.000E-03  1.21847E-09  6.43342E-05  4.30502E-10  1.00000E+00  0.00000E+00
  4.250E-03  1.37554E-09  6.83551E-05  4.57118E-10  1.00000E+00  1.11022E-16
  4.500E-03  1.54213E-09  7.23760E-05  4.83694E-10  1.00000E+00  0.00000E+00
  4.750E-03  1.71823E-09  7.63969E-05  5.10229E-10  1.00000E+00  0.00000E+00
  5.000E-03  1.90386E-09  8.04178E-05  5.36727E-10  1.00000E+00  1.11022E-16
  5.250E-03  2.09900E-09  8.44387E-05  5.63187E-10  1.00000E+00  0.00000E+00
  5.500E-03  2.30367E-09  8.84596E-05  5.89613E-10  1.00000E+00  1.11022E-16
  5.750E-03  2.51785E-09  9.24805E-05  6.16008E-10  1.00000E+00 -2.22045E-16
  6.000E-03  2.74156E-09  9.65014E-05  6.42374E-10  1.00000E+00 -2.22045E-16
  6.250E-03  2.97478E-09  1.00522E-04  6.68716E-10  1.00000E+00  2.22045E-16
  6.500E-03  3.21752E-09  1.04543E-04  6.95039E-10  1.00000E+00 -2.22045E-16
  6.750E-03  3.46978E-09  1.08564E-04  7.21346E-10  1.00000E+00  2.22045E-16
  7.000E-03  3.73156E-09  1.12585E-04  7.47643E-10  1.00000E+00  2.22045E-16
  7.250E-03  4.00286E-09  1.16606E-04  7.73936E-10  1.00000E+00  3.33067E-16
  7.500E-03  4.28368E-09  1.20627E-04  8.00231E-10  1.00000E+00  0.00000E+00
  7.750E-03  4.57402E-09  1.24648E-04  8.26535E-10  1.00000E+00 -2.22045E-16
  8.000E-03  4.87388E-09  1.28669E-04  8.52854E-10  1.00000E+00  0.00000E+00
  8.250E-03  5.18326E-09  1.32690E-04  8.79196E-10  1.00000E+00  0.00000E+00
  8.500E-03  5.50215E-09  1.36710E-04  9.05568E-10  1.00000E+00  2.22045E-16
  8.750E-03  5.83057E-09  1.40731E-04  9.31979E-10  1.00000E+00  1.11022E-16
  9.000E-03  6.16850E-09  1.44752E-04  9.58435E-10  1.00000E+00  1.11022E-16
  9.250E-03  6.51596E-09  1.48773E-04  9.84947E-10  1.00000E+00  1.11022E-16
  9.500E-03  6.87293E-09  1.52794E-04  1.01152E-09  1.00000E+00  3.33067E-16
  9.750E-03  7.23942E-09  1.56815E-04  1.03817E-09  1.00000E+00  0.00000E+00
  1.000E-02  7.61544E-09  1.60836E-04  1.06490E-09  1.00000E+00  1.11022E-16
  1.250E-02  1.18991E-08  2.01045E-04  1.33860E-09  1.00000E+00 -2.22045E-16
  1.500E-02  1.71347E-08  2.41254E-04  1.62962E-09  1.00000E+00  2.22045E-16
  1.750E-02  2.33223E-08  2.81463E-04  1.94325E-09  1.00000E+00 -2.22045E-16
  2.000E-02  3.04617E-08  3.21672E-04  2.27999E-09  1.00000E+00  0.00000E+00
  2.250E-02  3.85531E-08  3.61881E-04  2.63648E-09  1.00000E+00  1.11022E-16
  2.500E-02  4.75965E-08  4.02090E-04  3.00865E-09  1.00000E+00  1.11022E-16
  2.750E-02  5.75917E-08  4.42299E-04  3.39534E-09  1.00000E+00  2.22045E-16
  3.000E-02  6.85389E-08  4.82508E-04  3.80002E-09  1.00000E+00  1.11022E-16
  3.250E-02  8.04380E-08  5.22717E-04  4.22943E-09  1.00000E+00  0.00000E+00
  3.500E-02  9.32891E-08  5.62927E-04  4.68980E-09  1.00000E+00  3.33067E-16
  3.750E-02  1.07092E-07  6.03136E-04  5.18313E-09  1.00000E+00 -2.22045E-16
  4.000E-02  1.21847E-07  6.43345E-04  5.70605E-09  1.00000E+00  1.11022E-16
  4.250E-02  1.37554E-07  6.83554E-04  6.25233E-09  1.00000E+00 -2.22045E-16
  4.500E-02  1.54213E-07  7.23763E-04  6.81757E-09  1.00000E+00  0.00000E+00
  4.750E-02  1.71823E-07  7.63973E-04  7.40289E-09  1.00000E+00 -2.22045E-16
  5.000E-02  1.90386E-07  8.04182E-04  8.01507E-09  1.00000E+00 -2.22045E-16
  5.250E-02  2.09900E-07  8.44391E-04  8.66257E-09  1.00000E+00  0.00000E+00
  5.500E-02  2.30367E-07  8.84601E-04  9.35009E-09  1.00000E+00  2.22045E-16
  5.750E-02  2.51785E-07  9.24810E-04  1.00753E-08  1.00000E+00 -2.22045E-16
  6.000E-02  2.74156E-07  9.65020E-04  1.08302E-08  1.00000E+00  1.11022E-16
  6.250E-02  2.97478E-07  1.00523E-03  1.16069E-08  9.99999E-01  1.11022E-16
  6.500E-02  3.21752E-07  1.04544E-03  1.24033E-08  9.99999E-01 -2.22045E-16
  6.750E-02  3.46978E-07  1.08565E-03  1.32255E-08  9.99999E-01  0.00000E+00
  7.000E-02  3.73156E-07  1.12586E-03  1.40838E-08  9.99999E-01  3.33067E-16
  7.250E-02  4.00286E-07  1.16607E-03  1.49861E-08  9.99999E-01  2.22045E-16
  7.500E-02  4.28368E-07  1.20628E-03  1.59322E-08  9.99999E-01 -2.22045E-16
  7.750E-02  4.57402E-07  1.24649E-03  1.69132E-08  9.99999E-01 -4.44089E-16
  8.000E-02  4.87388E-07  1.28670E-03  1.79179E-08  9.99999E-01  1.11022E-16
  8.250E-02  5.18325E-07  1.32691E-03  1.89405E-08  9.99999E-01 -2.22045E-16
  8.500E-02  5.50215E-07  1.36712E-03  1.99854E-08  9.99999E-01 -2.22045E-16
  8.750E-02  5.83057E-07  1.40733E-03  2.10648E-08  9.99999E-01  0.00000E+00
  9.000E-02  6.16850E-07  1.44754E-03  2.21900E-08  9.99999E-01  3.33067E-16
  9.250E-02  6.51596E-07  1.48775E-03  2.33635E-08  9.99999E-01  1.11022E-16
  9.500E-02  6.87293E-07  1.52796E-03  2.45763E-08  9.99999E-01  3.33067E-16
  9.750E-02  7.23942E-07  1.56817E-03  2.58140E-08  9.99999E-01  1.11022E-16
  1.000E-01  7.61543E-07  1.60838E-03  2.70667E-08  9.99999E-01 -2.22045E-16
  1.250E-01  1.18991E-06  2.01048E-03  4.13103E-08  9.99998E-01  0.00000E+00
  1.500E-01  1.71347E-06  2.41259E-03  5.86871E-08  9.99997E-01 -2.22045E-16
  1.750E-01  2.33223E-06  2.81470E-03  7.88012E-08  9.99996E-01  2.22045E-16
  2.000E-01  3.04617E-06  3.21682E-03  1.01559E-07  9.99995E-01 -2.22045E-16
  2.250E-01  3.85531E-06  3.61895E-03  1.27234E-07  9.99993E-01  0.00000E+00
  2.500E-01  4.75964E-06  4.02108E-03  1.55621E-07  9.99992E-01  1.11022E-16
  2.750E-01  5.75916E-06  4.42322E-03  1.86738E-07  9.99990E-01 -2.22045E-16
  3.000E-01  6.85388E-06  4.82536E-03  2.20269E-07  9.99988E-01  0.00000E+00
  3.250E-01  8.04378E-06  5.22751E-03  2.56235E-07  9.99986E-01  1.11022E-16
  3.500E-01  9.32888E-06  5.62967E-03  2.94196E-07  9.99984E-01  3.33067E-16
  3.750E-01  1.07092E-05  6.03184E-03  3.33984E-07  9.99982E-01 -2.22045E-16
  4.000E-01  1.21846E-05  6.43401E-03  3.75939E-07  9.99979E-01  2.22045E-16
  4.250E-01  1.37553E-05  6.83619E-03  4.18831E-07  9.99977E-01  0.00000E+00
  4.500E-01  1.54212E-05  7.23837E-03  4.63885E-07  9.99974E-01  3.33067E-16
  4.750E-01  1.71822E-05  7.64057E-03  5.11049E-07  9.99971E-01  0.00000E+00
  5.000E-01  1.90385E-05  8.04276E-03  5.59134E-07  9.99968E-01  2.22045E-16
  5.250E-01  2.09899E-05  8.44497E-03  6.10606E-07  9.99964E-01 -2.22045E-16
  5.500E-01  2.30365E-05  8.84718E-03  6.64228E-07  9.99961E-01  4.44089E-16
  5.750E-01  2.51783E-05  9.24940E-03  7.20035E-07  9.99957E-01  0.00000E+00
  6.000E-01  2.74153E-05  9.65162E-03  7.79333E-07  9.99953E-01 -2.22045E-16
  6.250E-01  2.97475E-05  1.00538E-02  8.40284E-07  9.99949E-01 -2.22045E-16
  6.500E-01  3.21749E-05  1.04561E-02  9.04714E-07  9.99945E-01  1.11022E-16
  6.750E-01  3.46974E-05  1.08583E-02  9.71728E-07  9.99941E-01  0.00000E+00
  7.000E-01  3.73152E-05  1.12606E-02  1.04013E-06  9.99937E-01 -2.22045E-16
  7.250E-01  4.00281E-05  1.16628E-02  1.11237E-06  9.99932E-01  2.22045E-16
  7.500E-01  4.28362E-05  1.20651E-02  1.18558E-06  9.99927E-01 -2.22045E-16
  7.750E-01  4.57395E-05  1.24673E-02  1.26119E-06  9.99922E-01  0.00000E+00
  8.000E-01  4.87380E-05  1.28696E-02  1.33934E-06  9.99917E-01  0.00000E+00
  8.250E-01  5.18317E-05  1.32719E-02  1.41817E-06  9.99912E-01  0.00000E+00
  8.500E-01  5.50205E-05  1.36741E-02  1.50009E-06  9.99907E-01  1.11022E-16
  8.750E-01  5.83045E-05  1.40764E-02  1.58291E-06  9.99901E-01 -2.22045E-16
  9.000E-01  6.16838E-05  1.44787E-02  1.66752E-06  9.99895E-01  2.22045E-16
  9.250E-01  6.51582E-05  1.48810E-02  1.75493E-06  9.99889E-01 -2.22045E-16
  9.500E-01  6.87277E-05  1.52833E-02  1.84229E-06  9.99883E-01  2.22045E-16
  9.750E-01  7.23925E-05  1.56856E-02  1.93288E-06  9.99877E-01 -2.22045E-16
  1.000E+00  7.61524E-05  1.60879E-02  2.02392E-06  9.99871E-01 -2.22045E-16
  1.100E+00  9.21439E-05  1.76972E-02  2.40606E-06  9.99843E-01  0.00000E+00
  1.200E+00  1.09658E-04  1.93066E-02  2.81958E-06  9.99814E-01  0.00000E+00
  1.300E+00  1.28695E-04  2.09160E-02  3.26975E-06  9.99781E-01 -2.22045E-16
  1.400E+00  1.49255E-04  2.25256E-02  3.75783E-06  9.99746E-01  1.11022E-16
  1.500E+00  1.71338E-04  2.41352E-02  4.28932E-06  9.99709E-01  1.11022E-16
  1.600E+00  1.94942E-04  2.57448E-02  4.86615E-06  9.99669E-01 -2.22045E-16
  1.700E+00  2.20070E-04  2.73545E-02  5.48568E-06  9.99626E-01  0.00000E+00
  1.800E+00  2.46720E-04  2.89643E-02  6.15018E-06  9.99580E-01  0.00000E+00
  1.900E+00  2.74892E-04  3.05741E-02  6.86077E-06  9.99533E-01  1.11022E-16
  2.000E+00  3.04586E-04  3.21840E-02  7.61424E-06  9.99482E-01  0.00000E+00
  2.100E+00  3.35803E-04  3.37939E-02  8.41165E-06  9.99429E-01  0.00000E+00
  2.200E+00  3.68542E-04  3.54038E-02  9.25463E-06  9.99373E-01  1.11022E-16
  2.300E+00  4.02802E-04  3.70138E-02  1.01411E-05  9.99315E-01  2.22045E-16
  2.400E+00  4.38585E-04  3.86238E-02  1.10717E-05  9.99254E-01 -4.44089E-16
  2.500E+00  4.75889E-04  4.02339E-02  1.20481E-05  9.99190E-01  0.00000E+00
  2.600E+00  5.14715E-04  4.18440E-02  1.30697E-05  9.99124E-01  0.00000E+00
  2.700E+00  5.55063E-04  4.34541E-02  1.41376E-05  9.99055E-01  0.00000E+00
  2.800E+00  5.96931E-04  4.50642E-02  1.52530E-05  9.98984E-01  0.00000E+00
  2.900E+00  6.40321E-04  4.66743E-02  1.64160E-05  9.98910E-01  3.33067E-16
  3.000E+00  6.85233E-04  4.82845E-02  1.76281E-05  9.98834E-01  0.00000E+00
  3.100E+00  7.31665E-04  4.98947E-02  1.88886E-05  9.98754E-01  1.11022E-16
  3.200E+00  7.79618E-04  5.15049E-02  2.02007E-05  9.98673E-01 -2.22045E-16
  3.300E+00  8.29092E-04  5.31150E-02  2.15632E-05  9.98588E-01  3.33067E-16
  3.400E+00  8.80086E-04  5.47252E-02  2.29752E-05  9.98501E-01  3.33067E-16
  3.500E+00  9.32601E-04  5.63354E-02  2.44430E-05  9.98412E-01  0.00000E+00
  3.600E+00  9.86636E-04  5.79456E-02  2.59617E-05  9.98320E-01  0.00000E+00
  3.700E+00  1.04219E-03  5.95558E-02  2.75302E-05  9.98225E-01 -2.22045E-16
  3.800E+00  1.09927E-03  6.11659E-02  2.91591E-05  9.98128E-01 -2.22045E-16
  3.900E+00  1.15786E-03  6.27761E-02  3.08380E-05  9.98028E-01  1.11022E-16
  4.000E+00  1.21797E-03  6.43862E-02  3.25654E-05  9.97925E-01  3.33067E-16
  4.100E+00  1.27961E-03  6.59964E-02  3.43579E-05  9.97820E-01  0.00000E+00
  4.200E+00  1.34276E-03  6.76064E-02  3.61983E-05  9.97712E-01  0.00000E+00
  4.300E+00  1.40743E-03  6.92165E-02  3.80868E-05  9.97602E-01  3.33067E-16
  4.400E+00  1.47362E-03  7.08265E-02  4.00445E-05  9.97489E-01  0.00000E+00
  4.500E+00  1.54133E-03  7.24366E-02  4.20469E-05  9.97373E-01 -2.22045E-16
  4.600E+00  1.61056E-03  7.40465E-02  4.40967E-05  9.97255E-01  3.33067E-16
  4.700E+00  1.68131E-03  7.56564E-02  4.62193E-05  9.97134E-01 -2.22045E-16
  4.800E+00  1.75357E-03  7.72663E-02  4.83834E-05  9.97010E-01 -4.44089E-16
  4.900E+00  1.82735E-03  7.88762E-02  5.05935E-05  9.96884E-01  0.00000E+00
  5.000E+00  1.90265E-03  8.04859E-02  5.28796E-05  9.96756E-01  1.11022E-16
  5.100E+00  1.97947E-03  8.20957E-02  5.52030E-05  9.96624E-01  2.22045E-16
  5.200E+00  2.05780E-03  8.37054E-02  5.75708E-05  9.96491E-01  0.00000E+00
  5.300E+00  2.13765E-03  8.53150E-02  6.00182E-05  9.96354E-01 -2.22045E-16
  5.400E+00  2.21902E-03  8.69245E-02  6.24979E-05  9.96215E-01  2.22045E-16
  5.500E+00  2.30190E-03  8.85340E-02  6.50204E-05  9.96073E-01 -2.22045E-16
  5.600E+00  2.38630E-03  9.01434E-02  6.76279E-05  9.95929E-01  2.22045E-16
  5.700E+00  2.47222E-03  9.17528E-02  7.02610E-05  9.95782E-01  2.22045E-16
  5.800E+00  2.55965E-03  9.33621E-02  7.29334E-05  9.95632E-01  0.00000E+00
  5.900E+00  2.64859E-03  9.49712E-02  7.56969E-05  9.95480E-01  0.00000E+00
  6.000E+00  2.73905E-03  9.65804E-02  7.84773E-05  9.95325E-01  0.00000E+00
  6.100E+00  2.83103E-03  9.81894E-02  8.12940E-05  9.95168E-01 -4.44089E-16
  6.200E+00  2.92452E-03  9.97983E-02  8.42134E-05  9.95008E-01  2.22045E-16
  6.300E+00  3.01952E-03  1.01407E-01  8.71363E-05  9.94845E-01  0.00000E+00
  6.400E+00  3.11604E-03  1.03016E-01  9.00901E-05  9.94680E-01  1.11022E-16
  6.500E+00  3.21407E-03  1.04625E-01  9.31643E-05  9.94512E-01  4.44089E-16
  6.600E+00  3.31362E-03  1.06233E-01  9.62175E-05  9.94341E-01  0.00000E+00
  6.700E+00  3.41468E-03  1.07842E-01  9.93045E-05  9.94168E-01  0.00000E+00
  6.800E+00  3.51725E-03  1.09450E-01  1.02543E-04  9.93992E-01 -2.22045E-16
  6.900E+00  3.62133E-03  1.11058E-01  1.05697E-04  9.93814E-01 -2.22045E-16
  7.000E+00  3.72692E-03  1.12666E-01  1.08937E-04  9.93633E-01  1.11022E-16
  7.100E+00  3.83403E-03  1.14274E-01  1.12311E-04  9.93449E-01 -2.22045E-16
  7.200E+00  3.94265E-03  1.15882E-01  1.15553E-04  9.93263E-01  1.11022E-16
  7.300E+00  4.05278E-03  1.17490E-01  1.18975E-04  9.93074E-01  1.11022E-16
  7.400E+00  4.16442E-03  1.19097E-01  1.22432E-04  9.92883E-01 -2.22045E-16
  7.500E+00  4.27757E-03  1.20705E-01  1.25803E-04  9.92688E-01  2.22045E-16
  7.600E+00  4.39223E-03  1.22312E-01  1.29369E-04  9.92492E-01  1.11022E-16
  7.700E+00  4.50840E-03  1.23919E-01  1.32893E-04  9.92292E-01  0.00000E+00
  7.800E+00  4.62608E-03  1.25526E-01  1.36422E-04  9.92090E-01 -2.22045E-16
  7.900E+00  4.74527E-03  1.27133E-01  1.40080E-04  9.91886E-01 -2.22045E-16
  8.000E+00  4.86597E-03  1.28740E-01  1.43711E-04  9.91678E-01 -2.22045E-16
  8.100E+00  4.98817E-03  1.30347E-01  1.47361E-04  9.91468E-01  3.33067E-16
  8.200E+00  5.11188E-03  1.31953E-01  1.51103E-04  9.91256E-01  3.33067E-16
  8.300E+00  5.23711E-03  1.33559E-01  1.54834E-04  9.91041E-01  2.22045E-16
  8.400E+00  5.36383E-03  1.35165E-01  1.58590E-04  9.90823E-01 -4.44089E-16
  8.500E+00  5.49207E-03  1.36771E-01  1.62420E-04  9.90603E-01 -2.22045E-16
  8.600E+00  5.62181E-03  1.38377E-01  1.66248E-04  9.90380E-01 -2.22045E-16
  8.700E+00  5.75306E-03  1.39983E-01  1.70093E-04  9.90154E-01  0.00000E+00
  8.800E+00  5.88581E-03  1.41588E-01  1.73998E-04  9.89926E-01 -2.22045E-16
  8.900E+00  6.02007E-03  1.43193E-01  1.77908E-04  9.89695E-01 -2.22045E-16
  9.000E+00  6.15583E-03  1.44798E-01  1.81838E-04  9.89461E-01  1.11022E-16
  9.100E+00  6.29310E-03  1.46403E-01  1.85821E-04  9.89225E-01  0.00000E+00
  9.200E+00  6.43187E-03  1.48008E-01  1.89812E-04  9.88986E-01  1.11022E-16
  9.300E+00  6.57214E-03  1.49612E-01  1.93811E-04  9.88745E-01  3.33067E-16
  9.400E+00  6.71392E-03  1.51216E-01  1.97852E-04  9.88501E-01  1.11022E-16
  9.500E+00  6.85720E-03  1.52820E-01  2.01905E-04  9.88254E-01  4.44089E-16
  9.600E+00  7.00198E-03  1.54424E-01  2.05970E-04  9.88005E-01 -2.22045E-16
  9.700E+00  7.14827E-03  1.56028E-01  2.10072E-04  9.87753E-01 -4.44089E-16
  9.800E+00  7.29605E-03  1.57631E-01  2.14183E-04  9.87498E-01 -2.22045E-16
  9.900E+00  7.44534E-03  1.59234E-01  2.18298E-04  9.87241E-01  1.11022E-16
  1.000E+01  7.59612E-03  1.60837E-01  2.22438E-04  9.86981E-01  3.33067E-16
  1.025E+01  7.97965E-03  1.64843E-01  2.32847E-04  9.86320E-01  1.11022E-16
  1.050E+01  8.37255E-03  1.68848E-01  2.43334E-04  9.85642E-01  1.11022E-16
  1.075E+01  8.77480E-03  1.72851E-01  2.53869E-04  9.84948E-01  0.00000E+00
  1.100E+01  9.18641E-03  1.76853E-01  2.64447E-04  9.84237E-01  1.11022E-16
  1.125E+01  9.60736E-03  1.80853E-01  2.75020E-04  9.83510E-01  0.00000E+00
  1.150E+01  1.00376E-02  1.84851E-01  2.85612E-04  9.82767E-01  2.22045E-16
  1.175E+01  1.04773E-02  1.88847E-01  2.96182E-04  9.82006E-01 -2.22045E-16
  1.200E+01  1.09262E-02  1.92841E-01  3.06717E-04  9.81230E-01  1.11022E-16
  1.225E+01  1.13844E-02  1.96834E-01  3.17198E-04  9.80437E-01  1.11022E-16
  1.250E+01  1.18520E-02  2.00824E-01  3.27586E-04  9.79627E-01  0.00000E+00
  1.275E+01  1.23288E-02  2.04812E-01  3.37908E-04  9.78801E-01  0.00000E+00
  1.300E+01  1.28150E-02  2.08798E-01  3.48107E-04  9.77959E-01  0.00000E+00
  1.325E+01  1.33104E-02  2.12782E-01  3.58188E-04  9.77100E-01  4.44089E-16
  1.350E+01  1.38150E-02  2.16764E-01  3.68123E-04  9.76224E-01 -2.22045E-16
  1.375E+01  1.43290E-02  2.20743E-01  3.77887E-04  9.75332E-01  1.11022E-16
  1.400E+01  1.48521E-02  2.24719E-01  3.87498E-04  9.74423E-01  2.22045E-16
  1.425E+01  1.53845E-02  2.28694E-01  3.96875E-04  9.73498E-01  0.00000E+00
  1.450E+01  1.59262E-02  2.32665E-01  4.06036E-04  9.72557E-01  0.00000E+00
  1.475E+01  1.64770E-02  2.36634E-01  4.14942E-04  9.71599E-01  3.33067E-16
  1.500E+01  1.70371E-02  2.40600E-01  4.23602E-04  9.70624E-01  0.00000E+00
  1.525E+01  1.76063E-02  2.44563E-01  4.32028E-04  9.69633E-01  0.00000E+00
  1.550E+01  1.81848E-02  2.48524E-01  4.40125E-04  9.68626E-01  1.11022E-16
  1.575E+01  1.87724E-02  2.52481E-01  4.47944E-04  9.67602E-01 -2.22045E-16
  1.600E+01  1.93692E-02  2.56435E-01  4.55399E-04  9.66561E-01 -2.22045E-16
  1.625E+01  1.99751E-02  2.60387E-01  4.62546E-04  9.65504E-01  0.00000E+00
  1.650E+01  2.05901E-02  2.64335E-01  4.69367E-04  9.64431E-01 -2.22045E-16
  1.675E+01  2.12143E-02  2.68279E-01  4.75747E-04  9.63341E-01 -2.22045E-16
  1.700E+01  2.18476E-02  2.72221E-01  4.81839E-04  9.62235E-01  1.11022E-16
  1.725E+01  2.24900E-02  2.76159E-01  4.87368E-04  9.61112E-01  0.00000E+00
  1.750E+01  2.31415E-02  2.80093E-01  4.92728E-04  9.59973E-01  0.00000E+00
  1.775E+01  2.38021E-02  2.84024E-01  4.97368E-04  9.58817E-01  2.22045E-16
  1.800E+01  2.44717E-02  2.87951E-01  5.01745E-04  9.57645E-01  2.22045E-16
  1.825E+01  2.51504E-02  2.91874E-01  5.05553E-04  9.56457E-01  2.22045E-16
  1.850E+01  2.58382E-02  2.95794E-01  5.08926E-04  9.55252E-01  2.22045E-16
  1.875E+01  2.65349E-02  2.99710E-01  5.11739E-04  9.54030E-01 -2.22045E-16
  1.900E+01  2.72407E-02  3.03622E-01  5.14110E-04  9.52793E-01 -2.22045E-16
  1.925E+01  2.79555E-02  3.07529E-01  5.15910E-04  9.51539E-01  2.22045E-16
  1.950E+01  2.86793E-02  3.11433E-01  5.17155E-04  9.50268E-01 -2.22045E-16
  1.975E+01  2.94120E-02  3.15332E-01  5.17912E-04  9.48981E-01  3.33067E-16
  2.000E+01  3.01537E-02  3.19227E-01  5.18089E-04  9.47678E-01  0.00000E+00
  2.025E+01  3.09043E-02  3.23117E-01  5.17716E-04  9.46359E-01  2.22045E-16
  2.050E+01  3.16639E-02  3.27004E-01  5.16710E-04  9.45023E-01  0.00000E+00
  2.075E+01  3.24324E-02  3.30885E-01  5.15117E-04  9.43671E-01  1.11022E-16
  2.100E+01  3.32098E-02  3.34762E-01  5.12939E-04  9.42303E-01  1.11022E-16
  2.125E+01  3.39961E-02  3.38634E-01  5.10128E-04  9.40918E-01  2.22045E-16
  2.150E+01  3.47912E-02  3.42502E-01  5.06652E-04  9.39517E-01 -4.44089E-16
  2.175E+01  3.55952E-02  3.46364E-01  5.02473E-04  9.38100E-01  2.22045E-16
  2.200E+01  3.64081E-02  3.50222E-01  4.97637E-04  9.36667E-01 -2.22045E-16
  2.225E+01  3.72297E-02  3.54075E-01  4.92147E-04  9.35217E-01  0.00000E+00
  2.250E+01  3.80602E-02  3.57922E-01  4.85970E-04  9.33751E-01  0.00000E+00
  2.275E+01  3.88995E-02  3.61764E-01  4.79077E-04  9.32269E-01  0.00000E+00
  2.300E+01  3.97476E-02  3.65601E-01  4.71468E-04  9.30771E-01  0.00000E+00
  2.325E+01  4.06044E-02  3.69433E-01  4.63191E-04  9.29257E-01  1.11022E-16
  2.350E+01  4.14700E-02  3.73259E-01  4.54234E-04  9.27727E-01 -2.22045E-16
  2.375E+01  4.23443E-02  3.77080E-01  4.44555E-04  9.26181E-01  0.00000E+00
  2.400E+01  4.32273E-02  3.80895E-01  4.34115E-04  9.24618E-01  0.00000E+00
  2.425E+01  4.41190E-02  3.84705E-01  4.22921E-04  9.23040E-01 -2.22045E-16
  2.450E+01  4.50194E-02  3.88508E-01  4.11001E-04  9.21445E-01  4.44089E-16
  2.475E+01  4.59284E-02  3.92306E-01  3.98324E-04  9.19835E-01  1.11022E-16
  2.500E+01  4.68461E-02  3.96098E-01  3.84834E-04  9.18208E-01 -2.22045E-16
  2.550E+01  4.87074E-02  4.03664E-01  3.55355E-04  9.14907E-01 -2.22045E-16
  2.600E+01  5.06030E-02  4.11205E-01  3.22722E-04  9.11543E-01  0.00000E+00
  2.650E+01  5.25328E-02  4.18720E-01  2.86789E-04  9.08115E-01  0.00000E+00
  2.700E+01  5.44967E-02  4.26210E-01  2.47701E-04  9.04624E-01  0.00000E+00
  2.750E+01  5.64946E-02  4.33673E-01  2.05411E-04  9.01070E-01  0.00000E+00
  2.800E+01  5.85262E-02  4.41109E-01  1.59699E-04  8.97453E-01 -2.22045E-16
  2.850E+01  6.05914E-02  4.48517E-01  1.10597E-04  8.93774E-01  1.11022E-16
  2.900E+01  6.26901E-02  4.55897E-01  5.77740E-05  8.90033E-01 -2.22045E-16
  2.950E+01  6.48222E-02  4.63248E-01  1.44666E-06  8.86229E-01  1.11022E-16
  3.000E+01  6.69873E-02  4.70568E-01 -5.84129E-05  8.82363E-01  0.00000E+00
  3.050E+01  6.91854E-02  4.77859E-01 -1.21704E-04  8.78437E-01 -2.22045E-16
  3.100E+01  7.14163E-02  4.85118E-01 -1.88305E-04  8.74448E-01 -2.22045E-16
  3.150E+01  7.36799E-02  4.92346E-01 -2.58611E-04  8.70399E-01  0.00000E+00
  3.200E+01  7.59760E-02  4.99542E-01 -3.32497E-04  8.66290E-01  2.22045E-16
  3.250E+01  7.83043E-02  5.06705E-01 -4.10356E-04  8.62120E-01  0.00000E+00
  3.300E+01  8.06647E-02  5.13834E-01 -4.91961E-04  8.57889E-01  2.22045E-16
  3.350E+01  8.30571E-02  5.20930E-01 -5.77107E-04  8.53599E-01  4.44089E-16
  3.400E+01  8.54812E-02  5.27991E-01 -6.65930E-04  8.49250E-01  0.00000E+00
  3.450E+01  8.79369E-02  5.35017E-01 -7.57882E-04  8.44841E-01  2.22045E-16
  3.500E+01  9.04240E-02  5.42006E-01 -8.53964E-04  8.40374E-01  0.00000E+00
  3.550E+01  9.29422E-02  5.48960E-01 -9.53295E-04  8.35848E-01 -2.22045E-16
  3.600E+01  9.54915E-02  5.55877E-01 -1.05736E-03  8.31264E-01 -2.22045E-16
  3.650E+01  9.80716E-02  5.62756E-01 -1.16451E-03  8.26622E-01 -2.22045E-16
  3.700E+01  1.00682E-01  5.69597E-01 -1.27598E-03  8.21923E-01  1.11022E-16
  3.750E+01  1.03323E-01  5.76400E-01 -1.39040E-03  8.17166E-01  0.00000E+00
  3.800E+01  1.05995E-01  5.83164E-01 -1.50855E-03  8.12353E-01  0.00000E+00
  3.850E+01  1.08696E-01  5.89888E-01 -1.63028E-03  8.07484E-01  0.00000E+00
  3.900E+01  1.11427E-01  5.96571E-01 -1.75593E-03  8.02558E-01  2.22045E-16
  3.950E+01  1.14188E-01  6.03214E-01 -1.88568E-03  7.97577E-01  0.00000E+00
  4.000E+01  1.16978E-01  6.09816E-01 -2.01920E-03  7.92541E-01  2.22045E-16
  4.050E+01  1.19797E-01  6.16375E-01 -2.15639E-03  7.87449E-01 -2.22045E-16
  4.100E+01  1.22645E-01  6.22893E-01 -2.29690E-03  7.82304E-01  0.00000E+00
  4.150E+01  1.25522E-01  6.29368E-01 -2.44084E-03  7.77104E-01  0.00000E+00
  4.200E+01  1.28428E-01  6.35799E-01 -2.58845E-03  7.71850E-01  1.11022E-16
  4.250E+01  1.31361E-01  6.42186E-01 -2.73996E-03  7.66544E-01  2.22045E-16
  4.300E+01  1.34323E-01  6.48529E-01 -2.89551E-03  7.61184E-01 -2.22045E-16
  4.350E+01  1.37313E-01  6.54827E-01 -3.05486E-03  7.55772E-01  2.22045E-16
  4.400E+01  1.40330E-01  6.61080E-01 -3.21774E-03  7.50308E-01  0.00000E+00
  4.450E+01  1.43375E-01  6.67287E-01 -3.38391E-03  7.44793E-01  2.22045E-16
  4.500E+01  1.46447E-01  6.73448E-01 -3.55342E-03  7.39226E-01  1.11022E-16
  4.550E+01  1.49545E-01  6.79562E-01 -3.72654E-03  7.33609E-01  0.00000E+00
  4.600E+01  1.52671E-01  6.85629E-01 -3.90353E-03  7.27941E-01  0.00000E+00
  4.650E+01  1.55823E-01  6.91647E-01 -4.08449E-03  7.22224E-01  0.00000E+00
  4.700E+01  1.59001E-01  6.97618E-01 -4.26922E-03  7.16457E-01  0.00000E+00
  4.750E+01  1.62205E-01  7.03540E-01 -4.45741E-03  7.10641E-01 -2.22045E-16
  4.800E+01  1.65435E-01  7.09414E-01 -4.64882E-03  7.04777E-01  2.22045E-16
  4.850E+01  1.68690E-01  7.15237E-01 -4.84348E-03  6.98865E-01 -2.22045E-16
  4.900E+01  1.71970E-01  7.21011E-01 -5.04167E-03  6.92905E-01  2.22045E-16
  4.950E+01  1.75276E-01  7.26735E-01 -5.24368E-03  6.86898E-01 -2.22045E-16
  5.000E+01  1.78606E-01  7.32407E-01 -5.44960E-03  6.80845E-01 -2.22045E-16
  5.050E+01  1.81961E-01  7.38029E-01 -5.65925E-03  6.74746E-01 -2.22045E-16
  5.100E+01  1.85340E-01  7.43598E-01 -5.87230E-03  6.68601E-01  0.00000E+00
  5.150E+01  1.88743E-01  7.49116E-01 -6.08852E-03  6.62411E-01  0.00000E+00
  5.200E+01  1.92169E-01  7.54582E-01 -6.30791E-03  6.56176E-01 -2.22045E-16
  5.250E+01  1.95619E-01  7.59995E-01 -6.53075E-03  6.49896E-01 -2.22045E-16
  5.300E+01  1.99092E-01  7.65354E-01 -6.75733E-03  6.43574E-01 -2.22045E-16
  5.350E+01  2.02589E-01  7.70660E-01 -6.98778E-03  6.37208E-01  0.00000E+00
  5.400E+01  2.06107E-01  7.75912E-01 -7.22194E-03  6.30800E-01 -2.22045E-16
  5.450E+01  2.09649E-01  7.81110E-01 -7.45949E-03  6.24349E-01  0.00000E+00
  5.500E+01  2.13212E-01  7.86253E-01 -7.70015E-03  6.17857E-01  0.00000E+00
  5.550E+01  2.16797E-01  7.91341E-01 -7.94392E-03  6.11324E-01 -2.22045E-16
  5.600E+01  2.20404E-01  7.96374E-01 -8.19104E-03  6.04749E-01 -2.22045E-16
  5.650E+01  2.24032E-01  8.01351E-01 -8.44184E-03  5.98135E-01  2.22045E-16
  5.700E+01  2.27680E-01  8.06271E-01 -8.69649E-03  5.91482E-01  2.22045E-16
  5.750E+01  2.31350E-01  8.11136E-01 -8.95488E-03  5.84789E-01  0.00000E+00
  5.800E+01  2.35040E-01  8.15943E-01 -9.21666E-03  5.78059E-01  0.00000E+00
  5.850E+01  2.38751E-01  8.20694E-01 -9.48153E-03  5.71290E-01  0.00000E+00
  5.900E+01  2.42481E-01  8.25387E-01 -9.74945E-03  5.64483E-01  0.00000E+00
  5.950E+01  2.46231E-01  8.30023E-01 -1.00206E-02  5.57639E-01  1.11022E-16
  6.000E+01  2.50000E-01  8.34600E-01 -1.02954E-02  5.50760E-01  0.00000E+00
  6.050E+01  2.53788E-01  8.39120E-01 -1.05741E-02  5.43844E-01  0.00000E+00
  6.100E+01  2.57595E-01  8.43580E-01 -1.08566E-02  5.36894E-01  0.00000E+00
  6.150E+01  2.61421E-01  8.47982E-01 -1.11425E-02  5.29909E-01  2.22045E-16
  6.200E+01  2.65264E-01  8.52324E-01 -1.14315E-02  5.22889E-01 -2.22045E-16
  6.250E+01  2.69126E-01  8.56607E-01 -1.17235E-02  5.15836E-01 -4.44089E-16
  6.300E+01  2.73005E-01  8.60831E-01 -1.20187E-02  5.08749E-01  0.00000E+00
  6.350E+01  2.76901E-01  8.64994E-01 -1.23175E-02  5.01631E-01  0.00000E+00
  6.400E+01  2.80814E-01  8.69097E-01 -1.26202E-02  4.94480E-01  0.00000E+00
  6.450E+01  2.84744E-01  8.73140E-01 -1.29268E-02  4.87299E-01  1.11022E-16
  6.500E+01  2.88691E-01  8.77121E-01 -1.32370E-02  4.80086E-01  2.22045E-16
  6.550E+01  2.92653E-01  8.81042E-01 -1.35503E-02  4.72844E-01  0.00000E+00
  6.600E+01  2.96632E-01  8.84902E-01 -1.38665E-02  4.65572E-01 -2.22045E-16
  6.650E+01  3.00625E-01  8.88700E-01 -1.41857E-02  4.58270E-01  2.22045E-16
  6.700E+01  3.04634E-01  8.92437E-01 -1.45086E-02  4.50939E-01  1.11022E-16
  6.750E+01  3.08658E-01  8.96111E-01 -1.48355E-02  4.43582E-01  0.00000E+00
  6.800E+01  3.12697E-01  8.99723E-01 -1.51667E-02  4.36197E-01  0.00000E+00
  6.850E+01  3.16749E-01  9.03273E-01 -1.55017E-02  4.28786E-01  1.11022E-16
  6.900E+01  3.20816E-01  9.06760E-01 -1.58397E-02  4.21349E-01  2.22045E-16
  6.950E+01  3.24896E-01  9.10185E-01 -1.61802E-02  4.13886E-01  0.00000E+00
  7.000E+01  3.28990E-01  9.13547E-01 -1.65234E-02  4.06397E-01 -2.22045E-16
  7.050E+01  3.33097E-01  9.16847E-01 -1.68705E-02  3.98883E-01  0.00000E+00
  7.100E+01  3.37216E-01  9.20082E-01 -1.72227E-02  3.91347E-01  3.33067E-16
  7.150E+01  3.41348E-01  9.23253E-01 -1.75799E-02  3.83790E-01  4.44089E-16
  7.200E+01  3.45492E-01  9.26361E-01 -1.79400E-02  3.76210E-01  0.00000E+00
  7.250E+01  3.49647E-01  9.29406E-01 -1.83019E-02  3.68605E-01  0.00000E+00
  7.300E+01  3.53814E-01  9.32388E-01 -1.86663E-02  3.60978E-01  0.00000E+00
  7.350E+01  3.57992E-01  9.35305E-01 -1.90352E-02  3.53331E-01 -2.22045E-16
  7.400E+01  3.62181E-01  9.38157E-01 -1.94093E-02  3.45667E-01  1.11022E-16
  7.450E+01  3.66381E-01  9.40944E-01 -1.97877E-02  3.37983E-01  0.00000E+00
  7.500E+01  3.70590E-01  9.43668E-01 -2.01694E-02  3.30279E-01 -6.66134E-16
  7.550E+01  3.74810E-01  9.46327E-01 -2.05539E-02  3.22557E-01 -2.22045E-16
  7.600E+01  3.79039E-01  9.48922E-01 -2.09416E-02  3.14816E-01 -2.22045E-16
  7.650E+01  3.83277E-01  9.51452E-01 -2.13331E-02  3.07058E-01  0.00000E+00
  7.700E+01  3.87524E-01  9.53916E-01 -2.17289E-02  2.99285E-01 -2.22045E-16
  7.750E+01  3.91780E-01  9.56316E-01 -2.21290E-02  2.91496E-01  2.22045E-16
  7.800E+01  3.96044E-01  9.58650E-01 -2.25332E-02  2.83693E-01  1.11022E-16
  7.850E+01  4.00316E-01  9.60920E-01 -2.29412E-02  2.75874E-01  0.00000E+00
  7.900E+01  4.04596E-01  9.63124E-01 -2.33526E-02  2.68042E-01  1.11022E-16
  7.950E+01  4.08882E-01  9.65263E-01 -2.37677E-02  2.60195E-01 -2.22045E-16
  8.000E+01  4.13176E-01  9.67337E-01 -2.41866E-02  2.52337E-01  0.00000E+00
  8.050E+01  4.17476E-01  9.69346E-01 -2.46097E-02  2.44466E-01  0.00000E+00
  8.100E+01  4.21783E-01  9.71288E-01 -2.50372E-02  2.36584E-01  2.22045E-16
  8.150E+01  4.26095E-01  9.73166E-01 -2.54690E-02  2.28692E-01 -6.66134E-16
  8.200E+01  4.30413E-01  9.74977E-01 -2.59048E-02  2.20790E-01  3.33067E-16
  8.250E+01  4.34737E-01  9.76724E-01 -2.63446E-02  2.12878E-01  5.55112E-16
  8.300E+01  4.39065E-01  9.78404E-01 -2.67882E-02  2.04957E-01  0.00000E+00
  8.350E+01  4.43398E-01  9.80020E-01 -2.72359E-02  1.97027E-01  0.00000E+00
  8.400E+01  4.47736E-01  9.81569E-01 -2.76879E-02  1.89090E-01  1.11022E-16
  8.450E+01  4.52077E-01  9.83053E-01 -2.81445E-02  1.81147E-01  0.00000E+00
  8.500E+01  4.56422E-01  9.84472E-01 -2.86055E-02  1.73197E-01 -4.44089E-16
  8.550E+01  4.60770E-01  9.85824E-01 -2.90710E-02  1.65242E-01  1.11022E-16
  8.600E+01  4.65122E-01  9.87112E-01 -2.95407E-02  1.57282E-01  3.33067E-16
  8.650E+01  4.69476E-01  9.88334E-01 -3.00147E-02  1.49317E-01  1.11022E-16
  8.700E+01  4.73832E-01  9.89490E-01 -3.04930E-02  1.41348E-01  1.11022E-16
  8.750E+01  4.78190E-01  9.90581E-01 -3.09758E-02  1.33377E-01  0.00000E+00
  8.800E+01  4.82550E-01  9.91607E-01 -3.14634E-02  1.25403E-01  0.00000E+00
  8.850E+01  4.86912E-01  9.92567E-01 -3.19559E-02  1.17428E-01 -2.22045E-16
  8.900E+01  4.91274E-01  9.93462E-01 -3.24531E-02  1.09451E-01  1.11022E-16
  8.950E+01  4.95637E-01  9.94292E-01 -3.29550E-02  1.01474E-01  2.22045E-16
  9.000E+01  5.00000E-01  9.95057E-01 -3.34614E-02  9.34976E-02 -2.22045E-16
  9.050E+01  5.04363E-01  9.95757E-01 -3.39726E-02  8.55215E-02 -2.22045E-16
  9.100E+01  5.08726E-01  9.96392E-01 -3.44887E-02  7.75468E-02  0.00000E+00
  9.150E+01  5.13088E-01  9.96962E-01 -3.50098E-02  6.95744E-02 -2.22045E-16
  9.200E+01  5.17450E-01  9.97468E-01 -3.55361E-02  6.16051E-02  2.22045E-16
  9.250E+01  5.21810E-01  9.97909E-01 -3.60677E-02  5.36396E-02  4.44089E-16
  9.300E+01  5.26168E-01  9.98285E-01 -3.66043E-02  4.56781E-02  1.11022E-16
  9.350E+01  5.30524E-01  9.98598E-01 -3.71461E-02  3.77212E-02  0.00000E+00
  9.400E+01  5.34878E-01  9.98846E-01 -3.76929E-02  2.97696E-02  1.11022E-16
  9.450E+01  5.39230E-01  9.99030E-01 -3.82450E-02  2.18239E-02  3.33067E-16
  9.500E+01  5.43578E-01  9.99150E-01 -3.88027E-02  1.38852E-02  1.11022E-16
  9.550E+01  5.47923E-01  9.99207E-01 -3.93659E-02  5.95416E-03  2.22045E-16
  9.600E+01  5.52264E-01  9.99200E-01 -3.99349E-02 -1.96855E-03 -4.44089E-16
  9.650E+01  5.56602E-01  9.99130E-01 -4.05096E-02 -9.88246E-03  0.00000E+00
  9.700E+01  5.60935E-01  9.98997E-01 -4.10898E-02 -1.77871E-02  0.00000E+00
  9.750E+01  5.65263E-01  9.98801E-01 -4.16758E-02 -2.56820E-02  3.33067E-16
  9.800E+01  5.69587E-01  9.98542E-01 -4.22675E-02 -3.35662E-02  1.11022E-16
  9.850E+01  5.73905E-01  9.98221E-01 -4.28652E-02 -4.14390E-02  1.11022E-16
  9.900E+01  5.78217E-01  9.97838E-01 -4.34691E-02 -4.92994E-02 -2.22045E-16
  9.950E+01  5.82524E-01  9.97392E-01 -4.40793E-02 -5.71468E-02 -2.22045E-16
  1.000E+02  5.86824E-01  9.96885E-01 -4.46958E-02 -6.49808E-02 -2.22045E-16
  1.005E+02  5.91118E-01  9.96316E-01 -4.53186E-02 -7.28007E-02 -4.44089E-16
  1.010E+02  5.95404E-01  9.95686E-01 -4.59477E-02 -8.06062E-02  3.33067E-16
  1.015E+02  5.99684E-01  9.94996E-01 -4.65832E-02 -8.83965E-02 -2.22045E-16
  1.020E+02  6.03956E-01  9.94244E-01 -4.72253E-02 -9.61706E-02 -2.22045E-16
  1.025E+02  6.08220E-01  9.93432E-01 -4.78743E-02 -1.03928E-01  3.33067E-16
  1.030E+02  6.12476E-01  9.92560E-01 -4.85304E-02 -1.11667E-01  0.00000E+00
  1.035E+02  6.16723E-01  9.91628E-01 -4.91934E-02 -1.19389E-01 -2.22045E-16
  1.040E+02  6.20961E-01  9.90637E-01 -4.98636E-02 -1.27091E-01  2.22045E-16
  1.045E+02  6.25190E-01  9.89587E-01 -5.05407E-02 -1.34774E-01  2.22045E-16
  1.050E+02  6.29410E-01  9.88477E-01 -5.12251E-02 -1.42438E-01  1.11022E-16
  1.055E+02  6.33619E-01  9.87310E-01 -5.19170E-02 -1.50081E-01  0.00000E+00
  1.060E+02  6.37819E-01  9.86084E-01 -5.26164E-02 -1.57702E-01  2.22045E-16
  1.065E+02  6.42008E-01  9.84801E-01 -5.33238E-02 -1.65300E-01  1.11022E-16
  1.070E+02  6.46186E-01  9.83460E-01 -5.40391E-02 -1.72876E-01 -2.22045E-16
  1.075E+02  6.50353E-01  9.82063E-01 -5.47625E-02 -1.80428E-01  2.22045E-16
  1.080E+02  6.54508E-01  9.80608E-01 -5.54937E-02 -1.87956E-01  0.00000E+00
  1.085E+02  6.58652E-01  9.79098E-01 -5.62332E-02 -1.95460E-01  2.22045E-16
  1.090E+02  6.62784E-01  9.77532E-01 -5.69810E-02 -2.02938E-01 -2.22045E-16
  1.095E+02  6.66903E-01  9.75911E-01 -5.77376E-02 -2.10389E-01  0.00000E+00
  1.100E+02  6.71010E-01  9.74235E-01 -5.85029E-02 -2.17814E-01  6.66134E-16
  1.105E+02  6.75104E-01  9.72505E-01 -5.92774E-02 -2.25210E-01 -4.44089E-16
  1.110E+02  6.79184E-01  9.70721E-01 -6.00610E-02 -2.32578E-01  4.44089E-16
  1.115E+02  6.83251E-01  9.68884E-01 -6.08538E-02 -2.39918E-01  1.11022E-16
  1.120E+02  6.87303E-01  9.66994E-01 -6.16558E-02 -2.47228E-01  1.11022E-16
  1.125E+02  6.91342E-01  9.65051E-01 -6.24674E-02 -2.54507E-01  2.22045E-16
  1.130E+02  6.95366E-01  9.63057E-01 -6.32889E-02 -2.61756E-01  1.11022E-16
  1.135E+02  6.99375E-01  9.61011E-01 -6.41206E-02 -2.68972E-01  1.11022E-16
  1.140E+02  7.03368E-01  9.58915E-01 -6.49626E-02 -2.76156E-01 -4.44089E-16
  1.145E+02  7.07347E-01  9.56768E-01 -6.58152E-02 -2.83306E-01  0.00000E+00
  1.150E+02  7.11309E-01  9.54573E-01 -6.66783E-02 -2.90423E-01  3.33067E-16
  1.155E+02  7.15256E-01  9.52327E-01 -6.75522E-02 -2.97505E-01  1.11022E-16
  1.160E+02  7.19186E-01  9.50034E-01 -6.84371E-02 -3.04552E-01  0.00000E+00
  1.165E+02  7.23099E-01  9.47693E-01 -6.93334E-02 -3.11563E-01  2.22045E-16
  1.170E+02  7.26995E-01  9.45305E-01 -7.02414E-02 -3.18536E-01 -2.22045E-16
  1.175E+02  7.30874E-01  9.42870E-01 -7.11614E-02 -3.25472E-01  1.11022E-16
  1.180E+02  7.34736E-01  9.40390E-01 -7.20936E-02 -3.32370E-01  0.00000E+00
  1.185E+02  7.38579E-01  9.37864E-01 -7.30381E-02 -3.39228E-01 -4.44089E-16
  1.190E+02  7.42405E-01  9.35295E-01 -7.39952E-02 -3.46047E-01 -2.22045E-16
  1.195E+02  7.46212E-01  9.32681E-01 -7.49651E-02 -3.52826E-01  0.00000E+00
  1.200E+02  7.50000E-01  9.30025E-01 -7.59482E-02 -3.59563E-01  3.33067E-16
  1.205E+02  7.53769E-01  9.27326E-01 -7.69450E-02 -3.66259E-01  4.44089E-16
  1.210E+02  7.57519E-01  9.24587E-01 -7.79558E-02 -3.72911E-01  4.44089E-16
  1.215E+02  7.61249E-01  9.21807E-01 -7.89810E-02 -3.79519E-01 -2.22045E-16
  1.220E+02  7.64960E-01  9.18987E-01 -8.00207E-02 -3.86083E-01  0.00000E+00
  1.225E+02  7.68650E-01  9.16128E-01 -8.10751E-02 -3.92602E-01 -4.44089E-16
  1.230E+02  7.72320E-01  9.13231E-01 -8.21446E-02 -3.99075E-01 -2.22045E-16
  1.235E+02  7.75968E-01  9.10297E-01 -8.32296E-02 -4.05502E-01  0.00000E+00
  1.240E+02  7.79596E-01  9.07327E-01 -8.43308E-02 -4.11881E-01  0.00000E+00
  1.245E+02  7.83203E-01  9.04322E-01 -8.54486E-02 -4.18211E-01 -2.22045E-16
  1.250E+02  7.86788E-01  9.01283E-01 -8.65833E-02 -4.24491E-01  1.11022E-16
  1.255E+02  7.90351E-01  8.98210E-01 -8.77353E-02 -4.30721E-01  0.00000E+00
  1.260E+02  7.93893E-01  8.95105E-01 -8.89048E-02 -4.36901E-01  0.00000E+00
  1.265E+02  7.97411E-01  8.91969E-01 -9.00923E-02 -4.43029E-01  3.33067E-16
  1.270E+02  8.00908E-01  8.88802E-01 -9.12984E-02 -4.49105E-01  2.22045E-16
  1.275E+02  8.04381E-01  8.85607E-01 -9.25236E-02 -4.55127E-01 -4.44089E-16
  1.280E+02  8.07831E-01  8.82383E-01 -9.37686E-02 -4.61093E-01 -2.22045E-16
  1.285E+02  8.11257E-01  8.79134E-01 -9.50340E-02 -4.67004E-01  0.00000E+00
  1.290E+02  8.14660E-01  8.75858E-01 -9.63201E-02 -4.72858E-01  3.33067E-16
  1.295E+02  8.18039E-01  8.72558E-01 -9.76274E-02 -4.78655E-01  2.22045E-16
  1.300E+02  8.21394E-01  8.69235E-01 -9.89563E-02 -4.84394E-01  2.22045E-16
  1.305E+02  8.24724E-01  8.65890E-01 -1.00308E-01 -4.90074E-01  0.00000E+00
  1.310E+02  8.28030E-01  8.62525E-01 -1.01682E-01 -4.95693E-01  4.44089E-16
  1.315E+02  8.31310E-01  8.59141E-01 -1.03080E-01 -5.01250E-01  2.22045E-16
  1.320E+02  8.34565E-01  8.55739E-01 -1.04503E-01 -5.06744E-01  0.00000E+00
  1.325E+02  8.37795E-01  8.52322E-01 -1.05952E-01 -5.12173E-01  0.00000E+00
  1.330E+02  8.40999E-01  8.48890E-01 -1.07426E-01 -5.17538E-01  3.33067E-16
  1.335E+02  8.44177E-01  8.45444E-01 -1.08926E-01 -5.22838E-01  4.44089E-16
  1.340E+02  8.47329E-01  8.41987E-01 -1.10454E-01 -5.28070E-01  0.00000E+00
  1.345E+02  8.50455E-01  8.38520E-01 -1.12011E-01 -5.33234E-01  1.11022E-16
  1.350E+02  8.53553E-01  8.35045E-01 -1.13596E-01 -5.38327E-01  0.00000E+00
  1.355E+02  8.56625E-01  8.31564E-01 -1.15212E-01 -5.43348E-01  2.22045E-16
  1.360E+02  8.59670E-01  8.28079E-01 -1.16859E-01 -5.48297E-01 -4.44089E-16
  1.365E+02  8.62687E-01  8.24591E-01 -1.18538E-01 -5.53171E-01 -4.44089E-16
  1.370E+02  8.65677E-01  8.21103E-01 -1.20250E-01 -5.57970E-01  3.33067E-16
  1.375E+02  8.68639E-01  8.17615E-01 -1.21996E-01 -5.62692E-01 -4.44089E-16
  1.380E+02  8.71572E-01  8.14131E-01 -1.23777E-01 -5.67336E-01 -2.22045E-16
  1.385E+02  8.74478E-01  8.10652E-01 -1.25594E-01 -5.71899E-01 -4.44089E-16
  1.390E+02  8.77355E-01  8.07183E-01 -1.27449E-01 -5.76379E-01  0.00000E+00
  1.395E+02  8.80203E-01  8.03723E-01 -1.29343E-01 -5.80774E-01  0.00000E+00
  1.400E+02  8.83022E-01  8.00277E-01 -1.31278E-01 -5.85084E-01  0.00000E+00
  1.405E+02  8.85812E-01  7.96845E-01 -1.33254E-01 -5.89305E-01  4.44089E-16
  1.410E+02  8.88573E-01  7.93431E-01 -1.35272E-01 -5.93438E-01  0.00000E+00
  1.415E+02  8.91304E-01  7.90037E-01 -1.37335E-01 -5.97479E-01  0.00000E+00
  1.420E+02  8.94005E-01  7.86666E-01 -1.39444E-01 -6.01426E-01  0.00000E+00
  1.425E+02  8.96677E-01  7.83322E-01 -1.41601E-01 -6.05274E-01  2.22045E-16
  1.430E+02  8.99318E-01  7.80008E-01 -1.43808E-01 -6.09021E-01 -2.22045E-16
  1.435E+02  9.01928E-01  7.76728E-01 -1.46066E-01 -6.12665E-01  3.33067E-16
  1.440E+02  9.04508E-01  7.73482E-01 -1.48377E-01 -6.16206E-01  0.00000E+00
  1.445E+02  9.07058E-01  7.70273E-01 -1.50743E-01 -6.19642E-01  0.00000E+00
  1.450E+02  9.09576E-01  7.67107E-01 -1.53166E-01 -6.22966E-01  0.00000E+00
  1.455E+02  9.12063E-01  7.63989E-01 -1.55649E-01 -6.26174E-01  0.00000E+00
  1.460E+02  9.14519E-01  7.60924E-01 -1.58194E-01 -6.29261E-01  2.22045E-16
  1.465E+02  9.16943E-01  7.57912E-01 -1.60803E-01 -6.32227E-01 -2.22045E-16
  1.470E+02  9.19335E-01  7.54959E-01 -1.63479E-01 -6.35068E-01  1.11022E-16
  1.475E+02  9.21696E-01  7.52068E-01 -1.66224E-01 -6.37780E-01 -4.44089E-16
  1.480E+02  9.24024E-01  7.49244E-01 -1.69041E-01 -6.40358E-01  4.44089E-16
  1.485E+02  9.26320E-01  7.46493E-01 -1.71932E-01 -6.42796E-01  0.00000E+00
  1.490E+02  9.28584E-01  7.43821E-01 -1.74903E-01 -6.45088E-01  1.11022E-16
  1.495E+02  9.30815E-01  7.41233E-01 -1.77955E-01 -6.47229E-01  0.00000E+00
  1.500E+02  9.33013E-01  7.38734E-01 -1.81093E-01 -6.49212E-01  0.00000E+00
  1.505E+02  9.35178E-01  7.36330E-01 -1.84319E-01 -6.51033E-01  0.00000E+00
  1.510E+02  9.37310E-01  7.34026E-01 -1.87637E-01 -6.52686E-01  0.00000E+00
  1.515E+02  9.39409E-01  7.31828E-01 -1.91051E-01 -6.54161E-01  0.00000E+00
  1.520E+02  9.41474E-01  7.29745E-01 -1.94566E-01 -6.55452E-01  2.22045E-16
  1.525E+02  9.43505E-01  7.27783E-01 -1.98186E-01 -6.56547E-01  2.22045E-16
  1.530E+02  9.45503E-01  7.25951E-01 -2.01916E-01 -6.57438E-01 -2.22045E-16
  1.535E+02  9.47467E-01  7.24257E-01 -2.05762E-01 -6.58114E-01 -2.22045E-16
  1.540E+02  9.49397E-01  7.22707E-01 -2.09728E-01 -6.58566E-01  0.00000E+00
  1.545E+02  9.51293E-01  7.21311E-01 -2.13819E-01 -6.58781E-01 -4.44089E-16
  1.550E+02  9.53154E-01  7.20076E-01 -2.18041E-01 -6.58747E-01  0.00000E+00
  1.555E+02  9.54981E-01  7.19014E-01 -2.22401E-01 -6.58450E-01  4.44089E-16
  1.560E+02  9.56773E-01  7.18135E-01 -2.26906E-01 -6.57872E-01  0.00000E+00
  1.565E+02  9.58530E-01  7.17450E-01 -2.31561E-01 -6.56996E-01  0.00000E+00
  1.570E+02  9.60252E-01  7.16972E-01 -2.36376E-01 -6.55804E-01  0.00000E+00
  1.575E+02  9.61940E-01  7.16709E-01 -2.41356E-01 -6.54275E-01 -2.22045E-16
  1.580E+02  9.63592E-01  7.16675E-01 -2.46510E-01 -6.52388E-01  2.22045E-16
  1.585E+02  9.65209E-01  7.16881E-01 -2.51846E-01 -6.50119E-01  0.00000E+00
  1.590E+02  9.66790E-01  7.17342E-01 -2.57373E-01 -6.47441E-01  0.00000E+00
  1.595E+02  9.68336E-01  7.18073E-01 -2.63100E-01 -6.44321E-01  0.00000E+00
  1.600E+02  9.69846E-01  7.19089E-01 -2.69038E-01 -6.40726E-01  0.00000E+00
  1.605E+02  9.71321E-01  7.20405E-01 -2.75195E-01 -6.36619E-01  2.22045E-16
  1.610E+02  9.72759E-01  7.22038E-01 -2.81584E-01 -6.31959E-01  2.22045E-16
  1.615E+02  9.74162E-01  7.24001E-01 -2.88212E-01 -6.26702E-01  3.33067E-16
  1.620E+02  9.75528E-01  7.26311E-01 -2.95093E-01 -6.20799E-01  1.11022E-16
  1.625E+02  9.76858E-01  7.28986E-01 -3.02236E-01 -6.14193E-01  1.11022E-16
  1.630E+02  9.78152E-01  7.32042E-01 -3.09653E-01 -6.06819E-01  0.00000E+00
  1.635E+02  9.79410E-01  7.35498E-01 -3.17355E-01 -5.98605E-01  0.00000E+00
  1.640E+02  9.80631E-01  7.39371E-01 -3.25353E-01 -5.89471E-01  1.11022E-16
  1.645E+02  9.81815E-01  7.43675E-01 -3.33657E-01 -5.79328E-01  0.00000E+00
  1.650E+02  9.82963E-01  7.48421E-01 -3.42274E-01 -5.68079E-01  2.22045E-16
  1.655E+02  9.84074E-01  7.53620E-01 -3.51213E-01 -5.55613E-01 -4.44089E-16
  1.660E+02  9.85148E-01  7.59280E-01 -3.60477E-01 -5.41802E-01  3.33067E-16
  1.665E+02  9.86185E-01  7.65405E-01 -3.70068E-01 -5.26502E-01 -2.22045E-16
  1.670E+02  9.87185E-01  7.71993E-01 -3.79985E-01 -5.09547E-01  1.11022E-16
  1.675E+02  9.88148E-01  7.79032E-01 -3.90218E-01 -4.90754E-01  0.00000E+00
  1.680E+02  9.89074E-01  7.86497E-01 -4.00749E-01 -4.69917E-01  0.00000E+00
  1.685E+02  9.89962E-01  7.94348E-01 -4.11553E-01 -4.46806E-01 -4.44089E-16
  1.690E+02  9.90814E-01  8.02523E-01 -4.22588E-01 -4.21161E-01 -2.22045E-16
  1.695E+02  9.91627E-01  8.10937E-01 -4.33795E-01 -3.92687E-01  2.22045E-16
  1.700E+02  9.92404E-01  8.19471E-01 -4.45093E-01 -3.61053E-01  0.00000E+00
  1.705E+02  9.93143E-01  8.27963E-01 -4.56371E-01 -3.25889E-01  0.00000E+00
  1.710E+02  9.93844E-01  8.36193E-01 -4.67477E-01 -2.86787E-01  2.22045E-16
  1.715E+02  9.94508E-01  8.43868E-01 -4.78213E-01 -2.43309E-01 -2.22045E-16
  1.720E+02  9.95134E-01  8.50603E-01 -4.88317E-01 -1.94990E-01 -2.22045E-16
  1.725E+02  9.95722E-01  8.55898E-01 -4.97453E-01 -1.41346E-01  0.00000E+00
  1.730E+02  9.96273E-01  8.59116E-01 -5.05186E-01 -8.18952E-02 -4.44089E-16
  1.735E+02  9.96786E-01  8.59448E-01 -5.10966E-01 -1.61836E-02  2.22045E-16
  1.740E+02  9.97261E-01  8.55885E-01 -5.14108E-01  5.61580E-02  2.22045E-16
  1.745E+02  9.97698E-01  8.47188E-01 -5.13766E-01  1.35339E-01  0.00000E+00
  1.750E+02  9.98097E-01  8.31873E-01 -5.08934E-01  2.21301E-01 -4.44089E-16
  1.755E+02  9.98459E-01  8.08218E-01 -4.98444E-01  3.13588E-01  0.00000E+00
  1.760E+02  9.98782E-01  7.74316E-01 -4.81002E-01  4.11183E-01  0.00000E+00
  1.765E+02  9.99067E-01  7.28181E-01 -4.55260E-01  5.12338E-01 -2.22045E-16
  1.770E+02  9.99315E-01  6.67938E-01 -4.19946E-01  6.14414E-01  0.00000E+00
  1.775E+02  9.99524E-01  5.92112E-01 -3.74053E-01  7.13784E-01  0.00000E+00
  1.780E+02  9.99695E-01  4.99995E-01 -3.17100E-01  8.05886E-01  2.22045E-16
  1.785E+02  9.99829E-01  3.92040E-01 -2.49393E-01  8.85499E-01  2.22045E-16
  1.790E+02  9.99924E-01  2.70173E-01 -1.72242E-01  9.47280E-01  2.22045E-16
  1.795E+02  9.99981E-01  1.37884E-01 -8.80201E-02  9.86529E-01 -2.22045E-16
  1.800E+02  1.00000E+00  1.94847E-15 -1.24435E-15  1.00000E+00  0.00000E+00
