 #  Scattering amplitudes (in cm)      MU=(1-cos(TH))/2
 #  Z =  47,   projectile: electron
 #  Kinetic energy = 3.10000E+06 eV
 #
 # TH (deg)      MU          Re(F)        Im(F)        Re(G)        Im(G)        ERRF         ERRG 
 #-----------------------------------------------------------------------------------------------------------------
  0.000E+00  0.00000E+00  5.99355E-07  6.32108E-08  0.00000E+00  0.00000E+00  4.54304E-09  0.00000E+00
  1.000E-04  7.61557E-13  5.99354E-07  6.32108E-08  4.49025E-13  4.73618E-14  4.54244E-09  1.25647E-07
  1.250E-04  1.18994E-12  5.99354E-07  6.32108E-08  5.61281E-13  5.92023E-14  4.54210E-09  1.25642E-07
  1.500E-04  1.71346E-12  5.99353E-07  6.32108E-08  6.73537E-13  7.10427E-14  4.54169E-09  1.25637E-07
  1.750E-04  2.33225E-12  5.99353E-07  6.32108E-08  7.85792E-13  8.28832E-14  4.54120E-09  1.25630E-07
  2.000E-04  3.04617E-12  5.99352E-07  6.32108E-08  8.98047E-13  9.47236E-14  4.54064E-09  1.25622E-07
  2.250E-04  3.85530E-12  5.99351E-07  6.32108E-08  1.01030E-12  1.06564E-13  4.54000E-09  1.25613E-07
  2.500E-04  4.75964E-12  5.99350E-07  6.32108E-08  1.12256E-12  1.18404E-13  4.53929E-09  1.25604E-07
  2.750E-04  5.75917E-12  5.99349E-07  6.32107E-08  1.23481E-12  1.30245E-13  4.53850E-09  1.25593E-07
  3.000E-04  6.85391E-12  5.99348E-07  6.32107E-08  1.34706E-12  1.42085E-13  4.53764E-09  1.25581E-07
  3.250E-04  8.04379E-12  5.99347E-07  6.32107E-08  1.45931E-12  1.53926E-13  4.53670E-09  1.25568E-07
  3.500E-04  9.32893E-12  5.99345E-07  6.32107E-08  1.57156E-12  1.65766E-13  4.53569E-09  1.25554E-07
  3.750E-04  1.07092E-11  5.99344E-07  6.32107E-08  1.68381E-12  1.77607E-13  4.53460E-09  1.25540E-07
  4.000E-04  1.21847E-11  5.99342E-07  6.32107E-08  1.79606E-12  1.89447E-13  4.53344E-09  1.25524E-07
  4.250E-04  1.37554E-11  5.99340E-07  6.32107E-08  1.90831E-12  2.01287E-13  4.53221E-09  1.25507E-07
  4.500E-04  1.54213E-11  5.99339E-07  6.32107E-08  2.02056E-12  2.13128E-13  4.53089E-09  1.25489E-07
  4.750E-04  1.71823E-11  5.99337E-07  6.32106E-08  2.13281E-12  2.24968E-13  4.52951E-09  1.25470E-07
  5.000E-04  1.90386E-11  5.99335E-07  6.32106E-08  2.24505E-12  2.36808E-13  4.52805E-09  1.25450E-07
  5.250E-04  2.09900E-11  5.99332E-07  6.32106E-08  2.35730E-12  2.48649E-13  4.52651E-09  1.25429E-07
  5.500E-04  2.30367E-11  5.99330E-07  6.32106E-08  2.46954E-12  2.60489E-13  4.52490E-09  1.25407E-07
  5.750E-04  2.51785E-11  5.99328E-07  6.32106E-08  2.58178E-12  2.72329E-13  4.52322E-09  1.25384E-07
  6.000E-04  2.74156E-11  5.99326E-07  6.32105E-08  2.69402E-12  2.84170E-13  4.52146E-09  1.25360E-07
  6.250E-04  2.97478E-11  5.99323E-07  6.32105E-08  2.80626E-12  2.96010E-13  4.51963E-09  1.25334E-07
  6.500E-04  3.21752E-11  5.99320E-07  6.32105E-08  2.91850E-12  3.07850E-13  4.51772E-09  1.25308E-07
  6.750E-04  3.46979E-11  5.99318E-07  6.32105E-08  3.03074E-12  3.19691E-13  4.51574E-09  1.25281E-07
  7.000E-04  3.73157E-11  5.99315E-07  6.32104E-08  3.14297E-12  3.31531E-13  4.51368E-09  1.25253E-07
  7.250E-04  4.00286E-11  5.99312E-07  6.32104E-08  3.25520E-12  3.43371E-13  4.51155E-09  1.25224E-07
  7.500E-04  4.28368E-11  5.99309E-07  6.32104E-08  3.36743E-12  3.55211E-13  4.50934E-09  1.25194E-07
  7.750E-04  4.57402E-11  5.99306E-07  6.32104E-08  3.47966E-12  3.67052E-13  4.50706E-09  1.25162E-07
  8.000E-04  4.87388E-11  5.99302E-07  6.32103E-08  3.59189E-12  3.78892E-13  4.50471E-09  1.25130E-07
  8.250E-04  5.18325E-11  5.99299E-07  6.32103E-08  3.70412E-12  3.90732E-13  4.50228E-09  1.25097E-07
  8.500E-04  5.50215E-11  5.99296E-07  6.32103E-08  3.81634E-12  4.02572E-13  4.49978E-09  1.25062E-07
  8.750E-04  5.83057E-11  5.99292E-07  6.32102E-08  3.92856E-12  4.14412E-13  4.49721E-09  1.25027E-07
  9.000E-04  6.16850E-11  5.99288E-07  6.32102E-08  4.04078E-12  4.26252E-13  4.49456E-09  1.24991E-07
  9.250E-04  6.51595E-11  5.99285E-07  6.32102E-08  4.15300E-12  4.38093E-13  4.49183E-09  1.24954E-07
  9.500E-04  6.87293E-11  5.99281E-07  6.32101E-08  4.26522E-12  4.49933E-13  4.48904E-09  1.24915E-07
  9.750E-04  7.23943E-11  5.99277E-07  6.32101E-08  4.37743E-12  4.61773E-13  4.48616E-09  1.24876E-07
  1.000E-03  7.61544E-11  5.99273E-07  6.32101E-08  4.48964E-12  4.73613E-13  4.48322E-09  1.24835E-07
  1.250E-03  1.18991E-10  5.99226E-07  6.32096E-08  5.61162E-12  5.92012E-13  4.44974E-09  1.24376E-07
  1.500E-03  1.71347E-10  5.99169E-07  6.32091E-08  6.73330E-12  7.10409E-13  4.40899E-09  1.23816E-07
  1.750E-03  2.33223E-10  5.99102E-07  6.32085E-08  7.85464E-12  8.28802E-13  4.36106E-09  1.23156E-07
  2.000E-03  3.04617E-10  5.99025E-07  6.32078E-08  8.97557E-12  9.47192E-13  4.30607E-09  1.22397E-07
  2.250E-03  3.85531E-10  5.98937E-07  6.32071E-08  1.00960E-11  1.06558E-12  4.24416E-09  1.21541E-07
  2.500E-03  4.75965E-10  5.98839E-07  6.32062E-08  1.12160E-11  1.18396E-12  4.17547E-09  1.20589E-07
  2.750E-03  5.75917E-10  5.98731E-07  6.32052E-08  1.23354E-11  1.30234E-12  4.10017E-09  1.19543E-07
  3.000E-03  6.85389E-10  5.98613E-07  6.32042E-08  1.34541E-11  1.42071E-12  4.01844E-09  1.18403E-07
  3.250E-03  8.04380E-10  5.98484E-07  6.32030E-08  1.45721E-11  1.53907E-12  3.93048E-09  1.17172E-07
  3.500E-03  9.32891E-10  5.98345E-07  6.32018E-08  1.56894E-11  1.65743E-12  3.83649E-09  1.15852E-07
  3.750E-03  1.07092E-09  5.98196E-07  6.32004E-08  1.68059E-11  1.77578E-12  3.73672E-09  1.14445E-07
  4.000E-03  1.21847E-09  5.98037E-07  6.31990E-08  1.79215E-11  1.89412E-12  3.63139E-09  1.12954E-07
  4.250E-03  1.37554E-09  5.97867E-07  6.31975E-08  1.90362E-11  2.01245E-12  3.52076E-09  1.11379E-07
  4.500E-03  1.54213E-09  5.97688E-07  6.31958E-08  2.01500E-11  2.13078E-12  3.40510E-09  1.09725E-07
  4.750E-03  1.71823E-09  5.97498E-07  6.31941E-08  2.12627E-11  2.24909E-12  3.28468E-09  1.07993E-07
  5.000E-03  1.90386E-09  5.97299E-07  6.31923E-08  2.23743E-11  2.36740E-12  3.15979E-09  1.06186E-07
  5.250E-03  2.09900E-09  5.97089E-07  6.31904E-08  2.34847E-11  2.48570E-12  3.03073E-09  1.04308E-07
  5.500E-03  2.30367E-09  5.96870E-07  6.31885E-08  2.45940E-11  2.60398E-12  2.89780E-09  1.02360E-07
  5.750E-03  2.51785E-09  5.96640E-07  6.31864E-08  2.57020E-11  2.72225E-12  2.76133E-09  1.00347E-07
  6.000E-03  2.74156E-09  5.96401E-07  6.31842E-08  2.68088E-11  2.84051E-12  2.62164E-09  9.82704E-08
  6.250E-03  2.97478E-09  5.96151E-07  6.31820E-08  2.79141E-11  2.95876E-12  2.47905E-09  9.61343E-08
  6.500E-03  3.21752E-09  5.95892E-07  6.31796E-08  2.90181E-11  3.07700E-12  2.33391E-09  9.39419E-08
  6.750E-03  3.46978E-09  5.95623E-07  6.31772E-08  3.01205E-11  3.19522E-12  2.18657E-09  9.16965E-08
  7.000E-03  3.73156E-09  5.95344E-07  6.31746E-08  3.12215E-11  3.31343E-12  2.03735E-09  8.94015E-08
  7.250E-03  4.00286E-09  5.95056E-07  6.31720E-08  3.23209E-11  3.43163E-12  1.88663E-09  8.70604E-08
  7.500E-03  4.28368E-09  5.94758E-07  6.31693E-08  3.34186E-11  3.54980E-12  1.73474E-09  8.46768E-08
  7.750E-03  4.57402E-09  5.94450E-07  6.31665E-08  3.45147E-11  3.66797E-12  1.58204E-09  8.22542E-08
  8.000E-03  4.87388E-09  5.94132E-07  6.31636E-08  3.56091E-11  3.78612E-12  1.42890E-09  7.97963E-08
  8.250E-03  5.18326E-09  5.93805E-07  6.31606E-08  3.67016E-11  3.90425E-12  1.27566E-09  7.73067E-08
  8.500E-03  5.50215E-09  5.93469E-07  6.31575E-08  3.77924E-11  4.02236E-12  1.12267E-09  7.47892E-08
  8.750E-03  5.83057E-09  5.93123E-07  6.31543E-08  3.88812E-11  4.14046E-12  9.70296E-10  7.22474E-08
  9.000E-03  6.16850E-09  5.92767E-07  6.31510E-08  3.99682E-11  4.25854E-12  8.18878E-10  6.96852E-08
  9.250E-03  6.51596E-09  5.92403E-07  6.31477E-08  4.10531E-11  4.37660E-12  6.68761E-10  6.71062E-08
  9.500E-03  6.87293E-09  5.92029E-07  6.31442E-08  4.21360E-11  4.49464E-12  5.20286E-10  6.45142E-08
  9.750E-03  7.23942E-09  5.91646E-07  6.31407E-08  4.32169E-11  4.61266E-12  3.73788E-10  6.19129E-08
  1.000E-02  7.61544E-09  5.91253E-07  6.31371E-08  4.42956E-11  4.73066E-12  2.29593E-10  5.93060E-08
  1.250E-02  1.18991E-08  5.86836E-07  6.30957E-08  5.49559E-11  5.90945E-12  1.01985E-09  3.37271E-08
  1.500E-02  1.71347E-08  5.81569E-07  6.30453E-08  6.53552E-11  7.08568E-12  1.75606E-09  1.13334E-08
  1.750E-02  2.33223E-08  5.75523E-07  6.29860E-08  7.54551E-11  8.25884E-12  1.86293E-09  5.33308E-09
  2.000E-02  3.04617E-08  5.68775E-07  6.29177E-08  8.52233E-11  9.42845E-12  1.39079E-09  1.49807E-08
  2.250E-02  3.85531E-08  5.61408E-07  6.28407E-08  9.46343E-11  1.05940E-11  5.36696E-10  1.76978E-08
  2.500E-02  4.75965E-08  5.53503E-07  6.27551E-08  1.03669E-10  1.17551E-11  4.14369E-10  1.47982E-08
  2.750E-02  5.75917E-08  5.45145E-07  6.26609E-08  1.12314E-10  1.29112E-11  1.17089E-09  8.42681E-09
  3.000E-02  6.85389E-08  5.36415E-07  6.25583E-08  1.20562E-10  1.40619E-11  1.51616E-09  1.02444E-09
  3.250E-02  8.04380E-08  5.27388E-07  6.24475E-08  1.28411E-10  1.52068E-11  1.36663E-09  5.22365E-09
  3.500E-02  9.32891E-08  5.18137E-07  6.23287E-08  1.35863E-10  1.63453E-11  7.90931E-10  8.83027E-09
  3.750E-02  1.07092E-07  5.08728E-07  6.22019E-08  1.42924E-10  1.74772E-11  1.56315E-11  9.24619E-09
  4.000E-02  1.21847E-07  4.99219E-07  6.20674E-08  1.49603E-10  1.86021E-11  7.93349E-10  6.85626E-09
  4.250E-02  1.37554E-07  4.89664E-07  6.19254E-08  1.55911E-10  1.97195E-11  1.29843E-09  2.75116E-09
  4.500E-02  1.54213E-07  4.80109E-07  6.17760E-08  1.61860E-10  2.08291E-11  1.37735E-09  1.65097E-09
  4.750E-02  1.71823E-07  4.70592E-07  6.16194E-08  1.67466E-10  2.19306E-11  1.01273E-09  5.02620E-09
  5.000E-02  1.90386E-07  4.61146E-07  6.14559E-08  1.72742E-10  2.30235E-11  3.26989E-10  6.49764E-09
  5.250E-02  2.09900E-07  4.51800E-07  6.12856E-08  1.77703E-10  2.41077E-11  4.57389E-10  5.83287E-09
  5.500E-02  2.30367E-07  4.42575E-07  6.11087E-08  1.82364E-10  2.51828E-11  1.08850E-09  3.44562E-09
  5.750E-02  2.51785E-07  4.33490E-07  6.09255E-08  1.86740E-10  2.62486E-11  1.36474E-09  2.16750E-10
  6.000E-02  2.74156E-07  4.24557E-07  6.07361E-08  1.90843E-10  2.73047E-11  1.19855E-09  2.80209E-09
  6.250E-02  2.97478E-07  4.15788E-07  6.05407E-08  1.94689E-10  2.83509E-11  6.44112E-10  4.71011E-09
  6.500E-02  3.21752E-07  4.07188E-07  6.03396E-08  1.98289E-10  2.93870E-11  1.19803E-10  5.01122E-09
  6.750E-02  3.46978E-07  3.98764E-07  6.01329E-08  2.01655E-10  3.04127E-11  8.46795E-10  3.73141E-09
  7.000E-02  3.73156E-07  3.90516E-07  5.99209E-08  2.04799E-10  3.14279E-11  1.30156E-09  1.37448E-09
  7.250E-02  4.00286E-07  3.82448E-07  5.97037E-08  2.07731E-10  3.24324E-11  1.33553E-09  1.26106E-09
  7.500E-02  4.28368E-07  3.74557E-07  5.94816E-08  2.10460E-10  3.34260E-11  9.35193E-10  3.34170E-09
  7.750E-02  4.57402E-07  3.66844E-07  5.92547E-08  2.12997E-10  3.44084E-11  2.27405E-10  4.25408E-09
  8.000E-02  4.87388E-07  3.59305E-07  5.90233E-08  2.15349E-10  3.53797E-11  5.60457E-10  3.77950E-09
  8.250E-02  5.18325E-07  3.51937E-07  5.87875E-08  2.17525E-10  3.63396E-11  1.17306E-09  2.13958E-09
  8.500E-02  5.50215E-07  3.44738E-07  5.85475E-08  2.19533E-10  3.72880E-11  1.40944E-09  9.42631E-11
  8.750E-02  5.83057E-07  3.37704E-07  5.83036E-08  2.21379E-10  3.82248E-11  1.18868E-09  2.19383E-09
  9.000E-02  6.16850E-07  3.30831E-07  5.80559E-08  2.23070E-10  3.91499E-11  5.77444E-10  3.50632E-09
  9.250E-02  6.51596E-07  3.24115E-07  5.78045E-08  2.24612E-10  4.00632E-11  2.29866E-10  3.65324E-09
  9.500E-02  6.87293E-07  3.17553E-07  5.75498E-08  2.26012E-10  4.09646E-11  9.72619E-10  2.63638E-09
  9.750E-02  7.23942E-07  3.11140E-07  5.72917E-08  2.27276E-10  4.18542E-11  1.40776E-09  8.22044E-10
  1.000E-01  7.61543E-07  3.04873E-07  5.70306E-08  2.28408E-10  4.27317E-11  1.38907E-09  1.18707E-09
  1.250E-01  1.18991E-06  2.49420E-07  5.42840E-08  2.33580E-10  5.08426E-11  1.56579E-09  5.00945E-10
  1.500E-01  1.71347E-06  2.05026E-07  5.13892E-08  2.30407E-10  5.77579E-11  1.35542E-09  1.74869E-09
  1.750E-01  2.33223E-06  1.69398E-07  4.84588E-08  2.22098E-10  6.35423E-11  7.15808E-10  2.46844E-09
  2.000E-01  3.04617E-06  1.40803E-07  4.55754E-08  2.10981E-10  6.82993E-11  2.82376E-10  2.58015E-09
  2.250E-01  3.85531E-06  1.17856E-07  4.27963E-08  1.98673E-10  7.21520E-11  1.43666E-09  2.08099E-09
  2.500E-01  4.75964E-06  9.94270E-08  4.01581E-08  1.86231E-10  7.52278E-11  2.43842E-09  1.08356E-09
  2.750E-01  5.75916E-06  8.45948E-08  3.76819E-08  1.74296E-10  7.76487E-11  2.94825E-09  1.83750E-10
  3.000E-01  6.85388E-06  7.26122E-08  3.53764E-08  1.63209E-10  7.95259E-11  2.70443E-09  1.41698E-09
  3.250E-01  8.04378E-06  6.28787E-08  3.32420E-08  1.53110E-10  8.09560E-11  1.62899E-09  2.30811E-09
  3.500E-01  9.32888E-06  5.49158E-08  3.12732E-08  1.44007E-10  8.20208E-11  1.10423E-10  2.62608E-09
  3.750E-01  1.07092E-05  4.83461E-08  2.94607E-08  1.35836E-10  8.27874E-11  2.11291E-09  2.28138E-09
  4.000E-01  1.21846E-05  4.28736E-08  2.77935E-08  1.28492E-10  8.33100E-11  3.83571E-09  1.35345E-09
  4.250E-01  1.37553E-05  3.82679E-08  2.62592E-08  1.21857E-10  8.36316E-11  4.74215E-09  7.24315E-11
  4.500E-01  1.54212E-05  3.43508E-08  2.48458E-08  1.15819E-10  8.37858E-11  4.46365E-09  1.23924E-09
  4.750E-01  1.71822E-05  3.09844E-08  2.35415E-08  1.10273E-10  8.37988E-11  2.92719E-09  2.24923E-09
  5.000E-01  1.90385E-05  2.80627E-08  2.23355E-08  1.05132E-10  8.36913E-11  4.08230E-10  2.69967E-09
  5.250E-01  2.09899E-05  2.55037E-08  2.12177E-08  1.00323E-10  8.34793E-11  2.51161E-09  2.47232E-09
  5.500E-01  2.30365E-05  2.32441E-08  2.01794E-08  9.57888E-11  8.31757E-11  5.07699E-09  1.61855E-09
  5.750E-01  2.51783E-05  2.12348E-08  1.92126E-08  9.14866E-11  8.27912E-11  6.55171E-09  3.47353E-10
  6.000E-01  2.74153E-05  1.94373E-08  1.83103E-08  8.73836E-11  8.23348E-11  6.42350E-09  1.02576E-09
  6.250E-01  2.97475E-05  1.78211E-08  1.74666E-08  8.34564E-11  8.18144E-11  4.56590E-09  2.15639E-09
  6.500E-01  3.21749E-05  1.63619E-08  1.66760E-08  7.96885E-11  8.12369E-11  1.30931E-09  2.75679E-09
  6.750E-01  3.46974E-05  1.50402E-08  1.59341E-08  7.60687E-11  8.06090E-11  2.60617E-09  2.66838E-09
  7.000E-01  3.73152E-05  1.38396E-08  1.52366E-08  7.25892E-11  7.99365E-11  6.19358E-09  1.90334E-09
  7.250E-01  4.00281E-05  1.27467E-08  1.45801E-08  6.92451E-11  7.92252E-11  8.46381E-09  6.44242E-10
  7.500E-01  4.28362E-05  1.17502E-08  1.39615E-08  6.60327E-11  7.84805E-11  8.69274E-09  7.98835E-10
  7.750E-01  4.57395E-05  1.08401E-08  1.33778E-08  6.29494E-11  7.77073E-11  6.64013E-09  2.06401E-09
  8.000E-01  4.87380E-05  1.00081E-08  1.28267E-08  5.99928E-11  7.69104E-11  2.65633E-09  2.82788E-09
  8.250E-01  5.18317E-05  9.24671E-09  1.23058E-08  5.71609E-11  7.60942E-11  2.36179E-09  2.88797E-09
  8.500E-01  5.50205E-05  8.54928E-09  1.18132E-08  5.44512E-11  7.52629E-11  7.16655E-09  2.21632E-09
  8.750E-01  5.83045E-05  7.90996E-09  1.13471E-08  5.18612E-11  7.44200E-11  1.04662E-08  9.70008E-10
  9.000E-01  6.16838E-05  7.32347E-09  1.09056E-08  4.93878E-11  7.35691E-11  1.12679E-08  5.45107E-10
  9.250E-01  6.51582E-05  6.78504E-09  1.04873E-08  4.70279E-11  7.27133E-11  9.16754E-09  1.94919E-09
  9.500E-01  6.87277E-05  6.29039E-09  1.00906E-08  4.47778E-11  7.18554E-11  4.50244E-09  2.88360E-09
  9.750E-01  7.23925E-05  5.83561E-09  9.71442E-09  4.26336E-11  7.09976E-11  1.68366E-09  3.10254E-09
  1.000E+00  7.61524E-05  5.41718E-09  9.35733E-09  4.05914E-11  7.01424E-11  2.91037E-13  1.62842E-12
  1.100E+00  9.21439E-05  4.04694E-09  8.09833E-09  3.33562E-11  6.67793E-11  3.08079E-14  2.26466E-12
  1.200E+00  1.09658E-04  3.04829E-09  7.06554E-09  2.74084E-11  6.35631E-11  1.56248E-13  7.34961E-13
  1.300E+00  1.28695E-04  2.30914E-09  6.21057E-09  2.24916E-11  6.05310E-11  1.43552E-13  7.01971E-13
  1.400E+00  1.49255E-04  1.75317E-09  5.49619E-09  1.83886E-11  5.76924E-11  1.15122E-14  9.24312E-13
  1.500E+00  1.71338E-04  1.32835E-09  4.89379E-09  1.49263E-11  5.50415E-11  8.90370E-14  2.69110E-13
  1.600E+00  1.94942E-04  9.99002E-10  4.38130E-09  1.19720E-11  5.25658E-11  8.16117E-14  3.61090E-13
  1.700E+00  2.20070E-04  7.40406E-10  3.94171E-09  9.42534E-12  5.02504E-11  4.03384E-15  4.43387E-13
  1.800E+00  2.46720E-04  5.35169E-10  3.56179E-09  7.21076E-12  4.80809E-11  5.65020E-14  1.08644E-13
  1.900E+00  2.74892E-04  3.70858E-10  3.23118E-09  5.27124E-12  4.60440E-11  5.09734E-14  2.07909E-13
  2.000E+00  3.04586E-04  2.38419E-10  2.94171E-09  3.56311E-12  4.41280E-11  7.19401E-16  2.36601E-13
  2.100E+00  3.35803E-04  1.31134E-10  2.68686E-09  2.05231E-12  4.23228E-11  3.86006E-14  4.48323E-14
  2.200E+00  3.68542E-04  4.39293E-11  2.46137E-09  7.11755E-13  4.06196E-11  3.39981E-14  1.29361E-13
  2.300E+00  4.02802E-04 -2.70905E-11  2.26097E-09 -4.80551E-13  3.90109E-11  8.18793E-16  1.35920E-13
  2.400E+00  4.38585E-04 -8.49626E-11  2.08215E-09 -1.54284E-12  3.74899E-11  2.78405E-14  1.71236E-14
  2.500E+00  4.75889E-04 -1.32085E-10  1.92200E-09 -2.49048E-12  3.60506E-11  2.38475E-14  8.49929E-14
  2.600E+00  5.14715E-04 -1.70373E-10  1.77810E-09 -3.33661E-12  3.46876E-11  1.51695E-15  8.22349E-14
  2.700E+00  5.55063E-04 -2.01370E-10  1.64838E-09 -4.09259E-12  3.33961E-11  2.08753E-14  4.49546E-15
  2.800E+00  5.96931E-04 -2.26328E-10  1.53113E-09 -4.76832E-12  3.21715E-11  1.73658E-14  5.80845E-14
  2.900E+00  6.40321E-04 -2.46273E-10  1.42485E-09 -5.37249E-12  3.10096E-11  1.91963E-15  5.15900E-14
  3.000E+00  6.85233E-04 -2.62047E-10  1.32828E-09 -5.91276E-12  2.99066E-11  1.61675E-14  1.28033E-15
  3.100E+00  7.31665E-04 -2.74344E-10  1.24031E-09 -6.39591E-12  2.88588E-11  1.28995E-14  4.08092E-14
  3.200E+00  7.79618E-04 -2.83741E-10  1.16000E-09 -6.82792E-12  2.78628E-11  2.07452E-15  3.32123E-14
  3.300E+00  8.29092E-04 -2.90717E-10  1.08653E-09 -7.21413E-12  2.69154E-11  1.27726E-14  3.99904E-15
  3.400E+00  8.80086E-04 -2.95671E-10  1.01917E-09 -7.55925E-12  2.60136E-11  1.00544E-14  2.92480E-14
  3.500E+00  9.32601E-04 -2.98936E-10  9.57301E-10 -7.86749E-12  2.51547E-11  2.00732E-15  2.16361E-14
  3.600E+00  9.86636E-04 -3.00792E-10  9.00357E-10 -8.14260E-12  2.43360E-11  1.04212E-14  4.97311E-15
  3.700E+00  1.04219E-03 -3.01473E-10  8.47855E-10 -8.38790E-12  2.35551E-11  7.66720E-15  2.13844E-14
  3.800E+00  1.09927E-03 -3.01176E-10  7.99365E-10 -8.60636E-12  2.28097E-11  2.10333E-15  1.42983E-14
  3.900E+00  1.15786E-03 -3.00068E-10  7.54504E-10 -8.80062E-12  2.20977E-11  8.42816E-15  5.07900E-15
  4.000E+00  1.21797E-03 -2.98287E-10  7.12936E-10 -8.97305E-12  2.14171E-11  6.04785E-15  1.56007E-14
  4.100E+00  1.27961E-03 -2.95951E-10  6.74357E-10 -9.12577E-12  2.07661E-11  2.03281E-15  9.30271E-15
  4.200E+00  1.34276E-03 -2.93161E-10  6.38501E-10 -9.26064E-12  2.01429E-11  7.13204E-15  4.61959E-15
  4.300E+00  1.40743E-03 -2.90000E-10  6.05127E-10 -9.37938E-12  1.95460E-11  4.84744E-15  1.15552E-14
  4.400E+00  1.47362E-03 -2.86539E-10  5.74021E-10 -9.48349E-12  1.89738E-11  2.06107E-15  6.18230E-15
  4.500E+00  1.54133E-03 -2.82839E-10  5.44990E-10 -9.57432E-12  1.84249E-11  5.66543E-15  4.45575E-15
  4.600E+00  1.61056E-03 -2.78951E-10  5.17861E-10 -9.65310E-12  1.78980E-11  3.76398E-15  8.73173E-15
  4.700E+00  1.68131E-03 -2.74917E-10  4.92478E-10 -9.72093E-12  1.73920E-11  1.75710E-15  4.07560E-15
  4.800E+00  1.75357E-03 -2.70775E-10  4.68700E-10 -9.77879E-12  1.69057E-11  5.04920E-15  3.61061E-15
  4.900E+00  1.82735E-03 -2.66555E-10  4.46401E-10 -9.82757E-12  1.64381E-11  3.22718E-15  6.17384E-15
  5.000E+00  1.90265E-03 -2.62284E-10  4.25466E-10 -9.86808E-12  1.59880E-11  1.62571E-15  2.51288E-15
  5.100E+00  1.97947E-03 -2.57983E-10  4.05790E-10 -9.90104E-12  1.55548E-11  4.46060E-15  3.10223E-15
  5.200E+00  2.05780E-03 -2.53671E-10  3.87278E-10 -9.92711E-12  1.51374E-11  2.50074E-15  4.80283E-15
  5.300E+00  2.13765E-03 -2.49363E-10  3.69844E-10 -9.94689E-12  1.47350E-11  1.44314E-15  1.67230E-15
  5.400E+00  2.21902E-03 -2.45073E-10  3.53410E-10 -9.96092E-12  1.43470E-11  3.77022E-15  2.68229E-15
  5.500E+00  2.30190E-03 -2.40812E-10  3.37904E-10 -9.96968E-12  1.39726E-11  2.03868E-15  3.54262E-15
  5.600E+00  2.38630E-03 -2.36588E-10  3.23261E-10 -9.97363E-12  1.36112E-11  1.71933E-15  7.82376E-16
  5.700E+00  2.47222E-03 -2.32410E-10  3.09421E-10 -9.97317E-12  1.32621E-11  3.43491E-15  2.26339E-15
  5.800E+00  2.55965E-03 -2.28283E-10  2.96328E-10 -9.96867E-12  1.29247E-11  1.71462E-15  2.25019E-15
  5.900E+00  2.64859E-03 -2.24212E-10  2.83932E-10 -9.96048E-12  1.25985E-11  1.54536E-15  5.11197E-16
  6.000E+00  2.73905E-03 -2.20202E-10  2.72188E-10 -9.94889E-12  1.22831E-11  3.09298E-15  1.85197E-15
  6.100E+00  2.83103E-03 -2.16256E-10  2.61052E-10 -9.93419E-12  1.19778E-11  1.44356E-15  1.79017E-15
  6.200E+00  2.92452E-03 -2.12376E-10  2.50485E-10 -9.91665E-12  1.16823E-11  1.49610E-15  1.15425E-16
  6.300E+00  3.01952E-03 -2.08564E-10  2.40451E-10 -9.89650E-12  1.13961E-11  2.79940E-15  1.56371E-15
  6.400E+00  3.11604E-03 -2.04822E-10  2.30916E-10 -9.87396E-12  1.11188E-11  1.21515E-15  1.08139E-15
  6.500E+00  3.21407E-03 -2.01150E-10  2.21851E-10 -9.84923E-12  1.08501E-11  1.35836E-15  1.04749E-16
  6.600E+00  3.31362E-03 -1.97548E-10  2.13225E-10 -9.82249E-12  1.05895E-11  2.19439E-15  1.31970E-15
  6.700E+00  3.41468E-03 -1.94018E-10  2.05013E-10 -9.79391E-12  1.03368E-11  1.02143E-15  6.88988E-16
  6.800E+00  3.51725E-03 -1.90559E-10  1.97190E-10 -9.76366E-12  1.00915E-11  1.32129E-15  2.86428E-16
  6.900E+00  3.62133E-03 -1.87171E-10  1.89733E-10 -9.73186E-12  9.85351E-12  1.76337E-15  7.41236E-16
  7.000E+00  3.72692E-03 -1.83853E-10  1.82621E-10 -9.69867E-12  9.62240E-12  7.78306E-16  5.39730E-16
  7.100E+00  3.83403E-03 -1.80604E-10  1.75834E-10 -9.66419E-12  9.39793E-12  9.07285E-16  1.74741E-16
  7.200E+00  3.94265E-03 -1.77424E-10  1.69354E-10 -9.62855E-12  9.17984E-12  1.91040E-15  7.64054E-16
  7.300E+00  4.05278E-03 -1.74312E-10  1.63164E-10 -9.59184E-12  8.96788E-12  5.71480E-16  4.12609E-16
  7.400E+00  4.16442E-03 -1.71267E-10  1.57247E-10 -9.55417E-12  8.76183E-12  8.33719E-16  4.81475E-16
  7.500E+00  4.27757E-03 -1.68287E-10  1.51589E-10 -9.51562E-12  8.56145E-12  1.48714E-15  9.36740E-16
  7.600E+00  4.39223E-03 -1.65373E-10  1.46176E-10 -9.47628E-12  8.36653E-12  5.26341E-16  0.00000E+00
  7.700E+00  4.50840E-03 -1.62521E-10  1.40995E-10 -9.43623E-12  8.17688E-12  6.40589E-16  4.43700E-16
  7.800E+00  4.62608E-03 -1.59732E-10  1.36034E-10 -9.39553E-12  7.99229E-12  1.12306E-15  1.44027E-16
  7.900E+00  4.74527E-03 -1.57004E-10  1.31281E-10 -9.35426E-12  7.81259E-12  4.86319E-16  0.00000E+00
  8.000E+00  4.86597E-03 -1.54335E-10  1.26725E-10 -9.31247E-12  7.63761E-12  4.73984E-16  4.10160E-16
  8.100E+00  4.98817E-03 -1.51725E-10  1.22356E-10 -9.27023E-12  7.46717E-12  1.03975E-15  2.66542E-16
  8.200E+00  5.11188E-03 -1.49173E-10  1.18166E-10 -9.22758E-12  7.30112E-12  3.38004E-16  0.00000E+00
  8.300E+00  5.23711E-03 -1.46676E-10  1.14145E-10 -9.18457E-12  7.13930E-12  5.49567E-16  1.26749E-16
  8.400E+00  5.36383E-03 -1.44233E-10  1.10284E-10 -9.14126E-12  6.98157E-12  1.07258E-15  1.23664E-16
  8.500E+00  5.49207E-03 -1.41844E-10  1.06576E-10 -9.09767E-12  6.82780E-12  3.14091E-16  3.62067E-16
  8.600E+00  5.62181E-03 -1.39508E-10  1.03014E-10 -9.05386E-12  6.67784E-12  3.06678E-16  1.17819E-16
  8.700E+00  5.75306E-03 -1.37222E-10  9.95904E-11 -9.00986E-12  6.53158E-12  9.98413E-16  0.00000E+00
  8.800E+00  5.88581E-03 -1.34985E-10  9.62987E-11 -8.96571E-12  6.38888E-12  1.95077E-16  2.24748E-16
  8.900E+00  6.02007E-03 -1.32798E-10  9.31327E-11 -8.92143E-12  6.24964E-12  2.85943E-16  0.00000E+00
  9.000E+00  6.15583E-03 -1.30657E-10  9.00867E-11 -8.87705E-12  6.11375E-12  9.31647E-16  1.07294E-16
  9.100E+00  6.29310E-03 -1.28563E-10  8.71551E-11 -8.83261E-12  5.98109E-12  1.82173E-16  2.09761E-16
  9.200E+00  6.43187E-03 -1.26513E-10  8.43327E-11 -8.78813E-12  5.85156E-12  8.90771E-16  1.02547E-16
  9.300E+00  6.57214E-03 -1.24508E-10  8.16146E-11 -8.74363E-12  5.72507E-12  5.22797E-16  3.00867E-16
  9.400E+00  6.71392E-03 -1.22545E-10  7.89960E-11 -8.69913E-12  5.60151E-12  1.70503E-16  4.90521E-16
  9.500E+00  6.85720E-03 -1.20624E-10  7.64726E-11 -8.65466E-12  5.48081E-12  8.34299E-16  9.59890E-17
  9.600E+00  7.00198E-03 -1.18744E-10  7.40402E-11 -8.61023E-12  5.36287E-12  4.89995E-16  0.00000E+00
  9.700E+00  7.14827E-03 -1.16903E-10  7.16948E-11 -8.56587E-12  5.24761E-12  1.59914E-16  1.83913E-16
  9.800E+00  7.29605E-03 -1.15101E-10  6.94327E-11 -8.52158E-12  5.13495E-12  6.26406E-16  1.80067E-16
  9.900E+00  7.44534E-03 -1.13337E-10  6.72502E-11 -8.47739E-12  5.02481E-12  4.60172E-16  1.76339E-16
  1.000E+01  7.59612E-03 -1.11610E-10  6.51441E-11 -8.43330E-12  4.91712E-12  1.50277E-16  3.45449E-16
  1.025E+01  7.97965E-03 -1.07446E-10  6.01919E-11 -8.32365E-12  4.65813E-12  5.71574E-16  3.28307E-16
  1.050E+01  8.37255E-03 -1.03493E-10  5.56510E-11 -8.21493E-12  4.41294E-12  2.72077E-16  1.56197E-16
  1.075E+01  8.77480E-03 -9.97379E-11  5.14808E-11 -8.10730E-12  4.18060E-12  0.00000E+00  2.97595E-16
  1.100E+01  9.18641E-03 -9.61681E-11  4.76454E-11 -8.00087E-12  3.96023E-12  4.94896E-16  5.67619E-16
  1.125E+01  9.60736E-03 -9.27726E-11  4.41131E-11 -7.89574E-12  3.75104E-12  1.18182E-16  2.70948E-16
  1.150E+01  1.00376E-02 -8.95410E-11  4.08555E-11 -7.79199E-12  3.55230E-12  0.00000E+00  0.00000E+00
  1.175E+01  1.04773E-02 -8.64636E-11  3.78476E-11 -7.68969E-12  3.36332E-12  2.16310E-16  0.00000E+00
  1.200E+01  1.09262E-02 -8.35312E-11  3.50667E-11 -7.58888E-12  3.18350E-12  1.03611E-16  4.74280E-16
  1.225E+01  1.13844E-02 -8.07353E-11  3.24929E-11 -7.48960E-12  3.01226E-12  0.00000E+00  0.00000E+00
  1.250E+01  1.18520E-02 -7.80680E-11  3.01081E-11 -7.39186E-12  2.84908E-12  0.00000E+00  2.17954E-16
  1.275E+01  1.23288E-02 -7.55218E-11  2.78960E-11 -7.29570E-12  2.69348E-12  0.00000E+00  2.09209E-16
  1.300E+01  1.28150E-02 -7.30900E-11  2.58422E-11 -7.20111E-12  2.54500E-12  0.00000E+00  4.01946E-16
  1.325E+01  1.33104E-02 -7.07660E-11  2.39334E-11 -7.10810E-12  2.40323E-12  0.00000E+00  3.86411E-16
  1.350E+01  1.38150E-02 -6.85438E-11  2.21579E-11 -7.01667E-12  2.26778E-12  0.00000E+00  1.85873E-16
  1.375E+01  1.43290E-02 -6.64178E-11  2.05048E-11 -6.92681E-12  2.13831E-12  0.00000E+00  3.57887E-16
  1.400E+01  1.48521E-02 -6.43827E-11  1.89645E-11 -6.83851E-12  2.01446E-12  0.00000E+00  5.17164E-16
  1.425E+01  1.53845E-02 -6.24336E-11  1.75280E-11 -6.75176E-12  1.89594E-12  0.00000E+00  3.32361E-16
  1.450E+01  1.59262E-02 -6.05659E-11  1.61874E-11 -6.66653E-12  1.78246E-12  0.00000E+00  1.60297E-16
  1.475E+01  1.64770E-02 -5.87753E-11  1.49354E-11 -6.58282E-12  1.67374E-12  0.00000E+00  3.09429E-16
  1.500E+01  1.70371E-02 -5.70577E-11  1.37653E-11 -6.50059E-12  1.56954E-12  0.00000E+00  1.49414E-16
  1.525E+01  1.76063E-02 -5.54094E-11  1.26710E-11 -6.41983E-12  1.46961E-12  0.00000E+00  1.44376E-16
  1.550E+01  1.81848E-02 -5.38268E-11  1.16469E-11 -6.34051E-12  1.37375E-12  0.00000E+00  2.79170E-16
  1.575E+01  1.87724E-02 -5.23065E-11  1.06880E-11 -6.26262E-12  1.28175E-12  0.00000E+00  1.35024E-16
  1.600E+01  1.93692E-02 -5.08455E-11  9.78966E-12 -6.18612E-12  1.19341E-12  0.00000E+00  1.30679E-16
  1.625E+01  1.99751E-02 -4.94408E-11  8.94750E-12 -6.11099E-12  1.10854E-12  0.00000E+00  1.26536E-16
  1.650E+01  2.05901E-02 -4.80896E-11  8.15764E-12 -6.03720E-12  1.02700E-12  0.00000E+00  2.45169E-16
  1.675E+01  2.12143E-02 -4.67893E-11  7.41646E-12 -5.96473E-12  9.48598E-13  0.00000E+00  2.37622E-16
  1.700E+01  2.18476E-02 -4.55375E-11  6.72063E-12 -5.89356E-12  8.73204E-13  0.00000E+00  1.15206E-16
  1.725E+01  2.24900E-02 -4.43318E-11  6.06710E-12 -5.82365E-12  8.00670E-13  0.00000E+00  1.11760E-16
  1.750E+01  2.31415E-02 -4.31701E-11  5.45304E-12 -5.75498E-12  7.30864E-13  0.00000E+00  2.16926E-16
  1.775E+01  2.38021E-02 -4.20503E-11  4.87583E-12 -5.68753E-12  6.63661E-13  0.00000E+00  2.10614E-16
  1.800E+01  2.44717E-02 -4.09705E-11  4.33308E-12 -5.62126E-12  5.98943E-13  0.00000E+00  0.00000E+00
  1.825E+01  2.51504E-02 -3.99289E-11  3.82253E-12 -5.55616E-12  5.36597E-13  0.00000E+00  0.00000E+00
  1.850E+01  2.58382E-02 -3.89236E-11  3.34213E-12 -5.49220E-12  4.76519E-13  0.00000E+00  0.00000E+00
  1.875E+01  2.65349E-02 -3.79532E-11  2.88997E-12 -5.42936E-12  4.18609E-13  0.00000E+00  0.00000E+00
  1.900E+01  2.72407E-02 -3.70161E-11  2.46426E-12 -5.36760E-12  3.62772E-13  0.00000E+00  0.00000E+00
  1.925E+01  2.79555E-02 -3.61107E-11  2.06336E-12 -5.30692E-12  3.08920E-13  0.00000E+00  0.00000E+00
  1.950E+01  2.86793E-02 -3.52357E-11  1.68572E-12 -5.24728E-12  2.56967E-13  0.00000E+00  1.73132E-16
  1.975E+01  2.94120E-02 -3.43898E-11  1.32994E-12 -5.18865E-12  2.06834E-13  0.00000E+00  0.00000E+00
  2.000E+01  3.01537E-02 -3.35718E-11  9.94685E-13 -5.13103E-12  1.58445E-13  0.00000E+00  0.00000E+00
  2.025E+01  3.09043E-02 -3.27805E-11  6.78716E-13 -5.07438E-12  1.11728E-13  0.00000E+00  1.60017E-16
  2.050E+01  3.16639E-02 -3.20147E-11  3.80884E-13 -5.01869E-12  6.66147E-14  0.00000E+00  0.00000E+00
  2.075E+01  3.24324E-02 -3.12734E-11  1.00118E-13 -4.96394E-12  2.30398E-14  0.00000E+00  0.00000E+00
  2.100E+01  3.32098E-02 -3.05557E-11 -1.64582E-13 -4.91009E-12 -1.90581E-14  0.00000E+00  0.00000E+00
  2.125E+01  3.39961E-02 -2.98604E-11 -4.14154E-13 -4.85714E-12 -5.97378E-14  0.00000E+00  0.00000E+00
  2.150E+01  3.47912E-02 -2.91868E-11 -6.49468E-13 -4.80507E-12 -9.90549E-14  0.00000E+00  0.00000E+00
  2.175E+01  3.55952E-02 -2.85339E-11 -8.71344E-13 -4.75385E-12 -1.37063E-13  0.00000E+00  0.00000E+00
  2.200E+01  3.64081E-02 -2.79010E-11 -1.08055E-12 -4.70346E-12 -1.73812E-13  0.00000E+00  1.34567E-16
  2.225E+01  3.72297E-02 -2.72873E-11 -1.27779E-12 -4.65389E-12 -2.09350E-13  0.00000E+00  1.31423E-16
  2.250E+01  3.80602E-02 -2.66919E-11 -1.46375E-12 -4.60513E-12 -2.43723E-13  0.00000E+00  0.00000E+00
  2.275E+01  3.88995E-02 -2.61143E-11 -1.63905E-12 -4.55714E-12 -2.76976E-13  0.00000E+00  0.00000E+00
  2.300E+01  3.97476E-02 -2.55537E-11 -1.80428E-12 -4.50992E-12 -3.09149E-13  0.00000E+00  1.22614E-16
  2.325E+01  4.06044E-02 -2.50095E-11 -1.96000E-12 -4.46345E-12 -3.40283E-13  0.00000E+00  0.00000E+00
  2.350E+01  4.14700E-02 -2.44810E-11 -2.10672E-12 -4.41771E-12 -3.70416E-13  0.00000E+00  0.00000E+00
  2.375E+01  4.23443E-02 -2.39677E-11 -2.24494E-12 -4.37269E-12 -3.99584E-13  0.00000E+00  0.00000E+00
  2.400E+01  4.32273E-02 -2.34691E-11 -2.37512E-12 -4.32837E-12 -4.27821E-13  0.00000E+00  0.00000E+00
  2.425E+01  4.41190E-02 -2.29845E-11 -2.49768E-12 -4.28474E-12 -4.55162E-13  0.00000E+00  0.00000E+00
  2.450E+01  4.50194E-02 -2.25135E-11 -2.61302E-12 -4.24178E-12 -4.81638E-13  0.00000E+00  0.00000E+00
  2.475E+01  4.59284E-02 -2.20556E-11 -2.72155E-12 -4.19947E-12 -5.07278E-13  0.00000E+00  0.00000E+00
  2.500E+01  4.68461E-02 -2.16104E-11 -2.82360E-12 -4.15781E-12 -5.32114E-13  0.00000E+00  0.00000E+00
  2.550E+01  4.87074E-02 -2.07559E-11 -3.00964E-12 -4.07637E-12 -5.79478E-13  0.00000E+00  0.00000E+00
  2.600E+01  5.06030E-02 -1.99468E-11 -3.17363E-12 -3.99735E-12 -6.23938E-13  0.00000E+00  0.00000E+00
  2.650E+01  5.25328E-02 -1.91799E-11 -3.31780E-12 -3.92065E-12 -6.65688E-13  0.00000E+00  0.00000E+00
  2.700E+01  5.44967E-02 -1.84526E-11 -3.44413E-12 -3.84617E-12 -7.04904E-13  0.00000E+00  0.00000E+00
  2.750E+01  5.64946E-02 -1.77622E-11 -3.55437E-12 -3.77383E-12 -7.41750E-13  0.00000E+00  0.00000E+00
  2.800E+01  5.85262E-02 -1.71062E-11 -3.65010E-12 -3.70354E-12 -7.76374E-13  0.00000E+00  0.00000E+00
  2.850E+01  6.05914E-02 -1.64826E-11 -3.73274E-12 -3.63521E-12 -8.08918E-13  0.00000E+00  0.00000E+00
  2.900E+01  6.26901E-02 -1.58892E-11 -3.80355E-12 -3.56879E-12 -8.39508E-13  0.00000E+00  0.00000E+00
  2.950E+01  6.48222E-02 -1.53242E-11 -3.86367E-12 -3.50418E-12 -8.68265E-13  0.00000E+00  0.00000E+00
  3.000E+01  6.69873E-02 -1.47860E-11 -3.91413E-12 -3.44132E-12 -8.95297E-13  0.00000E+00  0.00000E+00
  3.050E+01  6.91854E-02 -1.42728E-11 -3.95586E-12 -3.38014E-12 -9.20709E-13  0.00000E+00  0.00000E+00
  3.100E+01  7.14163E-02 -1.37831E-11 -3.98968E-12 -3.32059E-12 -9.44594E-13  0.00000E+00  0.00000E+00
  3.150E+01  7.36799E-02 -1.33157E-11 -4.01635E-12 -3.26259E-12 -9.67041E-13  0.00000E+00  0.00000E+00
  3.200E+01  7.59760E-02 -1.28692E-11 -4.03654E-12 -3.20610E-12 -9.88134E-13  0.00000E+00  0.00000E+00
  3.250E+01  7.83043E-02 -1.24425E-11 -4.05087E-12 -3.15106E-12 -1.00795E-12  0.00000E+00  0.00000E+00
  3.300E+01  8.06647E-02 -1.20344E-11 -4.05989E-12 -3.09741E-12 -1.02655E-12  0.00000E+00  0.00000E+00
  3.350E+01  8.30571E-02 -1.16438E-11 -4.06411E-12 -3.04511E-12 -1.04402E-12  0.00000E+00  0.00000E+00
  3.400E+01  8.54812E-02 -1.12699E-11 -4.06398E-12 -2.99411E-12 -1.06041E-12  0.00000E+00  0.00000E+00
  3.450E+01  8.79369E-02 -1.09118E-11 -4.05993E-12 -2.94436E-12 -1.07578E-12  0.00000E+00  0.00000E+00
  3.500E+01  9.04240E-02 -1.05685E-11 -4.05233E-12 -2.89582E-12 -1.09018E-12  0.00000E+00  0.00000E+00
  3.550E+01  9.29422E-02 -1.02393E-11 -4.04151E-12 -2.84845E-12 -1.10368E-12  0.00000E+00  0.00000E+00
  3.600E+01  9.54915E-02 -9.92348E-12 -4.02779E-12 -2.80221E-12 -1.11630E-12  0.00000E+00  0.00000E+00
  3.650E+01  9.80716E-02 -9.62036E-12 -4.01146E-12 -2.75706E-12 -1.12811E-12  0.00000E+00  0.00000E+00
  3.700E+01  1.00682E-01 -9.32925E-12 -3.99277E-12 -2.71297E-12 -1.13914E-12  0.00000E+00  0.00000E+00
  3.750E+01  1.03323E-01 -9.04958E-12 -3.97196E-12 -2.66989E-12 -1.14942E-12  0.00000E+00  0.00000E+00
  3.800E+01  1.05995E-01 -8.78078E-12 -3.94925E-12 -2.62781E-12 -1.15901E-12  0.00000E+00  0.00000E+00
  3.850E+01  1.08696E-01 -8.52230E-12 -3.92483E-12 -2.58667E-12 -1.16794E-12  0.00000E+00  0.00000E+00
  3.900E+01  1.11427E-01 -8.27364E-12 -3.89888E-12 -2.54647E-12 -1.17623E-12  0.00000E+00  0.00000E+00
  3.950E+01  1.14188E-01 -8.03433E-12 -3.87156E-12 -2.50715E-12 -1.18391E-12  0.00000E+00  0.00000E+00
  4.000E+01  1.16978E-01 -7.80392E-12 -3.84302E-12 -2.46871E-12 -1.19103E-12  0.00000E+00  0.00000E+00
  4.050E+01  1.19797E-01 -7.58201E-12 -3.81340E-12 -2.43110E-12 -1.19760E-12  0.00000E+00  0.00000E+00
  4.100E+01  1.22645E-01 -7.36818E-12 -3.78283E-12 -2.39431E-12 -1.20365E-12  0.00000E+00  0.00000E+00
  4.150E+01  1.25522E-01 -7.16208E-12 -3.75142E-12 -2.35831E-12 -1.20921E-12  0.00000E+00  0.00000E+00
  4.200E+01  1.28428E-01 -6.96335E-12 -3.71928E-12 -2.32307E-12 -1.21430E-12  0.00000E+00  0.00000E+00
  4.250E+01  1.31361E-01 -6.77165E-12 -3.68649E-12 -2.28857E-12 -1.21894E-12  0.00000E+00  0.00000E+00
  4.300E+01  1.34323E-01 -6.58667E-12 -3.65314E-12 -2.25480E-12 -1.22316E-12  0.00000E+00  0.00000E+00
  4.350E+01  1.37313E-01 -6.40811E-12 -3.61932E-12 -2.22172E-12 -1.22697E-12  0.00000E+00  0.00000E+00
  4.400E+01  1.40330E-01 -6.23570E-12 -3.58509E-12 -2.18933E-12 -1.23038E-12  0.00000E+00  0.00000E+00
  4.450E+01  1.43375E-01 -6.06916E-12 -3.55054E-12 -2.15759E-12 -1.23343E-12  0.00000E+00  0.00000E+00
  4.500E+01  1.46447E-01 -5.90825E-12 -3.51572E-12 -2.12649E-12 -1.23612E-12  0.00000E+00  0.00000E+00
  4.550E+01  1.49545E-01 -5.75273E-12 -3.48068E-12 -2.09602E-12 -1.23848E-12  0.00000E+00  0.00000E+00
  4.600E+01  1.52671E-01 -5.60236E-12 -3.44547E-12 -2.06615E-12 -1.24051E-12  0.00000E+00  0.00000E+00
  4.650E+01  1.55823E-01 -5.45694E-12 -3.41014E-12 -2.03687E-12 -1.24223E-12  0.00000E+00  0.00000E+00
  4.700E+01  1.59001E-01 -5.31625E-12 -3.37473E-12 -2.00816E-12 -1.24366E-12  0.00000E+00  0.00000E+00
  4.750E+01  1.62205E-01 -5.18011E-12 -3.33929E-12 -1.98000E-12 -1.24480E-12  0.00000E+00  0.00000E+00
  4.800E+01  1.65435E-01 -5.04834E-12 -3.30384E-12 -1.95239E-12 -1.24568E-12  0.00000E+00  0.00000E+00
  4.850E+01  1.68690E-01 -4.92075E-12 -3.26843E-12 -1.92530E-12 -1.24629E-12  0.00000E+00  0.00000E+00
  4.900E+01  1.71970E-01 -4.79718E-12 -3.23308E-12 -1.89872E-12 -1.24666E-12  0.00000E+00  0.00000E+00
  4.950E+01  1.75276E-01 -4.67747E-12 -3.19782E-12 -1.87265E-12 -1.24680E-12  0.00000E+00  0.00000E+00
  5.000E+01  1.78606E-01 -4.56147E-12 -3.16267E-12 -1.84705E-12 -1.24671E-12  0.00000E+00  0.00000E+00
  5.050E+01  1.81961E-01 -4.44903E-12 -3.12765E-12 -1.82193E-12 -1.24640E-12  0.00000E+00  0.00000E+00
  5.100E+01  1.85340E-01 -4.34002E-12 -3.09278E-12 -1.79727E-12 -1.24588E-12  0.00000E+00  0.00000E+00
  5.150E+01  1.88743E-01 -4.23431E-12 -3.05810E-12 -1.77306E-12 -1.24516E-12  0.00000E+00  0.00000E+00
  5.200E+01  1.92169E-01 -4.13178E-12 -3.02360E-12 -1.74929E-12 -1.24426E-12  0.00000E+00  0.00000E+00
  5.250E+01  1.95619E-01 -4.03230E-12 -2.98930E-12 -1.72594E-12 -1.24317E-12  0.00000E+00  0.00000E+00
  5.300E+01  1.99092E-01 -3.93576E-12 -2.95523E-12 -1.70301E-12 -1.24191E-12  0.00000E+00  0.00000E+00
  5.350E+01  2.02589E-01 -3.84206E-12 -2.92138E-12 -1.68048E-12 -1.24047E-12  0.00000E+00  0.00000E+00
  5.400E+01  2.06107E-01 -3.75108E-12 -2.88777E-12 -1.65835E-12 -1.23888E-12  0.00000E+00  0.00000E+00
  5.450E+01  2.09649E-01 -3.66273E-12 -2.85442E-12 -1.63660E-12 -1.23714E-12  0.00000E+00  0.00000E+00
  5.500E+01  2.13212E-01 -3.57692E-12 -2.82132E-12 -1.61523E-12 -1.23524E-12  0.00000E+00  0.00000E+00
  5.550E+01  2.16797E-01 -3.49356E-12 -2.78850E-12 -1.59422E-12 -1.23321E-12  0.00000E+00  0.00000E+00
  5.600E+01  2.20404E-01 -3.41255E-12 -2.75594E-12 -1.57358E-12 -1.23103E-12  0.00000E+00  0.00000E+00
  5.650E+01  2.24032E-01 -3.33382E-12 -2.72367E-12 -1.55328E-12 -1.22873E-12  0.00000E+00  0.00000E+00
  5.700E+01  2.27680E-01 -3.25728E-12 -2.69168E-12 -1.53332E-12 -1.22630E-12  0.00000E+00  0.00000E+00
  5.750E+01  2.31350E-01 -3.18287E-12 -2.65998E-12 -1.51370E-12 -1.22376E-12  0.00000E+00  0.00000E+00
  5.800E+01  2.35040E-01 -3.11050E-12 -2.62858E-12 -1.49440E-12 -1.22109E-12  0.00000E+00  0.00000E+00
  5.850E+01  2.38751E-01 -3.04011E-12 -2.59747E-12 -1.47542E-12 -1.21832E-12  0.00000E+00  0.00000E+00
  5.900E+01  2.42481E-01 -2.97163E-12 -2.56666E-12 -1.45676E-12 -1.21544E-12  0.00000E+00  0.00000E+00
  5.950E+01  2.46231E-01 -2.90500E-12 -2.53616E-12 -1.43839E-12 -1.21245E-12  0.00000E+00  0.00000E+00
  6.000E+01  2.50000E-01 -2.84016E-12 -2.50595E-12 -1.42032E-12 -1.20937E-12  0.00000E+00  0.00000E+00
  6.050E+01  2.53788E-01 -2.77704E-12 -2.47605E-12 -1.40254E-12 -1.20620E-12  0.00000E+00  0.00000E+00
  6.100E+01  2.57595E-01 -2.71559E-12 -2.44646E-12 -1.38505E-12 -1.20293E-12  0.00000E+00  0.00000E+00
  6.150E+01  2.61421E-01 -2.65575E-12 -2.41717E-12 -1.36783E-12 -1.19958E-12  0.00000E+00  0.00000E+00
  6.200E+01  2.65264E-01 -2.59748E-12 -2.38819E-12 -1.35088E-12 -1.19614E-12  0.00000E+00  0.00000E+00
  6.250E+01  2.69126E-01 -2.54072E-12 -2.35952E-12 -1.33420E-12 -1.19262E-12  0.00000E+00  0.00000E+00
  6.300E+01  2.73005E-01 -2.48543E-12 -2.33115E-12 -1.31778E-12 -1.18903E-12  0.00000E+00  0.00000E+00
  6.350E+01  2.76901E-01 -2.43155E-12 -2.30309E-12 -1.30161E-12 -1.18536E-12  0.00000E+00  0.00000E+00
  6.400E+01  2.80814E-01 -2.37905E-12 -2.27533E-12 -1.28569E-12 -1.18162E-12  0.00000E+00  0.00000E+00
  6.450E+01  2.84744E-01 -2.32787E-12 -2.24787E-12 -1.27001E-12 -1.17781E-12  0.00000E+00  0.00000E+00
  6.500E+01  2.88691E-01 -2.27798E-12 -2.22071E-12 -1.25458E-12 -1.17394E-12  0.00000E+00  0.00000E+00
  6.550E+01  2.92653E-01 -2.22935E-12 -2.19386E-12 -1.23937E-12 -1.17000E-12  0.00000E+00  0.00000E+00
  6.600E+01  2.96632E-01 -2.18192E-12 -2.16730E-12 -1.22439E-12 -1.16601E-12  0.00000E+00  0.00000E+00
  6.650E+01  3.00625E-01 -2.13568E-12 -2.14105E-12 -1.20964E-12 -1.16195E-12  0.00000E+00  0.00000E+00
  6.700E+01  3.04634E-01 -2.09057E-12 -2.11509E-12 -1.19510E-12 -1.15784E-12  0.00000E+00  0.00000E+00
  6.750E+01  3.08658E-01 -2.04656E-12 -2.08942E-12 -1.18078E-12 -1.15367E-12  0.00000E+00  0.00000E+00
  6.800E+01  3.12697E-01 -2.00362E-12 -2.06404E-12 -1.16667E-12 -1.14946E-12  0.00000E+00  0.00000E+00
  6.850E+01  3.16749E-01 -1.96172E-12 -2.03894E-12 -1.15276E-12 -1.14519E-12  0.00000E+00  0.00000E+00
  6.900E+01  3.20816E-01 -1.92083E-12 -2.01414E-12 -1.13906E-12 -1.14088E-12  0.00000E+00  0.00000E+00
  6.950E+01  3.24896E-01 -1.88092E-12 -1.98962E-12 -1.12555E-12 -1.13652E-12  0.00000E+00  0.00000E+00
  7.000E+01  3.28990E-01 -1.84197E-12 -1.96539E-12 -1.11224E-12 -1.13211E-12  0.00000E+00  0.00000E+00
  7.050E+01  3.33097E-01 -1.80394E-12 -1.94143E-12 -1.09911E-12 -1.12767E-12  0.00000E+00  0.00000E+00
  7.100E+01  3.37216E-01 -1.76680E-12 -1.91775E-12 -1.08617E-12 -1.12318E-12  0.00000E+00  0.00000E+00
  7.150E+01  3.41348E-01 -1.73053E-12 -1.89434E-12 -1.07342E-12 -1.11865E-12  0.00000E+00  0.00000E+00
  7.200E+01  3.45492E-01 -1.69510E-12 -1.87120E-12 -1.06084E-12 -1.11409E-12  0.00000E+00  0.00000E+00
  7.250E+01  3.49647E-01 -1.66051E-12 -1.84834E-12 -1.04844E-12 -1.10949E-12  0.00000E+00  0.00000E+00
  7.300E+01  3.53814E-01 -1.62671E-12 -1.82574E-12 -1.03621E-12 -1.10485E-12  0.00000E+00  0.00000E+00
  7.350E+01  3.57992E-01 -1.59369E-12 -1.80341E-12 -1.02415E-12 -1.10019E-12  0.00000E+00  0.00000E+00
  7.400E+01  3.62181E-01 -1.56142E-12 -1.78133E-12 -1.01225E-12 -1.09549E-12  0.00000E+00  0.00000E+00
  7.450E+01  3.66381E-01 -1.52989E-12 -1.75951E-12 -1.00052E-12 -1.09076E-12  0.00000E+00  0.00000E+00
  7.500E+01  3.70590E-01 -1.49907E-12 -1.73794E-12 -9.88940E-13 -1.08600E-12  0.00000E+00  0.00000E+00
  7.550E+01  3.74810E-01 -1.46895E-12 -1.71664E-12 -9.77522E-13 -1.08121E-12  0.00000E+00  0.00000E+00
  7.600E+01  3.79039E-01 -1.43951E-12 -1.69558E-12 -9.66257E-13 -1.07640E-12  0.00000E+00  0.00000E+00
  7.650E+01  3.83277E-01 -1.41072E-12 -1.67477E-12 -9.55142E-13 -1.07156E-12  0.00000E+00  0.00000E+00
  7.700E+01  3.87524E-01 -1.38257E-12 -1.65420E-12 -9.44175E-13 -1.06669E-12  0.00000E+00  0.00000E+00
  7.750E+01  3.91780E-01 -1.35505E-12 -1.63387E-12 -9.33353E-13 -1.06180E-12  0.00000E+00  0.00000E+00
  7.800E+01  3.96044E-01 -1.32813E-12 -1.61378E-12 -9.22674E-13 -1.05689E-12  0.00000E+00  0.00000E+00
  7.850E+01  4.00316E-01 -1.30180E-12 -1.59393E-12 -9.12134E-13 -1.05196E-12  0.00000E+00  0.00000E+00
  7.900E+01  4.04596E-01 -1.27605E-12 -1.57431E-12 -9.01732E-13 -1.04700E-12  0.00000E+00  0.00000E+00
  7.950E+01  4.08882E-01 -1.25086E-12 -1.55492E-12 -8.91464E-13 -1.04203E-12  0.00000E+00  0.00000E+00
  8.000E+01  4.13176E-01 -1.22621E-12 -1.53576E-12 -8.81329E-13 -1.03703E-12  0.00000E+00  0.00000E+00
  8.050E+01  4.17476E-01 -1.20210E-12 -1.51683E-12 -8.71324E-13 -1.03202E-12  0.00000E+00  0.00000E+00
  8.100E+01  4.21783E-01 -1.17850E-12 -1.49811E-12 -8.61447E-13 -1.02699E-12  0.00000E+00  0.00000E+00
  8.150E+01  4.26095E-01 -1.15541E-12 -1.47962E-12 -8.51695E-13 -1.02194E-12  0.00000E+00  0.00000E+00
  8.200E+01  4.30413E-01 -1.13281E-12 -1.46134E-12 -8.42066E-13 -1.01688E-12  0.00000E+00  0.00000E+00
  8.250E+01  4.34737E-01 -1.11069E-12 -1.44328E-12 -8.32559E-13 -1.01180E-12  0.00000E+00  0.00000E+00
  8.300E+01  4.39065E-01 -1.08903E-12 -1.42544E-12 -8.23170E-13 -1.00671E-12  0.00000E+00  0.00000E+00
  8.350E+01  4.43398E-01 -1.06784E-12 -1.40780E-12 -8.13899E-13 -1.00160E-12  0.00000E+00  0.00000E+00
  8.400E+01  4.47736E-01 -1.04708E-12 -1.39037E-12 -8.04743E-13 -9.96480E-13  0.00000E+00  0.00000E+00
  8.450E+01  4.52077E-01 -1.02676E-12 -1.37314E-12 -7.95699E-13 -9.91347E-13  0.00000E+00  0.00000E+00
  8.500E+01  4.56422E-01 -1.00687E-12 -1.35612E-12 -7.86767E-13 -9.86201E-13  0.00000E+00  0.00000E+00
  8.550E+01  4.60770E-01 -9.87381E-13 -1.33929E-12 -7.77944E-13 -9.81044E-13  0.00000E+00  0.00000E+00
  8.600E+01  4.65122E-01 -9.68298E-13 -1.32266E-12 -7.69228E-13 -9.75875E-13  0.00000E+00  0.00000E+00
  8.650E+01  4.69476E-01 -9.49609E-13 -1.30623E-12 -7.60618E-13 -9.70696E-13  0.00000E+00  0.00000E+00
  8.700E+01  4.73832E-01 -9.31302E-13 -1.28999E-12 -7.52112E-13 -9.65507E-13  0.00000E+00  0.00000E+00
  8.750E+01  4.78190E-01 -9.13369E-13 -1.27394E-12 -7.43708E-13 -9.60309E-13  0.00000E+00  0.00000E+00
  8.800E+01  4.82550E-01 -8.95801E-13 -1.25808E-12 -7.35404E-13 -9.55101E-13  0.00000E+00  0.00000E+00
  8.850E+01  4.86912E-01 -8.78589E-13 -1.24241E-12 -7.27199E-13 -9.49885E-13  0.00000E+00  0.00000E+00
  8.900E+01  4.91274E-01 -8.61724E-13 -1.22691E-12 -7.19091E-13 -9.44660E-13  0.00000E+00  0.00000E+00
  8.950E+01  4.95637E-01 -8.45199E-13 -1.21160E-12 -7.11078E-13 -9.39428E-13  0.00000E+00  0.00000E+00
  9.000E+01  5.00000E-01 -8.29006E-13 -1.19647E-12 -7.03159E-13 -9.34189E-13  0.00000E+00  0.00000E+00
  9.050E+01  5.04363E-01 -8.13137E-13 -1.18152E-12 -6.95333E-13 -9.28943E-13  0.00000E+00  0.00000E+00
  9.100E+01  5.08726E-01 -7.97585E-13 -1.16674E-12 -6.87598E-13 -9.23690E-13  0.00000E+00  0.00000E+00
  9.150E+01  5.13088E-01 -7.82341E-13 -1.15213E-12 -6.79952E-13 -9.18431E-13  0.00000E+00  0.00000E+00
  9.200E+01  5.17450E-01 -7.67399E-13 -1.13769E-12 -6.72394E-13 -9.13167E-13  0.00000E+00  0.00000E+00
  9.250E+01  5.21810E-01 -7.52752E-13 -1.12342E-12 -6.64923E-13 -9.07897E-13  0.00000E+00  0.00000E+00
  9.300E+01  5.26168E-01 -7.38392E-13 -1.10932E-12 -6.57537E-13 -9.02622E-13  0.00000E+00  0.00000E+00
  9.350E+01  5.30524E-01 -7.24315E-13 -1.09538E-12 -6.50234E-13 -8.97342E-13  0.00000E+00  0.00000E+00
  9.400E+01  5.34878E-01 -7.10514E-13 -1.08161E-12 -6.43015E-13 -8.92057E-13  0.00000E+00  0.00000E+00
  9.450E+01  5.39230E-01 -6.96981E-13 -1.06799E-12 -6.35876E-13 -8.86769E-13  0.00000E+00  0.00000E+00
  9.500E+01  5.43578E-01 -6.83712E-13 -1.05454E-12 -6.28818E-13 -8.81477E-13  0.00000E+00  0.00000E+00
  9.550E+01  5.47923E-01 -6.70699E-13 -1.04124E-12 -6.21838E-13 -8.76181E-13  0.00000E+00  0.00000E+00
  9.600E+01  5.52264E-01 -6.57938E-13 -1.02810E-12 -6.14936E-13 -8.70882E-13  0.00000E+00  0.00000E+00
  9.650E+01  5.56602E-01 -6.45423E-13 -1.01511E-12 -6.08109E-13 -8.65579E-13  0.00000E+00  0.00000E+00
  9.700E+01  5.60935E-01 -6.33148E-13 -1.00227E-12 -6.01358E-13 -8.60274E-13  0.00000E+00  0.00000E+00
  9.750E+01  5.65263E-01 -6.21109E-13 -9.89576E-13 -5.94681E-13 -8.54967E-13  0.00000E+00  0.00000E+00
  9.800E+01  5.69587E-01 -6.09300E-13 -9.77034E-13 -5.88077E-13 -8.49657E-13  0.00000E+00  0.00000E+00
  9.850E+01  5.73905E-01 -5.97716E-13 -9.64638E-13 -5.81544E-13 -8.44345E-13  0.00000E+00  0.00000E+00
  9.900E+01  5.78217E-01 -5.86353E-13 -9.52386E-13 -5.75082E-13 -8.39031E-13  0.00000E+00  0.00000E+00
  9.950E+01  5.82524E-01 -5.75204E-13 -9.40277E-13 -5.68689E-13 -8.33716E-13  0.00000E+00  0.00000E+00
  1.000E+02  5.86824E-01 -5.64266E-13 -9.28308E-13 -5.62365E-13 -8.28399E-13  0.00000E+00  0.00000E+00
  1.005E+02  5.91118E-01 -5.53535E-13 -9.16479E-13 -5.56108E-13 -8.23081E-13  0.00000E+00  0.00000E+00
  1.010E+02  5.95404E-01 -5.43006E-13 -9.04787E-13 -5.49917E-13 -8.17761E-13  0.00000E+00  0.00000E+00
  1.015E+02  5.99684E-01 -5.32674E-13 -8.93233E-13 -5.43792E-13 -8.12441E-13  0.00000E+00  0.00000E+00
  1.020E+02  6.03956E-01 -5.22537E-13 -8.81812E-13 -5.37731E-13 -8.07120E-13  0.00000E+00  0.00000E+00
  1.025E+02  6.08220E-01 -5.12588E-13 -8.70525E-13 -5.31733E-13 -8.01799E-13  0.00000E+00  0.00000E+00
  1.030E+02  6.12476E-01 -5.02825E-13 -8.59369E-13 -5.25798E-13 -7.96477E-13  0.00000E+00  0.00000E+00
  1.035E+02  6.16723E-01 -4.93243E-13 -8.48342E-13 -5.19925E-13 -7.91155E-13  0.00000E+00  0.00000E+00
  1.040E+02  6.20961E-01 -4.83839E-13 -8.37445E-13 -5.14112E-13 -7.85833E-13  0.00000E+00  0.00000E+00
  1.045E+02  6.25190E-01 -4.74610E-13 -8.26674E-13 -5.08358E-13 -7.80511E-13  0.00000E+00  0.00000E+00
  1.050E+02  6.29410E-01 -4.65551E-13 -8.16030E-13 -5.02664E-13 -7.75189E-13  0.00000E+00  0.00000E+00
  1.055E+02  6.33619E-01 -4.56659E-13 -8.05510E-13 -4.97027E-13 -7.69867E-13  0.00000E+00  0.00000E+00
  1.060E+02  6.37819E-01 -4.47931E-13 -7.95113E-13 -4.91448E-13 -7.64546E-13  0.00000E+00  0.00000E+00
  1.065E+02  6.42008E-01 -4.39363E-13 -7.84837E-13 -4.85924E-13 -7.59226E-13  0.00000E+00  0.00000E+00
  1.070E+02  6.46186E-01 -4.30952E-13 -7.74681E-13 -4.80457E-13 -7.53906E-13  0.00000E+00  0.00000E+00
  1.075E+02  6.50353E-01 -4.22695E-13 -7.64644E-13 -4.75043E-13 -7.48587E-13  0.00000E+00  0.00000E+00
  1.080E+02  6.54508E-01 -4.14589E-13 -7.54724E-13 -4.69684E-13 -7.43269E-13  0.00000E+00  0.00000E+00
  1.085E+02  6.58652E-01 -4.06631E-13 -7.44921E-13 -4.64377E-13 -7.37952E-13  0.00000E+00  0.00000E+00
  1.090E+02  6.62784E-01 -3.98818E-13 -7.35234E-13 -4.59123E-13 -7.32636E-13  0.00000E+00  0.00000E+00
  1.095E+02  6.66903E-01 -3.91147E-13 -7.25660E-13 -4.53920E-13 -7.27321E-13  0.00000E+00  0.00000E+00
  1.100E+02  6.71010E-01 -3.83615E-13 -7.16198E-13 -4.48768E-13 -7.22008E-13  0.00000E+00  0.00000E+00
  1.105E+02  6.75104E-01 -3.76219E-13 -7.06848E-13 -4.43665E-13 -7.16696E-13  0.00000E+00  0.00000E+00
  1.110E+02  6.79184E-01 -3.68956E-13 -6.97607E-13 -4.38612E-13 -7.11385E-13  0.00000E+00  0.00000E+00
  1.115E+02  6.83251E-01 -3.61825E-13 -6.88476E-13 -4.33608E-13 -7.06076E-13  0.00000E+00  0.00000E+00
  1.120E+02  6.87303E-01 -3.54823E-13 -6.79453E-13 -4.28651E-13 -7.00769E-13  0.00000E+00  0.00000E+00
  1.125E+02  6.91342E-01 -3.47947E-13 -6.70537E-13 -4.23741E-13 -6.95463E-13  0.00000E+00  0.00000E+00
  1.130E+02  6.95366E-01 -3.41195E-13 -6.61726E-13 -4.18878E-13 -6.90160E-13  0.00000E+00  0.00000E+00
  1.135E+02  6.99375E-01 -3.34564E-13 -6.53020E-13 -4.14061E-13 -6.84858E-13  0.00000E+00  0.00000E+00
  1.140E+02  7.03368E-01 -3.28051E-13 -6.44417E-13 -4.09288E-13 -6.79558E-13  0.00000E+00  0.00000E+00
  1.145E+02  7.07347E-01 -3.21655E-13 -6.35916E-13 -4.04561E-13 -6.74260E-13  0.00000E+00  0.00000E+00
  1.150E+02  7.11309E-01 -3.15374E-13 -6.27517E-13 -3.99876E-13 -6.68963E-13  0.00000E+00  0.00000E+00
  1.155E+02  7.15256E-01 -3.09205E-13 -6.19218E-13 -3.95236E-13 -6.63670E-13  0.00000E+00  0.00000E+00
  1.160E+02  7.19186E-01 -3.03147E-13 -6.11019E-13 -3.90637E-13 -6.58378E-13  0.00000E+00  0.00000E+00
  1.165E+02  7.23099E-01 -2.97196E-13 -6.02918E-13 -3.86081E-13 -6.53088E-13  0.00000E+00  0.00000E+00
  1.170E+02  7.26995E-01 -2.91352E-13 -5.94914E-13 -3.81566E-13 -6.47801E-13  0.00000E+00  0.00000E+00
  1.175E+02  7.30874E-01 -2.85612E-13 -5.87006E-13 -3.77092E-13 -6.42516E-13  0.00000E+00  0.00000E+00
  1.180E+02  7.34736E-01 -2.79973E-13 -5.79194E-13 -3.72657E-13 -6.37233E-13  0.00000E+00  0.00000E+00
  1.185E+02  7.38579E-01 -2.74435E-13 -5.71476E-13 -3.68263E-13 -6.31952E-13  0.00000E+00  0.00000E+00
  1.190E+02  7.42405E-01 -2.68996E-13 -5.63852E-13 -3.63907E-13 -6.26674E-13  0.00000E+00  0.00000E+00
  1.195E+02  7.46212E-01 -2.63654E-13 -5.56320E-13 -3.59590E-13 -6.21399E-13  0.00000E+00  0.00000E+00
  1.200E+02  7.50000E-01 -2.58406E-13 -5.48881E-13 -3.55311E-13 -6.16126E-13  0.00000E+00  0.00000E+00
  1.205E+02  7.53769E-01 -2.53252E-13 -5.41532E-13 -3.51069E-13 -6.10855E-13  0.00000E+00  0.00000E+00
  1.210E+02  7.57519E-01 -2.48188E-13 -5.34272E-13 -3.46864E-13 -6.05587E-13  0.00000E+00  0.00000E+00
  1.215E+02  7.61249E-01 -2.43215E-13 -5.27102E-13 -3.42695E-13 -6.00322E-13  0.00000E+00  0.00000E+00
  1.220E+02  7.64960E-01 -2.38330E-13 -5.20020E-13 -3.38562E-13 -5.95059E-13  0.00000E+00  0.00000E+00
  1.225E+02  7.68650E-01 -2.33531E-13 -5.13026E-13 -3.34464E-13 -5.89798E-13  0.00000E+00  0.00000E+00
  1.230E+02  7.72320E-01 -2.28818E-13 -5.06119E-13 -3.30401E-13 -5.84540E-13  0.00000E+00  0.00000E+00
  1.235E+02  7.75968E-01 -2.24188E-13 -4.99297E-13 -3.26372E-13 -5.79285E-13  0.00000E+00  0.00000E+00
  1.240E+02  7.79596E-01 -2.19641E-13 -4.92561E-13 -3.22377E-13 -5.74033E-13  0.00000E+00  0.00000E+00
  1.245E+02  7.83203E-01 -2.15174E-13 -4.85908E-13 -3.18415E-13 -5.68783E-13  0.00000E+00  0.00000E+00
  1.250E+02  7.86788E-01 -2.10786E-13 -4.79339E-13 -3.14486E-13 -5.63536E-13  0.00000E+00  0.00000E+00
  1.255E+02  7.90351E-01 -2.06476E-13 -4.72853E-13 -3.10589E-13 -5.58292E-13  0.00000E+00  0.00000E+00
  1.260E+02  7.93893E-01 -2.02243E-13 -4.66449E-13 -3.06724E-13 -5.53050E-13  0.00000E+00  0.00000E+00
  1.265E+02  7.97411E-01 -1.98085E-13 -4.60126E-13 -3.02890E-13 -5.47811E-13  0.00000E+00  0.00000E+00
  1.270E+02  8.00908E-01 -1.94001E-13 -4.53884E-13 -2.99087E-13 -5.42575E-13  0.00000E+00  0.00000E+00
  1.275E+02  8.04381E-01 -1.89990E-13 -4.47722E-13 -2.95315E-13 -5.37342E-13  0.00000E+00  0.00000E+00
  1.280E+02  8.07831E-01 -1.86050E-13 -4.41639E-13 -2.91573E-13 -5.32111E-13  0.00000E+00  0.00000E+00
  1.285E+02  8.11257E-01 -1.82180E-13 -4.35635E-13 -2.87860E-13 -5.26883E-13  0.00000E+00  0.00000E+00
  1.290E+02  8.14660E-01 -1.78379E-13 -4.29708E-13 -2.84176E-13 -5.21658E-13  0.00000E+00  0.00000E+00
  1.295E+02  8.18039E-01 -1.74646E-13 -4.23858E-13 -2.80521E-13 -5.16435E-13  0.00000E+00  0.00000E+00
  1.300E+02  8.21394E-01 -1.70980E-13 -4.18085E-13 -2.76894E-13 -5.11215E-13  0.00000E+00  0.00000E+00
  1.305E+02  8.24724E-01 -1.67379E-13 -4.12389E-13 -2.73295E-13 -5.05998E-13  0.00000E+00  0.00000E+00
  1.310E+02  8.28030E-01 -1.63843E-13 -4.06767E-13 -2.69724E-13 -5.00784E-13  0.00000E+00  0.00000E+00
  1.315E+02  8.31310E-01 -1.60371E-13 -4.01220E-13 -2.66179E-13 -4.95573E-13  0.00000E+00  0.00000E+00
  1.320E+02  8.34565E-01 -1.56961E-13 -3.95747E-13 -2.62662E-13 -4.90364E-13  0.00000E+00  0.00000E+00
  1.325E+02  8.37795E-01 -1.53612E-13 -3.90347E-13 -2.59170E-13 -4.85158E-13  0.00000E+00  0.00000E+00
  1.330E+02  8.40999E-01 -1.50323E-13 -3.85020E-13 -2.55704E-13 -4.79955E-13  0.00000E+00  0.00000E+00
  1.335E+02  8.44177E-01 -1.47095E-13 -3.79766E-13 -2.52264E-13 -4.74754E-13  0.00000E+00  0.00000E+00
  1.340E+02  8.47329E-01 -1.43924E-13 -3.74584E-13 -2.48848E-13 -4.69556E-13  0.00000E+00  0.00000E+00
  1.345E+02  8.50455E-01 -1.40812E-13 -3.69473E-13 -2.45458E-13 -4.64361E-13  0.00000E+00  0.00000E+00
  1.350E+02  8.53553E-01 -1.37756E-13 -3.64432E-13 -2.42091E-13 -4.59169E-13  0.00000E+00  0.00000E+00
  1.355E+02  8.56625E-01 -1.34756E-13 -3.59461E-13 -2.38749E-13 -4.53979E-13  0.00000E+00  0.00000E+00
  1.360E+02  8.59670E-01 -1.31810E-13 -3.54560E-13 -2.35430E-13 -4.48792E-13  0.00000E+00  0.00000E+00
  1.365E+02  8.62687E-01 -1.28918E-13 -3.49727E-13 -2.32134E-13 -4.43608E-13  0.00000E+00  0.00000E+00
  1.370E+02  8.65677E-01 -1.26080E-13 -3.44964E-13 -2.28861E-13 -4.38426E-13  0.00000E+00  0.00000E+00
  1.375E+02  8.68639E-01 -1.23294E-13 -3.40268E-13 -2.25611E-13 -4.33247E-13  0.00000E+00  0.00000E+00
  1.380E+02  8.71572E-01 -1.20560E-13 -3.35640E-13 -2.22382E-13 -4.28070E-13  0.00000E+00  0.00000E+00
  1.385E+02  8.74478E-01 -1.17877E-13 -3.31080E-13 -2.19175E-13 -4.22896E-13  0.00000E+00  0.00000E+00
  1.390E+02  8.77355E-01 -1.15243E-13 -3.26585E-13 -2.15990E-13 -4.17725E-13  0.00000E+00  0.00000E+00
  1.395E+02  8.80203E-01 -1.12659E-13 -3.22156E-13 -2.12826E-13 -4.12556E-13  0.00000E+00  0.00000E+00
  1.400E+02  8.83022E-01 -1.10123E-13 -3.17793E-13 -2.09683E-13 -4.07390E-13  0.00000E+00  0.00000E+00
  1.405E+02  8.85812E-01 -1.07635E-13 -3.13495E-13 -2.06560E-13 -4.02226E-13  0.00000E+00  0.00000E+00
  1.410E+02  8.88573E-01 -1.05194E-13 -3.09263E-13 -2.03457E-13 -3.97065E-13  0.00000E+00  0.00000E+00
  1.415E+02  8.91304E-01 -1.02800E-13 -3.05095E-13 -2.00373E-13 -3.91907E-13  0.00000E+00  0.00000E+00
  1.420E+02  8.94005E-01 -1.00452E-13 -3.00990E-13 -1.97310E-13 -3.86750E-13  0.00000E+00  0.00000E+00
  1.425E+02  8.96677E-01 -9.81489E-14 -2.96949E-13 -1.94265E-13 -3.81597E-13  0.00000E+00  0.00000E+00
  1.430E+02  8.99318E-01 -9.58893E-14 -2.92970E-13 -1.91239E-13 -3.76445E-13  0.00000E+00  0.00000E+00
  1.435E+02  9.01928E-01 -9.36732E-14 -2.89054E-13 -1.88231E-13 -3.71297E-13  0.00000E+00  0.00000E+00
  1.440E+02  9.04508E-01 -9.15010E-14 -2.85200E-13 -1.85242E-13 -3.66150E-13  0.00000E+00  0.00000E+00
  1.445E+02  9.07058E-01 -8.93725E-14 -2.81409E-13 -1.82270E-13 -3.61006E-13  0.00000E+00  0.00000E+00
  1.450E+02  9.09576E-01 -8.72858E-14 -2.77680E-13 -1.79316E-13 -3.55864E-13  0.00000E+00  0.00000E+00
  1.455E+02  9.12063E-01 -8.52397E-14 -2.74011E-13 -1.76380E-13 -3.50725E-13  0.00000E+00  0.00000E+00
  1.460E+02  9.14519E-01 -8.32339E-14 -2.70402E-13 -1.73460E-13 -3.45588E-13  0.00000E+00  0.00000E+00
  1.465E+02  9.16943E-01 -8.12686E-14 -2.66853E-13 -1.70556E-13 -3.40453E-13  0.00000E+00  0.00000E+00
  1.470E+02  9.19335E-01 -7.93434E-14 -2.63364E-13 -1.67669E-13 -3.35320E-13  0.00000E+00  0.00000E+00
  1.475E+02  9.21696E-01 -7.74578E-14 -2.59936E-13 -1.64798E-13 -3.30190E-13  0.00000E+00  0.00000E+00
  1.480E+02  9.24024E-01 -7.56111E-14 -2.56567E-13 -1.61943E-13 -3.25062E-13  0.00000E+00  0.00000E+00
  1.485E+02  9.26320E-01 -7.38025E-14 -2.53257E-13 -1.59103E-13 -3.19936E-13  0.00000E+00  0.00000E+00
  1.490E+02  9.28584E-01 -7.20314E-14 -2.50005E-13 -1.56279E-13 -3.14812E-13  0.00000E+00  0.00000E+00
  1.495E+02  9.30815E-01 -7.02974E-14 -2.46812E-13 -1.53469E-13 -3.09690E-13  0.00000E+00  0.00000E+00
  1.500E+02  9.33013E-01 -6.85999E-14 -2.43676E-13 -1.50674E-13 -3.04570E-13  0.00000E+00  0.00000E+00
  1.505E+02  9.35178E-01 -6.69390E-14 -2.40598E-13 -1.47893E-13 -2.99453E-13  0.00000E+00  0.00000E+00
  1.510E+02  9.37310E-01 -6.53141E-14 -2.37577E-13 -1.45126E-13 -2.94337E-13  0.00000E+00  0.00000E+00
  1.515E+02  9.39409E-01 -6.37249E-14 -2.34614E-13 -1.42373E-13 -2.89223E-13  0.00000E+00  0.00000E+00
  1.520E+02  9.41474E-01 -6.21708E-14 -2.31707E-13 -1.39634E-13 -2.84112E-13  0.00000E+00  0.00000E+00
  1.525E+02  9.43505E-01 -6.06511E-14 -2.28857E-13 -1.36907E-13 -2.79002E-13  0.00000E+00  0.00000E+00
  1.530E+02  9.45503E-01 -5.91654E-14 -2.26063E-13 -1.34194E-13 -2.73894E-13  0.00000E+00  0.00000E+00
  1.535E+02  9.47467E-01 -5.77133E-14 -2.23324E-13 -1.31493E-13 -2.68788E-13  0.00000E+00  0.00000E+00
  1.540E+02  9.49397E-01 -5.62946E-14 -2.20642E-13 -1.28805E-13 -2.63684E-13  0.00000E+00  0.00000E+00
  1.545E+02  9.51293E-01 -5.49091E-14 -2.18014E-13 -1.26128E-13 -2.58582E-13  0.00000E+00  0.00000E+00
  1.550E+02  9.53154E-01 -5.35566E-14 -2.15443E-13 -1.23464E-13 -2.53481E-13  0.00000E+00  0.00000E+00
  1.555E+02  9.54981E-01 -5.22365E-14 -2.12926E-13 -1.20811E-13 -2.48383E-13  0.00000E+00  0.00000E+00
  1.560E+02  9.56773E-01 -5.09482E-14 -2.10463E-13 -1.18170E-13 -2.43286E-13  0.00000E+00  0.00000E+00
  1.565E+02  9.58530E-01 -4.96913E-14 -2.08055E-13 -1.15540E-13 -2.38191E-13  0.00000E+00  0.00000E+00
  1.570E+02  9.60252E-01 -4.84654E-14 -2.05701E-13 -1.12920E-13 -2.33097E-13  0.00000E+00  0.00000E+00
  1.575E+02  9.61940E-01 -4.72705E-14 -2.03401E-13 -1.10311E-13 -2.28005E-13  0.00000E+00  0.00000E+00
  1.580E+02  9.63592E-01 -4.61064E-14 -2.01154E-13 -1.07713E-13 -2.22915E-13  0.00000E+00  0.00000E+00
  1.585E+02  9.65209E-01 -4.49729E-14 -1.98962E-13 -1.05125E-13 -2.17826E-13  0.00000E+00  0.00000E+00
  1.590E+02  9.66790E-01 -4.38696E-14 -1.96822E-13 -1.02546E-13 -2.12739E-13  0.00000E+00  0.00000E+00
  1.595E+02  9.68336E-01 -4.27960E-14 -1.94736E-13 -9.99770E-14 -2.07653E-13  0.00000E+00  0.00000E+00
  1.600E+02  9.69846E-01 -4.17517E-14 -1.92703E-13 -9.74174E-14 -2.02569E-13  0.00000E+00  0.00000E+00
  1.605E+02  9.71321E-01 -4.07362E-14 -1.90721E-13 -9.48669E-14 -1.97486E-13  0.00000E+00  0.00000E+00
  1.610E+02  9.72759E-01 -3.97497E-14 -1.88793E-13 -9.23252E-14 -1.92404E-13  0.00000E+00  0.00000E+00
  1.615E+02  9.74162E-01 -3.87919E-14 -1.86916E-13 -8.97922E-14 -1.87324E-13  0.00000E+00  0.00000E+00
  1.620E+02  9.75528E-01 -3.78629E-14 -1.85093E-13 -8.72675E-14 -1.82245E-13  0.00000E+00  0.00000E+00
  1.625E+02  9.76858E-01 -3.69622E-14 -1.83321E-13 -8.47510E-14 -1.77168E-13  0.00000E+00  0.00000E+00
  1.630E+02  9.78152E-01 -3.60895E-14 -1.81601E-13 -8.22424E-14 -1.72092E-13  0.00000E+00  0.00000E+00
  1.635E+02  9.79410E-01 -3.52443E-14 -1.79933E-13 -7.97414E-14 -1.67017E-13  0.00000E+00  0.00000E+00
  1.640E+02  9.80631E-01 -3.44263E-14 -1.78315E-13 -7.72479E-14 -1.61943E-13  0.00000E+00  0.00000E+00
  1.645E+02  9.81815E-01 -3.36355E-14 -1.76749E-13 -7.47615E-14 -1.56870E-13  0.00000E+00  0.00000E+00
  1.650E+02  9.82963E-01 -3.28719E-14 -1.75234E-13 -7.22821E-14 -1.51799E-13  0.00000E+00  0.00000E+00
  1.655E+02  9.84074E-01 -3.21354E-14 -1.73771E-13 -6.98094E-14 -1.46728E-13  0.00000E+00  0.00000E+00
  1.660E+02  9.85148E-01 -3.14260E-14 -1.72358E-13 -6.73432E-14 -1.41659E-13  0.00000E+00  0.00000E+00
  1.665E+02  9.86185E-01 -3.07430E-14 -1.70997E-13 -6.48832E-14 -1.36591E-13  0.00000E+00  0.00000E+00
  1.670E+02  9.87185E-01 -3.00863E-14 -1.69686E-13 -6.24293E-14 -1.31523E-13  0.00000E+00  0.00000E+00
  1.675E+02  9.88148E-01 -2.94553E-14 -1.68425E-13 -5.99811E-14 -1.26457E-13  0.00000E+00  0.00000E+00
  1.680E+02  9.89074E-01 -2.88502E-14 -1.67214E-13 -5.75385E-14 -1.21392E-13  0.00000E+00  0.00000E+00
  1.685E+02  9.89962E-01 -2.82710E-14 -1.66053E-13 -5.51013E-14 -1.16327E-13  0.00000E+00  0.00000E+00
  1.690E+02  9.90814E-01 -2.77178E-14 -1.64943E-13 -5.26691E-14 -1.11263E-13  0.00000E+00  0.00000E+00
  1.695E+02  9.91627E-01 -2.71905E-14 -1.63884E-13 -5.02419E-14 -1.06200E-13  0.00000E+00  0.00000E+00
  1.700E+02  9.92404E-01 -2.66888E-14 -1.62874E-13 -4.78192E-14 -1.01138E-13  0.00000E+00  0.00000E+00
  1.705E+02  9.93143E-01 -2.62121E-14 -1.61914E-13 -4.54011E-14 -9.60766E-14  0.00000E+00  0.00000E+00
  1.710E+02  9.93844E-01 -2.57603E-14 -1.61004E-13 -4.29871E-14 -9.10159E-14  0.00000E+00  0.00000E+00
  1.715E+02  9.94508E-01 -2.53332E-14 -1.60143E-13 -4.05771E-14 -8.59558E-14  0.00000E+00  0.00000E+00
  1.720E+02  9.95134E-01 -2.49311E-14 -1.59331E-13 -3.81708E-14 -8.08963E-14  0.00000E+00  0.00000E+00
  1.725E+02  9.95722E-01 -2.45542E-14 -1.58570E-13 -3.57681E-14 -7.58374E-14  0.00000E+00  0.00000E+00
  1.730E+02  9.96273E-01 -2.42025E-14 -1.57858E-13 -3.33687E-14 -7.07791E-14  0.00000E+00  0.00000E+00
  1.735E+02  9.96786E-01 -2.38756E-14 -1.57196E-13 -3.09723E-14 -6.57213E-14  0.00000E+00  0.00000E+00
  1.740E+02  9.97261E-01 -2.35732E-14 -1.56583E-13 -2.85788E-14 -6.06640E-14  0.00000E+00  0.00000E+00
  1.745E+02  9.97698E-01 -2.32948E-14 -1.56019E-13 -2.61880E-14 -5.56071E-14  0.00000E+00  0.00000E+00
  1.750E+02  9.98097E-01 -2.30405E-14 -1.55503E-13 -2.37996E-14 -5.05506E-14  0.00000E+00  0.00000E+00
  1.755E+02  9.98459E-01 -2.28104E-14 -1.55037E-13 -2.14134E-14 -4.54945E-14  0.00000E+00  0.00000E+00
  1.760E+02  9.98782E-01 -2.26049E-14 -1.54620E-13 -1.90291E-14 -4.04387E-14  0.00000E+00  5.61051E-17
  1.765E+02  9.99067E-01 -2.24244E-14 -1.54253E-13 -1.66466E-14 -3.53832E-14  0.00000E+00  0.00000E+00
  1.770E+02  9.99315E-01 -2.22684E-14 -1.53936E-13 -1.42657E-14 -3.03280E-14  0.00000E+00  0.00000E+00
  1.775E+02  9.99524E-01 -2.21365E-14 -1.53667E-13 -1.18861E-14 -2.52730E-14  0.00000E+00  1.12116E-16
  1.780E+02  9.99695E-01 -2.20282E-14 -1.53447E-13 -9.50755E-15 -2.02182E-14  0.00000E+00  1.68141E-16
  1.785E+02  9.99829E-01 -2.19433E-14 -1.53275E-13 -7.12990E-15 -1.51635E-14  0.00000E+00  1.12077E-16
  1.790E+02  9.99924E-01 -2.18818E-14 -1.53151E-13 -4.75291E-15 -1.01090E-14  8.69322E-17  2.80161E-16
  1.795E+02  9.99981E-01 -2.18446E-14 -1.53076E-13 -2.37635E-15 -5.05447E-15  0.00000E+00  1.73689E-15
  1.800E+02  1.00000E+00 -2.18316E-14 -1.53051E-13 -3.33478E-29 -7.09314E-29  1.07274E-15  1.26207E-12
