 #  Scattering amplitudes (in cm)      MU=(1-cos(TH))/2
 #  Z =  79,   projectile: electron
 #  Kinetic energy = 7.95000E+06 eV
 #
 # TH (deg)      MU          Re(F)        Im(F)        Re(G)        Im(G)        ERRF         ERRG 
 #-----------------------------------------------------------------------------------------------------------------
  0.000E+00  0.00000E+00  1.66163E-06  2.63609E-07  0.00000E+00  0.00000E+00  6.43858E-09  0.00000E+00
  1.000E-04  7.61557E-13  1.66162E-06  2.63609E-07  1.36246E-12  2.16154E-13  6.43556E-09  8.40225E-08
  1.250E-04  1.18994E-12  1.66161E-06  2.63609E-07  1.70307E-12  2.70193E-13  6.43386E-09  8.40116E-08
  1.500E-04  1.71346E-12  1.66160E-06  2.63609E-07  2.04367E-12  3.24231E-13  6.43179E-09  8.39982E-08
  1.750E-04  2.33225E-12  1.66160E-06  2.63608E-07  2.38427E-12  3.78270E-13  6.42933E-09  8.39824E-08
  2.000E-04  3.04617E-12  1.66159E-06  2.63608E-07  2.72487E-12  4.32308E-13  6.42650E-09  8.39641E-08
  2.250E-04  3.85530E-12  1.66158E-06  2.63608E-07  3.06546E-12  4.86346E-13  6.42330E-09  8.39434E-08
  2.500E-04  4.75964E-12  1.66157E-06  2.63608E-07  3.40604E-12  5.40384E-13  6.41972E-09  8.39203E-08
  2.750E-04  5.75917E-12  1.66155E-06  2.63608E-07  3.74662E-12  5.94422E-13  6.41576E-09  8.38948E-08
  3.000E-04  6.85391E-12  1.66154E-06  2.63608E-07  4.08719E-12  6.48460E-13  6.41143E-09  8.38668E-08
  3.250E-04  8.04379E-12  1.66153E-06  2.63607E-07  4.42775E-12  7.02498E-13  6.40672E-09  8.38364E-08
  3.500E-04  9.32893E-12  1.66151E-06  2.63607E-07  4.76830E-12  7.56536E-13  6.40163E-09  8.38036E-08
  3.750E-04  1.07092E-11  1.66149E-06  2.63607E-07  5.10884E-12  8.10573E-13  6.39618E-09  8.37684E-08
  4.000E-04  1.21847E-11  1.66148E-06  2.63607E-07  5.44937E-12  8.64610E-13  6.39035E-09  8.37307E-08
  4.250E-04  1.37554E-11  1.66146E-06  2.63606E-07  5.78989E-12  9.18648E-13  6.38414E-09  8.36906E-08
  4.500E-04  1.54213E-11  1.66144E-06  2.63606E-07  6.13039E-12  9.72685E-13  6.37756E-09  8.36481E-08
  4.750E-04  1.71823E-11  1.66141E-06  2.63606E-07  6.47088E-12  1.02672E-12  6.37061E-09  8.36032E-08
  5.000E-04  1.90386E-11  1.66139E-06  2.63605E-07  6.81136E-12  1.08076E-12  6.36329E-09  8.35559E-08
  5.250E-04  2.09900E-11  1.66137E-06  2.63605E-07  7.15183E-12  1.13479E-12  6.35560E-09  8.35062E-08
  5.500E-04  2.30367E-11  1.66134E-06  2.63605E-07  7.49228E-12  1.18883E-12  6.34754E-09  8.34541E-08
  5.750E-04  2.51785E-11  1.66132E-06  2.63604E-07  7.83271E-12  1.24287E-12  6.33910E-09  8.33996E-08
  6.000E-04  2.74156E-11  1.66129E-06  2.63604E-07  8.17313E-12  1.29690E-12  6.33030E-09  8.33426E-08
  6.250E-04  2.97478E-11  1.66126E-06  2.63603E-07  8.51353E-12  1.35094E-12  6.32113E-09  8.32833E-08
  6.500E-04  3.21752E-11  1.66123E-06  2.63603E-07  8.85391E-12  1.40497E-12  6.31159E-09  8.32216E-08
  6.750E-04  3.46979E-11  1.66120E-06  2.63602E-07  9.19428E-12  1.45901E-12  6.30169E-09  8.31575E-08
  7.000E-04  3.73157E-11  1.66117E-06  2.63602E-07  9.53462E-12  1.51304E-12  6.29142E-09  8.30910E-08
  7.250E-04  4.00286E-11  1.66113E-06  2.63601E-07  9.87495E-12  1.56708E-12  6.28079E-09  8.30222E-08
  7.500E-04  4.28368E-11  1.66110E-06  2.63601E-07  1.02152E-11  1.62111E-12  6.26979E-09  8.29509E-08
  7.750E-04  4.57402E-11  1.66106E-06  2.63600E-07  1.05555E-11  1.67514E-12  6.25842E-09  8.28773E-08
  8.000E-04  4.87388E-11  1.66103E-06  2.63600E-07  1.08958E-11  1.72918E-12  6.24670E-09  8.28013E-08
  8.250E-04  5.18325E-11  1.66099E-06  2.63599E-07  1.12360E-11  1.78321E-12  6.23462E-09  8.27230E-08
  8.500E-04  5.50215E-11  1.66095E-06  2.63599E-07  1.15762E-11  1.83724E-12  6.22217E-09  8.26423E-08
  8.750E-04  5.83057E-11  1.66091E-06  2.63598E-07  1.19164E-11  1.89127E-12  6.20937E-09  8.25592E-08
  9.000E-04  6.16850E-11  1.66087E-06  2.63597E-07  1.22566E-11  1.94530E-12  6.19621E-09  8.24738E-08
  9.250E-04  6.51595E-11  1.66083E-06  2.63597E-07  1.25967E-11  1.99934E-12  6.18269E-09  8.23860E-08
  9.500E-04  6.87293E-11  1.66078E-06  2.63596E-07  1.29368E-11  2.05337E-12  6.16881E-09  8.22959E-08
  9.750E-04  7.23943E-11  1.66074E-06  2.63595E-07  1.32769E-11  2.10740E-12  6.15459E-09  8.22035E-08
  1.000E-03  7.61544E-11  1.66069E-06  2.63595E-07  1.36170E-11  2.16143E-12  6.14000E-09  8.21087E-08
  1.250E-03  1.18991E-10  1.66017E-06  2.63587E-07  1.70158E-11  2.70170E-12  5.97506E-09  8.10340E-08
  1.500E-03  1.71347E-10  1.65952E-06  2.63577E-07  2.04111E-11  3.24192E-12  5.77635E-09  7.97328E-08
  1.750E-03  2.33223E-10  1.65877E-06  2.63565E-07  2.38021E-11  3.78207E-12  5.54559E-09  7.82125E-08
  2.000E-03  3.04617E-10  1.65790E-06  2.63552E-07  2.71881E-11  4.32215E-12  5.28474E-09  7.64816E-08
  2.250E-03  3.85531E-10  1.65691E-06  2.63536E-07  3.05684E-11  4.86214E-12  4.99603E-09  7.45497E-08
  2.500E-03  4.75965E-10  1.65581E-06  2.63519E-07  3.39424E-11  5.40202E-12  4.68190E-09  7.24276E-08
  2.750E-03  5.75917E-10  1.65459E-06  2.63500E-07  3.73092E-11  5.94180E-12  4.34503E-09  7.01269E-08
  3.000E-03  6.85389E-10  1.65326E-06  2.63480E-07  4.06683E-11  6.48146E-12  3.98826E-09  6.76605E-08
  3.250E-03  8.04380E-10  1.65182E-06  2.63457E-07  4.40189E-11  7.02098E-12  3.61459E-09  6.50418E-08
  3.500E-03  9.32891E-10  1.65027E-06  2.63433E-07  4.73605E-11  7.56037E-12  3.22718E-09  6.22851E-08
  3.750E-03  1.07092E-09  1.64861E-06  2.63407E-07  5.06923E-11  8.09959E-12  2.82925E-09  5.94053E-08
  4.000E-03  1.21847E-09  1.64684E-06  2.63380E-07  5.40137E-11  8.63866E-12  2.42412E-09  5.64180E-08
  4.250E-03  1.37554E-09  1.64496E-06  2.63350E-07  5.73240E-11  9.17754E-12  2.01514E-09  5.33392E-08
  4.500E-03  1.54213E-09  1.64297E-06  2.63319E-07  6.06226E-11  9.71625E-12  1.60568E-09  5.01850E-08
  4.750E-03  1.71823E-09  1.64088E-06  2.63286E-07  6.39090E-11  1.02547E-11  1.19908E-09  4.69721E-08
  5.000E-03  1.90386E-09  1.63867E-06  2.63251E-07  6.71824E-11  1.07930E-11  7.98641E-10  4.37172E-08
  5.250E-03  2.09900E-09  1.63637E-06  2.63214E-07  7.04423E-11  1.13311E-11  4.07567E-10  4.04369E-08
  5.500E-03  2.30367E-09  1.63396E-06  2.63176E-07  7.36881E-11  1.18690E-11  2.89639E-11  3.71478E-08
  5.750E-03  2.51785E-09  1.63145E-06  2.63136E-07  7.69193E-11  1.24066E-11  3.34205E-10  3.38664E-08
  6.000E-03  2.74156E-09  1.62884E-06  2.63094E-07  8.01351E-11  1.29439E-11  6.79141E-10  3.06087E-08
  6.250E-03  2.97478E-09  1.62613E-06  2.63050E-07  8.33353E-11  1.34810E-11  1.00324E-09  2.73905E-08
  6.500E-03  3.21752E-09  1.62332E-06  2.63005E-07  8.65190E-11  1.40178E-11  1.30410E-09  2.42270E-08
  6.750E-03  3.46978E-09  1.62042E-06  2.62958E-07  8.96860E-11  1.45544E-11  1.57956E-09  2.11327E-08
  7.000E-03  3.73156E-09  1.61742E-06  2.62909E-07  9.28356E-11  1.50906E-11  1.82773E-09  1.81216E-08
  7.250E-03  4.00286E-09  1.61433E-06  2.62858E-07  9.59673E-11  1.56266E-11  2.04697E-09  1.52068E-08
  7.500E-03  4.28368E-09  1.61114E-06  2.62806E-07  9.90807E-11  1.61622E-11  2.23592E-09  1.24006E-08
  7.750E-03  4.57402E-09  1.60787E-06  2.62751E-07  1.02175E-10  1.66975E-11  2.39354E-09  9.71432E-09
  8.000E-03  4.87388E-09  1.60451E-06  2.62696E-07  1.05251E-10  1.72324E-11  2.51907E-09  7.15838E-09
  8.250E-03  5.18326E-09  1.60105E-06  2.62638E-07  1.08306E-10  1.77671E-11  2.61208E-09  4.74208E-09
  8.500E-03  5.50215E-09  1.59752E-06  2.62579E-07  1.11342E-10  1.83013E-11  2.67243E-09  2.47366E-09
  8.750E-03  5.83057E-09  1.59390E-06  2.62518E-07  1.14357E-10  1.88352E-11  2.70030E-09  3.60228E-10
  9.000E-03  6.16850E-09  1.59020E-06  2.62455E-07  1.17351E-10  1.93687E-11  2.69619E-09  1.59228E-09
  9.250E-03  6.51596E-09  1.58641E-06  2.62390E-07  1.20324E-10  1.99019E-11  2.66087E-09  3.37912E-09
  9.500E-03  6.87293E-09  1.58255E-06  2.62324E-07  1.23275E-10  2.04346E-11  2.59544E-09  4.99672E-09
  9.750E-03  7.23942E-09  1.57861E-06  2.62256E-07  1.26204E-10  2.09669E-11  2.50125E-09  6.44274E-09
  1.000E-02  7.61544E-09  1.57460E-06  2.62187E-07  1.29111E-10  2.14988E-11  2.37991E-09  7.71604E-09
  1.250E-02  1.18991E-08  1.53070E-06  2.61398E-07  1.56890E-10  2.67927E-11  1.76443E-10  1.15008E-08
  1.500E-02  1.71347E-08  1.48123E-06  2.60445E-07  1.82183E-10  3.20341E-11  1.91129E-09  4.13584E-09
  1.750E-02  2.33223E-08  1.42788E-06  2.59334E-07  2.04891E-10  3.72137E-11  1.84819E-09  4.21222E-09
  2.000E-02  3.04617E-08  1.37218E-06  2.58072E-07  2.25027E-10  4.23229E-11  1.26160E-10  6.25452E-09
  2.250E-02  3.85531E-08  1.31541E-06  2.56667E-07  2.42682E-10  4.73540E-11  1.87969E-09  1.98267E-09
  2.500E-02  4.75965E-08  1.25861E-06  2.55126E-07  2.58004E-10  5.22996E-11  1.59660E-09  3.21430E-09
  2.750E-02  5.75917E-08  1.20256E-06  2.53457E-07  2.71166E-10  5.71534E-11  3.83962E-10  4.31405E-09
  3.000E-02  6.85389E-08  1.14784E-06  2.51671E-07  2.82356E-10  6.19098E-11  1.94843E-09  1.01615E-09
  3.250E-02  8.04380E-08  1.09484E-06  2.49775E-07  2.91761E-10  6.65637E-11  1.42530E-09  2.79673E-09
  3.500E-02  9.32891E-08  1.04381E-06  2.47779E-07  2.99560E-10  7.11110E-11  6.45933E-10  3.31904E-09
  3.750E-02  1.07092E-07  9.94908E-07  2.45690E-07  3.05920E-10  7.55482E-11  2.05851E-09  4.39483E-10
  4.000E-02  1.21847E-07  9.48201E-07  2.43519E-07  3.10996E-10  7.98726E-11  1.26871E-09  2.58878E-09
  4.250E-02  1.37554E-07  9.03705E-07  2.41272E-07  3.14927E-10  8.40818E-11  9.26268E-10  2.69665E-09
  4.500E-02  1.54213E-07  8.61393E-07  2.38959E-07  3.17840E-10  8.81742E-11  2.18182E-09  2.86637E-11
  4.750E-02  1.71823E-07  8.21214E-07  2.36587E-07  3.19849E-10  9.21489E-11  1.09732E-09  2.47211E-09
  5.000E-02  1.90386E-07  7.83099E-07  2.34164E-07  3.21056E-10  9.60052E-11  1.22849E-09  2.24787E-09
  5.250E-02  2.09900E-07  7.46965E-07  2.31696E-07  3.21554E-10  9.97431E-11  2.30061E-09  2.98764E-10
  5.500E-02  2.30367E-07  7.12728E-07  2.29190E-07  3.21426E-10  1.03363E-10  8.95148E-10  2.39713E-09
  5.750E-02  2.51785E-07  6.80297E-07  2.26653E-07  3.20746E-10  1.06865E-10  1.55130E-09  1.88757E-09
  6.000E-02  2.74156E-07  6.49583E-07  2.24090E-07  3.19581E-10  1.10250E-10  2.40115E-09  5.78191E-10
  6.250E-02  2.97478E-07  6.20497E-07  2.21507E-07  3.17991E-10  1.13520E-10  6.52642E-10  2.33880E-09
  6.500E-02  3.21752E-07  5.92951E-07  2.18909E-07  3.16029E-10  1.16676E-10  1.89027E-09  1.57409E-09
  6.750E-02  3.46978E-07  5.66863E-07  2.16301E-07  3.13745E-10  1.19721E-10  2.47141E-09  8.25930E-10
  7.000E-02  3.73156E-07  5.42153E-07  2.13687E-07  3.11182E-10  1.22654E-10  3.64219E-10  2.28264E-09
  7.250E-02  4.00286E-07  5.18742E-07  2.11072E-07  3.08379E-10  1.25480E-10  2.23861E-09  1.28535E-09
  7.500E-02  4.28368E-07  4.96559E-07  2.08459E-07  3.05371E-10  1.28200E-10  2.50041E-09  1.04939E-09
  7.750E-02  4.57402E-07  4.75534E-07  2.05851E-07  3.02189E-10  1.30816E-10  2.73946E-11  2.21944E-09
  8.000E-02  4.87388E-07  4.55602E-07  2.03251E-07  2.98862E-10  1.33331E-10  2.58753E-09  1.00928E-09
  8.250E-02  5.18325E-07  4.36698E-07  2.00663E-07  2.95414E-10  1.35746E-10  2.47822E-09  1.25141E-09
  8.500E-02  5.50215E-07  4.18766E-07  1.98089E-07  2.91868E-10  1.38066E-10  3.57515E-10  2.14307E-09
  8.750E-02  5.83057E-07  4.01750E-07  1.95531E-07  2.88243E-10  1.40291E-10  2.92670E-09  7.39531E-10
  9.000E-02  6.16850E-07  3.85596E-07  1.92991E-07  2.84558E-10  1.42425E-10  2.39616E-09  1.43234E-09
  9.250E-02  6.51596E-07  3.70256E-07  1.90471E-07  2.80827E-10  1.44470E-10  7.87549E-10  2.04951E-09
  9.500E-02  6.87293E-07  3.55683E-07  1.87973E-07  2.77065E-10  1.46429E-10  3.24469E-09  4.73226E-10
  9.750E-02  7.23942E-07  3.41833E-07  1.85498E-07  2.73284E-10  1.48304E-10  2.24721E-09  1.59125E-09
  1.000E-01  7.61543E-07  3.28664E-07  1.83048E-07  2.69493E-10  1.50097E-10  1.25726E-09  1.93631E-09
  1.250E-01  1.18991E-06  2.26920E-07  1.60069E-07  2.32584E-10  1.64069E-10  4.06742E-09  5.49907E-10
  1.500E-01  1.71347E-06  1.62145E-07  1.40042E-07  1.99431E-10  1.72251E-10  8.15152E-10  1.96393E-09
  1.750E-01  2.33223E-06  1.18565E-07  1.22805E-07  1.70134E-10  1.76225E-10  5.78619E-09  1.32553E-10
  2.000E-01  3.04617E-06  8.77389E-08  1.07989E-07  1.43885E-10  1.77103E-10  2.78335E-10  1.99158E-09
  2.250E-01  3.85531E-06  6.51060E-08  9.52214E-08  1.20115E-10  1.75685E-10  7.48520E-09  2.83041E-10
  2.500E-01  4.75964E-06  4.80994E-08  8.41845E-08  9.85985E-11  1.72580E-10  2.09572E-09  1.98510E-09
  2.750E-01  5.75916E-06  3.51649E-08  7.46204E-08  7.92919E-11  1.68272E-10  8.98239E-09  7.11510E-10
  3.000E-01  6.85388E-06  2.52772E-08  6.63185E-08  6.21771E-11  1.63147E-10  4.67084E-09  1.91236E-09
  3.250E-01  8.04378E-06  1.77070E-08  5.91027E-08  4.71844E-11  1.57513E-10  9.98166E-09  1.14370E-09
  3.500E-01  9.32888E-06  1.19098E-08  5.28220E-08  3.41763E-11  1.51604E-10  7.92341E-09  1.74752E-09
  3.750E-01  1.07092E-05  7.46942E-09  4.73457E-08  2.29634E-11  1.45593E-10  1.01772E-08  1.55533E-09
  4.000E-01  1.21846E-05  4.06549E-09  4.25601E-08  1.33295E-11  1.39603E-10  1.16594E-08  1.48392E-09
  4.250E-01  1.37553E-05  1.45207E-09  3.83664E-08  5.05479E-12  1.33713E-10  9.33650E-09  1.92048E-09
  4.500E-01  1.54212E-05 -5.58638E-10  3.46798E-08 -2.06740E-12  1.27975E-10  1.56143E-08  1.12939E-09
  4.750E-01  1.71822E-05 -2.10903E-09  3.14272E-08 -8.22109E-12  1.22416E-10  7.31400E-09  2.21731E-09
  5.000E-01  1.90385E-05 -3.30654E-09  2.85470E-08 -1.35637E-11  1.17050E-10  1.94809E-08  6.98700E-10
  5.250E-01  2.09899E-05 -4.23197E-09  2.59869E-08 -1.82259E-11  1.11881E-10  4.04506E-09  2.42824E-09
  5.500E-01  2.30365E-05 -4.94600E-09  2.37026E-08 -2.23142E-11  1.06906E-10  2.29214E-08  2.10100E-10
  5.750E-01  2.51783E-05 -5.49434E-09  2.16573E-08 -2.59140E-11  1.02122E-10  4.51630E-10  2.53927E-09
  6.000E-01  2.74153E-05 -5.91154E-09  1.98197E-08 -2.90934E-11  9.75207E-11  2.55817E-08  3.15468E-10
  6.250E-01  2.97475E-05 -6.22393E-09  1.81636E-08 -3.19068E-11  9.30964E-11  6.06576E-09  2.54028E-09
  6.500E-01  3.21749E-05 -6.45181E-09  1.66669E-08 -3.43977E-11  8.88423E-11  2.71127E-08  8.54710E-10
  6.750E-01  3.46974E-05 -6.61095E-09  1.53107E-08 -3.66016E-11  8.47526E-11  1.25901E-08  2.42577E-09
  7.000E-01  3.73152E-05 -6.71383E-09  1.40791E-08 -3.85478E-11  8.08216E-11  2.71967E-08  1.38266E-09
  7.250E-01  4.00281E-05 -6.77042E-09  1.29582E-08 -4.02610E-11  7.70445E-11  1.97226E-08  2.19553E-09
  7.500E-01  4.28362E-05 -6.78883E-09  1.19364E-08 -4.17626E-11  7.34165E-11  2.55747E-08  1.87378E-09
  7.750E-01  4.57395E-05 -6.77569E-09  1.10033E-08 -4.30712E-11  6.99334E-11  2.70774E-08  1.85505E-09
  8.000E-01  4.87380E-05 -6.73652E-09  1.01499E-08 -4.42037E-11  6.65908E-11  2.20724E-08  2.30325E-09
  8.250E-01  5.18317E-05 -6.67595E-09  9.36842E-09 -4.51753E-11  6.33846E-11  3.42028E-08  1.41543E-09
  8.500E-01  5.50205E-05 -6.59787E-09  8.65188E-09 -4.60001E-11  6.03107E-11  1.66201E-08  2.64828E-09
  8.750E-01  5.83045E-05 -6.50559E-09  7.99414E-09 -4.66909E-11  5.73648E-11  4.06056E-08  8.93061E-10
  9.000E-01  6.16838E-05 -6.40192E-09  7.38971E-09 -4.72598E-11  5.45427E-11  9.26790E-09  2.88930E-09
  9.250E-01  6.51582E-05 -6.28925E-09  6.83370E-09 -4.77180E-11  5.18401E-11  4.57792E-08  3.08867E-10
  9.500E-01  6.87277E-05 -6.16962E-09  6.32174E-09 -4.80757E-11  4.92525E-11  1.93600E-10  3.01104E-09
  9.750E-01  7.23925E-05 -6.04475E-09  5.84987E-09 -4.83425E-11  4.67756E-11  4.92347E-08  3.12537E-10
  1.000E+00  7.61524E-05 -5.91613E-09  5.41455E-09 -4.85273E-11  4.44050E-11  5.21728E-12  6.87399E-12
  1.100E+00  9.21439E-05 -5.38615E-09  3.97923E-09 -4.85993E-11  3.58973E-11  1.15593E-11  8.87020E-13
  1.200E+00  1.09658E-04 -4.86605E-09  2.92126E-09 -4.78991E-11  2.87486E-11  1.36232E-11  2.73456E-12
  1.300E+00  1.28695E-04 -4.38066E-09  2.13096E-09 -4.67159E-11  2.27182E-11  1.27748E-11  4.44062E-12
  1.400E+00  1.49255E-04 -3.93921E-09  1.53337E-09 -4.52408E-11  1.76040E-11  1.01750E-11  4.73572E-12
  1.500E+00  1.71338E-04 -3.54298E-09  1.07670E-09 -4.35979E-11  1.32430E-11  6.77430E-12  4.10267E-12
  1.600E+00  1.94942E-04 -3.18963E-09  7.24643E-10 -4.18676E-11  9.50564E-12  3.30423E-12  2.96507E-12
  1.700E+00  2.20070E-04 -2.87534E-09  4.51371E-10 -4.01021E-11  6.28915E-12  2.82087E-13  1.66403E-12
  1.800E+00  2.46720E-04 -2.59591E-09  2.38208E-10 -3.83357E-11  3.51174E-12  1.98175E-12  4.51798E-13
  1.900E+00  2.74892E-04 -2.34731E-09  7.14336E-11 -3.65913E-11  1.10748E-12  3.36095E-12  5.11408E-13
  2.000E+00  3.04586E-04 -2.12584E-09 -5.91899E-11 -3.48841E-11 -9.77381E-13  3.87742E-12  1.14470E-12
  2.100E+00  3.35803E-04 -1.92823E-09 -1.61406E-10 -3.32244E-11 -2.78727E-12  3.66270E-12  1.43706E-12
  2.200E+00  3.68542E-04 -1.75158E-09 -2.41147E-10 -3.16187E-11 -4.35929E-12  2.91855E-12  1.42763E-12
  2.300E+00  4.02802E-04 -1.59337E-09 -3.03005E-10 -3.00711E-11 -5.72479E-12  1.87267E-12  1.18855E-12
  2.400E+00  4.38585E-04 -1.45143E-09 -3.50570E-10 -2.85840E-11 -6.91041E-12  7.45664E-13  8.08284E-13
  2.500E+00  4.75889E-04 -1.32383E-09 -3.86669E-10 -2.71582E-11 -7.93897E-12  2.75918E-13  3.75434E-13
  2.600E+00  5.14715E-04 -1.20893E-09 -4.13547E-10 -2.57937E-11 -8.83008E-12  1.05787E-12  3.28793E-14
  2.700E+00  5.55063E-04 -1.10526E-09 -4.32994E-10 -2.44896E-11 -9.60072E-12  1.52855E-12  3.58851E-13
  2.800E+00  5.96931E-04 -1.01158E-09 -4.46445E-10 -2.32446E-11 -1.02656E-11  1.67164E-12  5.67534E-13
  2.900E+00  6.40321E-04 -9.26770E-10 -4.55058E-10 -2.20569E-11 -1.08374E-11  1.52506E-12  6.49149E-13
  3.000E+00  6.85233E-04 -8.49863E-10 -4.59769E-10 -2.09246E-11 -1.13273E-11  1.16114E-12  6.13677E-13
  3.100E+00  7.31665E-04 -7.80011E-10 -4.61335E-10 -1.98454E-11 -1.17450E-11  6.72016E-13  4.86126E-13
  3.200E+00  7.79618E-04 -7.16467E-10 -4.60375E-10 -1.88171E-11 -1.20989E-11  1.54110E-13  3.02042E-13
  3.300E+00  8.29092E-04 -6.58571E-10 -4.57391E-10 -1.78375E-11 -1.23965E-11  3.07378E-13  9.94955E-14
  3.400E+00  8.80086E-04 -6.05744E-10 -4.52796E-10 -1.69042E-11 -1.26442E-11  6.49937E-13  8.87837E-14
  3.500E+00  9.32601E-04 -5.57472E-10 -4.46926E-10 -1.60150E-11 -1.28477E-11  8.37699E-13  2.34404E-13
  3.600E+00  9.86636E-04 -5.13302E-10 -4.40058E-10 -1.51677E-11 -1.30122E-11  8.64486E-13  3.22804E-13
  3.700E+00  1.04219E-03 -4.72830E-10 -4.32417E-10 -1.43602E-11 -1.31419E-11  7.49518E-13  3.46934E-13
  3.800E+00  1.09927E-03 -4.35698E-10 -4.24190E-10 -1.35904E-11 -1.32408E-11  5.30319E-13  3.13682E-13
  3.900E+00  1.15786E-03 -4.01590E-10 -4.15529E-10 -1.28563E-11 -1.33123E-11  2.56198E-13  2.35095E-13
  4.000E+00  1.21797E-03 -3.70220E-10 -4.06561E-10 -1.21561E-11 -1.33594E-11  2.27527E-14  1.29819E-13
  4.100E+00  1.27961E-03 -3.41336E-10 -3.97387E-10 -1.14881E-11 -1.33850E-11  2.60952E-13  1.73374E-14
  4.200E+00  1.34276E-03 -3.14712E-10 -3.88092E-10 -1.08504E-11 -1.33913E-11  4.27187E-13  8.33550E-14
  4.300E+00  1.40743E-03 -2.90144E-10 -3.78744E-10 -1.02417E-11 -1.33805E-11  5.03547E-13  1.58663E-13
  4.400E+00  1.47362E-03 -2.67450E-10 -3.69401E-10 -9.66022E-12 -1.33544E-11  4.89794E-13  1.99884E-13
  4.500E+00  1.54133E-03 -2.46468E-10 -3.60106E-10 -9.10470E-12 -1.33149E-11  3.99125E-13  2.04624E-13
  4.600E+00  1.61056E-03 -2.27050E-10 -3.50898E-10 -8.57375E-12 -1.32633E-11  2.54789E-13  1.76870E-13
  4.700E+00  1.68131E-03 -2.09063E-10 -3.41806E-10 -8.06613E-12 -1.32011E-11  8.66935E-14  1.24204E-13
  4.800E+00  1.75357E-03 -1.92388E-10 -3.32852E-10 -7.58063E-12 -1.31294E-11  7.58303E-14  5.82032E-14
  4.900E+00  1.82735E-03 -1.76916E-10 -3.24055E-10 -7.11613E-12 -1.30493E-11  2.07293E-13  1.00041E-14
  5.000E+00  1.90265E-03 -1.62550E-10 -3.15430E-10 -6.67158E-12 -1.29618E-11  2.90593E-13  6.89360E-14
  5.100E+00  1.97947E-03 -1.49200E-10 -3.06987E-10 -6.24599E-12 -1.28678E-11  3.17450E-13  1.10918E-13
  5.200E+00  2.05780E-03 -1.36786E-10 -2.98734E-10 -5.83840E-12 -1.27680E-11  2.90301E-13  1.31006E-13
  5.300E+00  2.13765E-03 -1.25235E-10 -2.90676E-10 -5.44795E-12 -1.26631E-11  2.19169E-13  1.28322E-13
  5.400E+00  2.21902E-03 -1.14480E-10 -2.82817E-10 -5.07379E-12 -1.25538E-11  1.20366E-13  1.06021E-13
  5.500E+00  2.30190E-03 -1.04459E-10 -2.75158E-10 -4.71515E-12 -1.24407E-11  1.26193E-14  6.90348E-14
  5.600E+00  2.38630E-03 -9.51185E-11 -2.67701E-10 -4.37126E-12 -1.23242E-11  8.58041E-14  2.48728E-14
  5.700E+00  2.47222E-03 -8.64063E-11 -2.60443E-10 -4.04145E-12 -1.22048E-11  1.60066E-13  1.86343E-14
  5.800E+00  2.55965E-03 -7.82765E-11 -2.53385E-10 -3.72504E-12 -1.20830E-11  2.00732E-13  5.52338E-14
  5.900E+00  2.64859E-03 -7.06865E-11 -2.46522E-10 -3.42142E-12 -1.19590E-11  2.04730E-13  7.95748E-14
  6.000E+00  2.73905E-03 -6.35973E-11 -2.39854E-10 -3.12999E-12 -1.18334E-11  1.75197E-13  8.90862E-14
  6.100E+00  2.83103E-03 -5.69730E-11 -2.33375E-10 -2.85019E-12 -1.17062E-11  1.20221E-13  8.37388E-14
  6.200E+00  2.92452E-03 -5.07810E-11 -2.27083E-10 -2.58150E-12 -1.15780E-11  5.13438E-14  6.57933E-14
  6.300E+00  3.01952E-03 -4.49908E-11 -2.20973E-10 -2.32342E-12 -1.14488E-11  1.91776E-14  3.91079E-14
  6.400E+00  3.11604E-03 -3.95746E-11 -2.15041E-10 -2.07547E-12 -1.13189E-11  7.95680E-14  8.66375E-15
  6.500E+00  3.21407E-03 -3.45069E-11 -2.09283E-10 -1.83721E-12 -1.11885E-11  1.21109E-13  2.03405E-14
  6.600E+00  3.31362E-03 -2.97639E-11 -2.03695E-10 -1.60821E-12 -1.10579E-11  1.39091E-13  4.36952E-14
  6.700E+00  3.41468E-03 -2.53235E-11 -1.98271E-10 -1.38808E-12 -1.09272E-11  1.32627E-13  5.80861E-14
  6.800E+00  3.51725E-03 -2.11661E-11 -1.93007E-10 -1.17642E-12 -1.07964E-11  1.05345E-13  6.21231E-14
  6.900E+00  3.62133E-03 -1.72724E-11 -1.87899E-10 -9.72878E-13 -1.06659E-11  6.35262E-14  5.61315E-14
  7.000E+00  3.72692E-03 -1.36253E-11 -1.82942E-10 -7.77111E-13 -1.05356E-11  1.54057E-14  4.18077E-14
  7.100E+00  3.83403E-03 -1.02092E-11 -1.78132E-10 -5.88791E-13 -1.04057E-11  3.07348E-14  2.21278E-14
  7.200E+00  3.94265E-03 -7.00825E-12 -1.73464E-10 -4.07607E-13 -1.02763E-11  6.74897E-14  6.45164E-16
  7.300E+00  4.05278E-03 -4.00970E-12 -1.68934E-10 -2.33264E-13 -1.01475E-11  8.98530E-14  1.91495E-14
  7.400E+00  4.16442E-03 -1.20015E-12 -1.64538E-10 -6.54812E-14 -1.00194E-11  9.55169E-14  3.43190E-14
  7.500E+00  4.27757E-03  1.43236E-12 -1.60271E-10  9.60089E-14 -9.89205E-12  8.51215E-14  4.28851E-14
  7.600E+00  4.39223E-03  3.89843E-12 -1.56129E-10  2.51460E-13 -9.76548E-12  6.18408E-14  4.40360E-14
  7.700E+00  4.50840E-03  6.20888E-12 -1.52109E-10  4.01115E-13 -9.63977E-12  3.06520E-14  3.82272E-14
  7.800E+00  4.62608E-03  8.37307E-12 -1.48206E-10  5.45204E-13 -9.51498E-12  2.62352E-15  2.68777E-14
  7.900E+00  4.74527E-03  1.03999E-11 -1.44417E-10  6.83947E-13 -9.39116E-12  3.24688E-14  1.22241E-14
  8.000E+00  4.86597E-03  1.22979E-11 -1.40738E-10  8.17556E-13 -9.26833E-12  5.42380E-14  3.17451E-15
  8.100E+00  4.98817E-03  1.40747E-11 -1.37166E-10  9.46228E-13 -9.14654E-12  6.51805E-14  1.69287E-14
  8.200E+00  5.11188E-03  1.57377E-11 -1.33697E-10  1.07016E-12 -9.02582E-12  6.45253E-14  2.68961E-14
  8.300E+00  5.23711E-03  1.72936E-11 -1.30327E-10  1.18952E-12 -8.90619E-12  5.34518E-14  3.19170E-14
  8.400E+00  5.36383E-03  1.87487E-11 -1.27054E-10  1.30450E-12 -8.78767E-12  3.45913E-14  3.15821E-14
  8.500E+00  5.49207E-03  2.01091E-11 -1.23875E-10  1.41526E-12 -8.67030E-12  1.18968E-14  2.63310E-14
  8.600E+00  5.62181E-03  2.13803E-11 -1.20786E-10  1.52195E-12 -8.55408E-12  1.05504E-14  1.73534E-14
  8.700E+00  5.75306E-03  2.25675E-11 -1.17784E-10  1.62474E-12 -8.43903E-12  2.93957E-14  6.36870E-15
  8.800E+00  5.88581E-03  2.36756E-11 -1.14867E-10  1.72376E-12 -8.32515E-12  4.16118E-14  4.69291E-15
  8.900E+00  6.02007E-03  2.47091E-11 -1.12032E-10  1.81915E-12 -8.21247E-12  4.59860E-14  1.42530E-14
  9.000E+00  6.15583E-03  2.56723E-11 -1.09276E-10  1.91105E-12 -8.10098E-12  4.24134E-14  2.11196E-14
  9.100E+00  6.29310E-03  2.65694E-11 -1.06597E-10  1.99959E-12 -7.99069E-12  3.22273E-14  2.39047E-14
  9.200E+00  6.43187E-03  2.74039E-11 -1.03992E-10  2.08488E-12 -7.88161E-12  1.76943E-14  2.28419E-14
  9.300E+00  6.57214E-03  2.81796E-11 -1.01459E-10  2.16705E-12 -7.77373E-12  1.66304E-15  1.82480E-14
  9.400E+00  6.71392E-03  2.88997E-11 -9.89961E-11  2.24620E-12 -7.66706E-12  1.31374E-14  1.11804E-14
  9.500E+00  6.85720E-03  2.95673E-11 -9.66002E-11  2.32245E-12 -7.56159E-12  2.44744E-14  2.85915E-15
  9.600E+00  7.00198E-03  3.01855E-11 -9.42695E-11  2.39590E-12 -7.45732E-12  3.07103E-14  5.23128E-15
  9.700E+00  7.14827E-03  3.07570E-11 -9.20021E-11  2.46664E-12 -7.35425E-12  3.13102E-14  1.17896E-14
  9.800E+00  7.29605E-03  3.12843E-11 -8.97958E-11  2.53477E-12 -7.25238E-12  2.67867E-14  1.62651E-14
  9.900E+00  7.44534E-03  3.17700E-11 -8.76488E-11  2.60039E-12 -7.15169E-12  1.83222E-14  1.78692E-14
  1.000E+01  7.59612E-03  3.22164E-11 -8.55593E-11  2.66357E-12 -7.05219E-12  7.70028E-15  1.64401E-14
  1.025E+01  7.97965E-03  3.31743E-11 -8.05750E-11  2.81144E-12 -6.80856E-12  1.61065E-14  4.14493E-15
  1.050E+01  8.37255E-03  3.39305E-11 -7.59123E-11  2.94586E-12 -6.57216E-12  2.03303E-14  9.75805E-15
  1.075E+01  8.77480E-03  3.45117E-11 -7.15471E-11  3.06793E-12 -6.34283E-12  5.86274E-15  1.30030E-14
  1.100E+01  9.18641E-03  3.49409E-11 -6.74573E-11  3.17867E-12 -6.12042E-12  1.03125E-14  4.50037E-15
  1.125E+01  9.60736E-03  3.52382E-11 -6.36227E-11  3.27898E-12 -5.90476E-12  1.33540E-14  6.31210E-15
  1.150E+01  1.00376E-02  3.54210E-11 -6.00247E-11  3.36969E-12 -5.69567E-12  4.06918E-15  9.96793E-15
  1.175E+01  1.04773E-02  3.55044E-11 -5.66464E-11  3.45158E-12 -5.49297E-12  6.33680E-15  4.72645E-15
  1.200E+01  1.09262E-02  3.55018E-11 -5.34722E-11  3.52531E-12 -5.29648E-12  8.40894E-15  3.98752E-15
  1.225E+01  1.13844E-02  3.54246E-11 -5.04876E-11  3.59154E-12 -5.10600E-12  2.59343E-15  7.93439E-15
  1.250E+01  1.18520E-02  3.52829E-11 -4.76796E-11  3.65083E-12 -4.92137E-12  3.69853E-15  4.50837E-15
  1.275E+01  1.23288E-02  3.50856E-11 -4.50359E-11  3.70371E-12 -4.74238E-12  4.77794E-15  2.29833E-15
  1.300E+01  1.28150E-02  3.48405E-11 -4.25455E-11  3.75067E-12 -4.56887E-12  1.24084E-15  5.71272E-15
  1.325E+01  1.33104E-02  3.45544E-11 -4.01979E-11  3.79215E-12 -4.40065E-12  1.90914E-15  4.11764E-15
  1.350E+01  1.38150E-02  3.42331E-11 -3.79837E-11  3.82856E-12 -4.23755E-12  1.95199E-15  8.40008E-16
  1.375E+01  1.43290E-02  3.38820E-11 -3.58941E-11  3.86028E-12 -4.07940E-12  0.00000E+00  4.04203E-15
  1.400E+01  1.48521E-02  3.35058E-11 -3.39210E-11  3.88765E-12 -3.92605E-12  7.45824E-16  3.55887E-15
  1.425E+01  1.53845E-02  3.31083E-11 -3.20568E-11  3.91100E-12 -3.77732E-12  4.10937E-16  1.07168E-16
  1.450E+01  1.59262E-02  3.26933E-11 -3.02947E-11  3.93061E-12 -3.63306E-12  4.95600E-16  2.68663E-15
  1.475E+01  1.64770E-02  3.22638E-11 -2.86281E-11  3.94676E-12 -3.49312E-12  9.56900E-17  2.79137E-15
  1.500E+01  1.70371E-02  3.18226E-11 -2.70512E-11  3.95969E-12 -3.35736E-12  1.01675E-15  8.66108E-16
  1.525E+01  1.76063E-02  3.13721E-11 -2.55583E-11  3.96965E-12 -3.22563E-12  1.16135E-15  1.85895E-15
  1.550E+01  1.81848E-02  3.09145E-11 -2.41444E-11  3.97684E-12 -3.09780E-12  5.18329E-16  2.42517E-15
  1.575E+01  1.87724E-02  3.04517E-11 -2.28046E-11  3.98146E-12 -2.97373E-12  2.00598E-15  8.68443E-16
  1.600E+01  1.93692E-02  2.99852E-11 -2.15346E-11  3.98371E-12 -2.85331E-12  1.61818E-15  1.34413E-15
  1.625E+01  1.99751E-02  2.95166E-11 -2.03301E-11  3.98374E-12 -2.73640E-12  6.26874E-16  2.27650E-15
  1.650E+01  2.05901E-02  2.90471E-11 -1.91873E-11  3.98172E-12 -2.62289E-12  2.42964E-15  9.44673E-16
  1.675E+01  2.12143E-02  2.85779E-11 -1.81027E-11  3.97779E-12 -2.51267E-12  2.06088E-15  9.15103E-16
  1.700E+01  2.18476E-02  2.81098E-11 -1.70728E-11  3.97210E-12 -2.40562E-12  8.56589E-16  1.33027E-15
  1.725E+01  2.24900E-02  2.76438E-11 -1.60945E-11  3.96476E-12 -2.30165E-12  2.77037E-15  1.00314E-15
  1.750E+01  2.31415E-02  2.71806E-11 -1.51650E-11  3.95591E-12 -2.20064E-12  2.15129E-15  2.77995E-16
  1.775E+01  2.38021E-02  2.67208E-11 -1.42815E-11  3.94564E-12 -2.10250E-12  6.52828E-16  9.44115E-16
  1.800E+01  2.44717E-02  2.62649E-11 -1.34414E-11  3.93406E-12 -2.00714E-12  2.53678E-15  1.44015E-15
  1.825E+01  2.51504E-02  2.58135E-11 -1.26423E-11  3.92126E-12 -1.91447E-12  2.34207E-15  3.81410E-16
  1.850E+01  2.58382E-02  2.53670E-11 -1.18820E-11  3.90735E-12 -1.82439E-12  5.99205E-16  4.94023E-16
  1.875E+01  2.65349E-02  2.49257E-11 -1.11584E-11  3.89239E-12 -1.73683E-12  2.79728E-15  1.32024E-15
  1.900E+01  2.72407E-02  2.44898E-11 -1.04695E-11  3.87646E-12 -1.65170E-12  2.26793E-15  3.50031E-16
  1.925E+01  2.79555E-02  2.40597E-11 -9.81350E-12  3.85965E-12 -1.56893E-12  5.51822E-16  5.67321E-16
  1.950E+01  2.86793E-02  2.36356E-11 -9.18863E-12  3.84201E-12 -1.48844E-12  2.47135E-15  8.83013E-16
  1.975E+01  2.94120E-02  2.32176E-11 -8.59328E-12  3.82361E-12 -1.41015E-12  2.30224E-15  5.37040E-16
  2.000E+01  3.01537E-02  2.28057E-11 -8.02590E-12  3.80451E-12 -1.33401E-12  0.00000E+00  2.09105E-16
  2.025E+01  3.09043E-02  2.24003E-11 -7.48506E-12  3.78477E-12 -1.25993E-12  2.18583E-15  6.10824E-16
  2.050E+01  3.16639E-02  2.20012E-11 -6.96940E-12  3.76443E-12 -1.18786E-12  1.74343E-15  3.96631E-16
  2.075E+01  3.24324E-02  2.16086E-11 -6.47763E-12  3.74354E-12 -1.11774E-12  5.66698E-16  3.86436E-16
  2.100E+01  3.32098E-02  2.12226E-11 -6.00857E-12  3.72216E-12 -1.04950E-12  2.02685E-15  7.53220E-16
  2.125E+01  3.39961E-02  2.08430E-11 -5.56107E-12  3.70031E-12 -9.83085E-13  1.79784E-15  3.67138E-16
  2.150E+01  3.47912E-02  2.04699E-11 -5.13407E-12  3.67805E-12 -9.18443E-13  1.75468E-16  1.79001E-16
  2.175E+01  3.55952E-02  2.01034E-11 -4.72654E-12  3.65541E-12 -8.55518E-13  2.05564E-15  3.49187E-16
  2.200E+01  3.64081E-02  1.97432E-11 -4.33756E-12  3.63242E-12 -7.94258E-13  1.84011E-15  1.19237E-15
  2.225E+01  3.72297E-02  1.93896E-11 -3.96620E-12  3.60912E-12 -7.34614E-13  0.00000E+00  4.98693E-16
  2.250E+01  3.80602E-02  1.90423E-11 -3.61163E-12  3.58553E-12 -6.76537E-13  1.91579E-15  1.62263E-16
  2.275E+01  3.88995E-02  1.87013E-11 -3.27304E-12  3.56169E-12 -6.19980E-13  1.71626E-15  7.92140E-16
  2.300E+01  3.97476E-02  1.83665E-11 -2.94968E-12  3.53762E-12 -5.64900E-13  1.52519E-16  9.28326E-16
  2.325E+01  4.06044E-02  1.80380E-11 -2.64082E-12  3.51335E-12 -5.11252E-13  1.49129E-15  3.02273E-16
  2.350E+01  4.14700E-02  1.77156E-11 -2.34578E-12  3.48890E-12 -4.58995E-13  1.02095E-15  7.38344E-16
  2.375E+01  4.23443E-02  1.73992E-11 -2.06392E-12  3.46430E-12 -4.08088E-13  1.42675E-16  5.77254E-16
  2.400E+01  4.32273E-02  1.70887E-11 -1.79463E-12  3.43955E-12 -3.58494E-13  1.25643E-15  1.41065E-16
  2.425E+01  4.41190E-02  1.67841E-11 -1.53733E-12  3.41470E-12 -3.10173E-13  8.19763E-16  5.51682E-16
  2.450E+01  4.50194E-02  1.64853E-11 -1.29147E-12  3.38974E-12 -2.63090E-13  1.33745E-16  6.74371E-16
  2.475E+01  4.59284E-02  1.61922E-11 -1.05654E-12  3.36471E-12 -2.17210E-13  9.16660E-16  0.00000E+00
  2.500E+01  4.68461E-02  1.59047E-11 -8.32027E-13  3.33960E-12 -1.72499E-13  5.12975E-16  5.16249E-16
  2.550E+01  4.87074E-02  1.53460E-11 -4.12434E-13  3.28927E-12 -8.64526E-14  7.38435E-16  1.23600E-16
  2.600E+01  5.06030E-02  1.48085E-11 -2.92294E-14  3.23884E-12 -4.70251E-15  1.18205E-16  7.10759E-16
  2.650E+01  5.25328E-02  1.42915E-11  3.20724E-13  3.18842E-12  7.29844E-14  2.27239E-16  4.54473E-16
  2.700E+01  5.44967E-02  1.37942E-11  6.40256E-13  3.13809E-12  1.46826E-13  2.18587E-16  2.18106E-16
  2.750E+01  5.64946E-02  1.33159E-11  9.31936E-13  3.08792E-12  2.17027E-13  2.10419E-16  6.28461E-16
  2.800E+01  5.85262E-02  1.28559E-11  1.19810E-12  3.03798E-12  2.83777E-13  4.05398E-16  8.05375E-16
  2.850E+01  6.05914E-02  1.24133E-11  1.44085E-12  2.98833E-12  3.47257E-13  3.90793E-16  3.87285E-16
  2.900E+01  6.26901E-02  1.19875E-11  1.66212E-12  2.93902E-12  4.07634E-13  1.88482E-16  7.45408E-16
  2.950E+01  6.48222E-02  1.15779E-11  1.86366E-12  2.89008E-12  4.65068E-13  0.00000E+00  3.58890E-16
  3.000E+01  6.69873E-02  1.11837E-11  2.04706E-12  2.84156E-12  5.19705E-13  0.00000E+00  1.72896E-16
  3.050E+01  6.91854E-02  1.08044E-11  2.21376E-12  2.79349E-12  5.71686E-13  1.69813E-16  0.00000E+00
  3.100E+01  7.14163E-02  1.04393E-11  2.36509E-12  2.74589E-12  6.21142E-13  3.28417E-16  1.60778E-16
  3.150E+01  7.36799E-02  1.00879E-11  2.50227E-12  2.69879E-12  6.68197E-13  1.58880E-16  0.00000E+00
  3.200E+01  7.59760E-02  9.74949E-12  2.62642E-12  2.65221E-12  7.12968E-13  3.07620E-16  0.00000E+00
  3.250E+01  7.83043E-02  9.42366E-12  2.73854E-12  2.60617E-12  7.55563E-13  2.97965E-16  1.44750E-16
  3.300E+01  8.06647E-02  9.10985E-12  2.83958E-12  2.56068E-12  7.96088E-13  2.88767E-16  1.39911E-16
  3.350E+01  8.30571E-02  8.80756E-12  2.93037E-12  2.51575E-12  8.34639E-13  0.00000E+00  1.35299E-16
  3.400E+01  8.54812E-02  8.51631E-12  3.01171E-12  2.47139E-12  8.71309E-13  1.35816E-16  0.00000E+00
  3.450E+01  8.79369E-02  8.23566E-12  3.08431E-12  2.42761E-12  9.06186E-13  0.00000E+00  1.26701E-16
  3.500E+01  9.04240E-02  7.96516E-12  3.14885E-12  2.38441E-12  9.39351E-13  1.28008E-16  1.22692E-16
  3.550E+01  9.29422E-02  7.70439E-12  3.20593E-12  2.34180E-12  9.70883E-13  4.97450E-16  1.18860E-16
  3.600E+01  9.54915E-02  7.45296E-12  3.25613E-12  2.29978E-12  1.00086E-12  1.20876E-16  0.00000E+00
  3.650E+01  9.80716E-02  7.21048E-12  3.29994E-12  2.25835E-12  1.02934E-12  2.35081E-16  1.11692E-16
  3.700E+01  1.00682E-01  6.97660E-12  3.33786E-12  2.21752E-12  1.05640E-12  3.43040E-16  2.16675E-16
  3.750E+01  1.03323E-01  6.75097E-12  3.37032E-12  2.17727E-12  1.08210E-12  0.00000E+00  1.05125E-16
  3.800E+01  1.05995E-01  6.53325E-12  3.39773E-12  2.13761E-12  1.10650E-12  1.08356E-16  1.02046E-16
  3.850E+01  1.08696E-01  6.32313E-12  3.42048E-12  2.09854E-12  1.12966E-12  1.05545E-16  9.90946E-17
  3.900E+01  1.11427E-01  6.12031E-12  3.43890E-12  2.06005E-12  1.15163E-12  1.02848E-16  1.92527E-16
  3.950E+01  1.14188E-01  5.92448E-12  3.45333E-12  2.02214E-12  1.17246E-12  1.00260E-16  3.74187E-16
  4.000E+01  1.16978E-01  5.73539E-12  3.46407E-12  1.98481E-12  1.19219E-12  1.95550E-16  0.00000E+00
  4.050E+01  1.19797E-01  5.55275E-12  3.47138E-12  1.94804E-12  1.21089E-12  2.86164E-16  0.00000E+00
  4.100E+01  1.22645E-01  5.37633E-12  3.47553E-12  1.91185E-12  1.22858E-12  0.00000E+00  1.72051E-16
  4.150E+01  1.25522E-01  5.20588E-12  3.47675E-12  1.87621E-12  1.24532E-12  7.27108E-16  0.00000E+00
  4.200E+01  1.28428E-01  5.04117E-12  3.47526E-12  1.84112E-12  1.26113E-12  0.00000E+00  0.00000E+00
  4.250E+01  1.31361E-01  4.88198E-12  3.47127E-12  1.80658E-12  1.27607E-12  0.00000E+00  3.17367E-16
  4.300E+01  1.34323E-01  4.72809E-12  3.46498E-12  1.77259E-12  1.29016E-12  5.08567E-16  1.54559E-16
  4.350E+01  1.37313E-01  4.57930E-12  3.45656E-12  1.73912E-12  1.30344E-12  1.65739E-16  0.00000E+00
  4.400E+01  1.40330E-01  4.43543E-12  3.44618E-12  1.70619E-12  1.31594E-12  1.62094E-16  1.46761E-16
  4.450E+01  1.43375E-01  4.29629E-12  3.43397E-12  1.67378E-12  1.32770E-12  0.00000E+00  2.86147E-16
  4.500E+01  1.46447E-01  4.16170E-12  3.42009E-12  1.64188E-12  1.33874E-12  1.55195E-16  1.39518E-16
  4.550E+01  1.49545E-01  4.03149E-12  3.40467E-12  1.61049E-12  1.34909E-12  3.03860E-16  1.36089E-16
  4.600E+01  1.52671E-01  3.90550E-12  3.38784E-12  1.57961E-12  1.35878E-12  0.00000E+00  1.32781E-16
  4.650E+01  1.55823E-01  3.78358E-12  3.36971E-12  1.54921E-12  1.36784E-12  0.00000E+00  1.29588E-16
  4.700E+01  1.59001E-01  3.66556E-12  3.35038E-12  1.51931E-12  1.37629E-12  2.85617E-16  1.26505E-16
  4.750E+01  1.62205E-01  3.55133E-12  3.32996E-12  1.48988E-12  1.38415E-12  1.39976E-16  1.23528E-16
  4.800E+01  1.65435E-01  3.44073E-12  3.30854E-12  1.46093E-12  1.39144E-12  0.00000E+00  1.20651E-16
  4.850E+01  1.68690E-01  3.33364E-12  3.28620E-12  1.43244E-12  1.39820E-12  1.34598E-16  0.00000E+00
  4.900E+01  1.71970E-01  3.22994E-12  3.26302E-12  1.40442E-12  1.40444E-12  1.32045E-16  1.15183E-16
  4.950E+01  1.75276E-01  3.12949E-12  3.23908E-12  1.37684E-12  1.41017E-12  1.29576E-16  1.12584E-16
  5.000E+01  1.78606E-01  3.03219E-12  3.21446E-12  1.34971E-12  1.41542E-12  1.27190E-16  1.10070E-16
  5.050E+01  1.81961E-01  2.93792E-12  3.18922E-12  1.32302E-12  1.42021E-12  1.24881E-16  1.07637E-16
  5.100E+01  1.85340E-01  2.84659E-12  3.16341E-12  1.29676E-12  1.42456E-12  1.22648E-16  1.05282E-16
  5.150E+01  1.88743E-01  2.75809E-12  3.13709E-12  1.27093E-12  1.42847E-12  1.20488E-16  1.03002E-16
  5.200E+01  1.92169E-01  2.67231E-12  3.11032E-12  1.24552E-12  1.43197E-12  0.00000E+00  0.00000E+00
  5.250E+01  1.95619E-01  2.58918E-12  3.08314E-12  1.22052E-12  1.43507E-12  0.00000E+00  1.97308E-16
  5.300E+01  1.99092E-01  2.50859E-12  3.05560E-12  1.19592E-12  1.43780E-12  1.14413E-16  9.65811E-17
  5.350E+01  2.02589E-01  2.43046E-12  3.02776E-12  1.17173E-12  1.44015E-12  0.00000E+00  0.00000E+00
  5.400E+01  2.06107E-01  2.35471E-12  2.99964E-12  1.14792E-12  1.44215E-12  0.00000E+00  2.77871E-16
  5.450E+01  2.09649E-01  2.28125E-12  2.97128E-12  1.12451E-12  1.44380E-12  1.08895E-16  1.81468E-16
  5.500E+01  2.13212E-01  2.21002E-12  2.94272E-12  1.10147E-12  1.44513E-12  0.00000E+00  0.00000E+00
  5.550E+01  2.16797E-01  2.14093E-12  2.91398E-12  1.07881E-12  1.44614E-12  0.00000E+00  3.48492E-16
  5.600E+01  2.20404E-01  2.07392E-12  2.88511E-12  1.05652E-12  1.44684E-12  0.00000E+00  2.56192E-16
  5.650E+01  2.24032E-01  2.00892E-12  2.85613E-12  1.03460E-12  1.44725E-12  0.00000E+00  8.37217E-17
  5.700E+01  2.27680E-01  1.94586E-12  2.82706E-12  1.01302E-12  1.44738E-12  0.00000E+00  3.28379E-16
  5.750E+01  2.31350E-01  1.88468E-12  2.79794E-12  9.91806E-13  1.44723E-12  9.92982E-17  1.61030E-16
  5.800E+01  2.35040E-01  1.82531E-12  2.76878E-12  9.70933E-13  1.44682E-12  0.00000E+00  0.00000E+00
  5.850E+01  2.38751E-01  1.76771E-12  2.73960E-12  9.50401E-13  1.44616E-12  0.00000E+00  1.54977E-16
  5.900E+01  2.42481E-01  1.71181E-12  2.71043E-12  9.30203E-13  1.44525E-12  9.51216E-17  7.60388E-17
  5.950E+01  2.46231E-01  1.65755E-12  2.68127E-12  9.10336E-13  1.44410E-12  9.38113E-17  0.00000E+00
  6.000E+01  2.50000E-01  1.60490E-12  2.65216E-12  8.90793E-13  1.44273E-12  0.00000E+00  1.46519E-16
  6.050E+01  2.53788E-01  1.55379E-12  2.62311E-12  8.71569E-13  1.44114E-12  1.82610E-16  7.19271E-17
  6.100E+01  2.57595E-01  1.50417E-12  2.59413E-12  8.52660E-13  1.43934E-12  9.01067E-17  0.00000E+00
  6.150E+01  2.61421E-01  1.45601E-12  2.56523E-12  8.34060E-13  1.43733E-12  0.00000E+00  1.38740E-16
  6.200E+01  2.65264E-01  1.40925E-12  2.53643E-12  8.15765E-13  1.43513E-12  8.78137E-17  6.81428E-17
  6.250E+01  2.69126E-01  1.36385E-12  2.50773E-12  7.97769E-13  1.43274E-12  1.73434E-16  0.00000E+00
  6.300E+01  2.73005E-01  1.31978E-12  2.47916E-12  7.80068E-13  1.43017E-12  8.56518E-17  6.57857E-17
  6.350E+01  2.76901E-01  1.27698E-12  2.45071E-12  7.62658E-13  1.42742E-12  8.46175E-17  6.46535E-17
  6.400E+01  2.80814E-01  1.23542E-12  2.42241E-12  7.45533E-13  1.42450E-12  8.36128E-17  0.00000E+00
  6.450E+01  2.84744E-01  1.19506E-12  2.39426E-12  7.28689E-13  1.42142E-12  8.26370E-17  0.00000E+00
  6.500E+01  2.88691E-01  1.15587E-12  2.36627E-12  7.12123E-13  1.41818E-12  8.16892E-17  0.00000E+00
  6.550E+01  2.92653E-01  1.11781E-12  2.33843E-12  6.95828E-13  1.41478E-12  0.00000E+00  0.00000E+00
  6.600E+01  2.96632E-01  1.08084E-12  2.31077E-12  6.79802E-13  1.41125E-12  7.98742E-17  1.18834E-16
  6.650E+01  3.00625E-01  1.04494E-12  2.28328E-12  6.64041E-13  1.40757E-12  1.58011E-16  0.00000E+00
  6.700E+01  3.04634E-01  1.01007E-12  2.25598E-12  6.48539E-13  1.40375E-12  0.00000E+00  0.00000E+00
  6.750E+01  3.08658E-01  9.76206E-13  2.22886E-12  6.33293E-13  1.39981E-12  7.73420E-17  5.65831E-17
  6.800E+01  3.12697E-01  9.43308E-13  2.20194E-12  6.18299E-13  1.39574E-12  1.53091E-16  5.56850E-17
  6.850E+01  3.16749E-01  9.11354E-13  2.17522E-12  6.03553E-13  1.39154E-12  0.00000E+00  5.48089E-17
  6.900E+01  3.20816E-01  8.80315E-13  2.14869E-12  5.89052E-13  1.38723E-12  0.00000E+00  5.39542E-17
  6.950E+01  3.24896E-01  8.50166E-13  2.12237E-12  5.74791E-13  1.38281E-12  7.42910E-17  5.31202E-17
  7.000E+01  3.28990E-01  8.20882E-13  2.09625E-12  5.60767E-13  1.37827E-12  7.35823E-17  1.04613E-16
  7.050E+01  3.33097E-01  7.92434E-13  2.07034E-12  5.46976E-13  1.37363E-12  0.00000E+00  5.15118E-17
  7.100E+01  3.37216E-01  7.64797E-13  2.04465E-12  5.33415E-13  1.36890E-12  7.22255E-17  5.07363E-17
  7.150E+01  3.41348E-01  7.37949E-13  2.01918E-12  5.20080E-13  1.36406E-12  0.00000E+00  9.99581E-17
  7.200E+01  3.45492E-01  7.11870E-13  1.99393E-12  5.06968E-13  1.35913E-12  0.00000E+00  4.92396E-17
  7.250E+01  3.49647E-01  6.86537E-13  1.96888E-12  4.94075E-13  1.35411E-12  7.03340E-17  4.85174E-17
  7.300E+01  3.53814E-01  6.61930E-13  1.94405E-12  4.81399E-13  1.34900E-12  0.00000E+00  4.78119E-17
  7.350E+01  3.57992E-01  6.38027E-13  1.91945E-12  4.68935E-13  1.34381E-12  0.00000E+00  4.71227E-17
  7.400E+01  3.62181E-01  6.14805E-13  1.89507E-12  4.56682E-13  1.33854E-12  3.43023E-17  0.00000E+00
  7.450E+01  3.66381E-01  5.92246E-13  1.87092E-12  4.44634E-13  1.33319E-12  6.80618E-17  0.00000E+00
  7.500E+01  3.70590E-01  5.70334E-13  1.84699E-12  4.32791E-13  1.32777E-12  1.35071E-16  4.51480E-17
  7.550E+01  3.74810E-01  5.49050E-13  1.82328E-12  4.21147E-13  1.32227E-12  0.00000E+00  0.00000E+00
  7.600E+01  3.79039E-01  5.28378E-13  1.79980E-12  4.09702E-13  1.31671E-12  3.32650E-17  0.00000E+00
  7.650E+01  3.83277E-01  5.08298E-13  1.77654E-12  3.98450E-13  1.31108E-12  6.60504E-17  4.33036E-17
  7.700E+01  3.87524E-01  4.88795E-13  1.75350E-12  3.87391E-13  1.30539E-12  0.00000E+00  0.00000E+00
  7.750E+01  3.91780E-01  4.69852E-13  1.73069E-12  3.76520E-13  1.29963E-12  6.51351E-17  0.00000E+00
  7.800E+01  3.96044E-01  4.51453E-13  1.70810E-12  3.65836E-13  1.29382E-12  0.00000E+00  4.15788E-17
  7.850E+01  4.00316E-01  4.33585E-13  1.68574E-12  3.55335E-13  1.28795E-12  6.42768E-17  0.00000E+00
  7.900E+01  4.04596E-01  4.16233E-13  1.66360E-12  3.45014E-13  1.28203E-12  1.27737E-16  0.00000E+00
  7.950E+01  4.08882E-01  3.99382E-13  1.64168E-12  3.34872E-13  1.27605E-12  0.00000E+00  0.00000E+00
  8.000E+01  4.13176E-01  3.83020E-13  1.61999E-12  3.24906E-13  1.27003E-12  0.00000E+00  0.00000E+00
  8.050E+01  4.17476E-01  3.67132E-13  1.59851E-12  3.15112E-13  1.26396E-12  6.27221E-17  3.89444E-17
  8.100E+01  4.21783E-01  3.51705E-13  1.57726E-12  3.05489E-13  1.25784E-12  0.00000E+00  3.84507E-17
  8.150E+01  4.26095E-01  3.36727E-13  1.55622E-12  2.96034E-13  1.25168E-12  3.10107E-17  0.00000E+00
  8.200E+01  4.30413E-01  3.22186E-13  1.53540E-12  2.86744E-13  1.24547E-12  9.25341E-17  3.74941E-17
  8.250E+01  4.34737E-01  3.08071E-13  1.51480E-12  2.77618E-13  1.23923E-12  3.06847E-17  3.70307E-17
  8.300E+01  4.39065E-01  2.94369E-13  1.49442E-12  2.68653E-13  1.23295E-12  3.05306E-17  0.00000E+00
  8.350E+01  4.43398E-01  2.81070E-13  1.47425E-12  2.59846E-13  1.22663E-12  6.07645E-17  3.61324E-17
  8.400E+01  4.47736E-01  2.68163E-13  1.45429E-12  2.51196E-13  1.22027E-12  0.00000E+00  3.56971E-17
  8.450E+01  4.52077E-01  2.55637E-13  1.43455E-12  2.42700E-13  1.21389E-12  3.01025E-17  0.00000E+00
  8.500E+01  4.56422E-01  2.43481E-13  1.41502E-12  2.34356E-13  1.20747E-12  5.99420E-17  3.48528E-17
  8.550E+01  4.60770E-01  2.31687E-13  1.39569E-12  2.26162E-13  1.20102E-12  5.96897E-17  3.44433E-17
  8.600E+01  4.65122E-01  2.20244E-13  1.37658E-12  2.18116E-13  1.19454E-12  0.00000E+00  0.00000E+00
  8.650E+01  4.69476E-01  2.09144E-13  1.35767E-12  2.10215E-13  1.18803E-12  5.92172E-17  3.36489E-17
  8.700E+01  4.73832E-01  1.98378E-13  1.33897E-12  2.02458E-13  1.18150E-12  0.00000E+00  0.00000E+00
  8.750E+01  4.78190E-01  1.87935E-13  1.32047E-12  1.94843E-13  1.17494E-12  2.93932E-17  3.28858E-17
  8.800E+01  4.82550E-01  1.77808E-13  1.30217E-12  1.87367E-13  1.16836E-12  0.00000E+00  3.25155E-17
  8.850E+01  4.86912E-01  1.67988E-13  1.28408E-12  1.80029E-13  1.16176E-12  1.45991E-17  0.00000E+00
  8.900E+01  4.91274E-01  1.58468E-13  1.26618E-12  1.72827E-13  1.15513E-12  0.00000E+00  3.17964E-17
  8.950E+01  4.95637E-01  1.49239E-13  1.24848E-12  1.65760E-13  1.14849E-12  1.45114E-17  3.14474E-17
  9.000E+01  5.00000E-01  1.40293E-13  1.23098E-12  1.58824E-13  1.14183E-12  0.00000E+00  1.55525E-17
  9.050E+01  5.04363E-01  1.31625E-13  1.21367E-12  1.52018E-13  1.13514E-12  1.44335E-17  1.53846E-17
  9.100E+01  5.08726E-01  1.23225E-13  1.19656E-12  1.45341E-13  1.12845E-12  2.87964E-17  1.52200E-17
  9.150E+01  5.13088E-01  1.15087E-13  1.17964E-12  1.38791E-13  1.12173E-12  1.43652E-17  1.50584E-17
  9.200E+01  5.17450E-01  1.07204E-13  1.16290E-12  1.32366E-13  1.11500E-12  1.43345E-17  0.00000E+00
  9.250E+01  5.21810E-01  9.95687E-14  1.14636E-12  1.26064E-13  1.10826E-12  1.43062E-17  1.47445E-17
  9.300E+01  5.26168E-01  9.21756E-14  1.13000E-12  1.19884E-13  1.10151E-12  0.00000E+00  1.45920E-17
  9.350E+01  5.30524E-01  8.50182E-14  1.11383E-12  1.13824E-13  1.09474E-12  1.42565E-17  0.00000E+00
  9.400E+01  5.34878E-01  7.80903E-14  1.09784E-12  1.07882E-13  1.08796E-12  1.42350E-17  2.85907E-17
  9.450E+01  5.39230E-01  7.13859E-14  1.08203E-12  1.02057E-13  1.08117E-12  1.42158E-17  0.00000E+00
  9.500E+01  5.43578E-01  6.48989E-14  1.06640E-12  9.63471E-14  1.07437E-12  4.25968E-17  1.40097E-17
  9.550E+01  5.47923E-01  5.86235E-14  1.05095E-12  9.07510E-14  1.06756E-12  3.54606E-17  2.77416E-17
  9.600E+01  5.52264E-01  5.25542E-14  1.03568E-12  8.52670E-14  1.06075E-12  0.00000E+00  1.37344E-17
  9.650E+01  5.56602E-01  4.66858E-14  1.02058E-12  7.98936E-14  1.05393E-12  3.54040E-17  1.36006E-17
  9.700E+01  5.60935E-01  4.10131E-14  1.00565E-12  7.46294E-14  1.04710E-12  2.12304E-17  2.69383E-17
  9.750E+01  5.65263E-01  3.55311E-14  9.90900E-13  6.94729E-14  1.04026E-12  2.82958E-17  1.33401E-17
  9.800E+01  5.69587E-01  3.02346E-14  9.76317E-13  6.44226E-14  1.03342E-12  2.82887E-17  1.32134E-17
  9.850E+01  5.73905E-01  2.51188E-14  9.61902E-13  5.94772E-14  1.02658E-12  2.82861E-17  6.54448E-18
  9.900E+01  5.78217E-01  2.01788E-14  9.47655E-13  5.46352E-14  1.01973E-12  3.53599E-18  2.59335E-17
  9.950E+01  5.82524E-01  1.54098E-14  9.33574E-13  4.98952E-14  1.01288E-12  3.18309E-17  2.56935E-17
  1.000E+02  5.86824E-01  1.08077E-14  9.19656E-13  4.52560E-14  1.00603E-12  2.47667E-17  6.36443E-18
  1.005E+02  5.91118E-01  6.36798E-15  9.05901E-13  4.07162E-14  9.99169E-13  8.84997E-19  1.26131E-17
  1.010E+02  5.95404E-01  2.08659E-15  8.92306E-13  3.62744E-14  9.92311E-13  2.21402E-17  1.24993E-17
  1.015E+02  5.99684E-01 -2.04073E-15  8.78871E-13  3.19294E-14  9.85452E-13  2.43749E-17  1.23876E-17
  1.020E+02  6.03956E-01 -6.01811E-15  8.65592E-13  2.76799E-14  9.78593E-13  7.09802E-18  1.84167E-17
  1.025E+02  6.08220E-01 -9.84965E-15  8.52470E-13  2.35246E-14  9.71734E-13  1.95423E-17  9.12743E-18
  1.030E+02  6.12476E-01 -1.35392E-14  8.39503E-13  1.94623E-14  9.64875E-13  3.55783E-17  1.50799E-17
  1.035E+02  6.16723E-01 -1.70906E-14  8.26689E-13  1.54918E-14  9.58017E-13  1.06893E-17  2.09296E-17
  1.040E+02  6.20961E-01 -2.05072E-14  8.14027E-13  1.16118E-14  9.51161E-13  2.14135E-17  1.48218E-18
  1.045E+02  6.25190E-01 -2.37926E-14  8.01514E-13  7.82120E-15  9.44306E-13  3.21779E-17  1.46961E-17
  1.050E+02  6.29410E-01 -2.69503E-14  7.89150E-13  4.11882E-15  9.37453E-13  2.14938E-17  1.74870E-17
  1.055E+02  6.33619E-01 -2.99838E-14  7.76933E-13  5.03481E-16  9.30603E-13  0.00000E+00  2.70958E-18
  1.060E+02  6.37819E-01 -3.28965E-14  7.64861E-13 -3.02595E-15  9.23756E-13  7.19603E-18  1.50483E-17
  1.065E+02  6.42008E-01 -3.56917E-14  7.52934E-13 -6.47059E-15  9.16913E-13  2.16405E-17  1.13715E-17
  1.070E+02  6.46186E-01 -3.83726E-14  7.41150E-13 -9.83156E-15  9.10073E-13  1.44644E-17  4.22973E-18
  1.075E+02  6.50353E-01 -4.09421E-14  7.29507E-13 -1.31099E-14  9.03237E-13  2.90082E-17  8.39144E-18
  1.080E+02  6.54508E-01 -4.34030E-14  7.18004E-13 -1.63068E-14  8.96406E-13  4.36388E-17  2.77486E-18
  1.085E+02  6.58652E-01 -4.57585E-14  7.06640E-13 -1.94233E-14  8.89580E-13  7.29546E-18  1.10118E-17
  1.090E+02  6.62784E-01 -4.80113E-14  6.95412E-13 -2.24603E-14  8.82758E-13  2.92761E-17  0.00000E+00
  1.095E+02  6.66903E-01 -5.01645E-14  6.84320E-13 -2.54190E-14  8.75942E-13  2.93753E-17  1.08409E-17
  1.100E+02  6.71010E-01 -5.22207E-14  6.73363E-13 -2.83004E-14  8.69132E-13  0.00000E+00  1.61363E-17
  1.105E+02  6.75104E-01 -5.41827E-14  6.62539E-13 -3.11054E-14  8.62327E-13  2.95891E-17  5.33782E-18
  1.110E+02  6.79184E-01 -5.60530E-14  6.51847E-13 -3.38351E-14  8.55529E-13  0.00000E+00  2.11902E-17
  1.115E+02  6.83251E-01 -5.78340E-14  6.41286E-13 -3.64905E-14  8.48737E-13  2.98237E-17  1.57738E-17
  1.120E+02  6.87303E-01 -5.95281E-14  6.30853E-13 -3.90725E-14  8.41951E-13  4.49234E-17  0.00000E+00
  1.125E+02  6.91342E-01 -6.11379E-14  6.20548E-13 -4.15821E-14  8.35173E-13  3.00797E-17  2.07227E-17
  1.130E+02  6.95366E-01 -6.26657E-14  6.10370E-13 -4.40201E-14  8.28402E-13  4.53238E-17  1.02860E-17
  1.135E+02  6.99375E-01 -6.41140E-14  6.00317E-13 -4.63877E-14  8.21638E-13  6.07153E-17  1.02119E-17
  1.140E+02  7.03368E-01 -6.54851E-14  5.90389E-13 -4.86856E-14  8.14882E-13  3.05051E-17  0.00000E+00
  1.145E+02  7.07347E-01 -6.67811E-14  5.80583E-13 -5.09148E-14  8.08133E-13  1.53292E-17  0.00000E+00
  1.150E+02  7.11309E-01 -6.80040E-14  5.70899E-13 -5.30762E-14  8.01393E-13  3.08174E-17  0.00000E+00
  1.155E+02  7.15256E-01 -6.91559E-14  5.61335E-13 -5.51706E-14  7.94660E-13  0.00000E+00  0.00000E+00
  1.160E+02  7.19186E-01 -7.02388E-14  5.51891E-13 -5.71990E-14  7.87936E-13  3.11535E-17  9.85933E-18
  1.165E+02  7.23099E-01 -7.12549E-14  5.42564E-13 -5.91622E-14  7.81220E-13  6.26616E-17  0.00000E+00
  1.170E+02  7.26995E-01 -7.22062E-14  5.33355E-13 -6.10611E-14  7.74513E-13  0.00000E+00  0.00000E+00
  1.175E+02  7.30874E-01 -7.30947E-14  5.24261E-13 -6.28964E-14  7.67815E-13  3.17043E-17  1.93226E-17
  1.180E+02  7.34736E-01 -7.39222E-14  5.15282E-13 -6.46691E-14  7.61126E-13  1.59504E-17  0.00000E+00
  1.185E+02  7.38579E-01 -7.46904E-14  5.06417E-13 -6.63800E-14  7.54446E-13  6.42075E-17  3.81385E-17
  1.190E+02  7.42405E-01 -7.54009E-14  4.97664E-13 -6.80298E-14  7.47774E-13  6.46272E-17  0.00000E+00
  1.195E+02  7.46212E-01 -7.60557E-14  4.89022E-13 -6.96194E-14  7.41113E-13  1.30122E-16  1.88240E-17
  1.200E+02  7.50000E-01 -7.66564E-14  4.80490E-13 -7.11496E-14  7.34460E-13  6.55084E-17  3.74087E-17
  1.205E+02  7.53769E-01 -7.72048E-14  4.72067E-13 -7.26211E-14  7.27817E-13  3.29852E-17  0.00000E+00
  1.210E+02  7.57519E-01 -7.77027E-14  4.63752E-13 -7.40348E-14  7.21184E-13  9.96706E-17  1.84709E-17
  1.215E+02  7.61249E-01 -7.81515E-14  4.55545E-13 -7.53914E-14  7.14560E-13  1.00408E-16  3.67139E-17
  1.220E+02  7.64960E-01 -7.85527E-14  4.47444E-13 -7.66916E-14  7.07946E-13  3.37228E-17  0.00000E+00
  1.225E+02  7.68650E-01 -7.89078E-14  4.39447E-13 -7.79362E-14  7.01342E-13  3.39842E-17  0.00000E+00
  1.230E+02  7.72320E-01 -7.92182E-14  4.31555E-13 -7.91260E-14  6.94748E-13  6.85070E-17  3.60523E-17
  1.235E+02  7.75968E-01 -7.94855E-14  4.23765E-13 -8.02617E-14  6.88164E-13  6.90621E-17  1.79194E-17
  1.240E+02  7.79596E-01 -7.97111E-14  4.16077E-13 -8.13439E-14  6.81590E-13  0.00000E+00  1.78144E-17
  1.245E+02  7.83203E-01 -7.98966E-14  4.08490E-13 -8.23735E-14  6.75026E-13  0.00000E+00  3.54222E-17
  1.250E+02  7.86788E-01 -8.00433E-14  4.01004E-13 -8.33511E-14  6.68473E-13  0.00000E+00  3.52190E-17
  1.255E+02  7.90351E-01 -8.01524E-14  3.93617E-13 -8.42774E-14  6.61929E-13  0.00000E+00  3.50190E-17
  1.260E+02  7.93893E-01 -8.02251E-14  3.86327E-13 -8.51532E-14  6.55396E-13  3.60483E-17  1.74111E-17
  1.265E+02  7.97411E-01 -8.02626E-14  3.79135E-13 -8.59791E-14  6.48873E-13  0.00000E+00  3.46287E-17
  1.270E+02  8.00908E-01 -8.02663E-14  3.72039E-13 -8.67557E-14  6.42361E-13  7.34394E-17  5.16574E-17
  1.275E+02  8.04381E-01 -8.02375E-14  3.65038E-13 -8.74838E-14  6.35859E-13  3.70701E-17  0.00000E+00
  1.280E+02  8.07831E-01 -8.01774E-14  3.58133E-13 -8.81640E-14  6.29367E-13  3.74306E-17  3.40666E-17
  1.285E+02  8.11257E-01 -8.00872E-14  3.51321E-13 -8.87970E-14  6.22886E-13  3.78016E-17  5.08280E-17
  1.290E+02  8.14660E-01 -7.99680E-14  3.44602E-13 -8.93834E-14  6.16415E-13  0.00000E+00  1.68535E-17
  1.295E+02  8.18039E-01 -7.98208E-14  3.37974E-13 -8.99239E-14  6.09954E-13  7.71513E-17  1.67658E-17
  1.300E+02  8.21394E-01 -7.96465E-14  3.31438E-13 -9.04191E-14  6.03504E-13  0.00000E+00  5.00384E-17
  1.305E+02  8.24724E-01 -7.94463E-14  3.24992E-13 -9.08696E-14  5.97064E-13  3.93948E-17  0.00000E+00
  1.310E+02  8.28030E-01 -7.92214E-14  3.18635E-13 -9.12761E-14  5.90635E-13  7.96438E-17  0.00000E+00
  1.315E+02  8.31310E-01 -7.89728E-14  3.12367E-13 -9.16392E-14  5.84217E-13  8.05223E-17  0.00000E+00
  1.320E+02  8.34565E-01 -7.87016E-14  3.06187E-13 -9.19594E-14  5.77808E-13  1.22139E-16  0.00000E+00
  1.325E+02  8.37795E-01 -7.84086E-14  3.00094E-13 -9.22375E-14  5.71410E-13  1.23532E-16  3.25374E-17
  1.330E+02  8.40999E-01 -7.80948E-14  2.94088E-13 -9.24739E-14  5.65023E-13  4.16549E-17  0.00000E+00
  1.335E+02  8.44177E-01 -7.77609E-14  2.88167E-13 -9.26693E-14  5.58646E-13  4.21461E-17  0.00000E+00
  1.340E+02  8.47329E-01 -7.74078E-14  2.82330E-13 -9.28243E-14  5.52279E-13  4.26511E-17  3.20762E-17
  1.345E+02  8.50455E-01 -7.70367E-14  2.76578E-13 -9.29395E-14  5.45923E-13  4.31705E-17  0.00000E+00
  1.350E+02  8.53553E-01 -7.66484E-14  2.70909E-13 -9.30154E-14  5.39576E-13  8.74088E-17  0.00000E+00
  1.355E+02  8.56625E-01 -7.62439E-14  2.65323E-13 -9.30526E-14  5.33240E-13  0.00000E+00  3.16377E-17
  1.360E+02  8.59670E-01 -7.58239E-14  2.59818E-13 -9.30517E-14  5.26915E-13  8.96354E-17  0.00000E+00
  1.365E+02  8.62687E-01 -7.53891E-14  2.54396E-13 -9.30132E-14  5.20599E-13  1.81592E-16  3.13574E-17
  1.370E+02  8.65677E-01 -7.49403E-14  2.49053E-13 -9.29377E-14  5.14294E-13  9.19893E-17  3.12208E-17
  1.375E+02  8.68639E-01 -7.44781E-14  2.43790E-13 -9.28257E-14  5.07998E-13  1.39824E-16  0.00000E+00
  1.380E+02  8.71572E-01 -7.40035E-14  2.38606E-13 -9.26778E-14  5.01713E-13  2.36195E-16  3.09545E-17
  1.385E+02  8.74478E-01 -7.35173E-14  2.33500E-13 -9.24946E-14  4.95438E-13  4.78875E-17  3.08248E-17
  1.390E+02  8.77355E-01 -7.30203E-14  2.28473E-13 -9.22765E-14  4.89172E-13  9.71084E-17  0.00000E+00
  1.395E+02  8.80203E-01 -7.25132E-14  2.23523E-13 -9.20241E-14  4.82917E-13  2.46198E-16  3.05719E-17
  1.400E+02  8.83022E-01 -7.19966E-14  2.18650E-13 -9.17379E-14  4.76671E-13  9.98886E-17  3.04487E-17
  1.405E+02  8.85812E-01 -7.14710E-14  2.13853E-13 -9.14185E-14  4.70435E-13  5.06688E-17  0.00000E+00
  1.410E+02  8.88573E-01 -7.09371E-14  2.09130E-13 -9.10664E-14  4.64209E-13  2.57069E-16  6.04176E-17
  1.415E+02  8.91304E-01 -7.03955E-14  2.04482E-13 -9.06820E-14  4.57992E-13  1.56540E-16  6.01840E-17
  1.420E+02  8.94005E-01 -6.98470E-14  1.99908E-13 -9.02659E-14  4.51785E-13  5.29674E-17  0.00000E+00
  1.425E+02  8.96677E-01 -6.92926E-14  1.95409E-13 -8.98186E-14  4.45587E-13  2.15108E-16  5.97290E-17
  1.430E+02  8.99318E-01 -6.87328E-14  1.90983E-13 -8.93406E-14  4.39399E-13  2.73045E-16  5.95076E-17
  1.435E+02  9.01928E-01 -6.81678E-14  1.86629E-13 -8.88325E-14  4.33220E-13  1.10929E-16  2.96451E-17
  1.440E+02  9.04508E-01 -6.75980E-14  1.82347E-13 -8.82946E-14  4.27050E-13  1.69031E-16  5.90767E-17
  1.445E+02  9.07058E-01 -6.70241E-14  1.78135E-13 -8.77275E-14  4.20890E-13  2.28992E-16  2.94336E-17
  1.450E+02  9.09576E-01 -6.64468E-14  1.73994E-13 -8.71316E-14  4.14738E-13  5.81777E-17  2.93307E-17
  1.455E+02  9.12063E-01 -6.58668E-14  1.69925E-13 -8.65075E-14  4.08595E-13  2.36532E-16  5.84594E-17
  1.460E+02  9.14519E-01 -6.52849E-14  1.65925E-13 -8.58556E-14  4.02462E-13  1.80343E-16  5.82612E-17
  1.465E+02  9.16943E-01 -6.47013E-14  1.61995E-13 -8.51765E-14  3.96337E-13  0.00000E+00  5.80667E-17
  1.470E+02  9.19335E-01 -6.41162E-14  1.58133E-13 -8.44705E-14  3.90221E-13  3.72960E-16  0.00000E+00
  1.475E+02  9.21696E-01 -6.35302E-14  1.54339E-13 -8.37382E-14  3.84113E-13  2.52902E-16  5.76888E-17
  1.480E+02  9.24024E-01 -6.29438E-14  1.50613E-13 -8.29800E-14  3.78014E-13  0.00000E+00  5.75052E-17
  1.485E+02  9.26320E-01 -6.23575E-14  1.46954E-13 -8.21963E-14  3.71923E-13  4.58115E-16  2.86626E-17
  1.490E+02  9.28584E-01 -6.17720E-14  1.43362E-13 -8.13877E-14  3.65841E-13  3.99600E-16  2.85744E-17
  1.495E+02  9.30815E-01 -6.11878E-14  1.39837E-13 -8.05546E-14  3.59767E-13  6.77863E-17  8.54636E-17
  1.500E+02  9.33013E-01 -6.06052E-14  1.36378E-13 -7.96974E-14  3.53701E-13  2.76017E-16  0.00000E+00
  1.505E+02  9.35178E-01 -6.00245E-14  1.32985E-13 -7.88166E-14  3.47643E-13  4.21529E-16  5.66401E-17
  1.510E+02  9.37310E-01 -5.94460E-14  1.29656E-13 -7.79127E-14  3.41593E-13  7.15387E-17  8.47161E-17
  1.515E+02  9.39409E-01 -5.88702E-14  1.26392E-13 -7.69860E-14  3.35551E-13  2.91425E-16  2.81590E-17
  1.520E+02  9.41474E-01 -5.82975E-14  1.23192E-13 -7.60371E-14  3.29516E-13  2.96833E-16  5.61620E-17
  1.525E+02  9.43505E-01 -5.77284E-14  1.20056E-13 -7.50663E-14  3.23489E-13  7.55948E-17  8.40138E-17
  1.530E+02  9.45503E-01 -5.71635E-14  1.16984E-13 -7.40741E-14  3.17470E-13  3.85082E-16  2.79298E-17
  1.535E+02  9.47467E-01 -5.66030E-14  1.13975E-13 -7.30610E-14  3.11458E-13  3.13894E-16  5.57134E-17
  1.540E+02  9.49397E-01 -5.60472E-14  1.11029E-13 -7.20273E-14  3.05453E-13  7.99668E-17  8.33555E-17
  1.545E+02  9.51293E-01 -5.54963E-14  1.08144E-13 -7.09736E-14  2.99455E-13  4.07482E-16  2.77152E-17
  1.550E+02  9.53154E-01 -5.49506E-14  1.05322E-13 -6.99001E-14  2.93464E-13  3.32252E-16  5.52937E-17
  1.555E+02  9.54981E-01 -5.44105E-14  1.02561E-13 -6.88074E-14  2.87480E-13  0.00000E+00  1.37900E-16
  1.560E+02  9.56773E-01 -5.38766E-14  9.98611E-14 -6.76959E-14  2.81503E-13  4.31531E-16  2.75147E-17
  1.565E+02  9.58530E-01 -5.33491E-14  9.72226E-14 -6.65659E-14  2.75533E-13  4.39913E-16  1.09804E-16
  1.570E+02  9.60252E-01 -5.28284E-14  9.46449E-14 -6.54179E-14  2.69569E-13  0.00000E+00  1.36944E-16
  1.575E+02  9.61940E-01 -5.23147E-14  9.21275E-14 -6.42524E-14  2.63612E-13  3.65776E-16  5.46562E-17
  1.580E+02  9.63592E-01 -5.18082E-14  8.96698E-14 -6.30697E-14  2.57660E-13  4.66145E-16  1.36344E-16
  1.585E+02  9.65209E-01 -5.13090E-14  8.72715E-14 -6.18702E-14  2.51715E-13  9.50495E-17  1.36056E-16
  1.590E+02  9.66790E-01 -5.08175E-14  8.49322E-14 -6.06543E-14  2.45776E-13  4.84523E-16  5.43098E-17
  1.595E+02  9.68336E-01 -5.03341E-14  8.26521E-14 -5.94226E-14  2.39843E-13  3.95174E-16  1.35501E-16
  1.600E+02  9.69846E-01 -4.98592E-14  8.04309E-14 -5.81752E-14  2.33916E-13  1.00714E-16  2.43421E-16
  1.605E+02  9.71321E-01 -4.93931E-14  7.82685E-14 -5.69127E-14  2.27994E-13  4.10664E-16  5.39898E-17
  1.610E+02  9.72759E-01 -4.89358E-14  7.61644E-14 -5.56355E-14  2.22078E-13  3.13941E-16  2.15555E-16
  1.615E+02  9.74162E-01 -4.84875E-14  7.41179E-14 -5.43440E-14  2.16167E-13  2.13313E-16  2.68954E-16
  1.620E+02  9.75528E-01 -4.80483E-14  7.21288E-14 -5.30385E-14  2.10262E-13  3.26075E-16  5.36955E-17
  1.625E+02  9.76858E-01 -4.76185E-14  7.01969E-14 -5.17195E-14  2.04362E-13  5.53757E-16  2.68016E-16
  1.630E+02  9.78152E-01 -4.71985E-14  6.83221E-14 -5.03873E-14  1.98466E-13  1.12832E-16  2.67567E-16
  1.635E+02  9.79410E-01 -4.67885E-14  6.65045E-14 -4.90423E-14  1.92576E-13  2.29861E-16  0.00000E+00
  1.640E+02  9.80631E-01 -4.63889E-14  6.47440E-14 -4.76850E-14  1.86690E-13  2.34088E-16  3.73398E-16
  1.645E+02  9.81815E-01 -4.59997E-14  6.30400E-14 -4.63157E-14  1.80809E-13  1.19169E-16  2.66306E-16
  1.650E+02  9.82963E-01 -4.56209E-14  6.13922E-14 -4.49348E-14  1.74932E-13  7.27814E-16  5.31826E-17
  1.655E+02  9.84074E-01 -4.52527E-14  5.98000E-14 -4.35427E-14  1.69059E-13  2.46882E-16  4.24854E-16
  1.660E+02  9.85148E-01 -4.48952E-14  5.82634E-14 -4.21398E-14  1.63191E-13  2.51161E-16  3.18201E-16
  1.665E+02  9.86185E-01 -4.45487E-14  5.67824E-14 -4.07264E-14  1.57327E-13  7.66295E-16  1.05926E-16
  1.670E+02  9.87185E-01 -4.42136E-14  5.53570E-14 -3.93030E-14  1.51467E-13  5.19368E-16  5.28952E-16
  1.675E+02  9.88148E-01 -4.38901E-14  5.39874E-14 -3.78700E-14  1.45610E-13  3.95861E-16  4.75470E-16
  1.680E+02  9.89074E-01 -4.35782E-14  5.26730E-14 -3.64276E-14  1.39757E-13  8.04274E-16  2.11070E-16
  1.685E+02  9.89962E-01 -4.32779E-14  5.14136E-14 -3.49764E-14  1.33908E-13  4.08341E-16  6.32491E-16
  1.690E+02  9.90814E-01 -4.29892E-14  5.02085E-14 -3.35166E-14  1.28061E-13  5.52609E-16  5.79154E-16
  1.695E+02  9.91627E-01 -4.27123E-14  4.90577E-14 -3.20486E-14  1.22218E-13  1.26141E-15  3.68170E-16
  1.700E+02  9.92404E-01 -4.24474E-14  4.79612E-14 -3.05729E-14  1.16379E-13  7.10598E-16  7.35611E-16
  1.705E+02  9.93143E-01 -4.21947E-14  4.69193E-14 -2.90898E-14  1.10542E-13  7.20174E-16  5.24942E-16
  1.710E+02  9.93844E-01 -4.19545E-14  4.59320E-14 -2.75997E-14  1.04707E-13  1.45896E-15  3.67132E-16
  1.715E+02  9.94508E-01 -4.17270E-14  4.49992E-14 -2.61029E-14  9.88758E-14  7.38484E-16  1.10047E-15
  1.720E+02  9.95134E-01 -4.15119E-14  4.41203E-14 -2.45998E-14  9.30467E-14  1.04603E-15  6.28337E-16
  1.725E+02  9.95722E-01 -4.13091E-14  4.32948E-14 -2.30909E-14  8.72199E-14  1.66208E-15  5.23223E-16
  1.730E+02  9.96273E-01 -4.11189E-14  4.25227E-14 -2.15764E-14  8.13953E-14  6.10754E-16  1.25486E-15
  1.735E+02  9.96786E-01 -4.09412E-14  4.18040E-14 -2.00567E-14  7.55728E-14  1.69617E-15  8.36028E-16
  1.740E+02  9.97261E-01 -4.07765E-14  4.11390E-14 -1.85323E-14  6.97522E-14  2.33426E-15  8.35524E-16
  1.745E+02  9.97698E-01 -4.06249E-14  4.05279E-14 -1.70034E-14  6.39333E-14  3.13888E-16  1.72231E-15
  1.750E+02  9.98097E-01 -4.04866E-14  3.99708E-14 -1.54705E-14  5.81161E-14  2.45164E-15  1.09546E-15
  1.755E+02  9.98459E-01 -4.03613E-14  3.94671E-14 -1.39339E-14  5.23003E-14  2.46907E-15  1.30353E-15
  1.760E+02  9.98782E-01 -4.02489E-14  3.90163E-14 -1.23941E-14  4.64858E-14  0.00000E+00  2.86658E-15
  1.765E+02  9.99067E-01 -4.01493E-14  3.86180E-14 -1.08512E-14  4.06725E-14  3.30508E-15  1.35462E-15
  1.770E+02  9.99315E-01 -4.00626E-14  3.82724E-14 -9.30584E-15  3.48603E-14  3.56447E-15  2.39589E-15
  1.775E+02  9.99524E-01 -3.99892E-14  3.79800E-14 -7.75823E-15  2.90489E-14  4.06755E-16  5.46743E-15
  1.780E+02  9.99695E-01 -3.99294E-14  3.77414E-14 -6.20877E-15  2.32382E-14  4.81619E-15  2.60297E-15
  1.785E+02  9.99829E-01 -3.98833E-14  3.75567E-14 -4.65785E-15  1.74281E-14  4.66530E-15  7.65146E-15
  1.790E+02  9.99924E-01 -3.98507E-14  3.74256E-14 -3.10584E-15  1.16185E-14  1.39403E-15  2.06617E-14
  1.795E+02  9.99981E-01 -3.98316E-14  3.73474E-14 -1.55310E-15  5.80917E-15  1.02617E-14  1.67571E-14
  1.800E+02  1.00000E+00 -3.98248E-14  3.73217E-14 -2.17962E-29  8.15221E-29  1.97919E-13  1.20278E-10
