 #  Scattering amplitudes (in cm)      MU=(1-cos(TH))/2
 #  Z =  79,   projectile: electron
 #  Kinetic energy = 3.00000E+06 eV
 #
 # TH (deg)      MU          Re(F)        Im(F)        Re(G)        Im(G)        ERRF         ERRG 
 #-----------------------------------------------------------------------------------------------------------------
  0.000E+00  0.00000E+00  6.89027E-07  1.10252E-07  0.00000E+00  0.00000E+00  2.08454E-08  0.00000E+00
  1.000E-04  7.61557E-13  6.89026E-07  1.10252E-07  5.13780E-13  8.22236E-14  2.08436E-08  1.84397E-07
  1.250E-04  1.18994E-12  6.89026E-07  1.10252E-07  6.42224E-13  1.02780E-13  2.08427E-08  1.84393E-07
  1.500E-04  1.71346E-12  6.89025E-07  1.10252E-07  7.70669E-13  1.23335E-13  2.08415E-08  1.84387E-07
  1.750E-04  2.33225E-12  6.89025E-07  1.10252E-07  8.99113E-13  1.43891E-13  2.08401E-08  1.84381E-07
  2.000E-04  3.04617E-12  6.89024E-07  1.10252E-07  1.02756E-12  1.64447E-13  2.08385E-08  1.84374E-07
  2.250E-04  3.85530E-12  6.89023E-07  1.10252E-07  1.15600E-12  1.85003E-13  2.08366E-08  1.84366E-07
  2.500E-04  4.75964E-12  6.89023E-07  1.10252E-07  1.28444E-12  2.05559E-13  2.08346E-08  1.84357E-07
  2.750E-04  5.75917E-12  6.89022E-07  1.10252E-07  1.41289E-12  2.26115E-13  2.08323E-08  1.84347E-07
  3.000E-04  6.85391E-12  6.89021E-07  1.10252E-07  1.54133E-12  2.46671E-13  2.08298E-08  1.84337E-07
  3.250E-04  8.04379E-12  6.89020E-07  1.10252E-07  1.66977E-12  2.67227E-13  2.08271E-08  1.84325E-07
  3.500E-04  9.32893E-12  6.89019E-07  1.10252E-07  1.79821E-12  2.87782E-13  2.08242E-08  1.84312E-07
  3.750E-04  1.07092E-11  6.89017E-07  1.10252E-07  1.92665E-12  3.08338E-13  2.08211E-08  1.84298E-07
  4.000E-04  1.21847E-11  6.89016E-07  1.10252E-07  2.05509E-12  3.28894E-13  2.08177E-08  1.84284E-07
  4.250E-04  1.37554E-11  6.89015E-07  1.10252E-07  2.18353E-12  3.49450E-13  2.08142E-08  1.84268E-07
  4.500E-04  1.54213E-11  6.89013E-07  1.10252E-07  2.31197E-12  3.70006E-13  2.08104E-08  1.84252E-07
  4.750E-04  1.71823E-11  6.89012E-07  1.10252E-07  2.44040E-12  3.90562E-13  2.08064E-08  1.84234E-07
  5.000E-04  1.90386E-11  6.89010E-07  1.10252E-07  2.56884E-12  4.11117E-13  2.08022E-08  1.84216E-07
  5.250E-04  2.09900E-11  6.89009E-07  1.10252E-07  2.69728E-12  4.31673E-13  2.07978E-08  1.84196E-07
  5.500E-04  2.30367E-11  6.89007E-07  1.10252E-07  2.82571E-12  4.52229E-13  2.07932E-08  1.84176E-07
  5.750E-04  2.51785E-11  6.89005E-07  1.10252E-07  2.95414E-12  4.72785E-13  2.07883E-08  1.84155E-07
  6.000E-04  2.74156E-11  6.89003E-07  1.10252E-07  3.08258E-12  4.93340E-13  2.07832E-08  1.84133E-07
  6.250E-04  2.97478E-11  6.89001E-07  1.10252E-07  3.21101E-12  5.13896E-13  2.07780E-08  1.84110E-07
  6.500E-04  3.21752E-11  6.88999E-07  1.10252E-07  3.33944E-12  5.34452E-13  2.07725E-08  1.84086E-07
  6.750E-04  3.46979E-11  6.88997E-07  1.10252E-07  3.46787E-12  5.55007E-13  2.07668E-08  1.84061E-07
  7.000E-04  3.73157E-11  6.88994E-07  1.10252E-07  3.59629E-12  5.75563E-13  2.07608E-08  1.84035E-07
  7.250E-04  4.00286E-11  6.88992E-07  1.10252E-07  3.72472E-12  5.96119E-13  2.07547E-08  1.84008E-07
  7.500E-04  4.28368E-11  6.88990E-07  1.10252E-07  3.85315E-12  6.16674E-13  2.07483E-08  1.83980E-07
  7.750E-04  4.57402E-11  6.88987E-07  1.10252E-07  3.98157E-12  6.37230E-13  2.07418E-08  1.83951E-07
  8.000E-04  4.87388E-11  6.88985E-07  1.10252E-07  4.10999E-12  6.57785E-13  2.07350E-08  1.83922E-07
  8.250E-04  5.18325E-11  6.88982E-07  1.10252E-07  4.23841E-12  6.78341E-13  2.07280E-08  1.83891E-07
  8.500E-04  5.50215E-11  6.88979E-07  1.10252E-07  4.36683E-12  6.98896E-13  2.07208E-08  1.83859E-07
  8.750E-04  5.83057E-11  6.88976E-07  1.10252E-07  4.49525E-12  7.19452E-13  2.07134E-08  1.83827E-07
  9.000E-04  6.16850E-11  6.88973E-07  1.10252E-07  4.62367E-12  7.40007E-13  2.07057E-08  1.83793E-07
  9.250E-04  6.51595E-11  6.88970E-07  1.10252E-07  4.75208E-12  7.60563E-13  2.06979E-08  1.83759E-07
  9.500E-04  6.87293E-11  6.88967E-07  1.10252E-07  4.88049E-12  7.81118E-13  2.06898E-08  1.83724E-07
  9.750E-04  7.23943E-11  6.88964E-07  1.10251E-07  5.00890E-12  8.01674E-13  2.06815E-08  1.83687E-07
  1.000E-03  7.61544E-11  6.88961E-07  1.10251E-07  5.13731E-12  8.22229E-13  2.06730E-08  1.83650E-07
  1.250E-03  1.18991E-10  6.88924E-07  1.10251E-07  6.42130E-12  1.02778E-12  2.05764E-08  1.83227E-07
  1.500E-03  1.71347E-10  6.88879E-07  1.10250E-07  7.70505E-12  1.23333E-12  2.04586E-08  1.82710E-07
  1.750E-03  2.33223E-10  6.88826E-07  1.10249E-07  8.98853E-12  1.43887E-12  2.03198E-08  1.82101E-07
  2.000E-03  3.04617E-10  6.88764E-07  1.10248E-07  1.02717E-11  1.64441E-12  2.01602E-08  1.81399E-07
  2.250E-03  3.85531E-10  6.88694E-07  1.10247E-07  1.15545E-11  1.84995E-12  1.99800E-08  1.80607E-07
  2.500E-03  4.75965E-10  6.88617E-07  1.10246E-07  1.28369E-11  2.05547E-12  1.97796E-08  1.79723E-07
  2.750E-03  5.75917E-10  6.88531E-07  1.10245E-07  1.41188E-11  2.26099E-12  1.95592E-08  1.78750E-07
  3.000E-03  6.85389E-10  6.88436E-07  1.10243E-07  1.54002E-11  2.46650E-12  1.93192E-08  1.77688E-07
  3.250E-03  8.04380E-10  6.88334E-07  1.10242E-07  1.66811E-11  2.67201E-12  1.90599E-08  1.76539E-07
  3.500E-03  9.32891E-10  6.88224E-07  1.10240E-07  1.79614E-11  2.87750E-12  1.87818E-08  1.75302E-07
  3.750E-03  1.07092E-09  6.88105E-07  1.10238E-07  1.92410E-11  3.08299E-12  1.84852E-08  1.73981E-07
  4.000E-03  1.21847E-09  6.87978E-07  1.10236E-07  2.05199E-11  3.28846E-12  1.81705E-08  1.72575E-07
  4.250E-03  1.37554E-09  6.87843E-07  1.10234E-07  2.17982E-11  3.49392E-12  1.78383E-08  1.71087E-07
  4.500E-03  1.54213E-09  6.87700E-07  1.10232E-07  2.30756E-11  3.69937E-12  1.74891E-08  1.69518E-07
  4.750E-03  1.71823E-09  6.87549E-07  1.10230E-07  2.43523E-11  3.90481E-12  1.71234E-08  1.67869E-07
  5.000E-03  1.90386E-09  6.87390E-07  1.10227E-07  2.56280E-11  4.11023E-12  1.67418E-08  1.66142E-07
  5.250E-03  2.09900E-09  6.87223E-07  1.10224E-07  2.69029E-11  4.31564E-12  1.63447E-08  1.64338E-07
  5.500E-03  2.30367E-09  6.87048E-07  1.10222E-07  2.81768E-11  4.52104E-12  1.59329E-08  1.62461E-07
  5.750E-03  2.51785E-09  6.86865E-07  1.10219E-07  2.94497E-11  4.72642E-12  1.55068E-08  1.60510E-07
  6.000E-03  2.74156E-09  6.86674E-07  1.10216E-07  3.07216E-11  4.93178E-12  1.50673E-08  1.58489E-07
  6.250E-03  2.97478E-09  6.86475E-07  1.10213E-07  3.19924E-11  5.13713E-12  1.46149E-08  1.56399E-07
  6.500E-03  3.21752E-09  6.86267E-07  1.10210E-07  3.32620E-11  5.34246E-12  1.41503E-08  1.54242E-07
  6.750E-03  3.46978E-09  6.86052E-07  1.10206E-07  3.45305E-11  5.54777E-12  1.36742E-08  1.52021E-07
  7.000E-03  3.73156E-09  6.85829E-07  1.10203E-07  3.57978E-11  5.75306E-12  1.31873E-08  1.49737E-07
  7.250E-03  4.00286E-09  6.85598E-07  1.10199E-07  3.70638E-11  5.95833E-12  1.26904E-08  1.47393E-07
  7.500E-03  4.28368E-09  6.85360E-07  1.10195E-07  3.83285E-11  6.16358E-12  1.21841E-08  1.44991E-07
  7.750E-03  4.57402E-09  6.85113E-07  1.10191E-07  3.95919E-11  6.36881E-12  1.16692E-08  1.42533E-07
  8.000E-03  4.87388E-09  6.84858E-07  1.10187E-07  4.08538E-11  6.57401E-12  1.11466E-08  1.40022E-07
  8.250E-03  5.18326E-09  6.84596E-07  1.10183E-07  4.21144E-11  6.77920E-12  1.06169E-08  1.37460E-07
  8.500E-03  5.50215E-09  6.84326E-07  1.10179E-07  4.33735E-11  6.98436E-12  1.00810E-08  1.34850E-07
  8.750E-03  5.83057E-09  6.84048E-07  1.10175E-07  4.46310E-11  7.18950E-12  9.53956E-09  1.32194E-07
  9.000E-03  6.16850E-09  6.83763E-07  1.10170E-07  4.58870E-11  7.39461E-12  8.99350E-09  1.29494E-07
  9.250E-03  6.51596E-09  6.83469E-07  1.10166E-07  4.71414E-11  7.59969E-12  8.44358E-09  1.26753E-07
  9.500E-03  6.87293E-09  6.83168E-07  1.10161E-07  4.83942E-11  7.80475E-12  7.89061E-09  1.23974E-07
  9.750E-03  7.23942E-09  6.82860E-07  1.10156E-07  4.96453E-11  8.00979E-12  7.33539E-09  1.21160E-07
  1.000E-02  7.61544E-09  6.82543E-07  1.10151E-07  5.08947E-11  8.21479E-12  6.77873E-09  1.18312E-07
  1.250E-02  1.18991E-08  6.78967E-07  1.10094E-07  6.32851E-11  1.02632E-11  1.30927E-09  8.86153E-08
  1.500E-02  1.71347E-08  6.74664E-07  1.10024E-07  7.54608E-11  1.23080E-11  3.45517E-09  5.85842E-08
  1.750E-02  2.33223E-08  6.69671E-07  1.09943E-07  8.73862E-11  1.43487E-11  6.88241E-09  3.07696E-08
  2.000E-02  3.04617E-08  6.64031E-07  1.09848E-07  9.90288E-11  1.63845E-11  8.57597E-09  7.30551E-09
  2.250E-02  3.85531E-08  6.57789E-07  1.09742E-07  1.10360E-10  1.84146E-11  8.43375E-09  1.03130E-08
  2.500E-02  4.75965E-08  6.50994E-07  1.09623E-07  1.21356E-10  2.04386E-11  6.65668E-09  2.13643E-08
  2.750E-02  5.75917E-08  6.43697E-07  1.09493E-07  1.31995E-10  2.24557E-11  3.70623E-09  2.59311E-08
  3.000E-02  6.85389E-08  6.35950E-07  1.09350E-07  1.42262E-10  2.44652E-11  2.18009E-10  2.48280E-08
  3.250E-02  8.04380E-08  6.27803E-07  1.09196E-07  1.52143E-10  2.64667E-11  3.11326E-09  1.94371E-08
  3.500E-02  9.32891E-08  6.19308E-07  1.09030E-07  1.61629E-10  2.84594E-11  5.65735E-09  1.14800E-08
  3.750E-02  1.07092E-07  6.10513E-07  1.08854E-07  1.70714E-10  3.04427E-11  6.95868E-09  2.75774E-09
  4.000E-02  1.21847E-07  6.01466E-07  1.08666E-07  1.79397E-10  3.24161E-11  6.81360E-09  5.10146E-09
  4.250E-02  1.37554E-07  5.92212E-07  1.08467E-07  1.87677E-10  3.43791E-11  5.30078E-09  1.08515E-08
  4.500E-02  1.54213E-07  5.82793E-07  1.08257E-07  1.95556E-10  3.63310E-11  2.75951E-09  1.37672E-08
  4.750E-02  1.71823E-07  5.73249E-07  1.08037E-07  2.03040E-10  3.82714E-11  2.80156E-10  1.36947E-08
  5.000E-02  1.90386E-07  5.63616E-07  1.07806E-07  2.10135E-10  4.01998E-11  3.20214E-09  1.10118E-08
  5.250E-02  2.09900E-07  5.53928E-07  1.07566E-07  2.16849E-10  4.21157E-11  5.42438E-09  6.50908E-09
  5.500E-02  2.30367E-07  5.44214E-07  1.07316E-07  2.23191E-10  4.40185E-11  6.51144E-09  1.21564E-09
  5.750E-02  2.51785E-07  5.34503E-07  1.07056E-07  2.29172E-10  4.59080E-11  6.25814E-09  3.80025E-09
  6.000E-02  2.74156E-07  5.24817E-07  1.06786E-07  2.34803E-10  4.77835E-11  4.72816E-09  7.62057E-09
  6.250E-02  2.97478E-07  5.15179E-07  1.06508E-07  2.40095E-10  4.96448E-11  2.24001E-09  9.62708E-09
  6.500E-02  3.21752E-07  5.05608E-07  1.06221E-07  2.45060E-10  5.14915E-11  6.97069E-10  9.58788E-09
  6.750E-02  3.46978E-07  4.96119E-07  1.05925E-07  2.49710E-10  5.33231E-11  3.48486E-09  7.67015E-09
  7.000E-02  3.73156E-07  4.86729E-07  1.05622E-07  2.54056E-10  5.51394E-11  5.55586E-09  4.38101E-09
  7.250E-02  4.00286E-07  4.77447E-07  1.05309E-07  2.58112E-10  5.69399E-11  6.48724E-09  4.51071E-10
  7.500E-02  4.28368E-07  4.68285E-07  1.04990E-07  2.61889E-10  5.87245E-11  6.08633E-09  3.31560E-09
  7.750E-02  4.57402E-07  4.59252E-07  1.04662E-07  2.65398E-10  6.04928E-11  4.43057E-09  6.19628E-09
  8.000E-02  4.87388E-07  4.50354E-07  1.04328E-07  2.68652E-10  6.22446E-11  1.85321E-09  7.68091E-09
  8.250E-02  5.18325E-07  4.41598E-07  1.03986E-07  2.71661E-10  6.39795E-11  1.12252E-09  7.55686E-09
  8.500E-02  5.50215E-07  4.32987E-07  1.03638E-07  2.74435E-10  6.56974E-11  3.88840E-09  5.93390E-09
  8.750E-02  5.83057E-07  4.24526E-07  1.03283E-07  2.76986E-10  6.73981E-11  5.87427E-09  3.20707E-09
  9.000E-02  6.16850E-07  4.16217E-07  1.02921E-07  2.79324E-10  6.90814E-11  6.66472E-09  3.26473E-11
  9.250E-02  6.51596E-07  4.08061E-07  1.02554E-07  2.81458E-10  7.07470E-11  6.08545E-09  3.12115E-09
  9.500E-02  6.87293E-07  4.00061E-07  1.02181E-07  2.83398E-10  7.23949E-11  4.24157E-09  5.45293E-09
  9.750E-02  7.23942E-07  3.92216E-07  1.01803E-07  2.85152E-10  7.40248E-11  1.49923E-09  6.59623E-09
  1.000E-01  7.61543E-07  3.84526E-07  1.01419E-07  2.86730E-10  7.56367E-11  1.58630E-09  6.37042E-09
  1.250E-01  1.18991E-06  3.15905E-07  9.73412E-08  2.94452E-10  9.07452E-11  7.30106E-09  6.91003E-10
  1.500E-01  1.71347E-06  2.60818E-07  9.29722E-08  2.91728E-10  1.04007E-10  2.78748E-10  5.15338E-09
  1.750E-01  2.33223E-06  2.16768E-07  8.84825E-08  2.82869E-10  1.15483E-10  8.62884E-09  7.44391E-10
  2.000E-01  3.04617E-06  1.81474E-07  8.39987E-08  2.70643E-10  1.25294E-10  2.88509E-09  4.43810E-09
  2.250E-01  3.85531E-06  1.53066E-07  7.96092E-08  2.56812E-10  1.33591E-10  9.47363E-09  1.87225E-09
  2.500E-01  4.75964E-06  1.30062E-07  7.53721E-08  2.42463E-10  1.40535E-10  6.22108E-09  3.72259E-09
  2.750E-01  5.75916E-06  1.11300E-07  7.13224E-08  2.28235E-10  1.46284E-10  9.35753E-09  2.80849E-09
  3.000E-01  6.85388E-06  9.58714E-08  6.74785E-08  2.14470E-10  1.50984E-10  1.00136E-08  2.87315E-09
  3.250E-01  8.04378E-06  8.30713E-08  6.38465E-08  2.01322E-10  1.54764E-10  7.94404E-09  3.53330E-09
  3.500E-01  9.32888E-06  7.23518E-08  6.04250E-08  1.88831E-10  1.57738E-10  1.38304E-08  1.87910E-09
  3.750E-01  1.07092E-05  6.32891E-08  5.72073E-08  1.76977E-10  1.60008E-10  5.08264E-09  4.00887E-09
  4.000E-01  1.21846E-05  5.55556E-08  5.41839E-08  1.65708E-10  1.61656E-10  1.71752E-08  7.80565E-10
  4.250E-01  1.37553E-05  4.88985E-08  5.13437E-08  1.54967E-10  1.62758E-10  8.03955E-10  4.20843E-09
  4.500E-01  1.54212E-05  4.31222E-08  4.86753E-08  1.44699E-10  1.63378E-10  1.95483E-08  3.63365E-10
  4.750E-01  1.71822E-05  3.80750E-08  4.61672E-08  1.34860E-10  1.63570E-10  4.69943E-09  4.11958E-09
  5.000E-01  1.90385E-05  3.36386E-08  4.38085E-08  1.25416E-10  1.63384E-10  2.04817E-08  1.48697E-09
  5.250E-01  2.09899E-05  2.97198E-08  4.15893E-08  1.16345E-10  1.62865E-10  1.10814E-08  3.74342E-09
  5.500E-01  2.30365E-05  2.62446E-08  3.95000E-08  1.07631E-10  1.62051E-10  1.95739E-08  2.52160E-09
  5.750E-01  2.51783E-05  2.31532E-08  3.75320E-08  9.92679E-11  1.60978E-10  1.78453E-08  3.09559E-09
  6.000E-01  2.74153E-05  2.03969E-08  3.56776E-08  9.12512E-11  1.59679E-10  1.65378E-08  3.39800E-09
  6.250E-01  2.97475E-05  1.79354E-08  3.39294E-08  8.35801E-11  1.58184E-10  2.43595E-08  2.20882E-09
  6.500E-01  3.21749E-05  1.57344E-08  3.22809E-08  7.62543E-11  1.56520E-10  1.12586E-08  4.05056E-09
  6.750E-01  3.46974E-05  1.37649E-08  3.07259E-08  6.92730E-11  1.54713E-10  2.98977E-08  1.13477E-09
  7.000E-01  3.73152E-05  1.20017E-08  2.92588E-08  6.26342E-11  1.52784E-10  3.84512E-09  4.42361E-09
  7.250E-01  4.00281E-05  1.04228E-08  2.78744E-08  5.63344E-11  1.50755E-10  3.37074E-08  5.67829E-11
  7.500E-01  4.28362E-05  9.00881E-09  2.65676E-08  5.03679E-11  1.48644E-10  5.33942E-09  4.47822E-09
  7.750E-01  4.57395E-05  7.74246E-09  2.53338E-08  4.47276E-11  1.46467E-10  3.50961E-08  1.28188E-09
  8.000E-01  4.87380E-05  6.60837E-09  2.41688E-08  3.94040E-11  1.44241E-10  1.56794E-08  4.19799E-09
  8.250E-01  5.18317E-05  5.59278E-09  2.30683E-08  3.43866E-11  1.41977E-10  3.35228E-08  2.44891E-09
  8.500E-01  5.50205E-05  4.68333E-09  2.20286E-08  2.96633E-11  1.39688E-10  2.63431E-08  3.59248E-09
  8.750E-01  5.83045E-05  3.86894E-09  2.10460E-08  2.52211E-11  1.37384E-10  2.86797E-08  3.46662E-09
  9.000E-01  6.16838E-05  3.13963E-09  2.01169E-08  2.10463E-11  1.35073E-10  3.63500E-08  2.69772E-09
  9.250E-01  6.51582E-05  2.48647E-09  1.92383E-08  1.71247E-11  1.32763E-10  2.05523E-08  4.25229E-09
  9.500E-01  6.87277E-05  1.90141E-09  1.84068E-08  1.34421E-11  1.30460E-10  4.46598E-08  1.57398E-09
  9.750E-01  7.23925E-05  1.37727E-09  1.76198E-08  9.98417E-12  1.28170E-10  9.45024E-09  4.73914E-09
  1.000E+00  7.61524E-05  9.07581E-10  1.68743E-08  6.73695E-12  1.25896E-10  2.20223E-12  4.57686E-13
  1.100E+00  9.21439E-05 -5.33057E-10  1.42597E-08 -4.40955E-12  1.17033E-10  1.04026E-12  7.35954E-13
  1.200E+00  1.09658E-04 -1.46671E-09  1.21317E-08 -1.31678E-11  1.08625E-10  2.86414E-14  6.53926E-13
  1.300E+00  1.28695E-04 -2.07236E-09  1.03823E-08 -2.01387E-11  1.00712E-10  6.20358E-13  4.13798E-13
  1.400E+00  1.49255E-04 -2.46189E-09  8.92959E-09 -2.57564E-11  9.32871E-11  8.62735E-13  1.55166E-13
  1.500E+00  1.71338E-04 -2.70556E-09  7.71208E-09 -3.03232E-11  8.63259E-11  7.70336E-13  4.25736E-14
  1.600E+00  1.94942E-04 -2.84824E-09  6.68337E-09 -3.40483E-11  7.98012E-11  4.76271E-13  1.50127E-13
  1.700E+00  2.20070E-04 -2.91939E-09  5.80816E-09 -3.70792E-11  7.36878E-11  1.24298E-13  1.72921E-13
  1.800E+00  2.46720E-04 -2.93907E-09  5.05925E-09 -3.95250E-11  6.79641E-11  1.69017E-13  1.35949E-13
  1.900E+00  2.74892E-04 -2.92142E-09  4.41535E-09 -4.14709E-11  6.26111E-11  3.35239E-13  7.08897E-14
  2.000E+00  3.04586E-04 -2.87672E-09  3.85953E-09 -4.29869E-11  5.76110E-11  3.58587E-13  5.95604E-15
  2.100E+00  3.35803E-04 -2.81269E-09  3.37807E-09 -4.41332E-11  5.29463E-11  2.67467E-13  4.07778E-14
  2.200E+00  3.68542E-04 -2.73516E-09  2.95976E-09 -4.49623E-11  4.85996E-11  1.15282E-13  6.08406E-14
  2.300E+00  4.02802E-04 -2.64860E-09  2.59533E-09 -4.55206E-11  4.45527E-11  3.84138E-14  5.72495E-14
  2.400E+00  4.38585E-04 -2.55642E-09  2.27700E-09 -4.58490E-11  4.07874E-11  1.48256E-13  3.75169E-14
  2.500E+00  4.75889E-04 -2.46123E-09  1.99825E-09 -4.59836E-11  3.72852E-11  1.90704E-13  1.11651E-14
  2.600E+00  5.14715E-04 -2.36499E-09  1.75358E-09 -4.59557E-11  3.40279E-11  1.65840E-13  1.11148E-14
  2.700E+00  5.55063E-04 -2.26916E-09  1.53831E-09 -4.57924E-11  3.09976E-11  9.41970E-14  2.46902E-14
  2.800E+00  5.96931E-04 -2.17482E-09  1.34848E-09 -4.55168E-11  2.81773E-11  6.91279E-15  2.78002E-14
  2.900E+00  6.40321E-04 -2.08271E-09  1.18070E-09 -4.51488E-11  2.55508E-11  6.72098E-14  2.14895E-14
  3.000E+00  6.85233E-04 -1.99338E-09  1.03210E-09 -4.47051E-11  2.31030E-11  1.07912E-13  9.46276E-15
  3.100E+00  7.31665E-04 -1.90714E-09  9.00196E-10 -4.41998E-11  2.08198E-11  1.08065E-13  2.17211E-15
  3.200E+00  7.79618E-04 -1.82422E-09  7.82892E-10 -4.36446E-11  1.86881E-11  7.44150E-14  1.07029E-14
  3.300E+00  8.29092E-04 -1.74470E-09  6.78373E-10 -4.30495E-11  1.66961E-11  2.31864E-14  1.38452E-14
  3.400E+00  8.80086E-04 -1.66861E-09  5.85081E-10 -4.24227E-11  1.48329E-11  2.80231E-14  1.27677E-14
  3.500E+00  9.32601E-04 -1.59593E-09  5.01674E-10 -4.17710E-11  1.30886E-11  6.21894E-14  7.52433E-15
  3.600E+00  9.86636E-04 -1.52658E-09  4.26993E-10 -4.11003E-11  1.14541E-11  7.17114E-14  8.47041E-16
  3.700E+00  1.04219E-03 -1.46047E-09  3.60034E-10 -4.04153E-11  9.92138E-12  5.74419E-14  4.39951E-15
  3.800E+00  1.09927E-03 -1.39747E-09  2.99925E-10 -3.97200E-11  8.48293E-12  2.70876E-14  8.13321E-15
  3.900E+00  1.15786E-03 -1.33748E-09  2.45908E-10 -3.90179E-11  7.13202E-12  7.52937E-15  7.52479E-15
  4.000E+00  1.21797E-03 -1.28035E-09  1.97320E-10 -3.83116E-11  5.86253E-12  3.51314E-14  5.60811E-15
  4.100E+00  1.27961E-03 -1.22596E-09  1.53580E-10 -3.76037E-11  4.66885E-12  4.79123E-14  2.25977E-15
  4.200E+00  1.34276E-03 -1.17417E-09  1.14180E-10 -3.68960E-11  3.54589E-12  4.45171E-14  1.22802E-15
  4.300E+00  1.40743E-03 -1.12485E-09  7.86719E-11 -3.61904E-11  2.48899E-12  2.68402E-14  3.65390E-15
  4.400E+00  1.47362E-03 -1.07788E-09  4.66592E-11 -3.54881E-11  1.49388E-12  2.98932E-15  4.73689E-15
  4.500E+00  1.54133E-03 -1.03314E-09  1.77923E-11 -3.47904E-11  5.56626E-13  1.87159E-14  3.58963E-15
  4.600E+00  1.61056E-03 -9.90505E-10 -8.23921E-12 -3.40984E-11 -3.26378E-13  3.16194E-14  1.65103E-15
  4.700E+00  1.68131E-03 -9.49876E-10 -3.17115E-11 -3.34129E-11 -1.15846E-12  3.29508E-14  3.64328E-16
  4.800E+00  1.75357E-03 -9.11143E-10 -5.28705E-11 -3.27345E-11 -1.94271E-12  2.37572E-14  1.85980E-15
  4.900E+00  1.82735E-03 -8.74208E-10 -7.19359E-11 -3.20640E-11 -2.68197E-12  8.03408E-15  2.89529E-15
  5.000E+00  1.90265E-03 -8.38975E-10 -8.91043E-11 -3.14019E-11 -3.37889E-12  7.88818E-15  2.56262E-15
  5.100E+00  1.97947E-03 -8.05356E-10 -1.04552E-10 -3.07485E-11 -4.03594E-12  2.04247E-14  2.04939E-15
  5.200E+00  2.05780E-03 -7.73267E-10 -1.18438E-10 -3.01042E-11 -4.65540E-12  2.46941E-14  1.96834E-16
  5.300E+00  2.13765E-03 -7.42629E-10 -1.30904E-10 -2.94694E-11 -5.23941E-12  2.04877E-14  1.32437E-15
  5.400E+00  2.21902E-03 -7.13366E-10 -1.42078E-10 -2.88442E-11 -5.78998E-12  9.85533E-15  1.81992E-15
  5.500E+00  2.30190E-03 -6.85407E-10 -1.52077E-10 -2.82288E-11 -6.30896E-12  2.10854E-15  1.75188E-15
  5.600E+00  2.38630E-03 -6.58686E-10 -1.61006E-10 -2.76233E-11 -6.79812E-12  1.26241E-14  1.35005E-15
  5.700E+00  2.47222E-03 -6.33141E-10 -1.68960E-10 -2.70279E-11 -7.25908E-12  1.79065E-14  6.50680E-16
  5.800E+00  2.55965E-03 -6.08710E-10 -1.76024E-10 -2.64426E-11 -7.69340E-12  1.70048E-14  4.70714E-16
  5.900E+00  2.64859E-03 -5.85340E-10 -1.82277E-10 -2.58674E-11 -8.10251E-12  1.06829E-14  9.08631E-16
  6.000E+00  2.73905E-03 -5.62975E-10 -1.87789E-10 -2.53024E-11 -8.48777E-12  1.63590E-15  1.31626E-15
  6.100E+00  2.83103E-03 -5.41568E-10 -1.92625E-10 -2.47475E-11 -8.85046E-12  6.93231E-15  9.89263E-16
  6.200E+00  2.92452E-03 -5.21069E-10 -1.96844E-10 -2.42026E-11 -9.19179E-12  1.27017E-14  6.83194E-16
  6.300E+00  3.01952E-03 -5.01435E-10 -2.00499E-10 -2.36678E-11 -9.51288E-12  1.33137E-14  0.00000E+00
  6.400E+00  3.11604E-03 -4.82624E-10 -2.03640E-10 -2.31429E-11 -9.81481E-12  1.00244E-14  5.11749E-16
  6.500E+00  3.21407E-03 -4.64595E-10 -2.06310E-10 -2.26279E-11 -1.00986E-11  3.52093E-15  8.67246E-16
  6.600E+00  3.31362E-03 -4.47312E-10 -2.08550E-10 -2.21226E-11 -1.03651E-11  3.10175E-15  8.40243E-16
  6.700E+00  3.41468E-03 -4.30737E-10 -2.10397E-10 -2.16269E-11 -1.06154E-11  8.42006E-15  8.14470E-16
  6.800E+00  3.51725E-03 -4.14839E-10 -2.11886E-10 -2.11408E-11 -1.08501E-11  1.03061E-14  2.25673E-16
  6.900E+00  3.62133E-03 -3.99584E-10 -2.13047E-10 -2.06640E-11 -1.10702E-11  8.86884E-15  4.37902E-16
  7.000E+00  3.72692E-03 -3.84943E-10 -2.13909E-10 -2.01965E-11 -1.12764E-11  4.57983E-15  4.25045E-16
  7.100E+00  3.83403E-03 -3.70886E-10 -2.14498E-10 -1.97381E-11 -1.14694E-11  7.11695E-16  5.15925E-16
  7.200E+00  3.94265E-03 -3.57388E-10 -2.14838E-10 -1.92887E-11 -1.16498E-11  5.35921E-15  5.01195E-16
  7.300E+00  4.05278E-03 -3.44421E-10 -2.14951E-10 -1.88481E-11 -1.18184E-11  7.89797E-15  9.74161E-17
  7.400E+00  4.16442E-03 -3.31963E-10 -2.14856E-10 -1.84162E-11 -1.19756E-11  7.68006E-15  2.84128E-16
  7.500E+00  4.27757E-03 -3.19989E-10 -2.14573E-10 -1.79927E-11 -1.21221E-11  4.92767E-15  2.76338E-16
  7.600E+00  4.39223E-03 -3.08478E-10 -2.14119E-10 -1.75777E-11 -1.22584E-11  9.28122E-16  1.79241E-16
  7.700E+00  4.50840E-03 -2.97409E-10 -2.13508E-10 -1.71708E-11 -1.23851E-11  3.01171E-15  3.48905E-16
  7.800E+00  4.62608E-03 -2.86762E-10 -2.12755E-10 -1.67720E-11 -1.25025E-11  5.42583E-15  3.39704E-16
  7.900E+00  4.74527E-03 -2.76519E-10 -2.11873E-10 -1.63810E-11 -1.26112E-11  6.14275E-15  1.65428E-16
  8.000E+00  4.86597E-03 -2.66662E-10 -2.10875E-10 -1.59978E-11 -1.27117E-11  4.59390E-15  1.61173E-16
  8.100E+00  4.98817E-03 -2.57174E-10 -2.09772E-10 -1.56222E-11 -1.28042E-11  2.03550E-15  1.57078E-16
  8.200E+00  5.11188E-03 -2.48040E-10 -2.08573E-10 -1.52540E-11 -1.28892E-11  1.19089E-15  1.53134E-16
  8.300E+00  5.23711E-03 -2.39242E-10 -2.07288E-10 -1.48930E-11 -1.29670E-11  3.87200E-15  2.98670E-16
  8.400E+00  5.36383E-03 -2.30769E-10 -2.05925E-10 -1.45392E-11 -1.30381E-11  4.65939E-15  1.45674E-16
  8.500E+00  5.49207E-03 -2.22604E-10 -2.04494E-10 -1.41923E-11 -1.31027E-11  4.05584E-15  1.42143E-16
  8.600E+00  5.62181E-03 -2.14736E-10 -2.03000E-10 -1.38523E-11 -1.31612E-11  2.15975E-15  2.77476E-16
  8.700E+00  5.75306E-03 -2.07152E-10 -2.01451E-10 -1.35190E-11 -1.32138E-11  3.51509E-16  1.35451E-16
  8.800E+00  5.88581E-03 -1.99841E-10 -1.99853E-10 -1.31921E-11 -1.32609E-11  2.40346E-15  1.32278E-16
  8.900E+00  6.02007E-03 -1.92790E-10 -1.98211E-10 -1.28717E-11 -1.33027E-11  3.57836E-15  1.29214E-16
  9.000E+00  6.15583E-03 -1.85989E-10 -1.96532E-10 -1.25576E-11 -1.33394E-11  3.60643E-15  2.52505E-16
  9.100E+00  6.29310E-03 -1.79427E-10 -1.94819E-10 -1.22495E-11 -1.33713E-11  2.45715E-15  0.00000E+00
  9.200E+00  6.43187E-03 -1.73096E-10 -1.93077E-10 -1.19475E-11 -1.33987E-11  5.22300E-16  3.61866E-16
  9.300E+00  6.57214E-03 -1.66986E-10 -1.91310E-10 -1.16513E-11 -1.34217E-11  1.43031E-15  0.00000E+00
  9.400E+00  6.71392E-03 -1.61087E-10 -1.89522E-10 -1.13608E-11 -1.34406E-11  2.49860E-15  0.00000E+00
  9.500E+00  6.85720E-03 -1.55392E-10 -1.87717E-10 -1.10759E-11 -1.34556E-11  2.83603E-15  1.12845E-16
  9.600E+00  7.00198E-03 -1.49892E-10 -1.85897E-10 -1.07966E-11 -1.34668E-11  2.10566E-15  0.00000E+00
  9.700E+00  7.14827E-03 -1.44580E-10 -1.84066E-10 -1.05225E-11 -1.34744E-11  1.03064E-15  1.08064E-16
  9.800E+00  7.29605E-03 -1.39448E-10 -1.82226E-10 -1.02538E-11 -1.34787E-11  4.58700E-16  0.00000E+00
  9.900E+00  7.44534E-03 -1.34489E-10 -1.80379E-10 -9.99012E-12 -1.34797E-11  1.79691E-15  0.00000E+00
  1.000E+01  7.59612E-03 -1.29696E-10 -1.78529E-10 -9.73150E-12 -1.34776E-11  2.28821E-15  0.00000E+00
  1.025E+01  7.97965E-03 -1.18402E-10 -1.73897E-10 -9.10616E-12 -1.34598E-11  5.01906E-16  9.63498E-17
  1.050E+01  8.37255E-03 -1.08017E-10 -1.69281E-10 -8.50985E-12 -1.34258E-11  1.59212E-15  0.00000E+00
  1.075E+01  8.77480E-03 -9.84581E-11 -1.64702E-10 -7.94101E-12 -1.33775E-11  6.82596E-16  0.00000E+00
  1.100E+01  9.18641E-03 -8.96506E-11 -1.60177E-10 -7.39818E-12 -1.33164E-11  1.08509E-15  8.31610E-17
  1.125E+01  9.60736E-03 -8.15283E-11 -1.55722E-10 -6.87998E-12 -1.32441E-11  6.90688E-16  0.00000E+00
  1.150E+01  1.00376E-02 -7.40313E-11 -1.51346E-10 -6.38511E-12 -1.31619E-11  4.62086E-16  0.00000E+00
  1.175E+01  1.04773E-02 -6.71057E-11 -1.47058E-10 -5.91236E-12 -1.30710E-11  5.68363E-16  0.00000E+00
  1.200E+01  1.09262E-02 -6.07030E-11 -1.42864E-10 -5.46057E-12 -1.29724E-11  4.23290E-16  1.38656E-16
  1.225E+01  1.13844E-02 -5.47793E-11 -1.38769E-10 -5.02867E-12 -1.28671E-11  5.21579E-16  0.00000E+00
  1.250E+01  1.18520E-02 -4.92951E-11 -1.34776E-10 -4.61565E-12 -1.27560E-11  1.11176E-16  1.27281E-16
  1.275E+01  1.23288E-02 -4.42143E-11 -1.30887E-10 -4.22054E-12 -1.26397E-11  3.20175E-16  6.10484E-17
  1.300E+01  1.28150E-02 -3.95045E-11 -1.27102E-10 -3.84247E-12 -1.25189E-11  0.00000E+00  5.86067E-17
  1.325E+01  1.33104E-02 -3.51361E-11 -1.23422E-10 -3.48057E-12 -1.23943E-11  2.46442E-16  5.63042E-17
  1.350E+01  1.38150E-02 -3.10822E-11 -1.19847E-10 -3.13405E-12 -1.22665E-11  9.48427E-17  0.00000E+00
  1.375E+01  1.43290E-02 -2.73184E-11 -1.16375E-10 -2.80217E-12 -1.21358E-11  1.82626E-16  5.20761E-17
  1.400E+01  1.48521E-02 -2.38223E-11 -1.13005E-10 -2.48421E-12 -1.20027E-11  4.39869E-17  5.01327E-17
  1.425E+01  1.53845E-02 -2.05736E-11 -1.09736E-10 -2.17952E-12 -1.18677E-11  4.24055E-17  2.41462E-17
  1.450E+01  1.59262E-02 -1.75536E-11 -1.06565E-10 -1.88746E-12 -1.17310E-11  6.13595E-17  2.32741E-17
  1.475E+01  1.64770E-02 -1.47453E-11 -1.03490E-10 -1.60744E-12 -1.15931E-11  7.89677E-17  0.00000E+00
  1.500E+01  1.70371E-02 -1.21332E-11 -1.00510E-10 -1.33891E-12 -1.14541E-11  9.53323E-17  2.16610E-17
  1.525E+01  1.76063E-02 -9.70285E-12 -9.76213E-11 -1.08132E-12 -1.13144E-11  7.36977E-17  2.09144E-17
  1.550E+01  1.81848E-02 -7.44127E-12 -9.48220E-11 -8.34194E-13 -1.11742E-11  1.06882E-16  0.00000E+00
  1.575E+01  1.87724E-02 -5.33629E-12 -9.21094E-11 -5.97045E-13 -1.10337E-11  9.47771E-17  9.76412E-18
  1.600E+01  1.93692E-02 -3.37690E-12 -8.94813E-11 -3.69427E-13 -1.08930E-11  1.58443E-16  4.72107E-18
  1.625E+01  1.99751E-02 -1.55280E-12 -8.69349E-11 -1.50920E-13 -1.07524E-11  7.06560E-17  1.37028E-17
  1.650E+01  2.05901E-02  1.45360E-13 -8.44679E-11  5.88801E-14 -1.06120E-11  1.89951E-16  4.42119E-18
  1.675E+01  2.12143E-02  1.72628E-12 -8.20778E-11  2.60352E-13 -1.04720E-11  3.79115E-17  2.56885E-17
  1.700E+01  2.18476E-02  3.19803E-12 -7.97621E-11  4.53856E-13 -1.03325E-11  2.05866E-16  8.29576E-18
  1.725E+01  2.24900E-02  4.56790E-12 -7.75185E-11  6.39735E-13 -1.01935E-11  0.00000E+00  1.60809E-17
  1.750E+01  2.31415E-02  5.84291E-12 -7.53446E-11  8.18313E-13 -1.00552E-11  2.21510E-16  1.55925E-17
  1.775E+01  2.38021E-02  7.02921E-12 -7.32382E-11  9.89899E-13 -9.91763E-12  5.37666E-17  1.51251E-17
  1.800E+01  2.44717E-02  8.13287E-12 -7.11969E-11  1.15478E-12 -9.78094E-12  2.21950E-16  0.00000E+00
  1.825E+01  2.51504E-02  9.15916E-12 -6.92186E-11  1.31325E-12 -9.64516E-12  7.61166E-17  2.84966E-17
  1.850E+01  2.58382E-02  1.01133E-11 -6.73013E-11  1.46556E-12 -9.51037E-12  2.21967E-16  0.00000E+00
  1.875E+01  2.65349E-02  1.09998E-11 -6.54428E-11  1.61196E-12 -9.37661E-12  1.43895E-16  2.68846E-17
  1.900E+01  2.72407E-02  1.18232E-11 -6.36412E-11  1.75270E-12 -9.24393E-12  1.86633E-16  0.00000E+00
  1.925E+01  2.79555E-02  1.25874E-11 -6.18945E-11  1.88800E-12 -9.11238E-12  1.81612E-16  2.53995E-17
  1.950E+01  2.86793E-02  1.32962E-11 -6.02009E-11  2.01808E-12 -8.98199E-12  1.76787E-16  0.00000E+00
  1.975E+01  2.94120E-02  1.39532E-11 -5.85586E-11  2.14315E-12 -8.85279E-12  2.15184E-16  0.00000E+00
  2.000E+01  3.01537E-02  1.45616E-11 -5.69659E-11  2.26340E-12 -8.72482E-12  8.38420E-17  0.00000E+00
  2.025E+01  3.09043E-02  1.51245E-11 -5.54210E-11  2.37903E-12 -8.59810E-12  2.45082E-16  0.00000E+00
  2.050E+01  3.16639E-02  1.56446E-11 -5.39223E-11  2.49021E-12 -8.47265E-12  0.00000E+00  0.00000E+00
  2.075E+01  3.24324E-02  1.61247E-11 -5.24683E-11  2.59712E-12 -8.34848E-12  1.94084E-16  0.00000E+00
  2.100E+01  3.32098E-02  1.65673E-11 -5.10574E-11  2.69991E-12 -8.22561E-12  0.00000E+00  0.00000E+00
  2.125E+01  3.39961E-02  1.69746E-11 -4.96883E-11  2.79875E-12 -8.10405E-12  1.84655E-16  0.00000E+00
  2.150E+01  3.47912E-02  1.73488E-11 -4.83594E-11  2.89379E-12 -7.98381E-12  0.00000E+00  0.00000E+00
  2.175E+01  3.55952E-02  1.76919E-11 -4.70695E-11  2.98516E-12 -7.86489E-12  0.00000E+00  0.00000E+00
  2.200E+01  3.64081E-02  1.80058E-11 -4.58171E-11  3.07301E-12 -7.74731E-12  0.00000E+00  0.00000E+00
  2.225E+01  3.72297E-02  1.82923E-11 -4.46012E-11  3.15746E-12 -7.63105E-12  0.00000E+00  0.00000E+00
  2.250E+01  3.80602E-02  1.85531E-11 -4.34204E-11  3.23864E-12 -7.51613E-12  0.00000E+00  0.00000E+00
  2.275E+01  3.88995E-02  1.87897E-11 -4.22736E-11  3.31668E-12 -7.40253E-12  0.00000E+00  0.00000E+00
  2.300E+01  3.97476E-02  1.90036E-11 -4.11596E-11  3.39168E-12 -7.29027E-12  0.00000E+00  0.00000E+00
  2.325E+01  4.06044E-02  1.91961E-11 -4.00774E-11  3.46375E-12 -7.17933E-12  0.00000E+00  0.00000E+00
  2.350E+01  4.14700E-02  1.93685E-11 -3.90260E-11  3.53301E-12 -7.06971E-12  0.00000E+00  0.00000E+00
  2.375E+01  4.23443E-02  1.95220E-11 -3.80042E-11  3.59955E-12 -6.96140E-12  0.00000E+00  0.00000E+00
  2.400E+01  4.32273E-02  1.96577E-11 -3.70112E-11  3.66346E-12 -6.85440E-12  0.00000E+00  0.00000E+00
  2.425E+01  4.41190E-02  1.97768E-11 -3.60461E-11  3.72485E-12 -6.74871E-12  0.00000E+00  0.00000E+00
  2.450E+01  4.50194E-02  1.98802E-11 -3.51078E-11  3.78379E-12 -6.64430E-12  0.00000E+00  0.00000E+00
  2.475E+01  4.59284E-02  1.99688E-11 -3.41956E-11  3.84039E-12 -6.54117E-12  0.00000E+00  0.00000E+00
  2.500E+01  4.68461E-02  2.00436E-11 -3.33086E-11  3.89471E-12 -6.43932E-12  0.00000E+00  0.00000E+00
  2.550E+01  4.87074E-02  2.01547E-11 -3.16070E-11  3.99685E-12 -6.23938E-12  0.00000E+00  0.00000E+00
  2.600E+01  5.06030E-02  2.02198E-11 -2.99969E-11  4.09080E-12 -6.04441E-12  0.00000E+00  0.00000E+00
  2.650E+01  5.25328E-02  2.02440E-11 -2.84727E-11  4.17712E-12 -5.85430E-12  0.00000E+00  0.00000E+00
  2.700E+01  5.44967E-02  2.02323E-11 -2.70291E-11  4.25631E-12 -5.66896E-12  0.00000E+00  0.00000E+00
  2.750E+01  5.64946E-02  2.01888E-11 -2.56612E-11  4.32885E-12 -5.48829E-12  0.00000E+00  0.00000E+00
  2.800E+01  5.85262E-02  2.01174E-11 -2.43644E-11  4.39516E-12 -5.31218E-12  0.00000E+00  0.00000E+00
  2.850E+01  6.05914E-02  2.00214E-11 -2.31344E-11  4.45565E-12 -5.14052E-12  0.00000E+00  0.00000E+00
  2.900E+01  6.26901E-02  1.99038E-11 -2.19674E-11  4.51070E-12 -4.97322E-12  0.00000E+00  0.00000E+00
  2.950E+01  6.48222E-02  1.97673E-11 -2.08595E-11  4.56064E-12 -4.81017E-12  0.00000E+00  0.00000E+00
  3.000E+01  6.69873E-02  1.96142E-11 -1.98074E-11  4.60581E-12 -4.65125E-12  0.00000E+00  0.00000E+00
  3.050E+01  6.91854E-02  1.94468E-11 -1.88079E-11  4.64651E-12 -4.49638E-12  0.00000E+00  0.00000E+00
  3.100E+01  7.14163E-02  1.92668E-11 -1.78579E-11  4.68300E-12 -4.34543E-12  0.00000E+00  0.00000E+00
  3.150E+01  7.36799E-02  1.90760E-11 -1.69547E-11  4.71556E-12 -4.19832E-12  0.00000E+00  0.00000E+00
  3.200E+01  7.59760E-02  1.88760E-11 -1.60957E-11  4.74443E-12 -4.05494E-12  0.00000E+00  0.00000E+00
  3.250E+01  7.83043E-02  1.86680E-11 -1.52782E-11  4.76983E-12 -3.91519E-12  0.00000E+00  0.00000E+00
  3.300E+01  8.06647E-02  1.84533E-11 -1.45002E-11  4.79197E-12 -3.77898E-12  0.00000E+00  0.00000E+00
  3.350E+01  8.30571E-02  1.82330E-11 -1.37594E-11  4.81106E-12 -3.64621E-12  0.00000E+00  0.00000E+00
  3.400E+01  8.54812E-02  1.80081E-11 -1.30538E-11  4.82727E-12 -3.51679E-12  0.00000E+00  0.00000E+00
  3.450E+01  8.79369E-02  1.77794E-11 -1.23816E-11  4.84079E-12 -3.39062E-12  0.00000E+00  0.00000E+00
  3.500E+01  9.04240E-02  1.75477E-11 -1.17409E-11  4.85177E-12 -3.26763E-12  0.00000E+00  0.00000E+00
  3.550E+01  9.29422E-02  1.73138E-11 -1.11302E-11  4.86036E-12 -3.14773E-12  0.00000E+00  0.00000E+00
  3.600E+01  9.54915E-02  1.70781E-11 -1.05477E-11  4.86671E-12 -3.03083E-12  0.00000E+00  0.00000E+00
  3.650E+01  9.80716E-02  1.68414E-11 -9.99215E-12  4.87095E-12 -2.91685E-12  0.00000E+00  0.00000E+00
  3.700E+01  1.00682E-01  1.66041E-11 -9.46206E-12  4.87321E-12 -2.80571E-12  0.00000E+00  0.00000E+00
  3.750E+01  1.03323E-01  1.63666E-11 -8.95617E-12  4.87361E-12 -2.69734E-12  0.00000E+00  0.00000E+00
  3.800E+01  1.05995E-01  1.61293E-11 -8.47325E-12  4.87224E-12 -2.59166E-12  0.00000E+00  0.00000E+00
  3.850E+01  1.08696E-01  1.58926E-11 -8.01214E-12  4.86923E-12 -2.48860E-12  0.00000E+00  0.00000E+00
  3.900E+01  1.11427E-01  1.56568E-11 -7.57176E-12  4.86466E-12 -2.38809E-12  0.00000E+00  0.00000E+00
  3.950E+01  1.14188E-01  1.54221E-11 -7.15108E-12  4.85863E-12 -2.29006E-12  0.00000E+00  0.00000E+00
  4.000E+01  1.16978E-01  1.51889E-11 -6.74914E-12  4.85122E-12 -2.19444E-12  0.00000E+00  0.00000E+00
  4.050E+01  1.19797E-01  1.49573E-11 -6.36504E-12  4.84252E-12 -2.10117E-12  0.00000E+00  0.00000E+00
  4.100E+01  1.22645E-01  1.47276E-11 -5.99791E-12  4.83260E-12 -2.01020E-12  0.00000E+00  0.00000E+00
  4.150E+01  1.25522E-01  1.44998E-11 -5.64695E-12  4.82153E-12 -1.92144E-12  0.00000E+00  0.00000E+00
  4.200E+01  1.28428E-01  1.42741E-11 -5.31137E-12  4.80939E-12 -1.83486E-12  0.00000E+00  0.00000E+00
  4.250E+01  1.31361E-01  1.40507E-11 -4.99047E-12  4.79624E-12 -1.75039E-12  0.00000E+00  0.00000E+00
  4.300E+01  1.34323E-01  1.38297E-11 -4.68353E-12  4.78213E-12 -1.66798E-12  0.00000E+00  0.00000E+00
  4.350E+01  1.37313E-01  1.36111E-11 -4.38992E-12  4.76713E-12 -1.58757E-12  0.00000E+00  0.00000E+00
  4.400E+01  1.40330E-01  1.33951E-11 -4.10903E-12  4.75129E-12 -1.50912E-12  0.00000E+00  0.00000E+00
  4.450E+01  1.43375E-01  1.31817E-11 -3.84028E-12  4.73467E-12 -1.43256E-12  0.00000E+00  0.00000E+00
  4.500E+01  1.46447E-01  1.29710E-11 -3.58311E-12  4.71730E-12 -1.35786E-12  0.00000E+00  0.00000E+00
  4.550E+01  1.49545E-01  1.27630E-11 -3.33699E-12  4.69923E-12 -1.28496E-12  0.00000E+00  0.00000E+00
  4.600E+01  1.52671E-01  1.25577E-11 -3.10143E-12  4.68051E-12 -1.21383E-12  0.00000E+00  0.00000E+00
  4.650E+01  1.55823E-01  1.23552E-11 -2.87595E-12  4.66119E-12 -1.14440E-12  0.00000E+00  0.00000E+00
  4.700E+01  1.59001E-01  1.21555E-11 -2.66011E-12  4.64128E-12 -1.07665E-12  0.00000E+00  0.00000E+00
  4.750E+01  1.62205E-01  1.19586E-11 -2.45348E-12  4.62085E-12 -1.01054E-12  0.00000E+00  0.00000E+00
  4.800E+01  1.65435E-01  1.17645E-11 -2.25567E-12  4.59991E-12 -9.46005E-13  0.00000E+00  0.00000E+00
  4.850E+01  1.68690E-01  1.15733E-11 -2.06629E-12  4.57850E-12 -8.83026E-13  0.00000E+00  0.00000E+00
  4.900E+01  1.71970E-01  1.13849E-11 -1.88498E-12  4.55666E-12 -8.21559E-13  0.00000E+00  0.00000E+00
  4.950E+01  1.75276E-01  1.11992E-11 -1.71137E-12  4.53441E-12 -7.61567E-13  0.00000E+00  0.00000E+00
  5.000E+01  1.78606E-01  1.10164E-11 -1.54515E-12  4.51178E-12 -7.03013E-13  0.00000E+00  0.00000E+00
  5.050E+01  1.81961E-01  1.08364E-11 -1.38600E-12  4.48879E-12 -6.45865E-13  0.00000E+00  0.00000E+00
  5.100E+01  1.85340E-01  1.06592E-11 -1.23362E-12  4.46547E-12 -5.90086E-13  0.00000E+00  0.00000E+00
  5.150E+01  1.88743E-01  1.04847E-11 -1.08773E-12  4.44186E-12 -5.35644E-13  0.00000E+00  0.00000E+00
  5.200E+01  1.92169E-01  1.03130E-11 -9.48066E-13  4.41795E-12 -4.82509E-13  0.00000E+00  0.00000E+00
  5.250E+01  1.95619E-01  1.01439E-11 -8.14357E-13  4.39379E-12 -4.30647E-13  0.00000E+00  0.00000E+00
  5.300E+01  1.99092E-01  9.97755E-12 -6.86357E-13  4.36939E-12 -3.80031E-13  0.00000E+00  0.00000E+00
  5.350E+01  2.02589E-01  9.81385E-12 -5.63828E-13  4.34476E-12 -3.30629E-13  0.00000E+00  0.00000E+00
  5.400E+01  2.06107E-01  9.65278E-12 -4.46549E-13  4.31993E-12 -2.82414E-13  0.00000E+00  0.00000E+00
  5.450E+01  2.09649E-01  9.49429E-12 -3.34308E-13  4.29491E-12 -2.35358E-13  0.00000E+00  0.00000E+00
  5.500E+01  2.13212E-01  9.33838E-12 -2.26904E-13  4.26973E-12 -1.89434E-13  0.00000E+00  0.00000E+00
  5.550E+01  2.16797E-01  9.18499E-12 -1.24140E-13  4.24439E-12 -1.44617E-13  0.00000E+00  0.00000E+00
  5.600E+01  2.20404E-01  9.03411E-12 -2.58283E-14  4.21891E-12 -1.00881E-13  0.00000E+00  0.00000E+00
  5.650E+01  2.24032E-01  8.88569E-12  6.82124E-14  4.19330E-12 -5.82007E-14  0.00000E+00  0.00000E+00
  5.700E+01  2.27680E-01  8.73971E-12  1.58154E-13  4.16759E-12 -1.65533E-14  0.00000E+00  0.00000E+00
  5.750E+01  2.31350E-01  8.59612E-12  2.44158E-13  4.14177E-12  2.40849E-14  0.00000E+00  0.00000E+00
  5.800E+01  2.35040E-01  8.45490E-12  3.26376E-13  4.11587E-12  6.37366E-14  0.00000E+00  0.00000E+00
  5.850E+01  2.38751E-01  8.31601E-12  4.04957E-13  4.08989E-12  1.02424E-13  0.00000E+00  0.00000E+00
  5.900E+01  2.42481E-01  8.17942E-12  4.80041E-13  4.06384E-12  1.40167E-13  0.00000E+00  0.00000E+00
  5.950E+01  2.46231E-01  8.04508E-12  5.51768E-13  4.03775E-12  1.76989E-13  0.00000E+00  0.00000E+00
  6.000E+01  2.50000E-01  7.91296E-12  6.20270E-13  4.01160E-12  2.12908E-13  0.00000E+00  0.00000E+00
  6.050E+01  2.53788E-01  7.78304E-12  6.85675E-13  3.98542E-12  2.47944E-13  0.00000E+00  0.00000E+00
  6.100E+01  2.57595E-01  7.65527E-12  7.48101E-13  3.95921E-12  2.82117E-13  0.00000E+00  0.00000E+00
  6.150E+01  2.61421E-01  7.52963E-12  8.07660E-13  3.93299E-12  3.15446E-13  0.00000E+00  0.00000E+00
  6.200E+01  2.65264E-01  7.40606E-12  8.64460E-13  3.90675E-12  3.47947E-13  0.00000E+00  0.00000E+00
  6.250E+01  2.69126E-01  7.28455E-12  9.18606E-13  3.88051E-12  3.79640E-13  0.00000E+00  0.00000E+00
  6.300E+01  2.73005E-01  7.16506E-12  9.70199E-13  3.85427E-12  4.10542E-13  0.00000E+00  0.00000E+00
  6.350E+01  2.76901E-01  7.04755E-12  1.01934E-12  3.82805E-12  4.40668E-13  0.00000E+00  0.00000E+00
  6.400E+01  2.80814E-01  6.93199E-12  1.06613E-12  3.80184E-12  4.70035E-13  0.00000E+00  0.00000E+00
  6.450E+01  2.84744E-01  6.81836E-12  1.11064E-12  3.77565E-12  4.98660E-13  0.00000E+00  0.00000E+00
  6.500E+01  2.88691E-01  6.70661E-12  1.15298E-12  3.74949E-12  5.26557E-13  0.00000E+00  0.00000E+00
  6.550E+01  2.92653E-01  6.59671E-12  1.19320E-12  3.72337E-12  5.53742E-13  0.00000E+00  0.00000E+00
  6.600E+01  2.96632E-01  6.48863E-12  1.23140E-12  3.69729E-12  5.80230E-13  0.00000E+00  0.00000E+00
  6.650E+01  3.00625E-01  6.38234E-12  1.26765E-12  3.67125E-12  6.06034E-13  0.00000E+00  0.00000E+00
  6.700E+01  3.04634E-01  6.27781E-12  1.30202E-12  3.64526E-12  6.31169E-13  0.00000E+00  0.00000E+00
  6.750E+01  3.08658E-01  6.17502E-12  1.33459E-12  3.61932E-12  6.55649E-13  0.00000E+00  0.00000E+00
  6.800E+01  3.12697E-01  6.07392E-12  1.36542E-12  3.59345E-12  6.79486E-13  0.00000E+00  0.00000E+00
  6.850E+01  3.16749E-01  5.97450E-12  1.39458E-12  3.56763E-12  7.02693E-13  0.00000E+00  0.00000E+00
  6.900E+01  3.20816E-01  5.87671E-12  1.42213E-12  3.54188E-12  7.25284E-13  0.00000E+00  0.00000E+00
  6.950E+01  3.24896E-01  5.78053E-12  1.44812E-12  3.51620E-12  7.47270E-13  0.00000E+00  0.00000E+00
  7.000E+01  3.28990E-01  5.68594E-12  1.47261E-12  3.49059E-12  7.68664E-13  0.00000E+00  0.00000E+00
  7.050E+01  3.33097E-01  5.59290E-12  1.49566E-12  3.46505E-12  7.89477E-13  0.00000E+00  0.00000E+00
  7.100E+01  3.37216E-01  5.50139E-12  1.51733E-12  3.43960E-12  8.09720E-13  0.00000E+00  0.00000E+00
  7.150E+01  3.41348E-01  5.41139E-12  1.53767E-12  3.41422E-12  8.29405E-13  0.00000E+00  0.00000E+00
  7.200E+01  3.45492E-01  5.32286E-12  1.55672E-12  3.38893E-12  8.48543E-13  0.00000E+00  0.00000E+00
  7.250E+01  3.49647E-01  5.23578E-12  1.57452E-12  3.36373E-12  8.67144E-13  0.00000E+00  0.00000E+00
  7.300E+01  3.53814E-01  5.15011E-12  1.59113E-12  3.33861E-12  8.85218E-13  0.00000E+00  0.00000E+00
  7.350E+01  3.57992E-01  5.06585E-12  1.60659E-12  3.31359E-12  9.02776E-13  0.00000E+00  0.00000E+00
  7.400E+01  3.62181E-01  4.98297E-12  1.62094E-12  3.28866E-12  9.19827E-13  0.00000E+00  0.00000E+00
  7.450E+01  3.66381E-01  4.90143E-12  1.63424E-12  3.26382E-12  9.36382E-13  0.00000E+00  0.00000E+00
  7.500E+01  3.70590E-01  4.82122E-12  1.64650E-12  3.23908E-12  9.52449E-13  0.00000E+00  0.00000E+00
  7.550E+01  3.74810E-01  4.74231E-12  1.65777E-12  3.21444E-12  9.68039E-13  0.00000E+00  0.00000E+00
  7.600E+01  3.79039E-01  4.66468E-12  1.66808E-12  3.18990E-12  9.83158E-13  0.00000E+00  0.00000E+00
  7.650E+01  3.83277E-01  4.58831E-12  1.67748E-12  3.16546E-12  9.97818E-13  0.00000E+00  0.00000E+00
  7.700E+01  3.87524E-01  4.51318E-12  1.68599E-12  3.14113E-12  1.01203E-12  0.00000E+00  0.00000E+00
  7.750E+01  3.91780E-01  4.43925E-12  1.69365E-12  3.11690E-12  1.02579E-12  0.00000E+00  0.00000E+00
  7.800E+01  3.96044E-01  4.36652E-12  1.70049E-12  3.09277E-12  1.03912E-12  0.00000E+00  0.00000E+00
  7.850E+01  4.00316E-01  4.29496E-12  1.70655E-12  3.06875E-12  1.05202E-12  0.00000E+00  0.00000E+00
  7.900E+01  4.04596E-01  4.22455E-12  1.71184E-12  3.04484E-12  1.06450E-12  0.00000E+00  0.00000E+00
  7.950E+01  4.08882E-01  4.15527E-12  1.71639E-12  3.02104E-12  1.07657E-12  0.00000E+00  0.00000E+00
  8.000E+01  4.13176E-01  4.08710E-12  1.72024E-12  2.99735E-12  1.08824E-12  0.00000E+00  0.00000E+00
  8.050E+01  4.17476E-01  4.02002E-12  1.72341E-12  2.97376E-12  1.09951E-12  0.00000E+00  0.00000E+00
  8.100E+01  4.21783E-01  3.95402E-12  1.72593E-12  2.95029E-12  1.11039E-12  0.00000E+00  0.00000E+00
  8.150E+01  4.26095E-01  3.88907E-12  1.72781E-12  2.92693E-12  1.12088E-12  0.00000E+00  0.00000E+00
  8.200E+01  4.30413E-01  3.82515E-12  1.72910E-12  2.90368E-12  1.13100E-12  0.00000E+00  0.00000E+00
  8.250E+01  4.34737E-01  3.76225E-12  1.72980E-12  2.88055E-12  1.14075E-12  0.00000E+00  0.00000E+00
  8.300E+01  4.39065E-01  3.70035E-12  1.72993E-12  2.85753E-12  1.15014E-12  0.00000E+00  0.00000E+00
  8.350E+01  4.43398E-01  3.63943E-12  1.72953E-12  2.83462E-12  1.15917E-12  0.00000E+00  0.00000E+00
  8.400E+01  4.47736E-01  3.57948E-12  1.72861E-12  2.81183E-12  1.16785E-12  0.00000E+00  0.00000E+00
  8.450E+01  4.52077E-01  3.52048E-12  1.72719E-12  2.78915E-12  1.17619E-12  0.00000E+00  0.00000E+00
  8.500E+01  4.56422E-01  3.46241E-12  1.72529E-12  2.76658E-12  1.18419E-12  0.00000E+00  0.00000E+00
  8.550E+01  4.60770E-01  3.40525E-12  1.72293E-12  2.74413E-12  1.19186E-12  0.00000E+00  0.00000E+00
  8.600E+01  4.65122E-01  3.34900E-12  1.72012E-12  2.72180E-12  1.19920E-12  0.00000E+00  0.00000E+00
  8.650E+01  4.69476E-01  3.29363E-12  1.71689E-12  2.69958E-12  1.20622E-12  0.00000E+00  0.00000E+00
  8.700E+01  4.73832E-01  3.23913E-12  1.71325E-12  2.67748E-12  1.21292E-12  0.00000E+00  0.00000E+00
  8.750E+01  4.78190E-01  3.18549E-12  1.70921E-12  2.65549E-12  1.21932E-12  0.00000E+00  0.00000E+00
  8.800E+01  4.82550E-01  3.13269E-12  1.70480E-12  2.63361E-12  1.22541E-12  0.00000E+00  0.00000E+00
  8.850E+01  4.86912E-01  3.08071E-12  1.70002E-12  2.61186E-12  1.23120E-12  0.00000E+00  0.00000E+00
  8.900E+01  4.91274E-01  3.02955E-12  1.69490E-12  2.59021E-12  1.23670E-12  0.00000E+00  0.00000E+00
  8.950E+01  4.95637E-01  2.97919E-12  1.68944E-12  2.56869E-12  1.24191E-12  0.00000E+00  0.00000E+00
  9.000E+01  5.00000E-01  2.92961E-12  1.68366E-12  2.54728E-12  1.24683E-12  0.00000E+00  0.00000E+00
  9.050E+01  5.04363E-01  2.88080E-12  1.67758E-12  2.52598E-12  1.25147E-12  0.00000E+00  0.00000E+00
  9.100E+01  5.08726E-01  2.83275E-12  1.67120E-12  2.50480E-12  1.25584E-12  0.00000E+00  0.00000E+00
  9.150E+01  5.13088E-01  2.78545E-12  1.66454E-12  2.48373E-12  1.25994E-12  0.00000E+00  0.00000E+00
  9.200E+01  5.17450E-01  2.73889E-12  1.65761E-12  2.46277E-12  1.26378E-12  0.00000E+00  0.00000E+00
  9.250E+01  5.21810E-01  2.69304E-12  1.65042E-12  2.44193E-12  1.26735E-12  0.00000E+00  0.00000E+00
  9.300E+01  5.26168E-01  2.64791E-12  1.64298E-12  2.42121E-12  1.27066E-12  0.00000E+00  0.00000E+00
  9.350E+01  5.30524E-01  2.60347E-12  1.63531E-12  2.40060E-12  1.27372E-12  0.00000E+00  0.00000E+00
  9.400E+01  5.34878E-01  2.55972E-12  1.62742E-12  2.38010E-12  1.27654E-12  0.00000E+00  0.00000E+00
  9.450E+01  5.39230E-01  2.51664E-12  1.61930E-12  2.35971E-12  1.27910E-12  0.00000E+00  0.00000E+00
  9.500E+01  5.43578E-01  2.47423E-12  1.61098E-12  2.33944E-12  1.28143E-12  0.00000E+00  0.00000E+00
  9.550E+01  5.47923E-01  2.43248E-12  1.60247E-12  2.31927E-12  1.28352E-12  0.00000E+00  0.00000E+00
  9.600E+01  5.52264E-01  2.39136E-12  1.59377E-12  2.29922E-12  1.28538E-12  0.00000E+00  0.00000E+00
  9.650E+01  5.56602E-01  2.35088E-12  1.58489E-12  2.27928E-12  1.28701E-12  0.00000E+00  0.00000E+00
  9.700E+01  5.60935E-01  2.31102E-12  1.57584E-12  2.25946E-12  1.28841E-12  0.00000E+00  0.00000E+00
  9.750E+01  5.65263E-01  2.27177E-12  1.56663E-12  2.23974E-12  1.28960E-12  0.00000E+00  0.00000E+00
  9.800E+01  5.69587E-01  2.23312E-12  1.55727E-12  2.22013E-12  1.29056E-12  0.00000E+00  0.00000E+00
  9.850E+01  5.73905E-01  2.19506E-12  1.54776E-12  2.20063E-12  1.29131E-12  0.00000E+00  0.00000E+00
  9.900E+01  5.78217E-01  2.15759E-12  1.53812E-12  2.18124E-12  1.29185E-12  0.00000E+00  0.00000E+00
  9.950E+01  5.82524E-01  2.12069E-12  1.52835E-12  2.16196E-12  1.29218E-12  0.00000E+00  0.00000E+00
  1.000E+02  5.86824E-01  2.08435E-12  1.51845E-12  2.14279E-12  1.29230E-12  0.00000E+00  0.00000E+00
  1.005E+02  5.91118E-01  2.04857E-12  1.50844E-12  2.12372E-12  1.29222E-12  0.00000E+00  0.00000E+00
  1.010E+02  5.95404E-01  2.01333E-12  1.49832E-12  2.10476E-12  1.29195E-12  0.00000E+00  0.00000E+00
  1.015E+02  5.99684E-01  1.97863E-12  1.48810E-12  2.08591E-12  1.29148E-12  0.00000E+00  0.00000E+00
  1.020E+02  6.03956E-01  1.94446E-12  1.47778E-12  2.06716E-12  1.29082E-12  0.00000E+00  0.00000E+00
  1.025E+02  6.08220E-01  1.91081E-12  1.46737E-12  2.04852E-12  1.28997E-12  0.00000E+00  0.00000E+00
  1.030E+02  6.12476E-01  1.87767E-12  1.45688E-12  2.02998E-12  1.28893E-12  0.00000E+00  0.00000E+00
  1.035E+02  6.16723E-01  1.84504E-12  1.44631E-12  2.01154E-12  1.28771E-12  0.00000E+00  0.00000E+00
  1.040E+02  6.20961E-01  1.81290E-12  1.43566E-12  1.99321E-12  1.28631E-12  0.00000E+00  0.00000E+00
  1.045E+02  6.25190E-01  1.78125E-12  1.42495E-12  1.97498E-12  1.28474E-12  0.00000E+00  0.00000E+00
  1.050E+02  6.29410E-01  1.75008E-12  1.41418E-12  1.95686E-12  1.28298E-12  0.00000E+00  0.00000E+00
  1.055E+02  6.33619E-01  1.71939E-12  1.40335E-12  1.93883E-12  1.28106E-12  0.00000E+00  0.00000E+00
  1.060E+02  6.37819E-01  1.68916E-12  1.39246E-12  1.92091E-12  1.27897E-12  0.00000E+00  0.00000E+00
  1.065E+02  6.42008E-01  1.65939E-12  1.38153E-12  1.90309E-12  1.27671E-12  0.00000E+00  0.00000E+00
  1.070E+02  6.46186E-01  1.63007E-12  1.37056E-12  1.88536E-12  1.27428E-12  0.00000E+00  0.00000E+00
  1.075E+02  6.50353E-01  1.60119E-12  1.35955E-12  1.86774E-12  1.27170E-12  0.00000E+00  0.00000E+00
  1.080E+02  6.54508E-01  1.57276E-12  1.34851E-12  1.85021E-12  1.26895E-12  0.00000E+00  0.00000E+00
  1.085E+02  6.58652E-01  1.54475E-12  1.33743E-12  1.83278E-12  1.26605E-12  0.00000E+00  0.00000E+00
  1.090E+02  6.62784E-01  1.51717E-12  1.32633E-12  1.81545E-12  1.26300E-12  0.00000E+00  0.00000E+00
  1.095E+02  6.66903E-01  1.49000E-12  1.31521E-12  1.79822E-12  1.25979E-12  0.00000E+00  0.00000E+00
  1.100E+02  6.71010E-01  1.46325E-12  1.30407E-12  1.78108E-12  1.25643E-12  0.00000E+00  0.00000E+00
  1.105E+02  6.75104E-01  1.43691E-12  1.29292E-12  1.76403E-12  1.25293E-12  0.00000E+00  0.00000E+00
  1.110E+02  6.79184E-01  1.41096E-12  1.28176E-12  1.74708E-12  1.24928E-12  0.00000E+00  0.00000E+00
  1.115E+02  6.83251E-01  1.38540E-12  1.27059E-12  1.73022E-12  1.24549E-12  0.00000E+00  0.00000E+00
  1.120E+02  6.87303E-01  1.36024E-12  1.25941E-12  1.71346E-12  1.24156E-12  0.00000E+00  0.00000E+00
  1.125E+02  6.91342E-01  1.33545E-12  1.24824E-12  1.69679E-12  1.23749E-12  0.00000E+00  0.00000E+00
  1.130E+02  6.95366E-01  1.31104E-12  1.23707E-12  1.68021E-12  1.23328E-12  0.00000E+00  0.00000E+00
  1.135E+02  6.99375E-01  1.28700E-12  1.22590E-12  1.66372E-12  1.22894E-12  0.00000E+00  0.00000E+00
  1.140E+02  7.03368E-01  1.26333E-12  1.21475E-12  1.64732E-12  1.22446E-12  0.00000E+00  0.00000E+00
  1.145E+02  7.07347E-01  1.24001E-12  1.20361E-12  1.63101E-12  1.21986E-12  0.00000E+00  0.00000E+00
  1.150E+02  7.11309E-01  1.21705E-12  1.19248E-12  1.61479E-12  1.21513E-12  0.00000E+00  0.00000E+00
  1.155E+02  7.15256E-01  1.19444E-12  1.18137E-12  1.59865E-12  1.21027E-12  0.00000E+00  0.00000E+00
  1.160E+02  7.19186E-01  1.17217E-12  1.17028E-12  1.58261E-12  1.20529E-12  0.00000E+00  0.00000E+00
  1.165E+02  7.23099E-01  1.15024E-12  1.15921E-12  1.56665E-12  1.20018E-12  0.00000E+00  0.00000E+00
  1.170E+02  7.26995E-01  1.12865E-12  1.14817E-12  1.55077E-12  1.19495E-12  0.00000E+00  0.00000E+00
  1.175E+02  7.30874E-01  1.10738E-12  1.13716E-12  1.53499E-12  1.18961E-12  0.00000E+00  0.00000E+00
  1.180E+02  7.34736E-01  1.08644E-12  1.12617E-12  1.51928E-12  1.18415E-12  0.00000E+00  0.00000E+00
  1.185E+02  7.38579E-01  1.06582E-12  1.11522E-12  1.50366E-12  1.17857E-12  0.00000E+00  0.00000E+00
  1.190E+02  7.42405E-01  1.04551E-12  1.10431E-12  1.48813E-12  1.17288E-12  0.00000E+00  0.00000E+00
  1.195E+02  7.46212E-01  1.02551E-12  1.09343E-12  1.47267E-12  1.16708E-12  0.00000E+00  0.00000E+00
  1.200E+02  7.50000E-01  1.00582E-12  1.08259E-12  1.45730E-12  1.16116E-12  0.00000E+00  0.00000E+00
  1.205E+02  7.53769E-01  9.86428E-13  1.07179E-12  1.44201E-12  1.15514E-12  0.00000E+00  0.00000E+00
  1.210E+02  7.57519E-01  9.67336E-13  1.06104E-12  1.42680E-12  1.14901E-12  0.00000E+00  0.00000E+00
  1.215E+02  7.61249E-01  9.48537E-13  1.05033E-12  1.41167E-12  1.14278E-12  0.00000E+00  0.00000E+00
  1.220E+02  7.64960E-01  9.30027E-13  1.03967E-12  1.39662E-12  1.13644E-12  0.00000E+00  0.00000E+00
  1.225E+02  7.68650E-01  9.11802E-13  1.02906E-12  1.38164E-12  1.13000E-12  0.00000E+00  0.00000E+00
  1.230E+02  7.72320E-01  8.93858E-13  1.01849E-12  1.36675E-12  1.12346E-12  0.00000E+00  0.00000E+00
  1.235E+02  7.75968E-01  8.76190E-13  1.00798E-12  1.35193E-12  1.11682E-12  0.00000E+00  0.00000E+00
  1.240E+02  7.79596E-01  8.58796E-13  9.97527E-13  1.33718E-12  1.11008E-12  0.00000E+00  0.00000E+00
  1.245E+02  7.83203E-01  8.41672E-13  9.87127E-13  1.32251E-12  1.10325E-12  0.00000E+00  0.00000E+00
  1.250E+02  7.86788E-01  8.24814E-13  9.76785E-13  1.30792E-12  1.09632E-12  0.00000E+00  0.00000E+00
  1.255E+02  7.90351E-01  8.08218E-13  9.66501E-13  1.29340E-12  1.08930E-12  0.00000E+00  0.00000E+00
  1.260E+02  7.93893E-01  7.91880E-13  9.56277E-13  1.27895E-12  1.08219E-12  0.00000E+00  0.00000E+00
  1.265E+02  7.97411E-01  7.75798E-13  9.46114E-13  1.26458E-12  1.07499E-12  0.00000E+00  0.00000E+00
  1.270E+02  8.00908E-01  7.59967E-13  9.36014E-13  1.25027E-12  1.06770E-12  0.00000E+00  0.00000E+00
  1.275E+02  8.04381E-01  7.44384E-13  9.25978E-13  1.23604E-12  1.06032E-12  0.00000E+00  0.00000E+00
  1.280E+02  8.07831E-01  7.29046E-13  9.16009E-13  1.22188E-12  1.05285E-12  0.00000E+00  0.00000E+00
  1.285E+02  8.11257E-01  7.13950E-13  9.06107E-13  1.20779E-12  1.04530E-12  0.00000E+00  0.00000E+00
  1.290E+02  8.14660E-01  6.99092E-13  8.96273E-13  1.19377E-12  1.03767E-12  0.00000E+00  0.00000E+00
  1.295E+02  8.18039E-01  6.84470E-13  8.86508E-13  1.17981E-12  1.02996E-12  0.00000E+00  0.00000E+00
  1.300E+02  8.21394E-01  6.70080E-13  8.76813E-13  1.16592E-12  1.02216E-12  0.00000E+00  0.00000E+00
  1.305E+02  8.24724E-01  6.55918E-13  8.67190E-13  1.15210E-12  1.01428E-12  0.00000E+00  0.00000E+00
  1.310E+02  8.28030E-01  6.41983E-13  8.57639E-13  1.13835E-12  1.00633E-12  0.00000E+00  0.00000E+00
  1.315E+02  8.31310E-01  6.28271E-13  8.48163E-13  1.12466E-12  9.98294E-13  0.00000E+00  0.00000E+00
  1.320E+02  8.34565E-01  6.14780E-13  8.38762E-13  1.11104E-12  9.90185E-13  0.00000E+00  0.00000E+00
  1.325E+02  8.37795E-01  6.01506E-13  8.29437E-13  1.09748E-12  9.82002E-13  0.00000E+00  0.00000E+00
  1.330E+02  8.40999E-01  5.88447E-13  8.20189E-13  1.08398E-12  9.73744E-13  0.00000E+00  0.00000E+00
  1.335E+02  8.44177E-01  5.75599E-13  8.11018E-13  1.07054E-12  9.65415E-13  0.00000E+00  0.00000E+00
  1.340E+02  8.47329E-01  5.62961E-13  8.01925E-13  1.05717E-12  9.57013E-13  0.00000E+00  0.00000E+00
  1.345E+02  8.50455E-01  5.50529E-13  7.92911E-13  1.04386E-12  9.48542E-13  0.00000E+00  0.00000E+00
  1.350E+02  8.53553E-01  5.38301E-13  7.83979E-13  1.03061E-12  9.40001E-13  0.00000E+00  0.00000E+00
  1.355E+02  8.56625E-01  5.26275E-13  7.75128E-13  1.01742E-12  9.31392E-13  0.00000E+00  0.00000E+00
  1.360E+02  8.59670E-01  5.14448E-13  7.66360E-13  1.00428E-12  9.22716E-13  0.00000E+00  0.00000E+00
  1.365E+02  8.62687E-01  5.02818E-13  7.57674E-13  9.91211E-13  9.13975E-13  0.00000E+00  0.00000E+00
  1.370E+02  8.65677E-01  4.91382E-13  7.49072E-13  9.78194E-13  9.05168E-13  0.00000E+00  0.00000E+00
  1.375E+02  8.68639E-01  4.80137E-13  7.40553E-13  9.65235E-13  8.96298E-13  0.00000E+00  0.00000E+00
  1.380E+02  8.71572E-01  4.69081E-13  7.32119E-13  9.52331E-13  8.87365E-13  0.00000E+00  0.00000E+00
  1.385E+02  8.74478E-01  4.58213E-13  7.23772E-13  9.39483E-13  8.78370E-13  0.00000E+00  0.00000E+00
  1.390E+02  8.77355E-01  4.47530E-13  7.15511E-13  9.26690E-13  8.69315E-13  0.00000E+00  0.00000E+00
  1.395E+02  8.80203E-01  4.37030E-13  7.07339E-13  9.13952E-13  8.60200E-13  0.00000E+00  0.00000E+00
  1.400E+02  8.83022E-01  4.26711E-13  6.99253E-13  9.01266E-13  8.51026E-13  0.00000E+00  0.00000E+00
  1.405E+02  8.85812E-01  4.16569E-13  6.91256E-13  8.88634E-13  8.41795E-13  0.00000E+00  0.00000E+00
  1.410E+02  8.88573E-01  4.06604E-13  6.83347E-13  8.76053E-13  8.32507E-13  0.00000E+00  0.00000E+00
  1.415E+02  8.91304E-01  3.96814E-13  6.75527E-13  8.63524E-13  8.23163E-13  0.00000E+00  0.00000E+00
  1.420E+02  8.94005E-01  3.87195E-13  6.67798E-13  8.51046E-13  8.13764E-13  0.00000E+00  0.00000E+00
  1.425E+02  8.96677E-01  3.77747E-13  6.60160E-13  8.38617E-13  8.04311E-13  0.00000E+00  0.00000E+00
  1.430E+02  8.99318E-01  3.68468E-13  6.52613E-13  8.26238E-13  7.94806E-13  0.00000E+00  0.00000E+00
  1.435E+02  9.01928E-01  3.59357E-13  6.45159E-13  8.13908E-13  7.85248E-13  0.00000E+00  0.00000E+00
  1.440E+02  9.04508E-01  3.50409E-13  6.37797E-13  8.01626E-13  7.75640E-13  0.00000E+00  0.00000E+00
  1.445E+02  9.07058E-01  3.41623E-13  6.30525E-13  7.89390E-13  7.65981E-13  0.00000E+00  0.00000E+00
  1.450E+02  9.09576E-01  3.32999E-13  6.23347E-13  7.77202E-13  7.56272E-13  0.00000E+00  0.00000E+00
  1.455E+02  9.12063E-01  3.24534E-13  6.16263E-13  7.65059E-13  7.46516E-13  0.00000E+00  0.00000E+00
  1.460E+02  9.14519E-01  3.16228E-13  6.09274E-13  7.52962E-13  7.36712E-13  0.00000E+00  0.00000E+00
  1.465E+02  9.16943E-01  3.08078E-13  6.02380E-13  7.40909E-13  7.26861E-13  0.00000E+00  0.00000E+00
  1.470E+02  9.19335E-01  3.00081E-13  5.95580E-13  7.28900E-13  7.16964E-13  0.00000E+00  0.00000E+00
  1.475E+02  9.21696E-01  2.92238E-13  5.88876E-13  7.16934E-13  7.07022E-13  0.00000E+00  0.00000E+00
  1.480E+02  9.24024E-01  2.84545E-13  5.82266E-13  7.05011E-13  6.97037E-13  0.00000E+00  0.00000E+00
  1.485E+02  9.26320E-01  2.77002E-13  5.75752E-13  6.93129E-13  6.87008E-13  0.00000E+00  0.00000E+00
  1.490E+02  9.28584E-01  2.69608E-13  5.69335E-13  6.81289E-13  6.76936E-13  0.00000E+00  0.00000E+00
  1.495E+02  9.30815E-01  2.62360E-13  5.63016E-13  6.69489E-13  6.66823E-13  0.00000E+00  0.00000E+00
  1.500E+02  9.33013E-01  2.55257E-13  5.56794E-13  6.57729E-13  6.56668E-13  0.00000E+00  0.00000E+00
  1.505E+02  9.35178E-01  2.48299E-13  5.50669E-13  6.46008E-13  6.46474E-13  0.00000E+00  0.00000E+00
  1.510E+02  9.37310E-01  2.41482E-13  5.44642E-13  6.34326E-13  6.36241E-13  0.00000E+00  0.00000E+00
  1.515E+02  9.39409E-01  2.34806E-13  5.38712E-13  6.22681E-13  6.25969E-13  0.00000E+00  0.00000E+00
  1.520E+02  9.41474E-01  2.28270E-13  5.32881E-13  6.11074E-13  6.15659E-13  0.00000E+00  0.00000E+00
  1.525E+02  9.43505E-01  2.21872E-13  5.27148E-13  5.99503E-13  6.05313E-13  0.00000E+00  0.00000E+00
  1.530E+02  9.45503E-01  2.15612E-13  5.21515E-13  5.87968E-13  5.94930E-13  0.00000E+00  0.00000E+00
  1.535E+02  9.47467E-01  2.09488E-13  5.15982E-13  5.76468E-13  5.84512E-13  0.00000E+00  0.00000E+00
  1.540E+02  9.49397E-01  2.03498E-13  5.10548E-13  5.65002E-13  5.74060E-13  0.00000E+00  0.00000E+00
  1.545E+02  9.51293E-01  1.97642E-13  5.05214E-13  5.53570E-13  5.63573E-13  0.00000E+00  0.00000E+00
  1.550E+02  9.53154E-01  1.91918E-13  4.99979E-13  5.42172E-13  5.53054E-13  0.00000E+00  0.00000E+00
  1.555E+02  9.54981E-01  1.86324E-13  4.94844E-13  5.30806E-13  5.42502E-13  0.00000E+00  0.00000E+00
  1.560E+02  9.56773E-01  1.80861E-13  4.89809E-13  5.19471E-13  5.31918E-13  0.00000E+00  0.00000E+00
  1.565E+02  9.58530E-01  1.75528E-13  4.84876E-13  5.08168E-13  5.21304E-13  0.00000E+00  0.00000E+00
  1.570E+02  9.60252E-01  1.70322E-13  4.80045E-13  4.96895E-13  5.10659E-13  0.00000E+00  0.00000E+00
  1.575E+02  9.61940E-01  1.65243E-13  4.75315E-13  4.85652E-13  4.99985E-13  0.00000E+00  0.00000E+00
  1.580E+02  9.63592E-01  1.60290E-13  4.70685E-13  4.74439E-13  4.89282E-13  0.00000E+00  0.00000E+00
  1.585E+02  9.65209E-01  1.55461E-13  4.66157E-13  4.63253E-13  4.78551E-13  0.00000E+00  0.00000E+00
  1.590E+02  9.66790E-01  1.50757E-13  4.61730E-13  4.52096E-13  4.67792E-13  0.00000E+00  0.00000E+00
  1.595E+02  9.68336E-01  1.46175E-13  4.57405E-13  4.40966E-13  4.57007E-13  0.00000E+00  0.00000E+00
  1.600E+02  9.69846E-01  1.41716E-13  4.53182E-13  4.29862E-13  4.46196E-13  0.00000E+00  0.00000E+00
  1.605E+02  9.71321E-01  1.37378E-13  4.49063E-13  4.18784E-13  4.35360E-13  0.00000E+00  0.00000E+00
  1.610E+02  9.72759E-01  1.33160E-13  4.45046E-13  4.07732E-13  4.24499E-13  0.00000E+00  0.00000E+00
  1.615E+02  9.74162E-01  1.29062E-13  4.41131E-13  3.96704E-13  4.13615E-13  0.00000E+00  0.00000E+00
  1.620E+02  9.75528E-01  1.25083E-13  4.37319E-13  3.85700E-13  4.02707E-13  0.00000E+00  0.00000E+00
  1.625E+02  9.76858E-01  1.21221E-13  4.33608E-13  3.74719E-13  3.91776E-13  0.00000E+00  0.00000E+00
  1.630E+02  9.78152E-01  1.17477E-13  4.30001E-13  3.63761E-13  3.80824E-13  0.00000E+00  0.00000E+00
  1.635E+02  9.79410E-01  1.13849E-13  4.26498E-13  3.52825E-13  3.69850E-13  0.00000E+00  0.00000E+00
  1.640E+02  9.80631E-01  1.10337E-13  4.23098E-13  3.41910E-13  3.58856E-13  0.00000E+00  0.00000E+00
  1.645E+02  9.81815E-01  1.06940E-13  4.19802E-13  3.31015E-13  3.47841E-13  0.00000E+00  0.00000E+00
  1.650E+02  9.82963E-01  1.03658E-13  4.16610E-13  3.20141E-13  3.36808E-13  0.00000E+00  0.00000E+00
  1.655E+02  9.84074E-01  1.00489E-13  4.13520E-13  3.09286E-13  3.25756E-13  0.00000E+00  0.00000E+00
  1.660E+02  9.85148E-01  9.74333E-14  4.10534E-13  2.98450E-13  3.14686E-13  0.00000E+00  0.00000E+00
  1.665E+02  9.86185E-01  9.44899E-14  4.07651E-13  2.87631E-13  3.03599E-13  0.00000E+00  0.00000E+00
  1.670E+02  9.87185E-01  9.16586E-14  4.04873E-13  2.76831E-13  2.92495E-13  0.00000E+00  0.00000E+00
  1.675E+02  9.88148E-01  8.89390E-14  4.02200E-13  2.66047E-13  2.81375E-13  0.00000E+00  0.00000E+00
  1.680E+02  9.89074E-01  8.63305E-14  3.99631E-13  2.55279E-13  2.70240E-13  0.00000E+00  0.00000E+00
  1.685E+02  9.89962E-01  8.38322E-14  3.97166E-13  2.44526E-13  2.59090E-13  0.00000E+00  0.00000E+00
  1.690E+02  9.90814E-01  8.14436E-14  3.94805E-13  2.33788E-13  2.47926E-13  0.00000E+00  0.00000E+00
  1.695E+02  9.91627E-01  7.91641E-14  3.92548E-13  2.23065E-13  2.36748E-13  0.00000E+00  0.00000E+00
  1.700E+02  9.92404E-01  7.69935E-14  3.90395E-13  2.12355E-13  2.25558E-13  0.00000E+00  0.00000E+00
  1.705E+02  9.93143E-01  7.49315E-14  3.88347E-13  2.01658E-13  2.14355E-13  0.00000E+00  0.00000E+00
  1.710E+02  9.93844E-01  7.29780E-14  3.86404E-13  1.90973E-13  2.03141E-13  0.00000E+00  0.00000E+00
  1.715E+02  9.94508E-01  7.11325E-14  3.84567E-13  1.80299E-13  1.91915E-13  0.00000E+00  0.00000E+00
  1.720E+02  9.95134E-01  6.93944E-14  3.82834E-13  1.69637E-13  1.80680E-13  0.00000E+00  0.00000E+00
  1.725E+02  9.95722E-01  6.77631E-14  3.81205E-13  1.58985E-13  1.69434E-13  0.00000E+00  0.00000E+00
  1.730E+02  9.96273E-01  6.62382E-14  3.79681E-13  1.48342E-13  1.58180E-13  0.00000E+00  0.00000E+00
  1.735E+02  9.96786E-01  6.48195E-14  3.78260E-13  1.37709E-13  1.46917E-13  0.00000E+00  0.00000E+00
  1.740E+02  9.97261E-01  6.35071E-14  3.76945E-13  1.27084E-13  1.35646E-13  0.00000E+00  0.00000E+00
  1.745E+02  9.97698E-01  6.23010E-14  3.75736E-13  1.16466E-13  1.24367E-13  0.00000E+00  0.00000E+00
  1.750E+02  9.98097E-01  6.12009E-14  3.74633E-13  1.05856E-13  1.13082E-13  0.00000E+00  0.00000E+00
  1.755E+02  9.98459E-01  6.02064E-14  3.73635E-13  9.52521E-14  1.01791E-13  2.37606E-17  0.00000E+00
  1.760E+02  9.98782E-01  5.93168E-14  3.72742E-13  8.46540E-14  9.04951E-14  4.76191E-17  0.00000E+00
  1.765E+02  9.99067E-01  5.85318E-14  3.71952E-13  7.40610E-14  7.91938E-14  0.00000E+00  0.00000E+00
  1.770E+02  9.99315E-01  5.78515E-14  3.71267E-13  6.34725E-14  6.78883E-14  0.00000E+00  0.00000E+00
  1.775E+02  9.99524E-01  5.72760E-14  3.70687E-13  5.28879E-14  5.65791E-14  0.00000E+00  0.00000E+00
  1.780E+02  9.99695E-01  5.68056E-14  3.70213E-13  4.23064E-14  4.52669E-14  2.39492E-17  0.00000E+00
  1.785E+02  9.99829E-01  5.64406E-14  3.69847E-13  3.17276E-14  3.39522E-14  2.39695E-17  0.00000E+00
  1.790E+02  9.99924E-01  5.61804E-14  3.69586E-13  2.11506E-14  2.26358E-14  2.39840E-17  0.00000E+00
  1.795E+02  9.99981E-01  5.60248E-14  3.69431E-13  1.05750E-14  1.13182E-14  2.39926E-17  0.00000E+00
  1.800E+02  1.00000E+00  5.59730E-14  3.69379E-13  1.48402E-28  1.58834E-28  9.59818E-17  2.16485E-13
