 #  Spin polarization functions (in cm)      MU=(1-cos(TH))/2
 #  Z =  79,   projectile: electron
 #  Kinetic energy = 3.00000E+06 eV
 #
 # TH (deg)      MU            U            S            T      1-U^2-T^2-S^2
 #------------------------------------------------------------------------------
  0.000E+00  0.00000E+00  0.00000E+00  0.00000E+00  1.00000E+00  0.00000E+00
  1.000E-04  7.61557E-13  1.49133E-06  3.59420E-11  1.00000E+00  0.00000E+00
  1.250E-04  1.18994E-12  1.86416E-06  4.49274E-11  1.00000E+00 -2.22045E-16
  1.500E-04  1.71346E-12  2.23699E-06  5.39129E-11  1.00000E+00  3.33067E-16
  1.750E-04  2.33225E-12  2.60982E-06  6.28984E-11  1.00000E+00 -2.22045E-16
  2.000E-04  3.04617E-12  2.98266E-06  7.18839E-11  1.00000E+00  2.22045E-16
  2.250E-04  3.85530E-12  3.35549E-06  8.08693E-11  1.00000E+00 -2.22045E-16
  2.500E-04  4.75964E-12  3.72832E-06  8.98548E-11  1.00000E+00 -2.22045E-16
  2.750E-04  5.75917E-12  4.10115E-06  9.88402E-11  1.00000E+00 -2.22045E-16
  3.000E-04  6.85391E-12  4.47398E-06  1.07826E-10  1.00000E+00 -2.22045E-16
  3.250E-04  8.04379E-12  4.84682E-06  1.16811E-10  1.00000E+00  4.44089E-16
  3.500E-04  9.32893E-12  5.21965E-06  1.25796E-10  1.00000E+00  1.11022E-16
  3.750E-04  1.07092E-11  5.59248E-06  1.34782E-10  1.00000E+00 -2.22045E-16
  4.000E-04  1.21847E-11  5.96531E-06  1.43767E-10  1.00000E+00  1.11022E-16
  4.250E-04  1.37554E-11  6.33814E-06  1.52753E-10  1.00000E+00 -2.22045E-16
  4.500E-04  1.54213E-11  6.71098E-06  1.61738E-10  1.00000E+00  0.00000E+00
  4.750E-04  1.71823E-11  7.08381E-06  1.70723E-10  1.00000E+00  2.22045E-16
  5.000E-04  1.90386E-11  7.45664E-06  1.79708E-10  1.00000E+00  2.22045E-16
  5.250E-04  2.09900E-11  7.82947E-06  1.88694E-10  1.00000E+00 -2.22045E-16
  5.500E-04  2.30367E-11  8.20230E-06  1.97679E-10  1.00000E+00 -2.22045E-16
  5.750E-04  2.51785E-11  8.57514E-06  2.06664E-10  1.00000E+00 -2.22045E-16
  6.000E-04  2.74156E-11  8.94797E-06  2.15649E-10  1.00000E+00 -4.44089E-16
  6.250E-04  2.97478E-11  9.32080E-06  2.24635E-10  1.00000E+00 -4.44089E-16
  6.500E-04  3.21752E-11  9.69363E-06  2.33620E-10  1.00000E+00 -2.22045E-16
  6.750E-04  3.46979E-11  1.00665E-05  2.42605E-10  1.00000E+00 -2.22045E-16
  7.000E-04  3.73157E-11  1.04393E-05  2.51590E-10  1.00000E+00 -2.22045E-16
  7.250E-04  4.00286E-11  1.08121E-05  2.60575E-10  1.00000E+00 -2.22045E-16
  7.500E-04  4.28368E-11  1.11850E-05  2.69560E-10  1.00000E+00  0.00000E+00
  7.750E-04  4.57402E-11  1.15578E-05  2.78545E-10  1.00000E+00  2.22045E-16
  8.000E-04  4.87388E-11  1.19306E-05  2.87530E-10  1.00000E+00  3.33067E-16
  8.250E-04  5.18325E-11  1.23035E-05  2.96515E-10  1.00000E+00 -2.22045E-16
  8.500E-04  5.50215E-11  1.26763E-05  3.05500E-10  1.00000E+00  1.11022E-16
  8.750E-04  5.83057E-11  1.30491E-05  3.14485E-10  1.00000E+00 -2.22045E-16
  9.000E-04  6.16850E-11  1.34220E-05  3.23470E-10  1.00000E+00  2.22045E-16
  9.250E-04  6.51595E-11  1.37948E-05  3.32454E-10  1.00000E+00  2.22045E-16
  9.500E-04  6.87293E-11  1.41676E-05  3.41439E-10  1.00000E+00  3.33067E-16
  9.750E-04  7.23943E-11  1.45404E-05  3.50424E-10  1.00000E+00 -4.44089E-16
  1.000E-03  7.61544E-11  1.49133E-05  3.59409E-10  1.00000E+00  0.00000E+00
  1.250E-03  1.18991E-10  1.86416E-05  4.49253E-10  1.00000E+00  0.00000E+00
  1.500E-03  1.71347E-10  2.23699E-05  5.39092E-10  1.00000E+00  0.00000E+00
  1.750E-03  2.33223E-10  2.60982E-05  6.28925E-10  1.00000E+00 -2.22045E-16
  2.000E-03  3.04617E-10  2.98266E-05  7.18751E-10  1.00000E+00 -4.44089E-16
  2.250E-03  3.85531E-10  3.35549E-05  8.08570E-10  1.00000E+00 -4.44089E-16
  2.500E-03  4.75965E-10  3.72832E-05  8.98379E-10  1.00000E+00  1.11022E-16
  2.750E-03  5.75917E-10  4.10115E-05  9.88179E-10  1.00000E+00 -2.22045E-16
  3.000E-03  6.85389E-10  4.47398E-05  1.07797E-09  1.00000E+00  0.00000E+00
  3.250E-03  8.04380E-10  4.84682E-05  1.16775E-09  1.00000E+00 -4.44089E-16
  3.500E-03  9.32891E-10  5.21965E-05  1.25751E-09  1.00000E+00 -4.44089E-16
  3.750E-03  1.07092E-09  5.59248E-05  1.34727E-09  1.00000E+00  1.11022E-16
  4.000E-03  1.21847E-09  5.96531E-05  1.43701E-09  1.00000E+00  0.00000E+00
  4.250E-03  1.37554E-09  6.33815E-05  1.52674E-09  1.00000E+00  2.22045E-16
  4.500E-03  1.54213E-09  6.71098E-05  1.61646E-09  1.00000E+00  2.22045E-16
  4.750E-03  1.71823E-09  7.08381E-05  1.70616E-09  1.00000E+00  3.33067E-16
  5.000E-03  1.90386E-09  7.45664E-05  1.79585E-09  1.00000E+00  0.00000E+00
  5.250E-03  2.09900E-09  7.82948E-05  1.88553E-09  1.00000E+00  1.11022E-16
  5.500E-03  2.30367E-09  8.20231E-05  1.97519E-09  1.00000E+00 -2.22045E-16
  5.750E-03  2.51785E-09  8.57514E-05  2.06484E-09  1.00000E+00  0.00000E+00
  6.000E-03  2.74156E-09  8.94797E-05  2.15448E-09  1.00000E+00  3.33067E-16
  6.250E-03  2.97478E-09  9.32081E-05  2.24410E-09  1.00000E+00 -2.22045E-16
  6.500E-03  3.21752E-09  9.69364E-05  2.33371E-09  1.00000E+00 -4.44089E-16
  6.750E-03  3.46978E-09  1.00665E-04  2.42332E-09  1.00000E+00 -2.22045E-16
  7.000E-03  3.73156E-09  1.04393E-04  2.51291E-09  1.00000E+00  1.11022E-16
  7.250E-03  4.00286E-09  1.08121E-04  2.60249E-09  1.00000E+00  0.00000E+00
  7.500E-03  4.28368E-09  1.11850E-04  2.69206E-09  1.00000E+00  1.11022E-16
  7.750E-03  4.57402E-09  1.15578E-04  2.78163E-09  1.00000E+00 -2.22045E-16
  8.000E-03  4.87388E-09  1.19306E-04  2.87119E-09  1.00000E+00 -4.44089E-16
  8.250E-03  5.18326E-09  1.23035E-04  2.96075E-09  1.00000E+00  2.22045E-16
  8.500E-03  5.50215E-09  1.26763E-04  3.05031E-09  1.00000E+00  3.33067E-16
  8.750E-03  5.83057E-09  1.30491E-04  3.13986E-09  1.00000E+00 -2.22045E-16
  9.000E-03  6.16850E-09  1.34220E-04  3.22942E-09  1.00000E+00  1.11022E-16
  9.250E-03  6.51596E-09  1.37948E-04  3.31897E-09  1.00000E+00 -2.22045E-16
  9.500E-03  6.87293E-09  1.41676E-04  3.40854E-09  1.00000E+00 -4.44089E-16
  9.750E-03  7.23942E-09  1.45405E-04  3.49811E-09  1.00000E+00 -2.22045E-16
  1.000E-02  7.61544E-09  1.49133E-04  3.58769E-09  1.00000E+00  2.22045E-16
  1.250E-02  1.18991E-08  1.86416E-04  4.48473E-09  1.00000E+00  0.00000E+00
  1.500E-02  1.71347E-08  2.23700E-04  5.38659E-09  1.00000E+00  3.33067E-16
  1.750E-02  2.33223E-08  2.60983E-04  6.29796E-09  1.00000E+00  1.11022E-16
  2.000E-02  3.04617E-08  2.98267E-04  7.22443E-09  1.00000E+00 -2.22045E-16
  2.250E-02  3.85531E-08  3.35551E-04  8.17198E-09  1.00000E+00 -2.22045E-16
  2.500E-02  4.75965E-08  3.72834E-04  9.14636E-09  1.00000E+00 -2.22045E-16
  2.750E-02  5.75917E-08  4.10118E-04  1.01525E-08  1.00000E+00  0.00000E+00
  3.000E-02  6.85389E-08  4.47401E-04  1.11941E-08  1.00000E+00  2.22045E-16
  3.250E-02  8.04380E-08  4.84685E-04  1.22731E-08  1.00000E+00 -2.22045E-16
  3.500E-02  9.32891E-08  5.21968E-04  1.33901E-08  1.00000E+00 -2.22045E-16
  3.750E-02  1.07092E-07  5.59252E-04  1.45440E-08  1.00000E+00  0.00000E+00
  4.000E-02  1.21847E-07  5.96535E-04  1.57332E-08  1.00000E+00  0.00000E+00
  4.250E-02  1.37554E-07  6.33819E-04  1.69554E-08  1.00000E+00  0.00000E+00
  4.500E-02  1.54213E-07  6.71102E-04  1.82090E-08  1.00000E+00  0.00000E+00
  4.750E-02  1.71823E-07  7.08386E-04  1.94932E-08  1.00000E+00 -2.22045E-16
  5.000E-02  1.90386E-07  7.45670E-04  2.08087E-08  1.00000E+00  3.33067E-16
  5.250E-02  2.09900E-07  7.82954E-04  2.21576E-08  1.00000E+00  3.33067E-16
  5.500E-02  2.30367E-07  8.20238E-04  2.35435E-08  1.00000E+00  3.33067E-16
  5.750E-02  2.51785E-07  8.57521E-04  2.49709E-08  1.00000E+00  1.11022E-16
  6.000E-02  2.74156E-07  8.94805E-04  2.64445E-08  1.00000E+00  1.11022E-16
  6.250E-02  2.97478E-07  9.32089E-04  2.79687E-08  1.00000E+00 -2.22045E-16
  6.500E-02  3.21752E-07  9.69373E-04  2.95465E-08  1.00000E+00  1.11022E-16
  6.750E-02  3.46978E-07  1.00666E-03  3.11794E-08  9.99999E-01 -2.22045E-16
  7.000E-02  3.73156E-07  1.04394E-03  3.28669E-08  9.99999E-01 -2.22045E-16
  7.250E-02  4.00286E-07  1.08123E-03  3.46071E-08  9.99999E-01  1.11022E-16
  7.500E-02  4.28368E-07  1.11851E-03  3.63966E-08  9.99999E-01  2.22045E-16
  7.750E-02  4.57402E-07  1.15579E-03  3.82318E-08  9.99999E-01  0.00000E+00
  8.000E-02  4.87388E-07  1.19308E-03  4.01097E-08  9.99999E-01  0.00000E+00
  8.250E-02  5.18325E-07  1.23036E-03  4.20283E-08  9.99999E-01  0.00000E+00
  8.500E-02  5.50215E-07  1.26765E-03  4.39875E-08  9.99999E-01  2.22045E-16
  8.750E-02  5.83057E-07  1.30493E-03  4.59894E-08  9.99999E-01 -2.22045E-16
  9.000E-02  6.16850E-07  1.34222E-03  4.80378E-08  9.99999E-01  3.33067E-16
  9.250E-02  6.51596E-07  1.37950E-03  5.01377E-08  9.99999E-01 -2.22045E-16
  9.500E-02  6.87293E-07  1.41679E-03  5.22945E-08  9.99999E-01  1.11022E-16
  9.750E-02  7.23942E-07  1.45407E-03  5.45128E-08  9.99999E-01 -2.22045E-16
  1.000E-01  7.61543E-07  1.49135E-03  5.67956E-08  9.99999E-01 -2.22045E-16
  1.250E-01  1.18991E-06  1.86421E-03  8.26951E-08  9.99998E-01 -2.22045E-16
  1.500E-01  1.71347E-06  2.23706E-03  1.14367E-07  9.99997E-01 -2.22045E-16
  1.750E-01  2.33223E-06  2.60993E-03  1.51722E-07  9.99997E-01  3.33067E-16
  2.000E-01  3.04617E-06  2.98280E-03  1.94944E-07  9.99996E-01  0.00000E+00
  2.250E-01  3.85531E-06  3.35569E-03  2.44202E-07  9.99994E-01  0.00000E+00
  2.500E-01  4.75964E-06  3.72858E-03  2.98918E-07  9.99993E-01  3.33067E-16
  2.750E-01  5.75916E-06  4.10148E-03  3.58530E-07  9.99992E-01 -2.22045E-16
  3.000E-01  6.85388E-06  4.47439E-03  4.23492E-07  9.99990E-01  1.11022E-16
  3.250E-01  8.04378E-06  4.84732E-03  4.93960E-07  9.99988E-01  1.11022E-16
  3.500E-01  9.32888E-06  5.22025E-03  5.68974E-07  9.99986E-01  1.11022E-16
  3.750E-01  1.07092E-05  5.59319E-03  6.48548E-07  9.99984E-01  1.11022E-16
  4.000E-01  1.21846E-05  5.96614E-03  7.33890E-07  9.99982E-01 -2.22045E-16
  4.250E-01  1.37553E-05  6.33910E-03  8.24645E-07  9.99980E-01  0.00000E+00
  4.500E-01  1.54212E-05  6.71207E-03  9.19477E-07  9.99977E-01 -4.44089E-16
  4.750E-01  1.71822E-05  7.08505E-03  1.01922E-06  9.99975E-01  3.33067E-16
  5.000E-01  1.90385E-05  7.45805E-03  1.12516E-06  9.99972E-01  0.00000E+00
  5.250E-01  2.09899E-05  7.83105E-03  1.23569E-06  9.99969E-01  1.11022E-16
  5.500E-01  2.30365E-05  8.20407E-03  1.34939E-06  9.99966E-01 -2.22045E-16
  5.750E-01  2.51783E-05  8.57710E-03  1.46825E-06  9.99963E-01 -2.22045E-16
  6.000E-01  2.74153E-05  8.95014E-03  1.59257E-06  9.99960E-01 -2.22045E-16
  6.250E-01  2.97475E-05  9.32320E-03  1.71977E-06  9.99957E-01 -2.22045E-16
  6.500E-01  3.21749E-05  9.69627E-03  1.84940E-06  9.99953E-01  3.33067E-16
  6.750E-01  3.46974E-05  1.00694E-02  1.98422E-06  9.99949E-01 -2.22045E-16
  7.000E-01  3.73152E-05  1.04425E-02  2.12350E-06  9.99945E-01  0.00000E+00
  7.250E-01  4.00281E-05  1.08156E-02  2.26393E-06  9.99942E-01  0.00000E+00
  7.500E-01  4.28362E-05  1.11887E-02  2.40716E-06  9.99937E-01 -2.22045E-16
  7.750E-01  4.57395E-05  1.15618E-02  2.55625E-06  9.99933E-01  0.00000E+00
  8.000E-01  4.87380E-05  1.19350E-02  2.70853E-06  9.99929E-01  1.11022E-16
  8.250E-01  5.18317E-05  1.23081E-02  2.86156E-06  9.99924E-01  3.33067E-16
  8.500E-01  5.50205E-05  1.26813E-02  3.01934E-06  9.99920E-01  1.11022E-16
  8.750E-01  5.83045E-05  1.30545E-02  3.18351E-06  9.99915E-01  2.22045E-16
  9.000E-01  6.16838E-05  1.34277E-02  3.34993E-06  9.99910E-01  3.33067E-16
  9.250E-01  6.51582E-05  1.38009E-02  3.51802E-06  9.99905E-01  0.00000E+00
  9.500E-01  6.87277E-05  1.41741E-02  3.69310E-06  9.99900E-01  3.33067E-16
  9.750E-01  7.23925E-05  1.45473E-02  3.87506E-06  9.99894E-01 -2.22045E-16
  1.000E+00  7.61524E-05  1.49206E-02  4.05774E-06  9.99889E-01  1.11022E-16
  1.100E+00  9.21439E-05  1.64136E-02  4.84647E-06  9.99865E-01  0.00000E+00
  1.200E+00  1.09658E-04  1.79068E-02  5.72066E-06  9.99840E-01  3.33067E-16
  1.300E+00  1.28695E-04  1.94002E-02  6.67995E-06  9.99812E-01 -4.44089E-16
  1.400E+00  1.49255E-04  2.08938E-02  7.71981E-06  9.99782E-01  2.22045E-16
  1.500E+00  1.71338E-04  2.23875E-02  8.83336E-06  9.99749E-01  3.33067E-16
  1.600E+00  1.94942E-04  2.38814E-02  1.00139E-05  9.99715E-01  0.00000E+00
  1.700E+00  2.20070E-04  2.53755E-02  1.12598E-05  9.99678E-01  1.11022E-16
  1.800E+00  2.46720E-04  2.68697E-02  1.25680E-05  9.99639E-01 -2.22045E-16
  1.900E+00  2.74892E-04  2.83641E-02  1.39413E-05  9.99598E-01  3.33067E-16
  2.000E+00  3.04586E-04  2.98587E-02  1.53824E-05  9.99554E-01  0.00000E+00
  2.100E+00  3.35803E-04  3.13535E-02  1.68950E-05  9.99508E-01  3.33067E-16
  2.200E+00  3.68542E-04  3.28484E-02  1.84846E-05  9.99460E-01 -2.22045E-16
  2.300E+00  4.02802E-04  3.43435E-02  2.01568E-05  9.99410E-01  0.00000E+00
  2.400E+00  4.38585E-04  3.58387E-02  2.19164E-05  9.99358E-01 -2.22045E-16
  2.500E+00  4.75889E-04  3.73341E-02  2.37685E-05  9.99303E-01  1.11022E-16
  2.600E+00  5.14715E-04  3.88297E-02  2.57163E-05  9.99246E-01  0.00000E+00
  2.700E+00  5.55063E-04  4.03254E-02  2.77630E-05  9.99187E-01 -4.44089E-16
  2.800E+00  5.96931E-04  4.18212E-02  2.99095E-05  9.99125E-01  0.00000E+00
  2.900E+00  6.40321E-04  4.33172E-02  3.21594E-05  9.99061E-01  1.11022E-16
  3.000E+00  6.85233E-04  4.48133E-02  3.45132E-05  9.98995E-01 -2.22045E-16
  3.100E+00  7.31665E-04  4.63096E-02  3.69706E-05  9.98927E-01  2.22045E-16
  3.200E+00  7.79618E-04  4.78060E-02  3.95332E-05  9.98857E-01  0.00000E+00
  3.300E+00  8.29092E-04  4.93026E-02  4.21997E-05  9.98784E-01 -2.22045E-16
  3.400E+00  8.80086E-04  5.07992E-02  4.49701E-05  9.98709E-01 -2.22045E-16
  3.500E+00  9.32601E-04  5.22961E-02  4.78449E-05  9.98632E-01  1.11022E-16
  3.600E+00  9.86636E-04  5.37930E-02  5.08231E-05  9.98552E-01  1.11022E-16
  3.700E+00  1.04219E-03  5.52901E-02  5.39040E-05  9.98470E-01  3.33067E-16
  3.800E+00  1.09927E-03  5.67873E-02  5.70875E-05  9.98386E-01  0.00000E+00
  3.900E+00  1.15786E-03  5.82847E-02  6.03726E-05  9.98300E-01 -2.22045E-16
  4.000E+00  1.21797E-03  5.97822E-02  6.37586E-05  9.98211E-01  0.00000E+00
  4.100E+00  1.27961E-03  6.12798E-02  6.72463E-05  9.98121E-01  2.22045E-16
  4.200E+00  1.34276E-03  6.27775E-02  7.08350E-05  9.98028E-01 -2.22045E-16
  4.300E+00  1.40743E-03  6.42754E-02  7.45246E-05  9.97932E-01  2.22045E-16
  4.400E+00  1.47362E-03  6.57734E-02  7.83145E-05  9.97835E-01  1.11022E-16
  4.500E+00  1.54133E-03  6.72715E-02  8.22039E-05  9.97735E-01 -2.22045E-16
  4.600E+00  1.61056E-03  6.87698E-02  8.61930E-05  9.97633E-01 -4.44089E-16
  4.700E+00  1.68131E-03  7.02681E-02  9.02820E-05  9.97528E-01  1.11022E-16
  4.800E+00  1.75357E-03  7.17666E-02  9.44710E-05  9.97421E-01 -2.22045E-16
  4.900E+00  1.82735E-03  7.32652E-02  9.87598E-05  9.97312E-01  2.22045E-16
  5.000E+00  1.90265E-03  7.47639E-02  1.03148E-04  9.97201E-01  0.00000E+00
  5.100E+00  1.97947E-03  7.62628E-02  1.07635E-04  9.97088E-01  0.00000E+00
  5.200E+00  2.05780E-03  7.77617E-02  1.12222E-04  9.96972E-01  1.11022E-16
  5.300E+00  2.13765E-03  7.92608E-02  1.16907E-04  9.96854E-01  1.11022E-16
  5.400E+00  2.21902E-03  8.07600E-02  1.21691E-04  9.96734E-01  1.11022E-16
  5.500E+00  2.30190E-03  8.22593E-02  1.26574E-04  9.96611E-01 -2.22045E-16
  5.600E+00  2.38630E-03  8.37587E-02  1.31554E-04  9.96486E-01 -2.22045E-16
  5.700E+00  2.47222E-03  8.52583E-02  1.36633E-04  9.96359E-01  1.11022E-16
  5.800E+00  2.55965E-03  8.67579E-02  1.41810E-04  9.96229E-01  1.11022E-16
  5.900E+00  2.64859E-03  8.82576E-02  1.47083E-04  9.96098E-01  0.00000E+00
  6.000E+00  2.73905E-03  8.97575E-02  1.52454E-04  9.95964E-01 -2.22045E-16
  6.100E+00  2.83103E-03  9.12574E-02  1.57920E-04  9.95827E-01 -2.22045E-16
  6.200E+00  2.92452E-03  9.27575E-02  1.63481E-04  9.95689E-01  0.00000E+00
  6.300E+00  3.01952E-03  9.42577E-02  1.69138E-04  9.95548E-01  0.00000E+00
  6.400E+00  3.11604E-03  9.57579E-02  1.74889E-04  9.95405E-01  0.00000E+00
  6.500E+00  3.21407E-03  9.72583E-02  1.80733E-04  9.95259E-01  0.00000E+00
  6.600E+00  3.31362E-03  9.87587E-02  1.86671E-04  9.95111E-01  3.33067E-16
  6.700E+00  3.41468E-03  1.00259E-01  1.92700E-04  9.94961E-01  3.33067E-16
  6.800E+00  3.51725E-03  1.01760E-01  1.98818E-04  9.94809E-01  0.00000E+00
  6.900E+00  3.62133E-03  1.03261E-01  2.05030E-04  9.94654E-01  3.33067E-16
  7.000E+00  3.72692E-03  1.04761E-01  2.11328E-04  9.94497E-01 -2.22045E-16
  7.100E+00  3.83403E-03  1.06262E-01  2.17715E-04  9.94338E-01  2.22045E-16
  7.200E+00  3.94265E-03  1.07763E-01  2.24189E-04  9.94177E-01  1.11022E-16
  7.300E+00  4.05278E-03  1.09264E-01  2.30749E-04  9.94013E-01 -2.22045E-16
  7.400E+00  4.16442E-03  1.10766E-01  2.37389E-04  9.93847E-01  3.33067E-16
  7.500E+00  4.27757E-03  1.12267E-01  2.44118E-04  9.93678E-01 -2.22045E-16
  7.600E+00  4.39223E-03  1.13768E-01  2.50925E-04  9.93507E-01 -2.22045E-16
  7.700E+00  4.50840E-03  1.15270E-01  2.57814E-04  9.93334E-01 -4.44089E-16
  7.800E+00  4.62608E-03  1.16771E-01  2.64782E-04  9.93159E-01  3.33067E-16
  7.900E+00  4.74527E-03  1.18273E-01  2.71824E-04  9.92981E-01  2.22045E-16
  8.000E+00  4.86597E-03  1.19774E-01  2.78943E-04  9.92801E-01 -4.44089E-16
  8.100E+00  4.98817E-03  1.21276E-01  2.86139E-04  9.92619E-01  0.00000E+00
  8.200E+00  5.11188E-03  1.22778E-01  2.93406E-04  9.92434E-01  2.22045E-16
  8.300E+00  5.23711E-03  1.24279E-01  3.00746E-04  9.92247E-01  2.22045E-16
  8.400E+00  5.36383E-03  1.25781E-01  3.08153E-04  9.92058E-01  2.22045E-16
  8.500E+00  5.49207E-03  1.27283E-01  3.15624E-04  9.91866E-01  0.00000E+00
  8.600E+00  5.62181E-03  1.28785E-01  3.23163E-04  9.91672E-01  0.00000E+00
  8.700E+00  5.75306E-03  1.30287E-01  3.30769E-04  9.91476E-01  0.00000E+00
  8.800E+00  5.88581E-03  1.31789E-01  3.38438E-04  9.91278E-01 -4.44089E-16
  8.900E+00  6.02007E-03  1.33291E-01  3.46167E-04  9.91077E-01  0.00000E+00
  9.000E+00  6.15583E-03  1.34794E-01  3.53952E-04  9.90874E-01  0.00000E+00
  9.100E+00  6.29310E-03  1.36296E-01  3.61790E-04  9.90668E-01 -2.22045E-16
  9.200E+00  6.43187E-03  1.37798E-01  3.69685E-04  9.90460E-01  1.11022E-16
  9.300E+00  6.57214E-03  1.39300E-01  3.77638E-04  9.90250E-01  0.00000E+00
  9.400E+00  6.71392E-03  1.40803E-01  3.85644E-04  9.90038E-01  0.00000E+00
  9.500E+00  6.85720E-03  1.42305E-01  3.93696E-04  9.89823E-01  2.22045E-16
  9.600E+00  7.00198E-03  1.43807E-01  4.01791E-04  9.89606E-01  0.00000E+00
  9.700E+00  7.14827E-03  1.45310E-01  4.09927E-04  9.89386E-01  3.33067E-16
  9.800E+00  7.29605E-03  1.46812E-01  4.18110E-04  9.89164E-01  0.00000E+00
  9.900E+00  7.44534E-03  1.48315E-01  4.26340E-04  9.88940E-01 -2.22045E-16
  1.000E+01  7.59612E-03  1.49817E-01  4.34611E-04  9.88714E-01 -2.22045E-16
  1.025E+01  7.97965E-03  1.53574E-01  4.55426E-04  9.88137E-01  2.22045E-16
  1.050E+01  8.37255E-03  1.57330E-01  4.76441E-04  9.87546E-01  0.00000E+00
  1.075E+01  8.77480E-03  1.61086E-01  4.97627E-04  9.86940E-01  2.22045E-16
  1.100E+01  9.18641E-03  1.64843E-01  5.18918E-04  9.86320E-01  3.33067E-16
  1.125E+01  9.60736E-03  1.68599E-01  5.40335E-04  9.85685E-01 -2.22045E-16
  1.150E+01  1.00376E-02  1.72355E-01  5.61777E-04  9.85035E-01  1.11022E-16
  1.175E+01  1.04773E-02  1.76111E-01  5.83264E-04  9.84370E-01  2.22045E-16
  1.200E+01  1.09262E-02  1.79867E-01  6.04725E-04  9.83691E-01  1.11022E-16
  1.225E+01  1.13844E-02  1.83623E-01  6.26122E-04  9.82997E-01  1.11022E-16
  1.250E+01  1.18520E-02  1.87378E-01  6.47467E-04  9.82288E-01  3.33067E-16
  1.275E+01  1.23288E-02  1.91133E-01  6.68639E-04  9.81564E-01  0.00000E+00
  1.300E+01  1.28150E-02  1.94887E-01  6.89701E-04  9.80825E-01 -2.22045E-16
  1.325E+01  1.33104E-02  1.98641E-01  7.10525E-04  9.80072E-01  1.11022E-16
  1.350E+01  1.38150E-02  2.02394E-01  7.31132E-04  9.79304E-01  3.33067E-16
  1.375E+01  1.43290E-02  2.06147E-01  7.51483E-04  9.78521E-01 -4.44089E-16
  1.400E+01  1.48521E-02  2.09899E-01  7.71480E-04  9.77723E-01  0.00000E+00
  1.425E+01  1.53845E-02  2.13650E-01  7.91198E-04  9.76910E-01 -2.22045E-16
  1.450E+01  1.59262E-02  2.17400E-01  8.10463E-04  9.76082E-01  0.00000E+00
  1.475E+01  1.64770E-02  2.21150E-01  8.29365E-04  9.75240E-01  0.00000E+00
  1.500E+01  1.70371E-02  2.24898E-01  8.47789E-04  9.74382E-01  2.22045E-16
  1.525E+01  1.76063E-02  2.28646E-01  8.65698E-04  9.73509E-01 -2.22045E-16
  1.550E+01  1.81848E-02  2.32392E-01  8.83150E-04  9.72622E-01 -2.22045E-16
  1.575E+01  1.87724E-02  2.36137E-01  8.99934E-04  9.71719E-01  2.22045E-16
  1.600E+01  1.93692E-02  2.39881E-01  9.16242E-04  9.70802E-01  0.00000E+00
  1.625E+01  1.99751E-02  2.43624E-01  9.31824E-04  9.69869E-01  0.00000E+00
  1.650E+01  2.05901E-02  2.47365E-01  9.46787E-04  9.68922E-01  0.00000E+00
  1.675E+01  2.12143E-02  2.51105E-01  9.61086E-04  9.67959E-01  3.33067E-16
  1.700E+01  2.18476E-02  2.54844E-01  9.74519E-04  9.66982E-01  0.00000E+00
  1.725E+01  2.24900E-02  2.58580E-01  9.87417E-04  9.65989E-01  0.00000E+00
  1.750E+01  2.31415E-02  2.62315E-01  9.99204E-04  9.64982E-01  2.22045E-16
  1.775E+01  2.38021E-02  2.66049E-01  1.01052E-03  9.63959E-01 -2.22045E-16
  1.800E+01  2.44717E-02  2.69780E-01  1.02060E-03  9.62921E-01  2.22045E-16
  1.825E+01  2.51504E-02  2.73510E-01  1.03010E-03  9.61869E-01 -2.22045E-16
  1.850E+01  2.58382E-02  2.77238E-01  1.03842E-03  9.60801E-01 -2.22045E-16
  1.875E+01  2.65349E-02  2.80963E-01  1.04594E-03  9.59718E-01 -2.22045E-16
  1.900E+01  2.72407E-02  2.84687E-01  1.05241E-03  9.58620E-01 -2.22045E-16
  1.925E+01  2.79555E-02  2.88408E-01  1.05782E-03  9.57507E-01  3.33067E-16
  1.950E+01  2.86793E-02  2.92127E-01  1.06229E-03  9.56379E-01  2.22045E-16
  1.975E+01  2.94120E-02  2.95843E-01  1.06557E-03  9.55236E-01  1.11022E-16
  2.000E+01  3.01537E-02  2.99557E-01  1.06786E-03  9.54078E-01  0.00000E+00
  2.025E+01  3.09043E-02  3.03269E-01  1.06894E-03  9.52905E-01 -2.22045E-16
  2.050E+01  3.16639E-02  3.06977E-01  1.06892E-03  9.51716E-01  2.22045E-16
  2.075E+01  3.24324E-02  3.10683E-01  1.06770E-03  9.50513E-01 -2.22045E-16
  2.100E+01  3.32098E-02  3.14387E-01  1.06525E-03  9.49294E-01  0.00000E+00
  2.125E+01  3.39961E-02  3.18087E-01  1.06160E-03  9.48061E-01  0.00000E+00
  2.150E+01  3.47912E-02  3.21785E-01  1.05664E-03  9.46812E-01 -2.22045E-16
  2.175E+01  3.55952E-02  3.25479E-01  1.05041E-03  9.45549E-01 -2.22045E-16
  2.200E+01  3.64081E-02  3.29170E-01  1.04285E-03  9.44270E-01  0.00000E+00
  2.225E+01  3.72297E-02  3.32858E-01  1.03395E-03  9.42976E-01  2.22045E-16
  2.250E+01  3.80602E-02  3.36543E-01  1.02370E-03  9.41668E-01  0.00000E+00
  2.275E+01  3.88995E-02  3.40224E-01  1.01205E-03  9.40344E-01 -2.22045E-16
  2.300E+01  3.97476E-02  3.43902E-01  9.99042E-04  9.39005E-01  0.00000E+00
  2.325E+01  4.06044E-02  3.47576E-01  9.84601E-04  9.37651E-01  0.00000E+00
  2.350E+01  4.14700E-02  3.51246E-01  9.68745E-04  9.36283E-01  1.11022E-16
  2.375E+01  4.23443E-02  3.54913E-01  9.51437E-04  9.34899E-01  1.11022E-16
  2.400E+01  4.32273E-02  3.58576E-01  9.32651E-04  9.33500E-01  3.33067E-16
  2.425E+01  4.41190E-02  3.62235E-01  9.12387E-04  9.32087E-01 -2.22045E-16
  2.450E+01  4.50194E-02  3.65889E-01  8.90591E-04  9.30658E-01  1.11022E-16
  2.475E+01  4.59284E-02  3.69540E-01  8.67263E-04  9.29214E-01  0.00000E+00
  2.500E+01  4.68461E-02  3.73187E-01  8.42360E-04  9.27756E-01 -2.22045E-16
  2.550E+01  4.87074E-02  3.80467E-01  7.87796E-04  9.24794E-01  0.00000E+00
  2.600E+01  5.06030E-02  3.87729E-01  7.26789E-04  9.21773E-01 -4.44089E-16
  2.650E+01  5.25328E-02  3.94973E-01  6.59271E-04  9.18693E-01  0.00000E+00
  2.700E+01  5.44967E-02  4.02197E-01  5.85208E-04  9.15553E-01  0.00000E+00
  2.750E+01  5.64946E-02  4.09402E-01  5.04482E-04  9.12354E-01 -2.22045E-16
  2.800E+01  5.85262E-02  4.16585E-01  4.16971E-04  9.09096E-01  1.11022E-16
  2.850E+01  6.05914E-02  4.23748E-01  3.22488E-04  9.05780E-01 -4.44089E-16
  2.900E+01  6.26901E-02  4.30888E-01  2.20908E-04  9.02405E-01  0.00000E+00
  2.950E+01  6.48222E-02  4.38006E-01  1.12208E-04  8.98972E-01  2.22045E-16
  3.000E+01  6.69873E-02  4.45100E-01 -3.62968E-06  8.95481E-01  2.22045E-16
  3.050E+01  6.91854E-02  4.52170E-01 -1.26523E-04  8.91932E-01  0.00000E+00
  3.100E+01  7.14163E-02  4.59215E-01 -2.56576E-04  8.88325E-01  0.00000E+00
  3.150E+01  7.36799E-02  4.66235E-01 -3.93874E-04  8.84661E-01 -2.22045E-16
  3.200E+01  7.59760E-02  4.73229E-01 -5.38597E-04  8.80939E-01  1.11022E-16
  3.250E+01  7.83043E-02  4.80196E-01 -6.90871E-04  8.77161E-01  0.00000E+00
  3.300E+01  8.06647E-02  4.87135E-01 -8.50590E-04  8.73326E-01  0.00000E+00
  3.350E+01  8.30571E-02  4.94047E-01 -1.01781E-03  8.69435E-01  0.00000E+00
  3.400E+01  8.54812E-02  5.00929E-01 -1.19220E-03  8.65487E-01  0.00000E+00
  3.450E+01  8.79369E-02  5.07782E-01 -1.37410E-03  8.61484E-01  0.00000E+00
  3.500E+01  9.04240E-02  5.14605E-01 -1.56321E-03  8.57426E-01  2.22045E-16
  3.550E+01  9.29422E-02  5.21398E-01 -1.76029E-03  8.53312E-01  0.00000E+00
  3.600E+01  9.54915E-02  5.28159E-01 -1.96477E-03  8.49143E-01  0.00000E+00
  3.650E+01  9.80716E-02  5.34889E-01 -2.17705E-03  8.44920E-01  2.22045E-16
  3.700E+01  1.00682E-01  5.41586E-01 -2.39663E-03  8.40642E-01  0.00000E+00
  3.750E+01  1.03323E-01  5.48249E-01 -2.62374E-03  8.36311E-01  0.00000E+00
  3.800E+01  1.05995E-01  5.54879E-01 -2.85801E-03  8.31926E-01  4.44089E-16
  3.850E+01  1.08696E-01  5.61475E-01 -3.09986E-03  8.27488E-01  2.22045E-16
  3.900E+01  1.11427E-01  5.68036E-01 -3.34931E-03  8.22997E-01  2.22045E-16
  3.950E+01  1.14188E-01  5.74562E-01 -3.60650E-03  8.18453E-01  0.00000E+00
  4.000E+01  1.16978E-01  5.81052E-01 -3.87127E-03  8.13857E-01 -2.22045E-16
  4.050E+01  1.19797E-01  5.87505E-01 -4.14340E-03  8.09210E-01  0.00000E+00
  4.100E+01  1.22645E-01  5.93921E-01 -4.42275E-03  8.04511E-01  4.44089E-16
  4.150E+01  1.25522E-01  6.00299E-01 -4.70929E-03  7.99761E-01 -2.22045E-16
  4.200E+01  1.28428E-01  6.06640E-01 -5.00324E-03  7.94961E-01  0.00000E+00
  4.250E+01  1.31361E-01  6.12941E-01 -5.30473E-03  7.90110E-01  0.00000E+00
  4.300E+01  1.34323E-01  6.19204E-01 -5.61384E-03  7.85210E-01 -2.22045E-16
  4.350E+01  1.37313E-01  6.25427E-01 -5.93039E-03  7.80260E-01  0.00000E+00
  4.400E+01  1.40330E-01  6.31609E-01 -6.25414E-03  7.75262E-01  0.00000E+00
  4.450E+01  1.43375E-01  6.37751E-01 -6.58491E-03  7.70214E-01  0.00000E+00
  4.500E+01  1.46447E-01  6.43852E-01 -6.92272E-03  7.65119E-01  2.22045E-16
  4.550E+01  1.49545E-01  6.49911E-01 -7.26775E-03  7.59976E-01  0.00000E+00
  4.600E+01  1.52671E-01  6.55928E-01 -7.62018E-03  7.54785E-01 -2.22045E-16
  4.650E+01  1.55823E-01  6.61902E-01 -7.98005E-03  7.49548E-01  2.22045E-16
  4.700E+01  1.59001E-01  6.67833E-01 -8.34718E-03  7.44264E-01  2.22045E-16
  4.750E+01  1.62205E-01  6.73721E-01 -8.72133E-03  7.38935E-01  0.00000E+00
  4.800E+01  1.65435E-01  6.79564E-01 -9.10230E-03  7.33560E-01 -2.22045E-16
  4.850E+01  1.68690E-01  6.85363E-01 -9.49010E-03  7.28139E-01  0.00000E+00
  4.900E+01  1.71970E-01  6.91118E-01 -9.88492E-03  7.22675E-01  0.00000E+00
  4.950E+01  1.75276E-01  6.96827E-01 -1.02870E-02  7.17166E-01  2.22045E-16
  5.000E+01  1.78606E-01  7.02490E-01 -1.06962E-02  7.11613E-01  0.00000E+00
  5.050E+01  1.81961E-01  7.08107E-01 -1.11126E-02  7.06018E-01  0.00000E+00
  5.100E+01  1.85340E-01  7.13678E-01 -1.15358E-02  7.00379E-01  0.00000E+00
  5.150E+01  1.88743E-01  7.19202E-01 -1.19657E-02  6.94698E-01  0.00000E+00
  5.200E+01  1.92169E-01  7.24678E-01 -1.24022E-02  6.88976E-01  0.00000E+00
  5.250E+01  1.95619E-01  7.30107E-01 -1.28455E-02  6.83212E-01  0.00000E+00
  5.300E+01  1.99092E-01  7.35487E-01 -1.32958E-02  6.77408E-01  0.00000E+00
  5.350E+01  2.02589E-01  7.40820E-01 -1.37532E-02  6.71563E-01  2.22045E-16
  5.400E+01  2.06107E-01  7.46103E-01 -1.42176E-02  6.65679E-01  2.22045E-16
  5.450E+01  2.09649E-01  7.51337E-01 -1.46886E-02  6.59755E-01  0.00000E+00
  5.500E+01  2.13212E-01  7.56522E-01 -1.51662E-02  6.53793E-01 -2.22045E-16
  5.550E+01  2.16797E-01  7.61657E-01 -1.56501E-02  6.47792E-01 -2.22045E-16
  5.600E+01  2.20404E-01  7.66741E-01 -1.61408E-02  6.41753E-01  0.00000E+00
  5.650E+01  2.24032E-01  7.71776E-01 -1.66382E-02  6.35677E-01 -4.44089E-16
  5.700E+01  2.27680E-01  7.76759E-01 -1.71427E-02  6.29565E-01  1.11022E-16
  5.750E+01  2.31350E-01  7.81691E-01 -1.76540E-02  6.23416E-01  2.22045E-16
  5.800E+01  2.35040E-01  7.86571E-01 -1.81719E-02  6.17232E-01  0.00000E+00
  5.850E+01  2.38751E-01  7.91400E-01 -1.86961E-02  6.11013E-01  1.11022E-16
  5.900E+01  2.42481E-01  7.96177E-01 -1.92266E-02  6.04759E-01  0.00000E+00
  5.950E+01  2.46231E-01  8.00901E-01 -1.97637E-02  5.98470E-01  2.22045E-16
  6.000E+01  2.50000E-01  8.05573E-01 -2.03074E-02  5.92149E-01 -2.22045E-16
  6.050E+01  2.53788E-01  8.10192E-01 -2.08581E-02  5.85794E-01  2.22045E-16
  6.100E+01  2.57595E-01  8.14757E-01 -2.14156E-02  5.79407E-01 -2.22045E-16
  6.150E+01  2.61421E-01  8.19269E-01 -2.19796E-02  5.72988E-01  0.00000E+00
  6.200E+01  2.65264E-01  8.23727E-01 -2.25499E-02  5.66538E-01  4.44089E-16
  6.250E+01  2.69126E-01  8.28132E-01 -2.31264E-02  5.60057E-01 -4.44089E-16
  6.300E+01  2.73005E-01  8.32482E-01 -2.37093E-02  5.53545E-01  1.11022E-16
  6.350E+01  2.76901E-01  8.36777E-01 -2.42989E-02  5.47004E-01  2.22045E-16
  6.400E+01  2.80814E-01  8.41018E-01 -2.48954E-02  5.40433E-01  1.11022E-16
  6.450E+01  2.84744E-01  8.45204E-01 -2.54987E-02  5.33835E-01  0.00000E+00
  6.500E+01  2.88691E-01  8.49335E-01 -2.61086E-02  5.27208E-01 -2.22045E-16
  6.550E+01  2.92653E-01  8.53410E-01 -2.67248E-02  5.20554E-01  0.00000E+00
  6.600E+01  2.96632E-01  8.57430E-01 -2.73470E-02  5.13873E-01  0.00000E+00
  6.650E+01  3.00625E-01  8.61395E-01 -2.79755E-02  5.07165E-01  0.00000E+00
  6.700E+01  3.04634E-01  8.65303E-01 -2.86108E-02  5.00432E-01 -2.22045E-16
  6.750E+01  3.08658E-01  8.69155E-01 -2.92531E-02  4.93674E-01  1.11022E-16
  6.800E+01  3.12697E-01  8.72951E-01 -2.99024E-02  4.86891E-01 -2.22045E-16
  6.850E+01  3.16749E-01  8.76690E-01 -3.05584E-02  4.80085E-01 -2.22045E-16
  6.900E+01  3.20816E-01  8.80372E-01 -3.12204E-02  4.73255E-01 -2.22045E-16
  6.950E+01  3.24896E-01  8.83998E-01 -3.18886E-02  4.66402E-01  0.00000E+00
  7.000E+01  3.28990E-01  8.87567E-01 -3.25631E-02  4.59526E-01 -2.22045E-16
  7.050E+01  3.33097E-01  8.91079E-01 -3.32443E-02  4.52629E-01  4.44089E-16
  7.100E+01  3.37216E-01  8.94534E-01 -3.39329E-02  4.45711E-01 -2.22045E-16
  7.150E+01  3.41348E-01  8.97930E-01 -3.46292E-02  4.38774E-01  0.00000E+00
  7.200E+01  3.45492E-01  9.01269E-01 -3.53320E-02  4.31817E-01 -2.22045E-16
  7.250E+01  3.49647E-01  9.04551E-01 -3.60400E-02  4.24839E-01 -4.44089E-16
  7.300E+01  3.53814E-01  9.07776E-01 -3.67541E-02  4.17842E-01  1.11022E-16
  7.350E+01  3.57992E-01  9.10942E-01 -3.74757E-02  4.10828E-01  2.22045E-16
  7.400E+01  3.62181E-01  9.14050E-01 -3.82049E-02  4.03797E-01  5.55112E-16
  7.450E+01  3.66381E-01  9.17100E-01 -3.89412E-02  3.96750E-01  4.44089E-16
  7.500E+01  3.70590E-01  9.20092E-01 -3.96842E-02  3.89686E-01 -2.22045E-16
  7.550E+01  3.74810E-01  9.23026E-01 -4.04336E-02  3.82606E-01  2.22045E-16
  7.600E+01  3.79039E-01  9.25902E-01 -4.11896E-02  3.75511E-01  0.00000E+00
  7.650E+01  3.83277E-01  9.28719E-01 -4.19524E-02  3.68402E-01  2.22045E-16
  7.700E+01  3.87524E-01  9.31478E-01 -4.27224E-02  3.61279E-01  2.22045E-16
  7.750E+01  3.91780E-01  9.34179E-01 -4.34999E-02  3.54144E-01  0.00000E+00
  7.800E+01  3.96044E-01  9.36820E-01 -4.42846E-02  3.46996E-01  0.00000E+00
  7.850E+01  4.00316E-01  9.39404E-01 -4.50764E-02  3.39837E-01 -2.22045E-16
  7.900E+01  4.04596E-01  9.41928E-01 -4.58750E-02  3.32666E-01 -2.22045E-16
  7.950E+01  4.08882E-01  9.44395E-01 -4.66806E-02  3.25484E-01  1.11022E-16
  8.000E+01  4.13176E-01  9.46802E-01 -4.74934E-02  3.18292E-01 -4.44089E-16
  8.050E+01  4.17476E-01  9.49151E-01 -4.83136E-02  3.11091E-01 -2.22045E-16
  8.100E+01  4.21783E-01  9.51442E-01 -4.91413E-02  3.03882E-01 -2.22045E-16
  8.150E+01  4.26095E-01  9.53673E-01 -4.99766E-02  2.96665E-01  2.22045E-16
  8.200E+01  4.30413E-01  9.55846E-01 -5.08194E-02  2.89440E-01  1.11022E-16
  8.250E+01  4.34737E-01  9.57961E-01 -5.16696E-02  2.82209E-01  0.00000E+00
  8.300E+01  4.39065E-01  9.60016E-01 -5.25271E-02  2.74971E-01  3.33067E-16
  8.350E+01  4.43398E-01  9.62014E-01 -5.33921E-02  2.67728E-01  0.00000E+00
  8.400E+01  4.47736E-01  9.63953E-01 -5.42649E-02  2.60481E-01 -4.44089E-16
  8.450E+01  4.52077E-01  9.65833E-01 -5.51456E-02  2.53229E-01  4.44089E-16
  8.500E+01  4.56422E-01  9.67655E-01 -5.60343E-02  2.45974E-01  0.00000E+00
  8.550E+01  4.60770E-01  9.69419E-01 -5.69309E-02  2.38717E-01 -2.22045E-16
  8.600E+01  4.65122E-01  9.71124E-01 -5.78354E-02  2.31457E-01  1.11022E-16
  8.650E+01  4.69476E-01  9.72772E-01 -5.87478E-02  2.24196E-01  0.00000E+00
  8.700E+01  4.73832E-01  9.74361E-01 -5.96681E-02  2.16933E-01 -4.44089E-16
  8.750E+01  4.78190E-01  9.75892E-01 -6.05967E-02  2.09671E-01 -2.22045E-16
  8.800E+01  4.82550E-01  9.77366E-01 -6.15336E-02  2.02409E-01  3.33067E-16
  8.850E+01  4.86912E-01  9.78781E-01 -6.24791E-02  1.95149E-01 -2.22045E-16
  8.900E+01  4.91274E-01  9.80139E-01 -6.34331E-02  1.87891E-01  2.22045E-16
  8.950E+01  4.95637E-01  9.81440E-01 -6.43955E-02  1.80636E-01  2.22045E-16
  9.000E+01  5.00000E-01  9.82683E-01 -6.53665E-02  1.73383E-01 -2.22045E-16
  9.050E+01  5.04363E-01  9.83869E-01 -6.63460E-02  1.66135E-01  4.44089E-16
  9.100E+01  5.08726E-01  9.84997E-01 -6.73343E-02  1.58891E-01  4.44089E-16
  9.150E+01  5.13088E-01  9.86069E-01 -6.83316E-02  1.51652E-01  2.22045E-16
  9.200E+01  5.17450E-01  9.87084E-01 -6.93380E-02  1.44420E-01 -2.22045E-16
  9.250E+01  5.21810E-01  9.88043E-01 -7.03537E-02  1.37194E-01  2.22045E-16
  9.300E+01  5.26168E-01  9.88945E-01 -7.13785E-02  1.29976E-01 -4.44089E-16
  9.350E+01  5.30524E-01  9.89790E-01 -7.24126E-02  1.22766E-01  1.11022E-16
  9.400E+01  5.34878E-01  9.90580E-01 -7.34560E-02  1.15565E-01  1.11022E-16
  9.450E+01  5.39230E-01  9.91314E-01 -7.45089E-02  1.08373E-01  3.33067E-16
  9.500E+01  5.43578E-01  9.91993E-01 -7.55715E-02  1.01191E-01 -2.22045E-16
  9.550E+01  5.47923E-01  9.92616E-01 -7.66441E-02  9.40208E-02  0.00000E+00
  9.600E+01  5.52264E-01  9.93184E-01 -7.77266E-02  8.68623E-02  0.00000E+00
  9.650E+01  5.56602E-01  9.93697E-01 -7.88193E-02  7.97161E-02  1.11022E-16
  9.700E+01  5.60935E-01  9.94155E-01 -7.99220E-02  7.25830E-02  2.22045E-16
  9.750E+01  5.65263E-01  9.94559E-01 -8.10350E-02  6.54636E-02 -6.66134E-16
  9.800E+01  5.69587E-01  9.94909E-01 -8.21583E-02  5.83586E-02  1.11022E-16
  9.850E+01  5.73905E-01  9.95205E-01 -8.32923E-02  5.12689E-02  0.00000E+00
  9.900E+01  5.78217E-01  9.95448E-01 -8.44371E-02  4.41955E-02  1.11022E-16
  9.950E+01  5.82524E-01  9.95638E-01 -8.55929E-02  3.71391E-02 -2.22045E-16
  1.000E+02  5.86824E-01  9.95774E-01 -8.67598E-02  3.01002E-02  0.00000E+00
  1.005E+02  5.91118E-01  9.95859E-01 -8.79379E-02  2.30796E-02  0.00000E+00
  1.010E+02  5.95404E-01  9.95890E-01 -8.91273E-02  1.60779E-02  1.11022E-16
  1.015E+02  5.99684E-01  9.95871E-01 -9.03281E-02  9.09576E-03  2.22045E-16
  1.020E+02  6.03956E-01  9.95799E-01 -9.15406E-02  2.13421E-03 -2.22045E-16
  1.025E+02  6.08220E-01  9.95676E-01 -9.27651E-02 -4.80587E-03  4.44089E-16
  1.030E+02  6.12476E-01  9.95503E-01 -9.40017E-02 -1.17236E-02 -2.22045E-16
  1.035E+02  6.16723E-01  9.95279E-01 -9.52507E-02 -1.86184E-02  0.00000E+00
  1.040E+02  6.20961E-01  9.95005E-01 -9.65122E-02 -2.54896E-02  0.00000E+00
  1.045E+02  6.25190E-01  9.94682E-01 -9.77861E-02 -3.23364E-02 -2.22045E-16
  1.050E+02  6.29410E-01  9.94309E-01 -9.90728E-02 -3.91582E-02 -2.22045E-16
  1.055E+02  6.33619E-01  9.93888E-01 -1.00373E-01 -4.59540E-02  3.33067E-16
  1.060E+02  6.37819E-01  9.93419E-01 -1.01686E-01 -5.27229E-02 -4.44089E-16
  1.065E+02  6.42008E-01  9.92901E-01 -1.03012E-01 -5.94638E-02 -4.44089E-16
  1.070E+02  6.46186E-01  9.92336E-01 -1.04353E-01 -6.61761E-02  5.55112E-16
  1.075E+02  6.50353E-01  9.91725E-01 -1.05707E-01 -7.28591E-02 -2.22045E-16
  1.080E+02  6.54508E-01  9.91066E-01 -1.07075E-01 -7.95121E-02 -2.22045E-16
  1.085E+02  6.58652E-01  9.90362E-01 -1.08458E-01 -8.61342E-02  0.00000E+00
  1.090E+02  6.62784E-01  9.89613E-01 -1.09855E-01 -9.27247E-02  1.11022E-16
  1.095E+02  6.66903E-01  9.88819E-01 -1.11268E-01 -9.92823E-02  3.33067E-16
  1.100E+02  6.71010E-01  9.87980E-01 -1.12695E-01 -1.05806E-01  0.00000E+00
  1.105E+02  6.75104E-01  9.87098E-01 -1.14138E-01 -1.12295E-01  0.00000E+00
  1.110E+02  6.79184E-01  9.86172E-01 -1.15597E-01 -1.18749E-01 -2.22045E-16
  1.115E+02  6.83251E-01  9.85204E-01 -1.17072E-01 -1.25167E-01  3.33067E-16
  1.120E+02  6.87303E-01  9.84194E-01 -1.18562E-01 -1.31548E-01 -4.44089E-16
  1.125E+02  6.91342E-01  9.83143E-01 -1.20070E-01 -1.37891E-01  3.33067E-16
  1.130E+02  6.95366E-01  9.82050E-01 -1.21594E-01 -1.44194E-01  2.22045E-16
  1.135E+02  6.99375E-01  9.80918E-01 -1.23135E-01 -1.50458E-01  1.11022E-16
  1.140E+02  7.03368E-01  9.79746E-01 -1.24694E-01 -1.56681E-01 -2.22045E-16
  1.145E+02  7.07347E-01  9.78536E-01 -1.26271E-01 -1.62861E-01  2.22045E-16
  1.150E+02  7.11309E-01  9.77287E-01 -1.27866E-01 -1.68999E-01  1.11022E-16
  1.155E+02  7.15256E-01  9.76001E-01 -1.29480E-01 -1.75094E-01  0.00000E+00
  1.160E+02  7.19186E-01  9.74678E-01 -1.31112E-01 -1.81143E-01  1.11022E-16
  1.165E+02  7.23099E-01  9.73319E-01 -1.32763E-01 -1.87147E-01  0.00000E+00
  1.170E+02  7.26995E-01  9.71925E-01 -1.34434E-01 -1.93104E-01  2.22045E-16
  1.175E+02  7.30874E-01  9.70497E-01 -1.36126E-01 -1.99012E-01  0.00000E+00
  1.180E+02  7.34736E-01  9.69035E-01 -1.37838E-01 -2.04871E-01 -2.22045E-16
  1.185E+02  7.38579E-01  9.67540E-01 -1.39570E-01 -2.10680E-01  3.33067E-16
  1.190E+02  7.42405E-01  9.66013E-01 -1.41324E-01 -2.16439E-01 -2.22045E-16
  1.195E+02  7.46212E-01  9.64456E-01 -1.43099E-01 -2.22144E-01 -2.22045E-16
  1.200E+02  7.50000E-01  9.62867E-01 -1.44896E-01 -2.27797E-01  0.00000E+00
  1.205E+02  7.53769E-01  9.61250E-01 -1.46716E-01 -2.33394E-01  3.33067E-16
  1.210E+02  7.57519E-01  9.59604E-01 -1.48559E-01 -2.38936E-01 -2.22045E-16
  1.215E+02  7.61249E-01  9.57931E-01 -1.50425E-01 -2.44420E-01 -4.44089E-16
  1.220E+02  7.64960E-01  9.56231E-01 -1.52316E-01 -2.49845E-01 -4.44089E-16
  1.225E+02  7.68650E-01  9.54505E-01 -1.54231E-01 -2.55211E-01 -2.22045E-16
  1.230E+02  7.72320E-01  9.52755E-01 -1.56171E-01 -2.60516E-01  1.11022E-16
  1.235E+02  7.75968E-01  9.50981E-01 -1.58136E-01 -2.65759E-01 -4.44089E-16
  1.240E+02  7.79596E-01  9.49185E-01 -1.60128E-01 -2.70938E-01  2.22045E-16
  1.245E+02  7.83203E-01  9.47367E-01 -1.62146E-01 -2.76051E-01  3.33067E-16
  1.250E+02  7.86788E-01  9.45529E-01 -1.64192E-01 -2.81098E-01  2.22045E-16
  1.255E+02  7.90351E-01  9.43672E-01 -1.66266E-01 -2.86076E-01  1.11022E-16
  1.260E+02  7.93893E-01  9.41796E-01 -1.68368E-01 -2.90985E-01  2.22045E-16
  1.265E+02  7.97411E-01  9.39904E-01 -1.70499E-01 -2.95823E-01  1.11022E-16
  1.270E+02  8.00908E-01  9.37995E-01 -1.72660E-01 -3.00588E-01  1.11022E-16
  1.275E+02  8.04381E-01  9.36073E-01 -1.74851E-01 -3.05279E-01 -2.22045E-16
  1.280E+02  8.07831E-01  9.34137E-01 -1.77073E-01 -3.09893E-01  0.00000E+00
  1.285E+02  8.11257E-01  9.32189E-01 -1.79328E-01 -3.14428E-01  3.33067E-16
  1.290E+02  8.14660E-01  9.30231E-01 -1.81615E-01 -3.18884E-01 -2.22045E-16
  1.295E+02  8.18039E-01  9.28263E-01 -1.83936E-01 -3.23258E-01  2.22045E-16
  1.300E+02  8.21394E-01  9.26287E-01 -1.86290E-01 -3.27549E-01  2.22045E-16
  1.305E+02  8.24724E-01  9.24305E-01 -1.88679E-01 -3.31754E-01  4.44089E-16
  1.310E+02  8.28030E-01  9.22317E-01 -1.91104E-01 -3.35872E-01  0.00000E+00
  1.315E+02  8.31310E-01  9.20327E-01 -1.93566E-01 -3.39899E-01  3.33067E-16
  1.320E+02  8.34565E-01  9.18334E-01 -1.96065E-01 -3.43833E-01  1.11022E-16
  1.325E+02  8.37795E-01  9.16341E-01 -1.98603E-01 -3.47673E-01  0.00000E+00
  1.330E+02  8.40999E-01  9.14348E-01 -2.01180E-01 -3.51417E-01 -2.22045E-16
  1.335E+02  8.44177E-01  9.12359E-01 -2.03797E-01 -3.55061E-01 -4.44089E-16
  1.340E+02  8.47329E-01  9.10373E-01 -2.06455E-01 -3.58604E-01  2.22045E-16
  1.345E+02  8.50455E-01  9.08394E-01 -2.09156E-01 -3.62042E-01  1.11022E-16
  1.350E+02  8.53553E-01  9.06422E-01 -2.11899E-01 -3.65372E-01  2.22045E-16
  1.355E+02  8.56625E-01  9.04461E-01 -2.14687E-01 -3.68592E-01  2.22045E-16
  1.360E+02  8.59670E-01  9.02511E-01 -2.17521E-01 -3.71698E-01  0.00000E+00
  1.365E+02  8.62687E-01  9.00574E-01 -2.20401E-01 -3.74687E-01 -2.22045E-16
  1.370E+02  8.65677E-01  8.98652E-01 -2.23328E-01 -3.77557E-01  0.00000E+00
  1.375E+02  8.68639E-01  8.96747E-01 -2.26304E-01 -3.80305E-01 -2.22045E-16
  1.380E+02  8.71572E-01  8.94861E-01 -2.29330E-01 -3.82925E-01  1.11022E-16
  1.385E+02  8.74478E-01  8.92996E-01 -2.32408E-01 -3.85415E-01 -4.44089E-16
  1.390E+02  8.77355E-01  8.91155E-01 -2.35538E-01 -3.87769E-01  1.11022E-16
  1.395E+02  8.80203E-01  8.89339E-01 -2.38721E-01 -3.89984E-01 -2.22045E-16
  1.400E+02  8.83022E-01  8.87551E-01 -2.41960E-01 -3.92056E-01  0.00000E+00
  1.405E+02  8.85812E-01  8.85792E-01 -2.45256E-01 -3.93982E-01 -2.22045E-16
  1.410E+02  8.88573E-01  8.84065E-01 -2.48609E-01 -3.95755E-01  1.11022E-16
  1.415E+02  8.91304E-01  8.82373E-01 -2.52021E-01 -3.97372E-01  1.11022E-16
  1.420E+02  8.94005E-01  8.80716E-01 -2.55494E-01 -3.98825E-01 -2.22045E-16
  1.425E+02  8.96677E-01  8.79099E-01 -2.59029E-01 -4.00110E-01  0.00000E+00
  1.430E+02  8.99318E-01  8.77524E-01 -2.62629E-01 -4.01220E-01 -2.22045E-16
  1.435E+02  9.01928E-01  8.75993E-01 -2.66293E-01 -4.02149E-01  0.00000E+00
  1.440E+02  9.04508E-01  8.74508E-01 -2.70024E-01 -4.02894E-01  4.44089E-16
  1.445E+02  9.07058E-01  8.73070E-01 -2.73823E-01 -4.03447E-01  0.00000E+00
  1.450E+02  9.09576E-01  8.71684E-01 -2.77692E-01 -4.03800E-01  6.66134E-16
  1.455E+02  9.12063E-01  8.70352E-01 -2.81633E-01 -4.03942E-01  0.00000E+00
  1.460E+02  9.14519E-01  8.69078E-01 -2.85647E-01 -4.03869E-01  1.11022E-16
  1.465E+02  9.16943E-01  8.67862E-01 -2.89736E-01 -4.03570E-01  0.00000E+00
  1.470E+02  9.19335E-01  8.66707E-01 -2.93901E-01 -4.03039E-01  0.00000E+00
  1.475E+02  9.21696E-01  8.65617E-01 -2.98144E-01 -4.02266E-01 -2.22045E-16
  1.480E+02  9.24024E-01  8.64592E-01 -3.02467E-01 -4.01241E-01  0.00000E+00
  1.485E+02  9.26320E-01  8.63637E-01 -3.06870E-01 -3.99953E-01  2.22045E-16
  1.490E+02  9.28584E-01  8.62753E-01 -3.11356E-01 -3.98389E-01  0.00000E+00
  1.495E+02  9.30815E-01  8.61944E-01 -3.15926E-01 -3.96538E-01  0.00000E+00
  1.500E+02  9.33013E-01  8.61212E-01 -3.20582E-01 -3.94388E-01  0.00000E+00
  1.505E+02  9.35178E-01  8.60557E-01 -3.25325E-01 -3.91925E-01  0.00000E+00
  1.510E+02  9.37310E-01  8.59983E-01 -3.30155E-01 -3.89137E-01  2.22045E-16
  1.515E+02  9.39409E-01  8.59491E-01 -3.35074E-01 -3.86007E-01 -2.22045E-16
  1.520E+02  9.41474E-01  8.59082E-01 -3.40083E-01 -3.82519E-01  0.00000E+00
  1.525E+02  9.43505E-01  8.58760E-01 -3.45182E-01 -3.78656E-01  2.22045E-16
  1.530E+02  9.45503E-01  8.58524E-01 -3.50373E-01 -3.74399E-01  2.22045E-16
  1.535E+02  9.47467E-01  8.58377E-01 -3.55655E-01 -3.69729E-01  0.00000E+00
  1.540E+02  9.49397E-01  8.58317E-01 -3.61028E-01 -3.64625E-01  2.22045E-16
  1.545E+02  9.51293E-01  8.58344E-01 -3.66492E-01 -3.59067E-01  0.00000E+00
  1.550E+02  9.53154E-01  8.58459E-01 -3.72046E-01 -3.53031E-01  0.00000E+00
  1.555E+02  9.54981E-01  8.58659E-01 -3.77688E-01 -3.46492E-01 -4.44089E-16
  1.560E+02  9.56773E-01  8.58943E-01 -3.83417E-01 -3.39422E-01  0.00000E+00
  1.565E+02  9.58530E-01  8.59309E-01 -3.89230E-01 -3.31794E-01 -2.22045E-16
  1.570E+02  9.60252E-01  8.59753E-01 -3.95124E-01 -3.23576E-01  0.00000E+00
  1.575E+02  9.61940E-01  8.60270E-01 -4.01094E-01 -3.14738E-01  2.22045E-16
  1.580E+02  9.63592E-01  8.60852E-01 -4.07135E-01 -3.05246E-01  0.00000E+00
  1.585E+02  9.65209E-01  8.61492E-01 -4.13241E-01 -2.95065E-01 -2.22045E-16
  1.590E+02  9.66790E-01  8.62181E-01 -4.19404E-01 -2.84155E-01  0.00000E+00
  1.595E+02  9.68336E-01  8.62908E-01 -4.25614E-01 -2.72476E-01  4.44089E-16
  1.600E+02  9.69846E-01  8.63658E-01 -4.31861E-01 -2.59983E-01  0.00000E+00
  1.605E+02  9.71321E-01  8.64416E-01 -4.38131E-01 -2.46629E-01 -2.22045E-16
  1.610E+02  9.72759E-01  8.65162E-01 -4.44409E-01 -2.32369E-01  0.00000E+00
  1.615E+02  9.74162E-01  8.65873E-01 -4.50677E-01 -2.17151E-01  0.00000E+00
  1.620E+02  9.75528E-01  8.66522E-01 -4.56914E-01 -2.00922E-01  6.66134E-16
  1.625E+02  9.76858E-01  8.67078E-01 -4.63095E-01 -1.83628E-01 -2.22045E-16
  1.630E+02  9.78152E-01  8.67505E-01 -4.69193E-01 -1.65206E-01  2.22045E-16
  1.635E+02  9.79410E-01  8.67762E-01 -4.75174E-01 -1.45597E-01 -2.22045E-16
  1.640E+02  9.80631E-01  8.67802E-01 -4.81000E-01 -1.24736E-01  0.00000E+00
  1.645E+02  9.81815E-01  8.67568E-01 -4.86629E-01 -1.02561E-01  0.00000E+00
  1.650E+02  9.82963E-01  8.66997E-01 -4.92011E-01 -7.90056E-02  0.00000E+00
  1.655E+02  9.84074E-01  8.66016E-01 -4.97091E-01 -5.40067E-02  0.00000E+00
  1.660E+02  9.85148E-01  8.64545E-01 -5.01803E-01 -2.74988E-02  2.22045E-16
  1.665E+02  9.86185E-01  8.62489E-01 -5.06076E-01  5.82390E-04  0.00000E+00
  1.670E+02  9.87185E-01  8.59743E-01 -5.09827E-01  3.02982E-02 -2.22045E-16
  1.675E+02  9.88148E-01  8.56190E-01 -5.12963E-01  6.17035E-02 -2.22045E-16
  1.680E+02  9.89074E-01  8.51695E-01 -5.15383E-01  9.48445E-02 -4.44089E-16
  1.685E+02  9.89962E-01  8.46112E-01 -5.16971E-01  1.29756E-01  2.22045E-16
  1.690E+02  9.90814E-01  8.39275E-01 -5.17599E-01  1.66459E-01  2.22045E-16
  1.695E+02  9.91627E-01  8.31005E-01 -5.17129E-01  2.04958E-01 -4.44089E-16
  1.700E+02  9.92404E-01  8.21106E-01 -5.15407E-01  2.45236E-01 -2.22045E-16
  1.705E+02  9.93143E-01  8.09363E-01 -5.12267E-01  2.87251E-01  3.33067E-16
  1.710E+02  9.93844E-01  7.95550E-01 -5.07533E-01  3.30925E-01  4.44089E-16
  1.715E+02  9.94508E-01  7.79424E-01 -5.01017E-01  3.76138E-01  0.00000E+00
  1.720E+02  9.95134E-01  7.60737E-01 -4.92527E-01  4.22725E-01 -2.22045E-16
  1.725E+02  9.95722E-01  7.39234E-01 -4.81864E-01  4.70467E-01  0.00000E+00
  1.730E+02  9.96273E-01  7.14663E-01 -4.68834E-01  5.19088E-01 -4.44089E-16
  1.735E+02  9.96786E-01  6.86778E-01 -4.53246E-01  5.68247E-01  0.00000E+00
  1.740E+02  9.97261E-01  6.55354E-01 -4.34925E-01  6.17536E-01 -2.22045E-16
  1.745E+02  9.97698E-01  6.20197E-01 -4.13720E-01  6.66477E-01  2.22045E-16
  1.750E+02  9.98097E-01  5.81156E-01 -3.89514E-01  7.14518E-01  0.00000E+00
  1.755E+02  9.98459E-01  5.38140E-01 -3.62235E-01  7.61046E-01 -2.22045E-16
  1.760E+02  9.98782E-01  4.91129E-01 -3.31869E-01  8.05391E-01  1.11022E-16
  1.765E+02  9.99067E-01  4.40187E-01 -2.98464E-01  8.46850E-01 -2.22045E-16
  1.770E+02  9.99315E-01  3.85475E-01 -2.62146E-01  8.84697E-01  3.33067E-16
  1.775E+02  9.99524E-01  3.27258E-01 -2.23116E-01  9.18216E-01 -2.22045E-16
  1.780E+02  9.99695E-01  2.65905E-01 -1.81663E-01  9.46727E-01  2.22045E-16
  1.785E+02  9.99829E-01  2.01895E-01 -1.38154E-01  9.69614E-01  2.22045E-16
  1.790E+02  9.99924E-01  1.35799E-01 -9.30325E-02  9.86359E-01 -4.44089E-16
  1.795E+02  9.99981E-01  6.82658E-02 -4.67994E-02  9.96569E-01  0.00000E+00
  1.800E+02  1.00000E+00  9.59729E-16 -6.58090E-16  1.00000E+00  0.00000E+00
