 #  Scattering amplitudes (in cm)      MU=(1-cos(TH))/2
 #  Z =  79,   projectile: electron
 #  Kinetic energy = 6.05000E+06 eV
 #
 # TH (deg)      MU          Re(F)        Im(F)        Re(G)        Im(G)        ERRF         ERRG 
 #-----------------------------------------------------------------------------------------------------------------
  0.000E+00  0.00000E+00  1.28838E-06  2.04650E-07  0.00000E+00  0.00000E+00  2.17928E-09  0.00000E+00
  1.000E-04  7.61557E-13  1.28837E-06  2.04650E-07  1.03675E-12  1.64688E-13  2.17861E-09  1.09880E-07
  1.250E-04  1.18994E-12  1.28837E-06  2.04650E-07  1.29594E-12  2.05861E-13  2.17823E-09  1.09870E-07
  1.500E-04  1.71346E-12  1.28837E-06  2.04650E-07  1.55512E-12  2.47033E-13  2.17777E-09  1.09859E-07
  1.750E-04  2.33225E-12  1.28836E-06  2.04650E-07  1.81430E-12  2.88205E-13  2.17722E-09  1.09845E-07
  2.000E-04  3.04617E-12  1.28836E-06  2.04650E-07  2.07348E-12  3.29377E-13  2.17659E-09  1.09829E-07
  2.250E-04  3.85530E-12  1.28835E-06  2.04650E-07  2.33266E-12  3.70549E-13  2.17588E-09  1.09812E-07
  2.500E-04  4.75964E-12  1.28835E-06  2.04649E-07  2.59184E-12  4.11720E-13  2.17508E-09  1.09792E-07
  2.750E-04  5.75917E-12  1.28834E-06  2.04649E-07  2.85101E-12  4.52892E-13  2.17420E-09  1.09770E-07
  3.000E-04  6.85391E-12  1.28834E-06  2.04649E-07  3.11017E-12  4.94064E-13  2.17323E-09  1.09746E-07
  3.250E-04  8.04379E-12  1.28833E-06  2.04649E-07  3.36934E-12  5.35236E-13  2.17218E-09  1.09719E-07
  3.500E-04  9.32893E-12  1.28832E-06  2.04649E-07  3.62850E-12  5.76408E-13  2.17105E-09  1.09691E-07
  3.750E-04  1.07092E-11  1.28831E-06  2.04649E-07  3.88765E-12  6.17579E-13  2.16983E-09  1.09661E-07
  4.000E-04  1.21847E-11  1.28831E-06  2.04649E-07  4.14680E-12  6.58751E-13  2.16853E-09  1.09628E-07
  4.250E-04  1.37554E-11  1.28830E-06  2.04649E-07  4.40594E-12  6.99922E-13  2.16715E-09  1.09594E-07
  4.500E-04  1.54213E-11  1.28829E-06  2.04649E-07  4.66508E-12  7.41093E-13  2.16568E-09  1.09557E-07
  4.750E-04  1.71823E-11  1.28828E-06  2.04648E-07  4.92422E-12  7.82265E-13  2.16413E-09  1.09518E-07
  5.000E-04  1.90386E-11  1.28827E-06  2.04648E-07  5.18334E-12  8.23436E-13  2.16250E-09  1.09478E-07
  5.250E-04  2.09900E-11  1.28826E-06  2.04648E-07  5.44246E-12  8.64607E-13  2.16078E-09  1.09435E-07
  5.500E-04  2.30367E-11  1.28824E-06  2.04648E-07  5.70158E-12  9.05778E-13  2.15898E-09  1.09390E-07
  5.750E-04  2.51785E-11  1.28823E-06  2.04648E-07  5.96068E-12  9.46949E-13  2.15710E-09  1.09343E-07
  6.000E-04  2.74156E-11  1.28822E-06  2.04647E-07  6.21978E-12  9.88120E-13  2.15514E-09  1.09294E-07
  6.250E-04  2.97478E-11  1.28821E-06  2.04647E-07  6.47887E-12  1.02929E-12  2.15309E-09  1.09242E-07
  6.500E-04  3.21752E-11  1.28819E-06  2.04647E-07  6.73795E-12  1.07046E-12  2.15096E-09  1.09189E-07
  6.750E-04  3.46979E-11  1.28818E-06  2.04647E-07  6.99703E-12  1.11163E-12  2.14874E-09  1.09134E-07
  7.000E-04  3.73157E-11  1.28816E-06  2.04647E-07  7.25609E-12  1.15280E-12  2.14645E-09  1.09076E-07
  7.250E-04  4.00286E-11  1.28815E-06  2.04646E-07  7.51515E-12  1.19397E-12  2.14407E-09  1.09017E-07
  7.500E-04  4.28368E-11  1.28813E-06  2.04646E-07  7.77419E-12  1.23514E-12  2.14161E-09  1.08955E-07
  7.750E-04  4.57402E-11  1.28811E-06  2.04646E-07  8.03323E-12  1.27631E-12  2.13907E-09  1.08892E-07
  8.000E-04  4.87388E-11  1.28810E-06  2.04646E-07  8.29226E-12  1.31748E-12  2.13645E-09  1.08826E-07
  8.250E-04  5.18325E-11  1.28808E-06  2.04645E-07  8.55127E-12  1.35865E-12  2.13374E-09  1.08758E-07
  8.500E-04  5.50215E-11  1.28806E-06  2.04645E-07  8.81028E-12  1.39982E-12  2.13095E-09  1.08689E-07
  8.750E-04  5.83057E-11  1.28804E-06  2.04645E-07  9.06927E-12  1.44099E-12  2.12809E-09  1.08617E-07
  9.000E-04  6.16850E-11  1.28802E-06  2.04644E-07  9.32825E-12  1.48216E-12  2.12514E-09  1.08543E-07
  9.250E-04  6.51595E-11  1.28800E-06  2.04644E-07  9.58722E-12  1.52333E-12  2.12211E-09  1.08467E-07
  9.500E-04  6.87293E-11  1.28798E-06  2.04644E-07  9.84618E-12  1.56449E-12  2.11900E-09  1.08389E-07
  9.750E-04  7.23943E-11  1.28796E-06  2.04644E-07  1.01051E-11  1.60566E-12  2.11580E-09  1.08309E-07
  1.000E-03  7.61544E-11  1.28794E-06  2.04643E-07  1.03641E-11  1.64683E-12  2.11253E-09  1.08227E-07
  1.250E-03  1.18991E-10  1.28770E-06  2.04639E-07  1.29526E-11  2.05850E-12  2.07543E-09  1.07295E-07
  1.500E-03  1.71347E-10  1.28740E-06  2.04635E-07  1.55395E-11  2.47015E-12  2.03050E-09  1.06164E-07
  1.750E-03  2.33223E-10  1.28705E-06  2.04629E-07  1.81245E-11  2.88176E-12  1.97802E-09  1.04836E-07
  2.000E-03  3.04617E-10  1.28664E-06  2.04623E-07  2.07072E-11  3.29334E-12  1.91827E-09  1.03318E-07
  2.250E-03  3.85531E-10  1.28618E-06  2.04616E-07  2.32872E-11  3.70488E-12  1.85159E-09  1.01614E-07
  2.500E-03  4.75965E-10  1.28566E-06  2.04608E-07  2.58644E-11  4.11637E-12  1.77835E-09  9.97319E-08
  2.750E-03  5.75917E-10  1.28510E-06  2.04599E-07  2.84382E-11  4.52782E-12  1.69897E-09  9.76773E-08
  3.000E-03  6.85389E-10  1.28448E-06  2.04590E-07  3.10085E-11  4.93920E-12  1.61389E-09  9.54584E-08
  3.250E-03  8.04380E-10  1.28380E-06  2.04579E-07  3.35750E-11  5.35053E-12  1.52358E-09  9.30830E-08
  3.500E-03  9.32891E-10  1.28308E-06  2.04568E-07  3.61372E-11  5.76179E-12  1.42856E-09  9.05600E-08
  3.750E-03  1.07092E-09  1.28230E-06  2.04556E-07  3.86949E-11  6.17298E-12  1.32935E-09  8.78984E-08
  4.000E-03  1.21847E-09  1.28147E-06  2.04543E-07  4.12478E-11  6.58410E-12  1.22649E-09  8.51079E-08
  4.250E-03  1.37554E-09  1.28058E-06  2.04529E-07  4.37956E-11  6.99514E-12  1.12057E-09  8.21985E-08
  4.500E-03  1.54213E-09  1.27965E-06  2.04515E-07  4.63379E-11  7.40609E-12  1.01216E-09  7.91807E-08
  4.750E-03  1.71823E-09  1.27866E-06  2.04499E-07  4.88745E-11  7.81695E-12  9.01857E-10  7.60651E-08
  5.000E-03  1.90386E-09  1.27762E-06  2.04483E-07  5.14051E-11  8.22771E-12  7.90268E-10  7.28629E-08
  5.250E-03  2.09900E-09  1.27653E-06  2.04466E-07  5.39293E-11  8.63837E-12  6.77998E-10  6.95852E-08
  5.500E-03  2.30367E-09  1.27539E-06  2.04448E-07  5.64470E-11  9.04893E-12  5.65656E-10  6.62435E-08
  5.750E-03  2.51785E-09  1.27420E-06  2.04429E-07  5.89577E-11  9.45938E-12  4.53845E-10  6.28493E-08
  6.000E-03  2.74156E-09  1.27296E-06  2.04410E-07  6.14613E-11  9.86971E-12  3.43163E-10  5.94143E-08
  6.250E-03  2.97478E-09  1.27168E-06  2.04389E-07  6.39573E-11  1.02799E-11  2.34198E-10  5.59502E-08
  6.500E-03  3.21752E-09  1.27034E-06  2.04368E-07  6.64457E-11  1.06900E-11  1.27523E-10  5.24687E-08
  6.750E-03  3.46978E-09  1.26895E-06  2.04346E-07  6.89260E-11  1.11000E-11  2.36918E-11  4.89812E-08
  7.000E-03  3.73156E-09  1.26752E-06  2.04323E-07  7.13981E-11  1.15098E-11  7.67596E-11  4.54993E-08
  7.250E-03  4.00286E-09  1.26604E-06  2.04299E-07  7.38616E-11  1.19195E-11  1.73322E-10  4.20343E-08
  7.500E-03  4.28368E-09  1.26451E-06  2.04275E-07  7.63163E-11  1.23290E-11  2.65510E-10  3.85972E-08
  7.750E-03  4.57402E-09  1.26293E-06  2.04250E-07  7.87619E-11  1.27384E-11  3.52871E-10  3.51989E-08
  8.000E-03  4.87388E-09  1.26131E-06  2.04223E-07  8.11982E-11  1.31476E-11  4.34985E-10  3.18498E-08
  8.250E-03  5.18326E-09  1.25964E-06  2.04197E-07  8.36250E-11  1.35567E-11  5.11464E-10  2.85602E-08
  8.500E-03  5.50215E-09  1.25793E-06  2.04169E-07  8.60420E-11  1.39656E-11  5.81960E-10  2.53397E-08
  8.750E-03  5.83057E-09  1.25618E-06  2.04140E-07  8.84490E-11  1.43744E-11  6.46165E-10  2.21977E-08
  9.000E-03  6.16850E-09  1.25438E-06  2.04111E-07  9.08456E-11  1.47829E-11  7.03808E-10  1.91431E-08
  9.250E-03  6.51596E-09  1.25253E-06  2.04081E-07  9.32318E-11  1.51913E-11  7.54665E-10  1.61842E-08
  9.500E-03  6.87293E-09  1.25064E-06  2.04049E-07  9.56073E-11  1.55995E-11  7.98552E-10  1.33289E-08
  9.750E-03  7.23942E-09  1.24871E-06  2.04018E-07  9.79719E-11  1.60075E-11  8.35332E-10  1.05844E-08
  1.000E-02  7.61544E-09  1.24674E-06  2.03985E-07  1.00325E-10  1.64153E-11  8.64912E-10  7.95733E-09
  1.250E-02  1.18991E-08  1.22485E-06  2.03614E-07  1.23205E-10  2.04819E-11  7.76442E-10  1.08411E-08
  1.500E-02  1.71347E-08  1.19943E-06  2.03164E-07  1.44778E-10  2.45240E-11  1.78441E-10  1.53889E-08
  1.750E-02  2.33223E-08  1.17113E-06  2.02637E-07  1.64922E-10  2.85370E-11  4.72149E-10  9.26170E-09
  2.000E-02  3.04617E-08  1.14058E-06  2.02034E-07  1.83565E-10  3.25167E-11  7.35701E-10  5.12830E-10
  2.250E-02  3.85531E-08  1.10837E-06  2.01358E-07  2.00679E-10  3.64589E-11  4.63705E-10  7.26465E-09
  2.500E-02  4.75965E-08  1.07506E-06  2.00612E-07  2.16275E-10  4.03598E-11  1.22956E-10  7.77369E-09
  2.750E-02  5.75917E-08  1.04111E-06  1.99798E-07  2.30389E-10  4.42156E-11  5.99033E-10  3.15792E-09
  3.000E-02  6.85389E-08  1.00693E-06  1.98919E-07  2.43083E-10  4.80230E-11  6.31402E-10  2.65025E-09
  3.250E-02  8.04380E-08  9.72861E-07  1.97978E-07  2.54430E-10  5.17788E-11  2.06866E-10  5.72002E-09
  3.500E-02  9.32891E-08  9.39166E-07  1.96978E-07  2.64512E-10  5.54802E-11  3.63704E-10  4.49373E-09
  3.750E-02  1.07092E-07  9.06054E-07  1.95922E-07  2.73414E-10  5.91245E-11  6.67640E-10  3.96797E-10
  4.000E-02  1.21847E-07  8.73683E-07  1.94814E-07  2.81221E-10  6.27094E-11  4.84542E-10  3.46799E-09
  4.250E-02  1.37554E-07  8.42167E-07  1.93656E-07  2.88020E-10  6.62328E-11  5.49772E-11  4.52536E-09
  4.500E-02  1.54213E-07  8.11586E-07  1.92453E-07  2.93888E-10  6.96930E-11  5.60506E-10  2.35394E-09
  4.750E-02  1.71823E-07  7.81992E-07  1.91206E-07  2.98904E-10  7.30883E-11  6.61426E-10  1.25137E-09
  5.000E-02  1.90386E-07  7.53414E-07  1.89919E-07  3.03137E-10  7.64174E-11  2.76773E-10  3.68376E-09
  5.250E-02  2.09900E-07  7.25864E-07  1.88596E-07  3.06655E-10  7.96791E-11  3.20222E-10  3.35311E-09
  5.500E-02  2.30367E-07  6.99341E-07  1.87238E-07  3.09519E-10  8.28726E-11  6.94515E-10  6.90660E-10
  5.750E-02  2.51785E-07  6.73835E-07  1.85850E-07  3.11786E-10  8.59972E-11  5.64557E-10  2.28814E-09
  6.000E-02  2.74156E-07  6.49325E-07  1.84434E-07  3.13508E-10  8.90524E-11  1.31649E-11  3.47495E-09
  6.250E-02  2.97478E-07  6.25790E-07  1.82992E-07  3.14734E-10  9.20378E-11  5.63589E-10  2.13530E-09
  6.500E-02  3.21752E-07  6.03201E-07  1.81527E-07  3.15509E-10  9.49532E-11  7.39559E-10  6.54562E-10
  6.750E-02  3.46978E-07  5.81530E-07  1.80043E-07  3.15872E-10  9.77988E-11  3.72326E-10  2.85075E-09
  7.000E-02  3.73156E-07  5.60744E-07  1.78540E-07  3.15862E-10  1.00575E-10  2.82785E-10  2.92073E-09
  7.250E-02  4.00286E-07  5.40811E-07  1.77022E-07  3.15514E-10  1.03281E-10  7.49070E-10  9.00766E-10
  7.500E-02  4.28368E-07  5.21699E-07  1.75490E-07  3.14860E-10  1.05918E-10  6.74361E-10  1.69129E-09
  7.750E-02  4.57402E-07  5.03376E-07  1.73948E-07  3.13928E-10  1.08486E-10  9.61680E-11  2.98462E-09
  8.000E-02  4.87388E-07  4.85810E-07  1.72395E-07  3.12746E-10  1.10987E-10  5.73062E-10  2.09548E-09
  8.250E-02  5.18325E-07  4.68969E-07  1.70836E-07  3.11339E-10  1.13420E-10  8.39271E-10  2.74612E-10
  8.500E-02  5.50215E-07  4.52822E-07  1.69271E-07  3.09730E-10  1.15786E-10  4.90796E-10  2.38457E-09
  8.750E-02  5.83057E-07  4.37342E-07  1.67701E-07  3.07939E-10  1.18086E-10  2.34641E-10  2.72500E-09
  9.000E-02  6.16850E-07  4.22497E-07  1.66129E-07  3.05987E-10  1.20322E-10  8.10899E-10  1.09256E-09
  9.250E-02  6.51596E-07  4.08262E-07  1.64557E-07  3.03891E-10  1.22493E-10  8.04360E-10  1.29421E-09
  9.500E-02  6.87293E-07  3.94609E-07  1.62984E-07  3.01667E-10  1.24602E-10  1.99508E-10  2.69944E-09
  9.750E-02  7.23942E-07  3.81513E-07  1.61413E-07  2.99330E-10  1.26649E-10  5.74840E-10  2.12755E-09
  1.000E-01  7.61543E-07  3.68949E-07  1.59846E-07  2.96895E-10  1.28634E-10  9.48814E-10  2.59764E-11
  1.250E-01  1.18991E-06  2.67854E-07  1.44529E-07  2.69429E-10  1.45387E-10  9.14536E-10  1.45878E-09
  1.500E-01  1.71347E-06  1.99542E-07  1.30299E-07  2.40859E-10  1.57287E-10  4.60510E-10  2.32077E-09
  1.750E-01  2.33223E-06  1.52063E-07  1.17425E-07  2.14140E-10  1.65372E-10  3.47821E-10  2.38749E-09
  2.000E-01  3.04617E-06  1.17969E-07  1.05923E-07  1.89862E-10  1.70484E-10  1.25302E-09  1.65650E-09
  2.250E-01  3.85531E-06  9.26642E-08  9.56909E-08  1.67777E-10  1.73269E-10  1.88816E-09  3.75558E-10
  2.500E-01  4.75964E-06  7.33173E-08  8.65921E-08  1.47497E-10  1.74216E-10  1.91954E-09  1.03208E-09
  2.750E-01  5.75916E-06  5.81740E-08  7.84886E-08  1.28735E-10  1.73705E-10  1.19443E-09  2.09988E-09
  3.000E-01  6.85388E-06  4.61212E-08  7.12576E-08  1.11341E-10  1.72039E-10  1.60534E-10  2.46488E-09
  3.250E-01  8.04378E-06  3.64251E-08  6.47938E-08  9.52606E-11  1.69471E-10  1.73568E-09  1.98808E-09
  3.500E-01  9.32888E-06  2.85770E-08  5.90080E-08  8.04836E-11  1.66211E-10  2.94997E-09  8.09798E-10
  3.750E-01  1.07092E-05  2.22051E-08  5.38237E-08  6.70038E-11  1.62438E-10  3.25583E-09  6.84804E-10
  4.000E-01  1.21846E-05  1.70254E-08  4.91747E-08  5.47978E-11  1.58302E-10  2.36929E-09  1.98709E-09
  4.250E-01  1.37553E-05  1.28136E-08  4.50023E-08  4.38178E-11  1.53926E-10  4.31628E-10  2.63717E-09
  4.500E-01  1.54212E-05  9.38874E-09  4.12545E-08  3.39926E-11  1.49409E-10  1.97784E-09  2.38766E-09
  4.750E-01  1.71822E-05  6.60346E-09  3.78845E-08  2.52342E-11  1.44827E-10  4.00623E-09  1.29868E-09
  5.000E-01  1.90385E-05  4.33746E-09  3.48503E-08  1.74445E-11  1.40241E-10  4.82539E-09  2.73360E-10
  5.250E-01  2.09899E-05  2.49259E-09  3.21142E-08  1.05222E-11  1.35693E-10  3.95981E-09  1.79271E-09
  5.500E-01  2.30365E-05  9.89007E-10  2.96426E-08  4.36812E-12  1.31215E-10  1.51641E-09  2.72787E-09
  5.750E-01  2.51783E-05 -2.37962E-10  2.74055E-08 -1.11102E-12  1.26827E-10  1.78570E-09  2.73821E-09
  6.000E-01  2.74153E-05 -1.24050E-09  2.53764E-08 -6.00023E-12  1.22543E-10  4.81859E-09  1.79769E-09
  6.250E-01  2.97475E-05 -2.06057E-09  2.35318E-08 -1.03751E-11  1.18372E-10  6.42752E-09  2.11165E-10
  6.500E-01  3.21749E-05 -2.73186E-09  2.18513E-08 -1.43017E-11  1.14315E-10  5.86334E-09  1.48459E-09
  6.750E-01  3.46974E-05 -3.28134E-09  2.03166E-08 -1.78368E-11  1.10375E-10  3.10555E-09  2.70291E-09
  7.000E-01  3.73152E-05 -3.73064E-09  1.89120E-08 -2.10286E-11  1.06550E-10  1.05676E-09  3.01035E-09
  7.250E-01  4.00281E-05 -4.09710E-09  1.76238E-08 -2.39179E-11  1.02839E-10  5.23931E-09  2.28078E-09
  7.500E-01  4.28362E-05 -4.39468E-09  1.64397E-08 -2.65389E-11  9.92381E-11  7.91897E-09  7.45603E-10
  7.750E-01  4.57395E-05 -4.63465E-09  1.53492E-08 -2.89203E-11  9.57447E-11  7.98323E-09  1.07927E-09
  8.000E-01  4.87380E-05 -4.82614E-09  1.43432E-08 -3.10861E-11  9.23556E-11  5.17618E-09  2.56689E-09
  8.250E-01  5.18317E-05 -4.97662E-09  1.34133E-08 -3.30568E-11  8.90680E-11  2.66716E-10  3.19481E-09
  8.500E-01  5.50205E-05 -5.09225E-09  1.25526E-08 -3.48495E-11  8.58790E-11  5.14655E-09  2.72862E-09
  8.750E-01  5.83045E-05 -5.17809E-09  1.17548E-08 -3.64791E-11  8.27860E-11  9.15105E-09  1.30889E-09
  9.000E-01  6.16838E-05 -5.23842E-09  1.10141E-08 -3.79584E-11  7.97865E-11  1.01921E-08  5.90433E-10
  9.250E-01  6.51582E-05 -5.27681E-09  1.03258E-08 -3.92987E-11  7.68782E-11  7.66629E-09  2.32028E-09
  9.500E-01  6.87277E-05 -5.29631E-09  9.68528E-09 -4.05100E-11  7.40589E-11  2.21241E-09  3.27845E-09
  9.750E-01  7.23925E-05 -5.29953E-09  9.08874E-09 -4.16013E-11  7.13267E-11  4.42789E-09  3.11939E-09
  1.000E+00  7.61524E-05 -5.28871E-09  8.53261E-09 -4.25810E-11  6.86795E-11  3.22682E-12  7.64646E-12
  1.100E+00  9.21439E-05 -5.14051E-09  6.65261E-09 -4.55272E-11  5.89029E-11  1.58369E-12  1.31533E-11
  1.200E+00  1.09658E-04 -4.88642E-09  5.21098E-09 -4.72122E-11  5.03335E-11  1.04869E-13  1.01570E-11
  1.300E+00  1.28695E-04 -4.58191E-09  4.09445E-09 -4.79606E-11  4.28448E-11  1.14432E-12  4.00002E-12
  1.400E+00  1.49255E-04 -4.26043E-09  3.22191E-09 -4.80274E-11  3.63078E-11  1.33943E-12  1.31231E-12
  1.500E+00  1.71338E-04 -3.94159E-09  2.53421E-09 -4.76085E-11  3.05976E-11  8.88152E-13  3.88638E-12
  1.600E+00  1.94942E-04 -3.63624E-09  1.98777E-09 -4.68499E-11  2.55994E-11  1.79997E-13  3.71443E-12
  1.700E+00  2.20070E-04 -3.34981E-09  1.55024E-09 -4.58586E-11  2.12116E-11  4.07645E-13  1.91359E-12
  1.800E+00  2.46720E-04 -3.08445E-09  1.19745E-09 -4.47112E-11  1.73470E-11  6.57920E-13  1.40730E-13
  1.900E+00  2.74892E-04 -2.84041E-09  9.11191E-10 -4.34628E-11  1.39320E-11  5.49478E-13  1.45158E-12
  2.000E+00  3.04586E-04 -2.61694E-09  6.77668E-10 -4.21524E-11  1.09050E-11  2.20896E-13  1.67719E-12
  2.100E+00  3.35803E-04 -2.41275E-09  4.86303E-10 -4.08080E-11  8.21460E-12  1.30462E-13  1.05466E-12
  2.200E+00  3.68542E-04 -2.22635E-09  3.28920E-10 -3.94498E-11  5.81787E-12  3.44256E-13  1.20127E-13
  2.300E+00  4.02802E-04 -2.05620E-09  1.99137E-10 -3.80924E-11  3.67870E-12  3.55427E-13  6.10073E-13
  2.400E+00  4.38585E-04 -1.90082E-09  9.19206E-11 -3.67463E-11  1.76653E-12  2.02037E-13  8.56646E-13
  2.500E+00  4.75889E-04 -1.75883E-09  3.26843E-12 -3.54194E-11  5.53079E-14  1.28354E-14  6.33915E-13
  2.600E+00  5.14715E-04 -1.62896E-09 -7.00318E-11 -3.41174E-11 -1.47735E-12  1.80456E-13  1.66802E-13
  2.700E+00  5.55063E-04 -1.51005E-09 -1.30578E-10 -3.28445E-11 -2.85082E-12  2.33667E-13  2.68291E-13
  2.800E+00  5.96931E-04 -1.40105E-09 -1.80485E-10 -3.16035E-11 -4.08199E-12  1.68913E-13  4.71844E-13
  2.900E+00  6.40321E-04 -1.30103E-09 -2.21490E-10 -3.03966E-11 -5.18567E-12  3.79229E-14  4.04414E-13
  3.000E+00  6.85233E-04 -1.20915E-09 -2.55021E-10 -2.92251E-11 -6.17490E-12  8.83539E-14  1.56804E-13
  3.100E+00  7.31665E-04 -1.12465E-09 -2.82265E-10 -2.80898E-11 -7.06121E-12  1.52656E-13  1.14196E-13
  3.200E+00  7.79618E-04 -1.04685E-09 -3.04209E-10 -2.69910E-11 -7.85484E-12  1.35295E-13  2.73665E-13
  3.300E+00  8.29092E-04 -9.75136E-10 -3.21678E-10 -2.59286E-11 -8.56491E-12  5.77489E-14  2.68478E-13
  3.400E+00  8.80086E-04 -9.08968E-10 -3.35364E-10 -2.49025E-11 -9.19955E-12  3.49045E-14  1.34330E-13
  3.500E+00  9.32601E-04 -8.47849E-10 -3.45849E-10 -2.39120E-11 -9.76604E-12  9.67345E-14  4.13000E-14
  3.600E+00  9.86636E-04 -7.91335E-10 -3.53625E-10 -2.29566E-11 -1.02709E-11  1.04422E-13  1.62922E-13
  3.700E+00  1.04219E-03 -7.39025E-10 -3.59109E-10 -2.20353E-11 -1.07199E-11  6.19961E-14  1.83732E-13
  3.800E+00  1.09927E-03 -6.90559E-10 -3.62651E-10 -2.11474E-11 -1.11184E-11  3.56671E-15  1.10610E-13
  3.900E+00  1.15786E-03 -6.45608E-10 -3.64553E-10 -2.02918E-11 -1.14711E-11  5.89046E-14  5.03029E-15
  4.000E+00  1.21797E-03 -6.03879E-10 -3.65069E-10 -1.94674E-11 -1.17822E-11  7.86795E-14  9.88481E-14
  4.100E+00  1.27961E-03 -5.65103E-10 -3.64416E-10 -1.86734E-11 -1.20555E-11  5.87763E-14  1.28232E-13
  4.200E+00  1.34276E-03 -5.29039E-10 -3.62780E-10 -1.79086E-11 -1.22945E-11  1.36852E-14  8.97097E-14
  4.300E+00  1.40743E-03 -4.95466E-10 -3.60320E-10 -1.71719E-11 -1.25023E-11  3.18571E-14  1.31044E-14
  4.400E+00  1.47362E-03 -4.64186E-10 -3.57171E-10 -1.64624E-11 -1.26818E-11  5.67170E-14  5.88190E-14
  4.500E+00  1.54133E-03 -4.35016E-10 -3.53449E-10 -1.57789E-11 -1.28354E-11  5.13333E-14  9.09720E-14
  4.600E+00  1.61056E-03 -4.07792E-10 -3.49254E-10 -1.51205E-11 -1.29655E-11  2.23279E-14  7.29472E-14
  4.700E+00  1.68131E-03 -3.82364E-10 -3.44672E-10 -1.44862E-11 -1.30741E-11  1.37648E-14  2.10150E-14
  4.800E+00  1.75357E-03 -3.58593E-10 -3.39775E-10 -1.38750E-11 -1.31632E-11  3.90970E-14  3.43789E-14
  4.900E+00  1.82735E-03 -3.36356E-10 -3.34627E-10 -1.32860E-11 -1.32345E-11  4.29680E-14  6.48670E-14
  5.000E+00  1.90265E-03 -3.15538E-10 -3.29281E-10 -1.27182E-11 -1.32895E-11  2.57920E-14  5.91244E-14
  5.100E+00  1.97947E-03 -2.96033E-10 -3.23784E-10 -1.21709E-11 -1.33297E-11  1.95561E-15  2.42074E-14
  5.200E+00  2.05780E-03 -2.77748E-10 -3.18175E-10 -1.16432E-11 -1.33563E-11  2.52974E-14  1.86964E-14
  5.300E+00  2.13765E-03 -2.60593E-10 -3.12489E-10 -1.11343E-11 -1.33706E-11  3.41272E-14  4.63787E-14
  5.400E+00  2.21902E-03 -2.44489E-10 -3.06754E-10 -1.06434E-11 -1.33735E-11  2.55266E-14  4.77713E-14
  5.500E+00  2.30190E-03 -2.29360E-10 -3.00995E-10 -1.01698E-11 -1.33662E-11  5.86786E-15  2.46651E-14
  5.600E+00  2.38630E-03 -2.15141E-10 -2.95233E-10 -9.71279E-12 -1.33495E-11  1.44772E-14  7.99682E-15
  5.700E+00  2.47222E-03 -2.01768E-10 -2.89487E-10 -9.27170E-12 -1.33241E-11  2.57847E-14  3.33736E-14
  5.800E+00  2.55965E-03 -1.89183E-10 -2.83771E-10 -8.84588E-12 -1.32910E-11  2.35700E-14  3.86346E-14
  5.900E+00  2.64859E-03 -1.77333E-10 -2.78099E-10 -8.43473E-12 -1.32507E-11  1.01100E-14  2.40433E-14
  6.000E+00  2.73905E-03 -1.66170E-10 -2.72481E-10 -8.03764E-12 -1.32038E-11  6.66894E-15  1.26252E-15
  6.100E+00  2.83103E-03 -1.55648E-10 -2.66927E-10 -7.65407E-12 -1.31510E-11  1.86650E-14  2.33728E-14
  6.200E+00  2.92452E-03 -1.45726E-10 -2.61444E-10 -7.28348E-12 -1.30928E-11  2.02450E-14  3.11665E-14
  6.300E+00  3.01952E-03 -1.36365E-10 -2.56038E-10 -6.92535E-12 -1.30297E-11  1.19689E-14  2.25643E-14
  6.400E+00  3.11604E-03 -1.27529E-10 -2.50714E-10 -6.57920E-12 -1.29621E-11  1.07701E-15  3.15277E-15
  6.500E+00  3.21407E-03 -1.19185E-10 -2.45477E-10 -6.24456E-12 -1.28904E-11  1.24225E-14  1.57534E-14
  6.600E+00  3.31362E-03 -1.11302E-10 -2.40329E-10 -5.92099E-12 -1.28150E-11  1.65693E-14  2.50835E-14
  6.700E+00  3.41468E-03 -1.03852E-10 -2.35273E-10 -5.60805E-12 -1.27363E-11  1.22852E-14  2.06967E-14
  6.800E+00  3.51725E-03 -9.68077E-11 -2.30311E-10 -5.30535E-12 -1.26546E-11  2.44735E-15  6.05752E-15
  6.900E+00  3.62133E-03 -9.01449E-11 -2.25444E-10 -5.01250E-12 -1.25702E-11  7.39058E-15  1.00985E-14
  7.000E+00  3.72692E-03 -8.38408E-11 -2.20673E-10 -4.72911E-12 -1.24833E-11  1.29012E-14  1.98400E-14
  7.100E+00  3.83403E-03 -7.78741E-11 -2.15998E-10 -4.45485E-12 -1.23942E-11  1.14541E-14  1.85558E-14
  7.200E+00  3.94265E-03 -7.22244E-11 -2.11420E-10 -4.18938E-12 -1.23031E-11  4.79963E-15  7.95104E-15
  7.300E+00  4.05278E-03 -6.68736E-11 -2.06937E-10 -3.93235E-12 -1.22103E-11  3.68609E-15  5.82858E-15
  7.400E+00  4.16442E-03 -6.18043E-11 -2.02550E-10 -3.68348E-12 -1.21160E-11  9.49685E-15  1.55667E-14
  7.500E+00  4.27757E-03 -5.70000E-11 -1.98257E-10 -3.44246E-12 -1.20203E-11  1.00566E-14  1.65422E-14
  7.600E+00  4.39223E-03 -5.24461E-11 -1.94057E-10 -3.20900E-12 -1.19233E-11  5.88749E-15  8.94360E-15
  7.700E+00  4.50840E-03 -4.81280E-11 -1.89951E-10 -2.98284E-12 -1.18254E-11  8.79214E-16  2.49845E-15
  7.800E+00  4.62608E-03 -4.40328E-11 -1.85935E-10 -2.76372E-12 -1.17265E-11  6.50832E-15  1.18706E-14
  7.900E+00  4.74527E-03 -4.01480E-11 -1.82009E-10 -2.55138E-12 -1.16269E-11  8.44385E-15  1.45448E-14
  8.000E+00  4.86597E-03 -3.64620E-11 -1.78172E-10 -2.34559E-12 -1.15266E-11  5.98527E-15  9.55407E-15
  8.100E+00  4.98817E-03 -3.29639E-11 -1.74421E-10 -2.14612E-12 -1.14258E-11  9.19702E-16  6.82286E-17
  8.200E+00  5.11188E-03 -2.96437E-11 -1.70756E-10 -1.95275E-12 -1.13246E-11  4.14449E-15  8.78183E-15
  8.300E+00  5.23711E-03 -2.64915E-11 -1.67174E-10 -1.76527E-12 -1.12231E-11  6.69835E-15  1.24591E-14
  8.400E+00  5.36383E-03 -2.34985E-11 -1.63674E-10 -1.58348E-12 -1.11213E-11  5.71205E-15  9.56012E-15
  8.500E+00  5.49207E-03 -2.06563E-11 -1.60255E-10 -1.40718E-12 -1.10194E-11  2.05493E-15  2.00814E-15
  8.600E+00  5.62181E-03 -1.79569E-11 -1.56914E-10 -1.23620E-12 -1.09174E-11  2.17477E-15  6.03195E-15
  8.700E+00  5.75306E-03 -1.53928E-11 -1.53650E-10 -1.07034E-12 -1.08154E-11  5.04279E-15  1.04696E-14
  8.800E+00  5.88581E-03 -1.29570E-11 -1.50461E-10 -9.09450E-13 -1.07135E-11  5.10040E-15  9.23371E-15
  8.900E+00  6.02007E-03 -1.06429E-11 -1.47346E-10 -7.53355E-13 -1.06117E-11  2.66858E-15  3.38649E-15
  9.000E+00  6.15583E-03 -8.44425E-12 -1.44303E-10 -6.01897E-13 -1.05100E-11  8.43868E-16  3.81064E-15
  9.100E+00  6.29310E-03 -6.35518E-12 -1.41330E-10 -4.54927E-13 -1.04087E-11  3.59383E-15  8.59734E-15
  9.200E+00  6.43187E-03 -4.37012E-12 -1.38425E-10 -3.12299E-13 -1.03075E-11  4.29675E-15  8.69453E-15
  9.300E+00  6.57214E-03 -2.48384E-12 -1.35588E-10 -1.73871E-13 -1.02068E-11  2.83674E-15  4.36693E-15
  9.400E+00  6.71392E-03 -6.91452E-13 -1.32816E-10 -3.95102E-14 -1.01063E-11  9.94336E-17  1.92397E-15
  9.500E+00  6.85720E-03  1.01175E-12 -1.30107E-10  9.09139E-14 -1.00063E-11  2.40972E-15  6.83258E-15
  9.600E+00  7.00198E-03  2.63015E-12 -1.27461E-10  2.17526E-13 -9.90674E-12  3.48195E-15  7.96971E-15
  9.700E+00  7.14827E-03  4.16791E-12 -1.24875E-10  3.40447E-13 -9.80762E-12  2.72602E-15  4.96535E-15
  9.800E+00  7.29605E-03  5.62897E-12 -1.22348E-10  4.59791E-13 -9.70901E-12  6.92864E-16  3.74388E-16
  9.900E+00  7.44534E-03  7.01706E-12 -1.19880E-10  5.75670E-13 -9.61091E-12  1.46245E-15  5.21161E-15
  1.000E+01  7.59612E-03  8.33569E-12 -1.17467E-10  6.88192E-13 -9.51336E-12  2.70043E-15  7.08220E-15
  1.025E+01  7.97965E-03  1.13499E-11 -1.11672E-10  9.55478E-13 -9.27202E-12  2.48891E-15  6.38324E-15
  1.050E+01  8.37255E-03  1.39978E-11 -1.06200E-10  1.20393E-12 -9.03452E-12  2.05194E-15  5.33364E-15
  1.075E+01  8.77480E-03  1.63210E-11 -1.01029E-10  1.43494E-12 -8.80108E-12  1.58207E-15  3.99547E-15
  1.100E+01  9.18641E-03  1.83561E-11 -9.61421E-11  1.64976E-12 -8.57187E-12  1.05139E-15  2.50342E-15
  1.125E+01  9.60736E-03  2.01349E-11 -9.15206E-11  1.84957E-12 -8.34702E-12  5.82993E-16  9.69611E-16
  1.150E+01  1.00376E-02  2.16857E-11 -8.71485E-11  2.03542E-12 -8.12661E-12  9.28823E-17  2.64674E-16
  1.175E+01  1.04773E-02  2.30334E-11 -8.30104E-11  2.20828E-12 -7.91071E-12  1.18497E-16  1.39208E-15
  1.200E+01  1.09262E-02  2.42000E-11 -7.90920E-11  2.36906E-12 -7.69934E-12  6.24166E-16  2.36206E-15
  1.225E+01  1.13844E-02  2.52049E-11 -7.53799E-11  2.51858E-12 -7.49250E-12  8.15848E-16  2.84302E-15
  1.250E+01  1.18520E-02  2.60654E-11 -7.18615E-11  2.65761E-12 -7.29018E-12  8.87036E-16  3.28212E-15
  1.275E+01  1.23288E-02  2.67968E-11 -6.85252E-11  2.78684E-12 -7.09235E-12  6.51269E-16  3.25609E-15
  1.300E+01  1.28150E-02  2.74129E-11 -6.53601E-11  2.90693E-12 -6.89898E-12  6.73915E-16  2.97296E-15
  1.325E+01  1.33104E-02  2.79257E-11 -6.23560E-11  3.01847E-12 -6.71000E-12  5.09159E-16  2.70919E-15
  1.350E+01  1.38150E-02  2.83460E-11 -5.95033E-11  3.12202E-12 -6.52537E-12  4.45405E-16  2.17899E-15
  1.375E+01  1.43290E-02  2.86837E-11 -5.67932E-11  3.21809E-12 -6.34501E-12  1.71557E-16  1.54986E-15
  1.400E+01  1.48521E-02  2.89473E-11 -5.42175E-11  3.30717E-12 -6.16885E-12  1.65308E-16  4.38951E-16
  1.425E+01  1.53845E-02  2.91445E-11 -5.17683E-11  3.38968E-12 -5.99682E-12  4.78163E-16  0.00000E+00
  1.450E+01  1.59262E-02  2.92825E-11 -4.94384E-11  3.46605E-12 -5.82883E-12  3.84437E-16  4.07786E-16
  1.475E+01  1.64770E-02  2.93673E-11 -4.72211E-11  3.53665E-12 -5.66480E-12  5.19569E-16  1.02283E-15
  1.500E+01  1.70371E-02  2.94045E-11 -4.51100E-11  3.60185E-12 -5.50465E-12  5.73557E-16  1.29107E-15
  1.525E+01  1.76063E-02  2.93993E-11 -4.30992E-11  3.66197E-12 -5.34829E-12  7.62190E-16  1.39359E-15
  1.550E+01  1.81848E-02  2.93562E-11 -4.11831E-11  3.71732E-12 -5.19563E-12  3.35011E-16  1.55926E-15
  1.575E+01  1.87724E-02  2.92791E-11 -3.93566E-11  3.76818E-12 -5.04660E-12  5.18592E-16  1.30192E-15
  1.600E+01  1.93692E-02  2.91719E-11 -3.76148E-11  3.81484E-12 -4.90110E-12  2.50994E-16  1.32560E-15
  1.625E+01  1.99751E-02  2.90377E-11 -3.59531E-11  3.85753E-12 -4.75905E-12  0.00000E+00  1.28284E-15
  1.650E+01  2.05901E-02  2.88797E-11 -3.43673E-11  3.89650E-12 -4.62036E-12  1.17761E-16  3.72614E-16
  1.675E+01  2.12143E-02  2.87004E-11 -3.28532E-11  3.93195E-12 -4.48496E-12  1.14153E-16  4.81236E-16
  1.700E+01  2.18476E-02  2.85024E-11 -3.14073E-11  3.96411E-12 -4.35276E-12  5.53530E-16  2.33174E-16
  1.725E+01  2.24900E-02  2.82878E-11 -3.00258E-11  3.99315E-12 -4.22367E-12  1.07410E-16  0.00000E+00
  1.750E+01  2.31415E-02  2.80586E-11 -2.87055E-11  4.01927E-12 -4.09762E-12  2.08512E-16  2.19247E-16
  1.775E+01  2.38021E-02  2.78167E-11 -2.74433E-11  4.04262E-12 -3.97454E-12  5.06180E-16  4.25457E-16
  1.800E+01  2.44717E-02  2.75636E-11 -2.62361E-11  4.06337E-12 -3.85434E-12  4.91716E-16  6.19454E-16
  1.825E+01  2.51504E-02  2.73008E-11 -2.50813E-11  4.08167E-12 -3.73695E-12  3.82281E-16  7.01751E-16
  1.850E+01  2.58382E-02  2.70296E-11 -2.39762E-11  4.09766E-12 -3.62230E-12  4.64554E-16  5.84284E-16
  1.875E+01  2.65349E-02  2.67513E-11 -2.29183E-11  4.11146E-12 -3.51031E-12  1.80718E-16  7.57019E-16
  1.900E+01  2.72407E-02  2.64670E-11 -2.19053E-11  4.12320E-12 -3.40093E-12  2.63725E-16  5.51905E-16
  1.925E+01  2.79555E-02  2.61775E-11 -2.09351E-11  4.13300E-12 -3.29407E-12  0.00000E+00  5.36673E-16
  1.950E+01  2.86793E-02  2.58839E-11 -2.00055E-11  4.14097E-12 -3.18967E-12  0.00000E+00  1.74011E-16
  1.975E+01  2.94120E-02  2.55869E-11 -1.91147E-11  4.14721E-12 -3.08768E-12  1.62233E-16  1.69320E-16
  2.000E+01  3.01537E-02  2.52873E-11 -1.82607E-11  4.15182E-12 -2.98802E-12  1.58047E-16  3.29613E-16
  2.025E+01  3.09043E-02  2.49856E-11 -1.74419E-11  4.15488E-12 -2.89064E-12  0.00000E+00  1.60464E-16
  2.050E+01  3.16639E-02  2.46826E-11 -1.66566E-11  4.15649E-12 -2.79547E-12  1.50138E-16  0.00000E+00
  2.075E+01  3.24324E-02  2.43788E-11 -1.59032E-11  4.15672E-12 -2.70246E-12  2.92800E-16  3.04507E-16
  2.100E+01  3.32098E-02  2.40745E-11 -1.51802E-11  4.15566E-12 -2.61156E-12  2.85595E-16  2.96744E-16
  2.125E+01  3.39961E-02  2.37703E-11 -1.44863E-11  4.15338E-12 -2.52270E-12  2.78648E-16  5.78519E-16
  2.150E+01  3.47912E-02  2.34666E-11 -1.38202E-11  4.14994E-12 -2.43584E-12  1.35973E-16  5.64082E-16
  2.175E+01  3.55952E-02  2.31637E-11 -1.31805E-11  4.14541E-12 -2.35093E-12  1.32740E-16  2.75076E-16
  2.200E+01  3.64081E-02  2.28619E-11 -1.25662E-11  4.13984E-12 -2.26791E-12  1.29619E-16  0.00000E+00
  2.225E+01  3.72297E-02  2.25616E-11 -1.19760E-11  4.13331E-12 -2.18673E-12  1.26604E-16  1.30931E-16
  2.250E+01  3.80602E-02  2.22629E-11 -1.14089E-11  4.12586E-12 -2.10735E-12  1.23692E-16  1.27796E-16
  2.275E+01  3.88995E-02  2.19661E-11 -1.08639E-11  4.11754E-12 -2.02973E-12  0.00000E+00  4.99064E-16
  2.300E+01  3.97476E-02  2.16714E-11 -1.03401E-11  4.10841E-12 -1.95382E-12  1.18156E-16  3.65512E-16
  2.325E+01  4.06044E-02  2.13790E-11 -9.83649E-12  4.09851E-12 -1.87957E-12  0.00000E+00  7.14032E-16
  2.350E+01  4.14700E-02  2.10890E-11 -9.35224E-12  4.08788E-12 -1.80694E-12  1.12977E-16  5.81329E-16
  2.375E+01  4.23443E-02  2.08017E-11 -8.88651E-12  4.07657E-12 -1.73590E-12  1.10513E-16  4.54459E-16
  2.400E+01  4.32273E-02  2.05170E-11 -8.43853E-12  4.06461E-12 -1.66640E-12  0.00000E+00  5.55244E-16
  2.425E+01  4.41190E-02  2.02351E-11 -8.00755E-12  4.05204E-12 -1.59840E-12  0.00000E+00  1.08564E-16
  2.450E+01  4.50194E-02  1.99561E-11 -7.59285E-12  4.03891E-12 -1.53187E-12  0.00000E+00  2.12315E-16
  2.475E+01  4.59284E-02  1.96801E-11 -7.19377E-12  4.02523E-12 -1.46678E-12  0.00000E+00  2.07652E-16
  2.500E+01  4.68461E-02  1.94072E-11 -6.80965E-12  4.01105E-12 -1.40308E-12  0.00000E+00  0.00000E+00
  2.550E+01  4.87074E-02  1.88707E-11 -6.08388E-12  3.98129E-12 -1.27973E-12  1.90582E-16  1.94501E-16
  2.600E+01  5.06030E-02  1.83470E-11 -5.41097E-12  3.94984E-12 -1.16157E-12  1.83022E-16  0.00000E+00
  2.650E+01  5.25328E-02  1.78364E-11 -4.78678E-12  3.91691E-12 -1.04835E-12  0.00000E+00  0.00000E+00
  2.700E+01  5.44967E-02  1.73388E-11 -4.20752E-12  3.88269E-12 -9.39833E-13  0.00000E+00  0.00000E+00
  2.750E+01  5.64946E-02  1.68544E-11 -3.66974E-12  3.84734E-12 -8.35804E-13  0.00000E+00  1.64710E-16
  2.800E+01  5.85262E-02  1.63831E-11 -3.17029E-12  3.81100E-12 -7.36053E-13  0.00000E+00  0.00000E+00
  2.850E+01  6.05914E-02  1.59248E-11 -2.70628E-12  3.77381E-12 -6.40382E-13  0.00000E+00  3.04388E-16
  2.900E+01  6.26901E-02  1.54794E-11 -2.27506E-12  3.73590E-12 -5.48606E-13  1.45794E-16  1.46436E-16
  2.950E+01  6.48222E-02  1.50466E-11 -1.87425E-12  3.69736E-12 -4.60549E-13  1.40703E-16  0.00000E+00
  3.000E+01  6.69873E-02  1.46262E-11 -1.50161E-12  3.65831E-12 -3.76044E-13  1.35874E-16  0.00000E+00
  3.050E+01  6.91854E-02  1.42181E-11 -1.15513E-12  3.61884E-12 -2.94933E-13  1.31290E-16  1.30899E-16
  3.100E+01  7.14163E-02  1.38218E-11 -8.32939E-13  3.57901E-12 -2.17068E-13  0.00000E+00  1.26237E-16
  3.150E+01  7.36799E-02  1.34372E-11 -5.33309E-13  3.53892E-12 -1.42306E-13  1.22795E-16  0.00000E+00
  3.200E+01  7.59760E-02  1.30640E-11 -2.54662E-13  3.49862E-12 -7.05137E-14  1.18856E-16  0.00000E+00
  3.250E+01  7.83043E-02  1.27019E-11  4.46961E-15  3.45818E-12 -1.56355E-15  0.00000E+00  2.27159E-16
  3.300E+01  8.06647E-02  1.23505E-11  2.45423E-13  3.41764E-12  6.46651E-14  1.11531E-16  2.19517E-16
  3.350E+01  8.30571E-02  1.20096E-11  4.69436E-13  3.37707E-12  1.28287E-13  0.00000E+00  2.12233E-16
  3.400E+01  8.54812E-02  1.16788E-11  6.77658E-13  3.33651E-12  1.89411E-13  0.00000E+00  2.05287E-16
  3.450E+01  8.79369E-02  1.13580E-11  8.71139E-13  3.29599E-12  2.48139E-13  0.00000E+00  1.98657E-16
  3.500E+01  9.04240E-02  1.10467E-11  1.05088E-12  3.25556E-12  3.04572E-13  0.00000E+00  0.00000E+00
  3.550E+01  9.29422E-02  1.07447E-11  1.21778E-12  3.21524E-12  3.58801E-13  0.00000E+00  0.00000E+00
  3.600E+01  9.54915E-02  1.04518E-11  1.37271E-12  3.17508E-12  4.10916E-13  0.00000E+00  3.60985E-16
  3.650E+01  9.80716E-02  1.01675E-11  1.51642E-12  3.13508E-12  4.61002E-13  0.00000E+00  3.49920E-16
  3.700E+01  1.00682E-01  9.89177E-12  1.64965E-12  3.09528E-12  5.09139E-13  0.00000E+00  0.00000E+00
  3.750E+01  1.03323E-01  9.62418E-12  1.77307E-12  3.05571E-12  5.55403E-13  0.00000E+00  1.64593E-16
  3.800E+01  1.05995E-01  9.36453E-12  1.88731E-12  3.01638E-12  5.99869E-13  0.00000E+00  1.59734E-16
  3.850E+01  1.08696E-01  9.11256E-12  1.99295E-12  2.97730E-12  6.42605E-13  0.00000E+00  0.00000E+00
  3.900E+01  1.11427E-01  8.86802E-12  2.09055E-12  2.93850E-12  6.83678E-13  0.00000E+00  0.00000E+00
  3.950E+01  1.14188E-01  8.63068E-12  2.18061E-12  2.89998E-12  7.23152E-13  0.00000E+00  1.46322E-16
  4.000E+01  1.16978E-01  8.40030E-12  2.26360E-12  2.86177E-12  7.61087E-13  0.00000E+00  2.84412E-16
  4.050E+01  1.19797E-01  8.17666E-12  2.33997E-12  2.82387E-12  7.97540E-13  0.00000E+00  1.38253E-16
  4.100E+01  1.22645E-01  7.95953E-12  2.41011E-12  2.78628E-12  8.32568E-13  0.00000E+00  1.34455E-16
  4.150E+01  1.25522E-01  7.74872E-12  2.47441E-12  2.74903E-12  8.66223E-13  0.00000E+00  0.00000E+00
  4.200E+01  1.28428E-01  7.54402E-12  2.53324E-12  2.71212E-12  8.98555E-13  0.00000E+00  1.27292E-16
  4.250E+01  1.31361E-01  7.34522E-12  2.58694E-12  2.67555E-12  9.29613E-13  0.00000E+00  0.00000E+00
  4.300E+01  1.34323E-01  7.15215E-12  2.63581E-12  2.63933E-12  9.59442E-13  0.00000E+00  1.20661E-16
  4.350E+01  1.37313E-01  6.96460E-12  2.68016E-12  2.60347E-12  9.88088E-13  0.00000E+00  1.17530E-16
  4.400E+01  1.40330E-01  6.78241E-12  2.72025E-12  2.56796E-12  1.01559E-12  0.00000E+00  2.29027E-16
  4.450E+01  1.43375E-01  6.60541E-12  2.75635E-12  2.53281E-12  1.04199E-12  0.00000E+00  0.00000E+00
  4.500E+01  1.46447E-01  6.43343E-12  2.78868E-12  2.49803E-12  1.06733E-12  0.00000E+00  1.08805E-16
  4.550E+01  1.49545E-01  6.26630E-12  2.81748E-12  2.46362E-12  1.09165E-12  0.00000E+00  0.00000E+00
  4.600E+01  1.52671E-01  6.10387E-12  2.84297E-12  2.42957E-12  1.11497E-12  0.00000E+00  1.03496E-16
  4.650E+01  1.55823E-01  5.94600E-12  2.86535E-12  2.39590E-12  1.13734E-12  0.00000E+00  0.00000E+00
  4.700E+01  1.59001E-01  5.79254E-12  2.88480E-12  2.36259E-12  1.15879E-12  0.00000E+00  0.00000E+00
  4.750E+01  1.62205E-01  5.64334E-12  2.90149E-12  2.32965E-12  1.17934E-12  0.00000E+00  0.00000E+00
  4.800E+01  1.65435E-01  5.49828E-12  2.91560E-12  2.29708E-12  1.19904E-12  0.00000E+00  0.00000E+00
  4.850E+01  1.68690E-01  5.35723E-12  2.92727E-12  2.26489E-12  1.21790E-12  0.00000E+00  0.00000E+00
  4.900E+01  1.71970E-01  5.22006E-12  2.93665E-12  2.23305E-12  1.23596E-12  0.00000E+00  0.00000E+00
  4.950E+01  1.75276E-01  5.08664E-12  2.94388E-12  2.20159E-12  1.25324E-12  0.00000E+00  0.00000E+00
  5.000E+01  1.78606E-01  4.95687E-12  2.94910E-12  2.17049E-12  1.26977E-12  0.00000E+00  0.00000E+00
  5.050E+01  1.81961E-01  4.83062E-12  2.95242E-12  2.13976E-12  1.28557E-12  0.00000E+00  0.00000E+00
  5.100E+01  1.85340E-01  4.70780E-12  2.95396E-12  2.10939E-12  1.30067E-12  0.00000E+00  0.00000E+00
  5.150E+01  1.88743E-01  4.58829E-12  2.95382E-12  2.07938E-12  1.31509E-12  0.00000E+00  0.00000E+00
  5.200E+01  1.92169E-01  4.47200E-12  2.95211E-12  2.04973E-12  1.32885E-12  0.00000E+00  0.00000E+00
  5.250E+01  1.95619E-01  4.35883E-12  2.94892E-12  2.02044E-12  1.34197E-12  0.00000E+00  0.00000E+00
  5.300E+01  1.99092E-01  4.24868E-12  2.94434E-12  1.99150E-12  1.35447E-12  0.00000E+00  0.00000E+00
  5.350E+01  2.02589E-01  4.14146E-12  2.93846E-12  1.96291E-12  1.36638E-12  0.00000E+00  0.00000E+00
  5.400E+01  2.06107E-01  4.03708E-12  2.93137E-12  1.93466E-12  1.37771E-12  0.00000E+00  0.00000E+00
  5.450E+01  2.09649E-01  3.93546E-12  2.92313E-12  1.90677E-12  1.38848E-12  0.00000E+00  0.00000E+00
  5.500E+01  2.13212E-01  3.83651E-12  2.91381E-12  1.87922E-12  1.39871E-12  0.00000E+00  0.00000E+00
  5.550E+01  2.16797E-01  3.74017E-12  2.90349E-12  1.85200E-12  1.40841E-12  0.00000E+00  0.00000E+00
  5.600E+01  2.20404E-01  3.64634E-12  2.89222E-12  1.82513E-12  1.41760E-12  0.00000E+00  0.00000E+00
  5.650E+01  2.24032E-01  3.55496E-12  2.88007E-12  1.79858E-12  1.42630E-12  0.00000E+00  0.00000E+00
  5.700E+01  2.27680E-01  3.46595E-12  2.86711E-12  1.77237E-12  1.43452E-12  0.00000E+00  0.00000E+00
  5.750E+01  2.31350E-01  3.37925E-12  2.85337E-12  1.74649E-12  1.44227E-12  0.00000E+00  0.00000E+00
  5.800E+01  2.35040E-01  3.29479E-12  2.83891E-12  1.72093E-12  1.44958E-12  0.00000E+00  0.00000E+00
  5.850E+01  2.38751E-01  3.21250E-12  2.82378E-12  1.69569E-12  1.45645E-12  0.00000E+00  0.00000E+00
  5.900E+01  2.42481E-01  3.13232E-12  2.80802E-12  1.67078E-12  1.46289E-12  0.00000E+00  0.00000E+00
  5.950E+01  2.46231E-01  3.05419E-12  2.79168E-12  1.64617E-12  1.46893E-12  0.00000E+00  0.00000E+00
  6.000E+01  2.50000E-01  2.97805E-12  2.77480E-12  1.62188E-12  1.47456E-12  0.00000E+00  0.00000E+00
  6.050E+01  2.53788E-01  2.90385E-12  2.75741E-12  1.59789E-12  1.47982E-12  0.00000E+00  0.00000E+00
  6.100E+01  2.57595E-01  2.83153E-12  2.73956E-12  1.57421E-12  1.48469E-12  0.00000E+00  0.00000E+00
  6.150E+01  2.61421E-01  2.76103E-12  2.72128E-12  1.55084E-12  1.48920E-12  0.00000E+00  0.00000E+00
  6.200E+01  2.65264E-01  2.69232E-12  2.70260E-12  1.52776E-12  1.49336E-12  0.00000E+00  0.00000E+00
  6.250E+01  2.69126E-01  2.62533E-12  2.68354E-12  1.50497E-12  1.49718E-12  0.00000E+00  0.00000E+00
  6.300E+01  2.73005E-01  2.56002E-12  2.66414E-12  1.48248E-12  1.50066E-12  0.00000E+00  0.00000E+00
  6.350E+01  2.76901E-01  2.49634E-12  2.64443E-12  1.46028E-12  1.50382E-12  0.00000E+00  0.00000E+00
  6.400E+01  2.80814E-01  2.43425E-12  2.62444E-12  1.43836E-12  1.50667E-12  0.00000E+00  0.00000E+00
  6.450E+01  2.84744E-01  2.37370E-12  2.60418E-12  1.41672E-12  1.50921E-12  0.00000E+00  0.00000E+00
  6.500E+01  2.88691E-01  2.31465E-12  2.58369E-12  1.39537E-12  1.51146E-12  0.00000E+00  0.00000E+00
  6.550E+01  2.92653E-01  2.25707E-12  2.56298E-12  1.37429E-12  1.51341E-12  0.00000E+00  0.00000E+00
  6.600E+01  2.96632E-01  2.20090E-12  2.54207E-12  1.35348E-12  1.51509E-12  0.00000E+00  0.00000E+00
  6.650E+01  3.00625E-01  2.14612E-12  2.52098E-12  1.33294E-12  1.51650E-12  0.00000E+00  0.00000E+00
  6.700E+01  3.04634E-01  2.09269E-12  2.49974E-12  1.31267E-12  1.51764E-12  0.00000E+00  0.00000E+00
  6.750E+01  3.08658E-01  2.04056E-12  2.47836E-12  1.29266E-12  1.51853E-12  0.00000E+00  0.00000E+00
  6.800E+01  3.12697E-01  1.98971E-12  2.45686E-12  1.27291E-12  1.51917E-12  0.00000E+00  0.00000E+00
  6.850E+01  3.16749E-01  1.94010E-12  2.43526E-12  1.25342E-12  1.51957E-12  0.00000E+00  0.00000E+00
  6.900E+01  3.20816E-01  1.89170E-12  2.41357E-12  1.23418E-12  1.51973E-12  0.00000E+00  0.00000E+00
  6.950E+01  3.24896E-01  1.84447E-12  2.39179E-12  1.21519E-12  1.51966E-12  0.00000E+00  0.00000E+00
  7.000E+01  3.28990E-01  1.79839E-12  2.36995E-12  1.19645E-12  1.51937E-12  0.00000E+00  0.00000E+00
  7.050E+01  3.33097E-01  1.75342E-12  2.34805E-12  1.17796E-12  1.51887E-12  0.00000E+00  0.00000E+00
  7.100E+01  3.37216E-01  1.70954E-12  2.32613E-12  1.15971E-12  1.51815E-12  0.00000E+00  0.00000E+00
  7.150E+01  3.41348E-01  1.66672E-12  2.30418E-12  1.14170E-12  1.51723E-12  0.00000E+00  0.00000E+00
  7.200E+01  3.45492E-01  1.62493E-12  2.28222E-12  1.12392E-12  1.51611E-12  0.00000E+00  0.00000E+00
  7.250E+01  3.49647E-01  1.58415E-12  2.26024E-12  1.10638E-12  1.51480E-12  0.00000E+00  0.00000E+00
  7.300E+01  3.53814E-01  1.54434E-12  2.23825E-12  1.08907E-12  1.51330E-12  0.00000E+00  0.00000E+00
  7.350E+01  3.57992E-01  1.50549E-12  2.21629E-12  1.07199E-12  1.51162E-12  0.00000E+00  0.00000E+00
  7.400E+01  3.62181E-01  1.46756E-12  2.19435E-12  1.05513E-12  1.50976E-12  0.00000E+00  0.00000E+00
  7.450E+01  3.66381E-01  1.43054E-12  2.17245E-12  1.03850E-12  1.50773E-12  0.00000E+00  0.00000E+00
  7.500E+01  3.70590E-01  1.39440E-12  2.15058E-12  1.02209E-12  1.50552E-12  0.00000E+00  0.00000E+00
  7.550E+01  3.74810E-01  1.35913E-12  2.12875E-12  1.00589E-12  1.50316E-12  0.00000E+00  0.00000E+00
  7.600E+01  3.79039E-01  1.32469E-12  2.10697E-12  9.89909E-13  1.50063E-12  0.00000E+00  0.00000E+00
  7.650E+01  3.83277E-01  1.29107E-12  2.08525E-12  9.74140E-13  1.49796E-12  0.00000E+00  0.00000E+00
  7.700E+01  3.87524E-01  1.25825E-12  2.06359E-12  9.58581E-13  1.49513E-12  0.00000E+00  0.00000E+00
  7.750E+01  3.91780E-01  1.22620E-12  2.04201E-12  9.43229E-13  1.49215E-12  0.00000E+00  0.00000E+00
  7.800E+01  3.96044E-01  1.19492E-12  2.02050E-12  9.28081E-13  1.48903E-12  0.00000E+00  0.00000E+00
  7.850E+01  4.00316E-01  1.16437E-12  1.99907E-12  9.13136E-13  1.48577E-12  0.00000E+00  0.00000E+00
  7.900E+01  4.04596E-01  1.13454E-12  1.97772E-12  8.98391E-13  1.48238E-12  0.00000E+00  0.00000E+00
  7.950E+01  4.08882E-01  1.10542E-12  1.95646E-12  8.83843E-13  1.47885E-12  0.00000E+00  0.00000E+00
  8.000E+01  4.13176E-01  1.07699E-12  1.93530E-12  8.69490E-13  1.47520E-12  0.00000E+00  0.00000E+00
  8.050E+01  4.17476E-01  1.04922E-12  1.91423E-12  8.55330E-13  1.47142E-12  0.00000E+00  0.00000E+00
  8.100E+01  4.21783E-01  1.02211E-12  1.89327E-12  8.41360E-13  1.46752E-12  0.00000E+00  0.00000E+00
  8.150E+01  4.26095E-01  9.95632E-13  1.87241E-12  8.27579E-13  1.46351E-12  0.00000E+00  0.00000E+00
  8.200E+01  4.30413E-01  9.69779E-13  1.85166E-12  8.13984E-13  1.45938E-12  0.00000E+00  0.00000E+00
  8.250E+01  4.34737E-01  9.44533E-13  1.83102E-12  8.00572E-13  1.45513E-12  0.00000E+00  0.00000E+00
  8.300E+01  4.39065E-01  9.19879E-13  1.81050E-12  7.87341E-13  1.45078E-12  0.00000E+00  0.00000E+00
  8.350E+01  4.43398E-01  8.95805E-13  1.79009E-12  7.74290E-13  1.44632E-12  0.00000E+00  0.00000E+00
  8.400E+01  4.47736E-01  8.72294E-13  1.76979E-12  7.61417E-13  1.44176E-12  0.00000E+00  0.00000E+00
  8.450E+01  4.52077E-01  8.49335E-13  1.74963E-12  7.48718E-13  1.43710E-12  0.00000E+00  0.00000E+00
  8.500E+01  4.56422E-01  8.26913E-13  1.72958E-12  7.36192E-13  1.43234E-12  0.00000E+00  0.00000E+00
  8.550E+01  4.60770E-01  8.05017E-13  1.70966E-12  7.23837E-13  1.42749E-12  0.00000E+00  0.00000E+00
  8.600E+01  4.65122E-01  7.83633E-13  1.68987E-12  7.11651E-13  1.42254E-12  0.00000E+00  0.00000E+00
  8.650E+01  4.69476E-01  7.62750E-13  1.67021E-12  6.99632E-13  1.41750E-12  0.00000E+00  0.00000E+00
  8.700E+01  4.73832E-01  7.42357E-13  1.65068E-12  6.87778E-13  1.41238E-12  0.00000E+00  0.00000E+00
  8.750E+01  4.78190E-01  7.22440E-13  1.63128E-12  6.76087E-13  1.40717E-12  0.00000E+00  0.00000E+00
  8.800E+01  4.82550E-01  7.02990E-13  1.61201E-12  6.64557E-13  1.40188E-12  0.00000E+00  0.00000E+00
  8.850E+01  4.86912E-01  6.83995E-13  1.59288E-12  6.53186E-13  1.39650E-12  0.00000E+00  0.00000E+00
  8.900E+01  4.91274E-01  6.65445E-13  1.57389E-12  6.41972E-13  1.39105E-12  0.00000E+00  0.00000E+00
  8.950E+01  4.95637E-01  6.47329E-13  1.55503E-12  6.30914E-13  1.38552E-12  0.00000E+00  0.00000E+00
  9.000E+01  5.00000E-01  6.29637E-13  1.53631E-12  6.20009E-13  1.37992E-12  0.00000E+00  0.00000E+00
  9.050E+01  5.04363E-01  6.12360E-13  1.51773E-12  6.09256E-13  1.37424E-12  0.00000E+00  0.00000E+00
  9.100E+01  5.08726E-01  5.95488E-13  1.49929E-12  5.98652E-13  1.36849E-12  0.00000E+00  0.00000E+00
  9.150E+01  5.13088E-01  5.79012E-13  1.48099E-12  5.88197E-13  1.36267E-12  0.00000E+00  0.00000E+00
  9.200E+01  5.17450E-01  5.62922E-13  1.46283E-12  5.77889E-13  1.35679E-12  0.00000E+00  0.00000E+00
  9.250E+01  5.21810E-01  5.47209E-13  1.44481E-12  5.67725E-13  1.35084E-12  0.00000E+00  0.00000E+00
  9.300E+01  5.26168E-01  5.31865E-13  1.42693E-12  5.57704E-13  1.34483E-12  0.00000E+00  0.00000E+00
  9.350E+01  5.30524E-01  5.16882E-13  1.40919E-12  5.47824E-13  1.33876E-12  0.00000E+00  0.00000E+00
  9.400E+01  5.34878E-01  5.02252E-13  1.39160E-12  5.38084E-13  1.33262E-12  0.00000E+00  0.00000E+00
  9.450E+01  5.39230E-01  4.87965E-13  1.37415E-12  5.28482E-13  1.32643E-12  0.00000E+00  0.00000E+00
  9.500E+01  5.43578E-01  4.74015E-13  1.35684E-12  5.19016E-13  1.32018E-12  0.00000E+00  0.00000E+00
  9.550E+01  5.47923E-01  4.60393E-13  1.33967E-12  5.09685E-13  1.31387E-12  0.00000E+00  0.00000E+00
  9.600E+01  5.52264E-01  4.47093E-13  1.32265E-12  5.00488E-13  1.30752E-12  0.00000E+00  0.00000E+00
  9.650E+01  5.56602E-01  4.34107E-13  1.30577E-12  4.91422E-13  1.30110E-12  0.00000E+00  0.00000E+00
  9.700E+01  5.60935E-01  4.21427E-13  1.28903E-12  4.82486E-13  1.29464E-12  0.00000E+00  0.00000E+00
  9.750E+01  5.65263E-01  4.09048E-13  1.27244E-12  4.73679E-13  1.28813E-12  0.00000E+00  0.00000E+00
  9.800E+01  5.69587E-01  3.96962E-13  1.25599E-12  4.64998E-13  1.28157E-12  0.00000E+00  0.00000E+00
  9.850E+01  5.73905E-01  3.85162E-13  1.23968E-12  4.56444E-13  1.27496E-12  0.00000E+00  0.00000E+00
  9.900E+01  5.78217E-01  3.73643E-13  1.22351E-12  4.48013E-13  1.26831E-12  0.00000E+00  0.00000E+00
  9.950E+01  5.82524E-01  3.62397E-13  1.20748E-12  4.39706E-13  1.26161E-12  0.00000E+00  0.00000E+00
  1.000E+02  5.86824E-01  3.51419E-13  1.19160E-12  4.31519E-13  1.25487E-12  0.00000E+00  0.00000E+00
  1.005E+02  5.91118E-01  3.40702E-13  1.17585E-12  4.23452E-13  1.24809E-12  0.00000E+00  0.00000E+00
  1.010E+02  5.95404E-01  3.30242E-13  1.16025E-12  4.15504E-13  1.24126E-12  0.00000E+00  0.00000E+00
  1.015E+02  5.99684E-01  3.20032E-13  1.14479E-12  4.07673E-13  1.23440E-12  0.00000E+00  0.00000E+00
  1.020E+02  6.03956E-01  3.10066E-13  1.12947E-12  3.99957E-13  1.22750E-12  0.00000E+00  0.00000E+00
  1.025E+02  6.08220E-01  3.00339E-13  1.11429E-12  3.92356E-13  1.22056E-12  0.00000E+00  0.00000E+00
  1.030E+02  6.12476E-01  2.90845E-13  1.09925E-12  3.84868E-13  1.21358E-12  0.00000E+00  0.00000E+00
  1.035E+02  6.16723E-01  2.81581E-13  1.08434E-12  3.77492E-13  1.20657E-12  0.00000E+00  0.00000E+00
  1.040E+02  6.20961E-01  2.72539E-13  1.06958E-12  3.70225E-13  1.19952E-12  0.00000E+00  0.00000E+00
  1.045E+02  6.25190E-01  2.63716E-13  1.05495E-12  3.63068E-13  1.19244E-12  0.00000E+00  0.00000E+00
  1.050E+02  6.29410E-01  2.55107E-13  1.04047E-12  3.56019E-13  1.18532E-12  0.00000E+00  0.00000E+00
  1.055E+02  6.33619E-01  2.46706E-13  1.02611E-12  3.49077E-13  1.17818E-12  0.00000E+00  0.00000E+00
  1.060E+02  6.37819E-01  2.38509E-13  1.01190E-12  3.42239E-13  1.17100E-12  0.00000E+00  0.00000E+00
  1.065E+02  6.42008E-01  2.30512E-13  9.97818E-13  3.35506E-13  1.16380E-12  0.00000E+00  0.00000E+00
  1.070E+02  6.46186E-01  2.22710E-13  9.83874E-13  3.28876E-13  1.15656E-12  0.00000E+00  0.00000E+00
  1.075E+02  6.50353E-01  2.15099E-13  9.70065E-13  3.22347E-13  1.14930E-12  0.00000E+00  0.00000E+00
  1.080E+02  6.54508E-01  2.07674E-13  9.56389E-13  3.15919E-13  1.14201E-12  0.00000E+00  0.00000E+00
  1.085E+02  6.58652E-01  2.00432E-13  9.42847E-13  3.09590E-13  1.13469E-12  0.00000E+00  0.00000E+00
  1.090E+02  6.62784E-01  1.93369E-13  9.29437E-13  3.03360E-13  1.12734E-12  0.00000E+00  0.00000E+00
  1.095E+02  6.66903E-01  1.86479E-13  9.16160E-13  2.97226E-13  1.11997E-12  0.00000E+00  0.00000E+00
  1.100E+02  6.71010E-01  1.79760E-13  9.03014E-13  2.91188E-13  1.11258E-12  0.00000E+00  0.00000E+00
  1.105E+02  6.75104E-01  1.73208E-13  8.90000E-13  2.85245E-13  1.10516E-12  0.00000E+00  0.00000E+00
  1.110E+02  6.79184E-01  1.66819E-13  8.77116E-13  2.79396E-13  1.09772E-12  0.00000E+00  0.00000E+00
  1.115E+02  6.83251E-01  1.60589E-13  8.64361E-13  2.73639E-13  1.09026E-12  0.00000E+00  0.00000E+00
  1.120E+02  6.87303E-01  1.54515E-13  8.51735E-13  2.67973E-13  1.08278E-12  0.00000E+00  0.00000E+00
  1.125E+02  6.91342E-01  1.48593E-13  8.39237E-13  2.62398E-13  1.07527E-12  0.00000E+00  0.00000E+00
  1.130E+02  6.95366E-01  1.42820E-13  8.26867E-13  2.56913E-13  1.06774E-12  0.00000E+00  0.00000E+00
  1.135E+02  6.99375E-01  1.37193E-13  8.14624E-13  2.51515E-13  1.06020E-12  0.00000E+00  0.00000E+00
  1.140E+02  7.03368E-01  1.31708E-13  8.02508E-13  2.46205E-13  1.05263E-12  0.00000E+00  0.00000E+00
  1.145E+02  7.07347E-01  1.26362E-13  7.90517E-13  2.40980E-13  1.04505E-12  0.00000E+00  0.00000E+00
  1.150E+02  7.11309E-01  1.21153E-13  7.78651E-13  2.35841E-13  1.03745E-12  0.00000E+00  0.00000E+00
  1.155E+02  7.15256E-01  1.16076E-13  7.66908E-13  2.30787E-13  1.02983E-12  0.00000E+00  0.00000E+00
  1.160E+02  7.19186E-01  1.11130E-13  7.55289E-13  2.25815E-13  1.02219E-12  0.00000E+00  0.00000E+00
  1.165E+02  7.23099E-01  1.06310E-13  7.43793E-13  2.20925E-13  1.01454E-12  0.00000E+00  0.00000E+00
  1.170E+02  7.26995E-01  1.01615E-13  7.32419E-13  2.16117E-13  1.00687E-12  0.00000E+00  0.00000E+00
  1.175E+02  7.30874E-01  9.70418E-14  7.21167E-13  2.11389E-13  9.99186E-13  0.00000E+00  0.00000E+00
  1.180E+02  7.34736E-01  9.25868E-14  7.10036E-13  2.06740E-13  9.91487E-13  0.00000E+00  0.00000E+00
  1.185E+02  7.38579E-01  8.82479E-14  6.99024E-13  2.02169E-13  9.83774E-13  0.00000E+00  0.00000E+00
  1.190E+02  7.42405E-01  8.40225E-14  6.88132E-13  1.97675E-13  9.76046E-13  0.00000E+00  0.00000E+00
  1.195E+02  7.46212E-01  7.99081E-14  6.77358E-13  1.93258E-13  9.68305E-13  0.00000E+00  0.00000E+00
  1.200E+02  7.50000E-01  7.59021E-14  6.66702E-13  1.88917E-13  9.60551E-13  0.00000E+00  0.00000E+00
  1.205E+02  7.53769E-01  7.20019E-14  6.56164E-13  1.84650E-13  9.52785E-13  0.00000E+00  0.00000E+00
  1.210E+02  7.57519E-01  6.82051E-14  6.45742E-13  1.80457E-13  9.45006E-13  0.00000E+00  0.00000E+00
  1.215E+02  7.61249E-01  6.45095E-14  6.35436E-13  1.76336E-13  9.37215E-13  4.84405E-17  0.00000E+00
  1.220E+02  7.64960E-01  6.09126E-14  6.25246E-13  1.72288E-13  9.29413E-13  3.65800E-17  0.00000E+00
  1.225E+02  7.68650E-01  5.74124E-14  6.15170E-13  1.68310E-13  9.21599E-13  0.00000E+00  0.00000E+00
  1.230E+02  7.72320E-01  5.40067E-14  6.05208E-13  1.64403E-13  9.13775E-13  0.00000E+00  0.00000E+00
  1.235E+02  7.75968E-01  5.06932E-14  5.95358E-13  1.60565E-13  9.05941E-13  1.24585E-17  0.00000E+00
  1.240E+02  7.79596E-01  4.74697E-14  5.85621E-13  1.56795E-13  8.98097E-13  2.51046E-17  0.00000E+00
  1.245E+02  7.83203E-01  4.43341E-14  5.75997E-13  1.53092E-13  8.90243E-13  2.52976E-17  0.00000E+00
  1.250E+02  7.86788E-01  4.12845E-14  5.66484E-13  1.49457E-13  8.82380E-13  2.54963E-17  0.00000E+00
  1.255E+02  7.90351E-01  3.83188E-14  5.57082E-13  1.45887E-13  8.74508E-13  1.28504E-17  0.00000E+00
  1.260E+02  7.93893E-01  3.54351E-14  5.47789E-13  1.42383E-13  8.66627E-13  0.00000E+00  0.00000E+00
  1.265E+02  7.97411E-01  3.26317E-14  5.38605E-13  1.38942E-13  8.58738E-13  1.30638E-17  0.00000E+00
  1.270E+02  8.00908E-01  2.99065E-14  5.29529E-13  1.35566E-13  8.50841E-13  0.00000E+00  0.00000E+00
  1.275E+02  8.04381E-01  2.72577E-14  5.20562E-13  1.32251E-13  8.42936E-13  6.64479E-18  0.00000E+00
  1.280E+02  8.07831E-01  2.46835E-14  5.11702E-13  1.28999E-13  8.35024E-13  0.00000E+00  0.00000E+00
  1.285E+02  8.11257E-01  2.21820E-14  5.02950E-13  1.25808E-13  8.27105E-13  6.76406E-18  0.00000E+00
  1.290E+02  8.14660E-01  1.97516E-14  4.94303E-13  1.22676E-13  8.19179E-13  6.82619E-18  0.00000E+00
  1.295E+02  8.18039E-01  1.73907E-14  4.85762E-13  1.19605E-13  8.11246E-13  6.89004E-18  0.00000E+00
  1.300E+02  8.21394E-01  1.50976E-14  4.77325E-13  1.16592E-13  8.03307E-13  2.08669E-17  0.00000E+00
  1.305E+02  8.24724E-01  1.28708E-14  4.68992E-13  1.13637E-13  7.95362E-13  1.05346E-17  0.00000E+00
  1.310E+02  8.28030E-01  1.07085E-14  4.60763E-13  1.10739E-13  7.87411E-13  1.06384E-17  0.00000E+00
  1.315E+02  8.31310E-01  8.60921E-15  4.52637E-13  1.07898E-13  7.79454E-13  2.14901E-17  0.00000E+00
  1.320E+02  8.34565E-01  6.57131E-15  4.44614E-13  1.05112E-13  7.71493E-13  1.80909E-17  0.00000E+00
  1.325E+02  8.37795E-01  4.59339E-15  4.36693E-13  1.02381E-13  7.63525E-13  1.64504E-17  0.00000E+00
  1.330E+02  8.40999E-01  2.67406E-15  4.28873E-13  9.97047E-14  7.55553E-13  5.54120E-18  0.00000E+00
  1.335E+02  8.44177E-01  8.11918E-16  4.21154E-13  9.70817E-14  7.47577E-13  1.63347E-18  0.00000E+00
  1.340E+02  8.47329E-01 -9.94437E-16  4.13534E-13  9.45114E-14  7.39595E-13  2.35887E-18  0.00000E+00
  1.345E+02  8.50455E-01 -2.74644E-15  4.06014E-13  9.19932E-14  7.31610E-13  3.81582E-18  0.00000E+00
  1.350E+02  8.53553E-01 -4.44551E-15  3.98593E-13  8.95263E-14  7.23620E-13  5.78782E-18  0.00000E+00
  1.355E+02  8.56625E-01 -6.09299E-15  3.91271E-13  8.71101E-14  7.15627E-13  5.85357E-18  0.00000E+00
  1.360E+02  8.59670E-01 -7.69013E-15  3.84047E-13  8.47438E-14  7.07629E-13  3.94736E-18  0.00000E+00
  1.365E+02  8.62687E-01 -9.23811E-15  3.76920E-13  8.24267E-14  6.99628E-13  7.98704E-18  0.00000E+00
  1.370E+02  8.65677E-01 -1.07381E-14  3.69889E-13  8.01581E-14  6.91624E-13  4.04087E-18  0.00000E+00
  1.375E+02  8.68639E-01 -1.21914E-14  3.62955E-13  7.79375E-14  6.83616E-13  0.00000E+00  0.00000E+00
  1.380E+02  8.71572E-01 -1.35991E-14  3.56116E-13  7.57640E-14  6.75605E-13  2.48358E-17  0.00000E+00
  1.385E+02  8.74478E-01 -1.49625E-14  3.49372E-13  7.36370E-14  6.67592E-13  2.51425E-17  0.00000E+00
  1.390E+02  8.77355E-01 -1.62829E-14  3.42724E-13  7.15558E-14  6.59575E-13  0.00000E+00  0.00000E+00
  1.395E+02  8.80203E-01 -1.75613E-14  3.36170E-13  6.95198E-14  6.51556E-13  3.43728E-17  0.00000E+00
  1.400E+02  8.83022E-01 -1.87987E-14  3.29710E-13  6.75284E-14  6.43535E-13  1.74069E-17  0.00000E+00
  1.405E+02  8.85812E-01 -1.99960E-14  3.23343E-13  6.55807E-14  6.35511E-13  2.64495E-17  0.00000E+00
  1.410E+02  8.88573E-01 -2.11544E-14  3.17068E-13  6.36762E-14  6.27485E-13  1.78648E-17  0.00000E+00
  1.415E+02  8.91304E-01 -2.22748E-14  3.10884E-13  6.18143E-14  6.19456E-13  5.43075E-17  2.25682E-17
  1.420E+02  8.94005E-01 -2.33586E-14  3.04793E-13  5.99943E-14  6.11426E-13  6.42115E-17  1.12401E-17
  1.425E+02  8.96677E-01 -2.44066E-14  2.98794E-13  5.82156E-14  6.03394E-13  8.36810E-17  1.11968E-17
  1.430E+02  8.99318E-01 -2.54198E-14  2.92886E-13  5.64775E-14  5.95360E-13  9.42578E-17  2.23086E-17
  1.435E+02  9.01928E-01 -2.63990E-14  2.87069E-13  5.47793E-14  5.87325E-13  3.82272E-17  2.22252E-17
  1.440E+02  9.04508E-01 -2.73449E-14  2.81340E-13  5.31206E-14  5.79288E-13  1.93822E-17  2.21433E-17
  1.445E+02  9.07058E-01 -2.82589E-14  2.75700E-13  5.15005E-14  5.71249E-13  7.86294E-17  2.20629E-17
  1.450E+02  9.09576E-01 -2.91414E-14  2.70149E-13  4.99186E-14  5.63209E-13  1.39574E-16  0.00000E+00
  1.455E+02  9.12063E-01 -2.99936E-14  2.64688E-13  4.83742E-14  5.55168E-13  1.61822E-16  1.09532E-17
  1.460E+02  9.14519E-01 -3.08164E-14  2.59316E-13  4.68667E-14  5.47126E-13  1.64185E-16  3.27457E-17
  1.465E+02  9.16943E-01 -3.16106E-14  2.54031E-13  4.53955E-14  5.39083E-13  1.04127E-16  5.43897E-17
  1.470E+02  9.19335E-01 -3.23769E-14  2.48833E-13  4.39599E-14  5.31039E-13  1.05674E-16  5.42067E-17
  1.475E+02  9.21696E-01 -3.31159E-14  2.43722E-13  4.25594E-14  5.22994E-13  2.14516E-17  3.24164E-17
  1.480E+02  9.24024E-01 -3.38284E-14  2.38696E-13  4.11933E-14  5.14948E-13  6.53269E-17  0.00000E+00
  1.485E+02  9.26320E-01 -3.45154E-14  2.33757E-13  3.98612E-14  5.06901E-13  1.76856E-16  2.14715E-17
  1.490E+02  9.28584E-01 -3.51776E-14  2.28905E-13  3.85623E-14  4.98854E-13  1.79567E-16  4.28077E-17
  1.495E+02  9.30815E-01 -3.58159E-14  2.24137E-13  3.72961E-14  4.90806E-13  2.27922E-16  6.40126E-17
  1.500E+02  9.33013E-01 -3.64307E-14  2.19456E-13  3.60621E-14  4.82757E-13  1.85168E-16  7.44538E-17
  1.505E+02  9.35178E-01 -3.70228E-14  2.14858E-13  3.48595E-14  4.74709E-13  1.17538E-16  7.42309E-17
  1.510E+02  9.37310E-01 -3.75928E-14  2.10344E-13  3.36879E-14  4.66659E-13  4.77537E-17  2.11465E-17
  1.515E+02  9.39409E-01 -3.81413E-14  2.05914E-13  3.25467E-14  4.58610E-13  9.70154E-17  2.10854E-17
  1.520E+02  9.41474E-01 -3.86690E-14  2.01568E-13  3.14352E-14  4.50560E-13  1.97109E-16  5.25639E-17
  1.525E+02  9.43505E-01 -3.91767E-14  1.97304E-13  3.03530E-14  4.42509E-13  1.75217E-16  9.43516E-17
  1.530E+02  9.45503E-01 -3.96650E-14  1.93124E-13  2.92994E-14  4.34459E-13  2.28880E-16  8.36389E-17
  1.535E+02  9.47467E-01 -4.01344E-14  1.89027E-13  2.82739E-14  4.26408E-13  2.06711E-16  8.34147E-17
  1.540E+02  9.49397E-01 -4.05856E-14  1.85012E-13  2.72759E-14  4.18357E-13  1.05017E-16  7.27959E-17
  1.545E+02  9.51293E-01 -4.10189E-14  1.81079E-13  2.63048E-14  4.10307E-13  8.00315E-17  2.07452E-17
  1.550E+02  9.53154E-01 -4.14349E-14  1.77226E-13  2.53602E-14  4.02256E-13  1.08430E-16  6.20785E-17
  1.555E+02  9.54981E-01 -4.18343E-14  1.73455E-13  2.44414E-14  3.94205E-13  1.65272E-16  9.28873E-17
  1.560E+02  9.56773E-01 -4.22176E-14  1.69765E-13  2.35479E-14  3.86154E-13  2.23921E-16  9.26623E-17
  1.565E+02  9.58530E-01 -4.25854E-14  1.66156E-13  2.26792E-14  3.78103E-13  1.99093E-16  1.12985E-16
  1.570E+02  9.60252E-01 -4.29382E-14  1.62628E-13  2.18346E-14  3.70053E-13  1.44502E-16  8.19804E-17
  1.575E+02  9.61940E-01 -4.32764E-14  1.59180E-13  2.10136E-14  3.62002E-13  8.80957E-17  4.08972E-17
  1.580E+02  9.63592E-01 -4.36004E-14  1.55811E-13  2.02158E-14  3.53952E-13  1.19346E-16  2.04032E-17
  1.585E+02  9.65209E-01 -4.39106E-14  1.52521E-13  1.94405E-14  3.45902E-13  6.06271E-17  9.16156E-17
  1.590E+02  9.66790E-01 -4.42076E-14  1.49311E-13  1.86872E-14  3.37852E-13  0.00000E+00  1.11738E-16
  1.595E+02  9.68336E-01 -4.44919E-14  1.46179E-13  1.79554E-14  3.29802E-13  0.00000E+00  1.11507E-16
  1.600E+02  9.69846E-01 -4.47639E-14  1.43127E-13  1.72445E-14  3.21752E-13  0.00000E+00  9.10490E-17
  1.605E+02  9.71321E-01 -4.50240E-14  1.40154E-13  1.65541E-14  3.13703E-13  1.93640E-16  3.02901E-17
  1.610E+02  9.72759E-01 -4.52727E-14  1.37259E-13  1.58835E-14  3.05654E-13  1.96642E-16  2.01547E-17
  1.615E+02  9.74162E-01 -4.55102E-14  1.34442E-13  1.52322E-14  2.97605E-13  1.99663E-16  7.04101E-17
  1.620E+02  9.75528E-01 -4.57368E-14  1.31702E-13  1.45997E-14  2.89557E-13  1.35134E-16  1.10444E-16
  1.625E+02  9.76858E-01 -4.59530E-14  1.29040E-13  1.39856E-14  2.81509E-13  1.37166E-16  1.30295E-16
  1.630E+02  9.78152E-01 -4.61592E-14  1.26455E-13  1.33891E-14  2.73461E-13  6.96019E-17  1.20066E-16
  1.635E+02  9.79410E-01 -4.63558E-14  1.23948E-13  1.28099E-14  2.65413E-13  0.00000E+00  2.99666E-17
  1.640E+02  9.80631E-01 -4.65431E-14  1.21518E-13  1.22474E-14  2.57366E-13  7.16401E-17  0.00000E+00
  1.645E+02  9.81815E-01 -4.67215E-14  1.19165E-13  1.17011E-14  2.49319E-13  1.45313E-16  5.97432E-17
  1.650E+02  9.82963E-01 -4.68911E-14  1.16888E-13  1.11705E-14  2.41272E-13  2.21006E-16  1.09364E-16
  1.655E+02  9.84074E-01 -4.70522E-14  1.14688E-13  1.06549E-14  2.33226E-13  2.24027E-16  1.19132E-16
  1.660E+02  9.85148E-01 -4.72051E-14  1.12563E-13  1.01541E-14  2.25180E-13  1.51351E-16  6.93953E-17
  1.665E+02  9.86185E-01 -4.73501E-14  1.10514E-13  9.66729E-15  2.17135E-13  1.53331E-16  7.92010E-17
  1.670E+02  9.87185E-01 -4.74876E-14  1.08542E-13  9.19412E-15  2.09089E-13  1.55288E-16  2.96614E-17
  1.675E+02  9.88148E-01 -4.76180E-14  1.06645E-13  8.73403E-15  2.01044E-13  7.86084E-17  9.87467E-18
  1.680E+02  9.89074E-01 -4.77413E-14  1.04825E-13  8.28651E-15  1.93000E-13  3.18229E-16  6.41076E-17
  1.685E+02  9.89962E-01 -4.78578E-14  1.03080E-13  7.85104E-15  1.84956E-13  3.21953E-16  8.86612E-17
  1.690E+02  9.90814E-01 -4.79676E-14  1.01410E-13  7.42711E-15  1.76912E-13  2.44199E-16  1.03323E-16
  1.695E+02  9.91627E-01 -4.80709E-14  9.98144E-14  7.01423E-15  1.68868E-13  2.46869E-16  9.33834E-17
  1.700E+02  9.92404E-01 -4.81680E-14  9.82938E-14  6.61188E-15  1.60824E-13  3.32624E-16  8.83789E-17
  1.705E+02  9.93143E-01 -4.82591E-14  9.68484E-14  6.21956E-15  1.52781E-13  1.67991E-16  6.86729E-17
  1.710E+02  9.93844E-01 -4.83446E-14  9.54784E-14  5.83675E-15  1.44738E-13  2.54419E-16  4.41065E-17
  1.715E+02  9.94508E-01 -4.84246E-14  9.41835E-14  5.46295E-15  1.36696E-13  4.27933E-16  9.79298E-18
  1.720E+02  9.95134E-01 -4.84992E-14  9.29632E-14  5.09765E-15  1.28654E-13  3.45338E-16  1.95700E-17
  1.725E+02  9.95722E-01 -4.85683E-14  9.18169E-14  4.74035E-15  1.20611E-13  2.61145E-16  8.31089E-17
  1.730E+02  9.96273E-01 -4.86321E-14  9.07444E-14  4.39055E-15  1.12570E-13  8.77262E-17  1.61214E-16
  1.735E+02  9.96786E-01 -4.86909E-14  8.97459E-14  4.04774E-15  1.04528E-13  2.65099E-16  2.29454E-16
  1.740E+02  9.97261E-01 -4.87448E-14  8.88218E-14  3.71144E-15  9.64866E-14  2.66899E-16  2.82982E-16
  1.745E+02  9.97698E-01 -4.87942E-14  8.79726E-14  3.38113E-15  8.84453E-14  2.68574E-16  2.73069E-16
  1.750E+02  9.98097E-01 -4.88390E-14  8.71981E-14  3.05630E-15  8.04043E-14  9.00389E-17  2.29064E-16
  1.755E+02  9.98459E-01 -4.88793E-14  8.64977E-14  2.73646E-15  7.23634E-14  2.71526E-16  7.30713E-17
  1.760E+02  9.98782E-01 -4.89151E-14  8.58708E-14  2.42110E-15  6.43226E-14  3.63731E-16  1.89906E-16
  1.765E+02  9.99067E-01 -4.89462E-14  8.53170E-14  2.10973E-15  5.62820E-14  3.65244E-16  5.59771E-16
  1.770E+02  9.99315E-01 -4.89729E-14  8.48364E-14  1.80186E-15  4.82415E-14  1.83283E-16  1.02186E-15
  1.775E+02  9.99524E-01 -4.89954E-14  8.44297E-14  1.49699E-15  4.02011E-14  0.00000E+00  1.49346E-15
  1.780E+02  9.99695E-01 -4.90139E-14  8.40977E-14  1.19461E-15  3.21608E-14  0.00000E+00  1.85304E-15
  1.785E+02  9.99829E-01 -4.90285E-14  8.38407E-14  8.94223E-16  2.41205E-14  1.84665E-16  1.87703E-15
  1.790E+02  9.99924E-01 -4.90391E-14  8.36584E-14  5.95326E-16  1.60803E-14  5.54757E-16  8.36296E-16
  1.795E+02  9.99981E-01 -4.90458E-14  8.35494E-14  2.97417E-16  8.04013E-15  9.25354E-16  5.69320E-15
  1.800E+02  1.00000E+00 -4.90475E-14  8.35137E-14  4.17259E-30  1.12830E-28  1.57353E-14  2.63077E-11
