 #  Scattering amplitudes (in cm)      MU=(1-cos(TH))/2
 #  Z =  79,   projectile: electron
 #  Kinetic energy = 4.90000E+06 eV
 #
 # TH (deg)      MU          Re(F)        Im(F)        Re(G)        Im(G)        ERRF         ERRG 
 #-----------------------------------------------------------------------------------------------------------------
  0.000E+00  0.00000E+00  1.06243E-06  1.69001E-07  0.00000E+00  0.00000E+00  3.06267E-09  0.00000E+00
  1.000E-04  7.61557E-13  1.06243E-06  1.69001E-07  8.39593E-13  1.33562E-13  3.06200E-09  1.64004E-07
  1.250E-04  1.18994E-12  1.06243E-06  1.69001E-07  1.04949E-12  1.66953E-13  3.06163E-09  1.63994E-07
  1.500E-04  1.71346E-12  1.06243E-06  1.69001E-07  1.25939E-12  2.00343E-13  3.06117E-09  1.63982E-07
  1.750E-04  2.33225E-12  1.06243E-06  1.69001E-07  1.46928E-12  2.33734E-13  3.06063E-09  1.63968E-07
  2.000E-04  3.04617E-12  1.06242E-06  1.69001E-07  1.67917E-12  2.67124E-13  3.06001E-09  1.63951E-07
  2.250E-04  3.85530E-12  1.06242E-06  1.69001E-07  1.88907E-12  3.00515E-13  3.05930E-09  1.63932E-07
  2.500E-04  4.75964E-12  1.06242E-06  1.69001E-07  2.09896E-12  3.33905E-13  3.05851E-09  1.63911E-07
  2.750E-04  5.75917E-12  1.06242E-06  1.69001E-07  2.30885E-12  3.67296E-13  3.05763E-09  1.63888E-07
  3.000E-04  6.85391E-12  1.06241E-06  1.69001E-07  2.51873E-12  4.00686E-13  3.05668E-09  1.63863E-07
  3.250E-04  8.04379E-12  1.06241E-06  1.69001E-07  2.72862E-12  4.34076E-13  3.05564E-09  1.63835E-07
  3.500E-04  9.32893E-12  1.06240E-06  1.69001E-07  2.93850E-12  4.67467E-13  3.05451E-09  1.63805E-07
  3.750E-04  1.07092E-11  1.06240E-06  1.69000E-07  3.14838E-12  5.00857E-13  3.05331E-09  1.63773E-07
  4.000E-04  1.21847E-11  1.06240E-06  1.69000E-07  3.35826E-12  5.34247E-13  3.05202E-09  1.63739E-07
  4.250E-04  1.37554E-11  1.06239E-06  1.69000E-07  3.56813E-12  5.67637E-13  3.05065E-09  1.63703E-07
  4.500E-04  1.54213E-11  1.06239E-06  1.69000E-07  3.77800E-12  6.01027E-13  3.04919E-09  1.63664E-07
  4.750E-04  1.71823E-11  1.06238E-06  1.69000E-07  3.98787E-12  6.34417E-13  3.04766E-09  1.63624E-07
  5.000E-04  1.90386E-11  1.06237E-06  1.69000E-07  4.19774E-12  6.67807E-13  3.04604E-09  1.63581E-07
  5.250E-04  2.09900E-11  1.06237E-06  1.69000E-07  4.40760E-12  7.01197E-13  3.04433E-09  1.63535E-07
  5.500E-04  2.30367E-11  1.06236E-06  1.69000E-07  4.61745E-12  7.34587E-13  3.04255E-09  1.63488E-07
  5.750E-04  2.51785E-11  1.06235E-06  1.69000E-07  4.82731E-12  7.67977E-13  3.04068E-09  1.63439E-07
  6.000E-04  2.74156E-11  1.06235E-06  1.69000E-07  5.03716E-12  8.01367E-13  3.03873E-09  1.63387E-07
  6.250E-04  2.97478E-11  1.06234E-06  1.69000E-07  5.24700E-12  8.34757E-13  3.03670E-09  1.63333E-07
  6.500E-04  3.21752E-11  1.06233E-06  1.68999E-07  5.45684E-12  8.68146E-13  3.03458E-09  1.63277E-07
  6.750E-04  3.46979E-11  1.06232E-06  1.68999E-07  5.66668E-12  9.01536E-13  3.03239E-09  1.63218E-07
  7.000E-04  3.73157E-11  1.06232E-06  1.68999E-07  5.87651E-12  9.34926E-13  3.03011E-09  1.63158E-07
  7.250E-04  4.00286E-11  1.06231E-06  1.68999E-07  6.08633E-12  9.68315E-13  3.02775E-09  1.63095E-07
  7.500E-04  4.28368E-11  1.06230E-06  1.68999E-07  6.29615E-12  1.00170E-12  3.02531E-09  1.63030E-07
  7.750E-04  4.57402E-11  1.06229E-06  1.68999E-07  6.50597E-12  1.03509E-12  3.02278E-09  1.62963E-07
  8.000E-04  4.87388E-11  1.06228E-06  1.68999E-07  6.71578E-12  1.06848E-12  3.02017E-09  1.62894E-07
  8.250E-04  5.18325E-11  1.06227E-06  1.68998E-07  6.92558E-12  1.10187E-12  3.01749E-09  1.62823E-07
  8.500E-04  5.50215E-11  1.06226E-06  1.68998E-07  7.13538E-12  1.13526E-12  3.01472E-09  1.62749E-07
  8.750E-04  5.83057E-11  1.06225E-06  1.68998E-07  7.34517E-12  1.16865E-12  3.01187E-09  1.62673E-07
  9.000E-04  6.16850E-11  1.06224E-06  1.68998E-07  7.55495E-12  1.20204E-12  3.00894E-09  1.62595E-07
  9.250E-04  6.51595E-11  1.06223E-06  1.68998E-07  7.76473E-12  1.23543E-12  3.00592E-09  1.62515E-07
  9.500E-04  6.87293E-11  1.06221E-06  1.68998E-07  7.97451E-12  1.26882E-12  3.00283E-09  1.62433E-07
  9.750E-04  7.23943E-11  1.06220E-06  1.68997E-07  8.18427E-12  1.30220E-12  2.99965E-09  1.62349E-07
  1.000E-03  7.61544E-11  1.06219E-06  1.68997E-07  8.39403E-12  1.33559E-12  2.99640E-09  1.62262E-07
  1.250E-03  1.18991E-10  1.06205E-06  1.68995E-07  1.04912E-11  1.66947E-12  2.95943E-09  1.61278E-07
  1.500E-03  1.71347E-10  1.06189E-06  1.68993E-07  1.25874E-11  2.00333E-12  2.91455E-09  1.60080E-07
  1.750E-03  2.33223E-10  1.06169E-06  1.68990E-07  1.46826E-11  2.33718E-12  2.86193E-09  1.58672E-07
  2.000E-03  3.04617E-10  1.06146E-06  1.68986E-07  1.67765E-11  2.67101E-12  2.80179E-09  1.57057E-07
  2.250E-03  3.85531E-10  1.06120E-06  1.68982E-07  1.88690E-11  3.00481E-12  2.73436E-09  1.55240E-07
  2.500E-03  4.75965E-10  1.06092E-06  1.68978E-07  2.09599E-11  3.33859E-12  2.65991E-09  1.53225E-07
  2.750E-03  5.75917E-10  1.06060E-06  1.68973E-07  2.30490E-11  3.67235E-12  2.57874E-09  1.51018E-07
  3.000E-03  6.85389E-10  1.06025E-06  1.68967E-07  2.51361E-11  4.00607E-12  2.49117E-09  1.48624E-07
  3.250E-03  8.04380E-10  1.05987E-06  1.68961E-07  2.72210E-11  4.33976E-12  2.39754E-09  1.46050E-07
  3.500E-03  9.32891E-10  1.05946E-06  1.68955E-07  2.93037E-11  4.67341E-12  2.29823E-09  1.43302E-07
  3.750E-03  1.07092E-09  1.05903E-06  1.68948E-07  3.13838E-11  5.00702E-12  2.19363E-09  1.40387E-07
  4.000E-03  1.21847E-09  1.05856E-06  1.68941E-07  3.34613E-11  5.34060E-12  2.08416E-09  1.37313E-07
  4.250E-03  1.37554E-09  1.05806E-06  1.68933E-07  3.55360E-11  5.67412E-12  1.97023E-09  1.34088E-07
  4.500E-03  1.54213E-09  1.05754E-06  1.68925E-07  3.76076E-11  6.00761E-12  1.85230E-09  1.30720E-07
  4.750E-03  1.71823E-09  1.05698E-06  1.68917E-07  3.96761E-11  6.34104E-12  1.73083E-09  1.27217E-07
  5.000E-03  1.90386E-09  1.05640E-06  1.68907E-07  4.17412E-11  6.67442E-12  1.60629E-09  1.23589E-07
  5.250E-03  2.09900E-09  1.05578E-06  1.68898E-07  4.38028E-11  7.00774E-12  1.47917E-09  1.19844E-07
  5.500E-03  2.30367E-09  1.05514E-06  1.68888E-07  4.58607E-11  7.34100E-12  1.34996E-09  1.15993E-07
  5.750E-03  2.51785E-09  1.05447E-06  1.68877E-07  4.79148E-11  7.67421E-12  1.21917E-09  1.12044E-07
  6.000E-03  2.74156E-09  1.05377E-06  1.68866E-07  4.99649E-11  8.00735E-12  1.08728E-09  1.08008E-07
  6.250E-03  2.97478E-09  1.05304E-06  1.68855E-07  5.20107E-11  8.34042E-12  9.54822E-10  1.03894E-07
  6.500E-03  3.21752E-09  1.05228E-06  1.68843E-07  5.40523E-11  8.67343E-12  8.22285E-10  9.97129E-08
  6.750E-03  3.46978E-09  1.05150E-06  1.68831E-07  5.60894E-11  9.00636E-12  6.90176E-10  9.54746E-08
  7.000E-03  3.73156E-09  1.05069E-06  1.68818E-07  5.81218E-11  9.33922E-12  5.58994E-10  9.11895E-08
  7.250E-03  4.00286E-09  1.04985E-06  1.68805E-07  6.01494E-11  9.67201E-12  4.29233E-10  8.68679E-08
  7.500E-03  4.28368E-09  1.04898E-06  1.68791E-07  6.21721E-11  1.00047E-11  3.01374E-10  8.25200E-08
  7.750E-03  4.57402E-09  1.04808E-06  1.68777E-07  6.41896E-11  1.03373E-11  1.75890E-10  7.81562E-08
  8.000E-03  4.87388E-09  1.04716E-06  1.68762E-07  6.62019E-11  1.06699E-11  5.32425E-11  7.37866E-08
  8.250E-03  5.18326E-09  1.04621E-06  1.68747E-07  6.82088E-11  1.10023E-11  6.61237E-11  6.94215E-08
  8.500E-03  5.50215E-09  1.04523E-06  1.68731E-07  7.02101E-11  1.13347E-11  1.81781E-10  6.50708E-08
  8.750E-03  5.83057E-09  1.04423E-06  1.68715E-07  7.22057E-11  1.16669E-11  2.93318E-10  6.07444E-08
  9.000E-03  6.16850E-09  1.04320E-06  1.68699E-07  7.41955E-11  1.19991E-11  4.00343E-10  5.64520E-08
  9.250E-03  6.51596E-09  1.04214E-06  1.68682E-07  7.61793E-11  1.23312E-11  5.02489E-10  5.22031E-08
  9.500E-03  6.87293E-09  1.04106E-06  1.68664E-07  7.81570E-11  1.26631E-11  5.99411E-10  4.80068E-08
  9.750E-03  7.23942E-09  1.03995E-06  1.68646E-07  8.01284E-11  1.29950E-11  6.90786E-10  4.38721E-08
  1.000E-02  7.61544E-09  1.03882E-06  1.68628E-07  8.20934E-11  1.33267E-11  7.76320E-10  3.98078E-08
  1.250E-02  1.18991E-08  1.02614E-06  1.68419E-07  1.01364E-10  1.66378E-11  1.26600E-09  4.69058E-09
  1.500E-02  1.71347E-08  1.01119E-06  1.68165E-07  1.19865E-10  1.99353E-11  1.06802E-09  1.67637E-08
  1.750E-02  2.33223E-08  9.94245E-07  1.67867E-07  1.37499E-10  2.32166E-11  3.72921E-10  2.31161E-08
  2.000E-02  3.04617E-08  9.75604E-07  1.67525E-07  1.54196E-10  2.64792E-11  4.35464E-10  1.74255E-08
  2.250E-02  3.85531E-08  9.55559E-07  1.67141E-07  1.69906E-10  2.97207E-11  9.58508E-10  5.66549E-09
  2.500E-02  4.75965E-08  9.34396E-07  1.66714E-07  1.84603E-10  3.29388E-11  9.62224E-10  5.66500E-09
  2.750E-02  5.75917E-08  9.12383E-07  1.66248E-07  1.98280E-10  3.61312E-11  4.76132E-10  1.18319E-08
  3.000E-02  6.85389E-08  8.89768E-07  1.65741E-07  2.10944E-10  3.92959E-11  2.32986E-10  1.12374E-08
  3.250E-02  8.04380E-08  8.66770E-07  1.65197E-07  2.22616E-10  4.24307E-11  7.98718E-10  5.45010E-09
  3.500E-02  9.32891E-08  8.43584E-07  1.64616E-07  2.33327E-10  4.55338E-11  9.37462E-10  1.98361E-09
  3.750E-02  1.07092E-07  8.20376E-07  1.63999E-07  2.43116E-10  4.86034E-11  5.87311E-10  7.35442E-09
  4.000E-02  1.21847E-07  7.97286E-07  1.63348E-07  2.52025E-10  5.16379E-11  6.43339E-11  8.42984E-09
  4.250E-02  1.37554E-07  7.74428E-07  1.62664E-07  2.60099E-10  5.46357E-11  6.77898E-10  5.25502E-09
  4.500E-02  1.54213E-07  7.51898E-07  1.61949E-07  2.67387E-10  5.75953E-11  9.35210E-10  1.42644E-10
  4.750E-02  1.71823E-07  7.29769E-07  1.61205E-07  2.73935E-10  6.05156E-11  7.02385E-10  4.90890E-09
  5.000E-02  1.90386E-07  7.08099E-07  1.60432E-07  2.79790E-10  6.33952E-11  9.92687E-11  6.78207E-09
  5.250E-02  2.09900E-07  6.86931E-07  1.59632E-07  2.84998E-10  6.62332E-11  5.60938E-10  5.10760E-09
  5.500E-02  2.30367E-07  6.66296E-07  1.58807E-07  2.89600E-10  6.90286E-11  9.32459E-10  1.01155E-09
  5.750E-02  2.51785E-07  6.46216E-07  1.57958E-07  2.93640E-10  7.17805E-11  8.16581E-10  3.28510E-09
  6.000E-02  2.74156E-07  6.26704E-07  1.57087E-07  2.97155E-10  7.44883E-11  2.67416E-10  5.62654E-09
  6.250E-02  2.97478E-07  6.07766E-07  1.56195E-07  3.00183E-10  7.71512E-11  4.32459E-10  4.97185E-09
  6.500E-02  3.21752E-07  5.89404E-07  1.55283E-07  3.02758E-10  7.97688E-11  9.16248E-10  1.83573E-09
  6.750E-02  3.46978E-07  5.71615E-07  1.54352E-07  3.04914E-10  8.23406E-11  9.24115E-10  2.05856E-09
  7.000E-02  3.73156E-07  5.54391E-07  1.53405E-07  3.06679E-10  8.48662E-11  4.42124E-10  4.70227E-09
  7.250E-02  4.00286E-07  5.37726E-07  1.52442E-07  3.08084E-10  8.73455E-11  2.85136E-10  4.81819E-09
  7.500E-02  4.28368E-07  5.21606E-07  1.51465E-07  3.09153E-10  8.97782E-11  8.77849E-10  2.46513E-09
  7.750E-02  4.57402E-07  5.06021E-07  1.50474E-07  3.09913E-10  9.21641E-11  1.01853E-09  1.05161E-09
  8.000E-02  4.87388E-07  4.90957E-07  1.49472E-07  3.10387E-10  9.45034E-11  6.21502E-10  3.89055E-09
  8.250E-02  5.18325E-07  4.76400E-07  1.48459E-07  3.10596E-10  9.67960E-11  1.15972E-10  4.62621E-09
  8.500E-02  5.50215E-07  4.62334E-07  1.47436E-07  3.10560E-10  9.90419E-11  8.10941E-10  2.95643E-09
  8.750E-02  5.83057E-07  4.48747E-07  1.46404E-07  3.10298E-10  1.01241E-10  1.09300E-09  1.82589E-10
  9.000E-02  6.16850E-07  4.35621E-07  1.45364E-07  3.09829E-10  1.03395E-10  8.01183E-10  3.13284E-09
  9.250E-02  6.51596E-07  4.22943E-07  1.44318E-07  3.09168E-10  1.05502E-10  7.50763E-11  4.38230E-09
  9.500E-02  6.87293E-07  4.10698E-07  1.43266E-07  3.08331E-10  1.07564E-10  7.11043E-10  3.33382E-09
  9.750E-02  7.23942E-07  3.98870E-07  1.42209E-07  3.07332E-10  1.09580E-10  1.14061E-09  5.86763E-10
  1.000E-01  7.61543E-07  3.87447E-07  1.41148E-07  3.06184E-10  1.11551E-10  9.75037E-10  2.40011E-09
  1.250E-01  1.18991E-06  2.92504E-07  1.30475E-07  2.88944E-10  1.28896E-10  1.95947E-10  3.84683E-09
  1.500E-01  1.71347E-06  2.24821E-07  1.20067E-07  2.66502E-10  1.42338E-10  1.47952E-09  1.04206E-09
  1.750E-01  2.33223E-06  1.75867E-07  1.10259E-07  2.43218E-10  1.52496E-10  1.17993E-09  2.71320E-09
  2.000E-01  3.04617E-06  1.39796E-07  1.01196E-07  2.20952E-10  1.59957E-10  7.58697E-10  3.28655E-09
  2.250E-01  3.85531E-06  1.12640E-07  9.29115E-08  2.00285E-10  1.65221E-10  2.20089E-09  1.40428E-10
  2.500E-01  4.75964E-06  9.17248E-08  8.53776E-08  1.81218E-10  1.68694E-10  1.14313E-09  3.11875E-09
  2.750E-01  5.75916E-06  7.52581E-08  7.85386E-08  1.63553E-10  1.70700E-10  1.59948E-09  2.80276E-09
  3.000E-01  6.85388E-06  6.20375E-08  7.23294E-08  1.47078E-10  1.71497E-10  2.86493E-09  7.18469E-10
  3.250E-01  8.04378E-06  5.12513E-08  6.66864E-08  1.31631E-10  1.71295E-10  7.61070E-10  3.43790E-09
  3.500E-01  9.32888E-06  4.23433E-08  6.15510E-08  1.17117E-10  1.70267E-10  2.67704E-09  2.23319E-09
  3.750E-01  1.07092E-05  3.49226E-08  5.68717E-08  1.03491E-10  1.68562E-10  3.36544E-09  1.56800E-09
  4.000E-01  1.21846E-05  2.87056E-08  5.26034E-08  9.07370E-11  1.66306E-10  2.13506E-11  3.63274E-09
  4.250E-01  1.37553E-05  2.34790E-08  4.87067E-08  7.88534E-11  1.63612E-10  3.92028E-09  1.53800E-09
  4.500E-01  1.54212E-05  1.90769E-08  4.51468E-08  6.78363E-11  1.60576E-10  3.56537E-09  2.39031E-09
  4.750E-01  1.71822E-05  1.53659E-08  4.18928E-08  5.76741E-11  1.57282E-10  1.23609E-09  3.64534E-09
  5.000E-01  1.90385E-05  1.22366E-08  3.89170E-08  4.83441E-11  1.53800E-10  5.18771E-09  7.03610E-10
  5.250E-01  2.09899E-05  9.59775E-09  3.61939E-08  3.98124E-11  1.50192E-10  3.31062E-09  3.12821E-09
  5.500E-01  2.30365E-05  7.37252E-09  3.37006E-08  3.20358E-11  1.46506E-10  2.84809E-09  3.42636E-09
  5.750E-01  2.51783E-05  5.49593E-09  3.14160E-08  2.49640E-11  1.42783E-10  6.28594E-09  2.40694E-10
  6.000E-01  2.74153E-05  3.91297E-09  2.93207E-08  1.85431E-11  1.39055E-10  2.48823E-09  3.71330E-09
  6.250E-01  2.97475E-05  2.57712E-09  2.73971E-08  1.27171E-11  1.35347E-10  4.74610E-09  2.96145E-09
  6.500E-01  3.21749E-05  1.44909E-09  2.56292E-08  7.43084E-12  1.31679E-10  7.01463E-09  1.23584E-09
  6.750E-01  3.46974E-05  4.95823E-10  2.40022E-08  2.63112E-12  1.28064E-10  1.05448E-09  4.08953E-09
  7.000E-01  3.73152E-05 -3.10426E-10  2.25029E-08 -1.73202E-12  1.24512E-10  6.76254E-09  2.26814E-09
  7.250E-01  4.00281E-05 -9.92903E-10  2.11192E-08 -5.70458E-12  1.21030E-10  7.19595E-09  2.21265E-09
  7.500E-01  4.28362E-05 -1.57103E-09  1.98403E-08 -9.32830E-12  1.17623E-10  9.64010E-10  4.21949E-09
  7.750E-01  4.57395E-05 -2.06100E-09  1.86565E-08 -1.26406E-11  1.14292E-10  8.69387E-09  1.38459E-09
  8.000E-01  4.87380E-05 -2.47632E-09  1.75590E-08 -1.56744E-11  1.11040E-10  6.68897E-09  3.10242E-09
  8.250E-01  5.18317E-05 -2.82824E-09  1.65399E-08 -1.84590E-11  1.07865E-10  3.47448E-09  4.08334E-09
  8.500E-01  5.50205E-05 -3.12612E-09  1.55923E-08 -2.10197E-11  1.04767E-10  1.03162E-08  3.62416E-10
  8.750E-01  5.83045E-05 -3.37778E-09  1.47097E-08 -2.33785E-11  1.01744E-10  5.40164E-09  3.84118E-09
  9.000E-01  6.16838E-05 -3.58977E-09  1.38867E-08 -2.55545E-11  9.87963E-11  6.32133E-09  3.67795E-09
  9.250E-01  6.51582E-05 -3.76755E-09  1.31180E-08 -2.75642E-11  9.59209E-11  1.14018E-08  7.36709E-10
  9.500E-01  6.87277E-05 -3.91572E-09  1.23993E-08 -2.94219E-11  9.31165E-11  3.30381E-09  4.37273E-09
  9.750E-01  7.23925E-05 -4.03818E-09  1.17264E-08 -3.11399E-11  9.03814E-11  9.29218E-09  3.01733E-09
  1.000E+00  7.61524E-05 -4.13822E-09  1.10958E-08 -3.27291E-11  8.77138E-11  9.92461E-13  8.52684E-14
  1.100E+00  9.21439E-05 -4.36458E-09  8.93412E-09 -3.79705E-11  7.76901E-11  2.35239E-13  1.65776E-12
  1.200E+00  1.09658E-04 -4.39830E-09  7.23529E-09 -4.17425E-11  6.86385E-11  5.19759E-13  5.11957E-13
  1.300E+00  1.28695E-04 -4.31448E-09  5.88541E-09 -4.43600E-11  6.04865E-11  3.52530E-13  7.25260E-13
  1.400E+00  1.49255E-04 -4.16002E-09  4.80359E-09 -4.60631E-11  5.31666E-11  2.06183E-13  5.48004E-13
  1.500E+00  1.71338E-04 -3.96549E-09  3.93042E-09 -4.70469E-11  4.66099E-11  3.23247E-13  2.34804E-13
  1.600E+00  1.94942E-04 -3.75110E-09  3.22116E-09 -4.74719E-11  4.07457E-11  1.37911E-14  4.23910E-13
  1.700E+00  2.20070E-04 -3.53011E-09  2.64162E-09 -4.74692E-11  3.55030E-11  2.37461E-13  7.59914E-15
  1.800E+00  2.46720E-04 -3.31099E-09  2.16534E-09 -4.71434E-11  3.08133E-11  8.81213E-14  2.74485E-13
  1.900E+00  2.74892E-04 -3.09891E-09  1.77176E-09 -4.65770E-11  2.66125E-11  1.40335E-13  1.09268E-13
  2.000E+00  3.04586E-04 -2.89686E-09  1.44481E-09 -4.58337E-11  2.28426E-11  1.25463E-13  1.46238E-13
  2.100E+00  3.35803E-04 -2.70634E-09  1.17185E-09 -4.49621E-11  1.94522E-11  5.49661E-14  1.33330E-13
  2.200E+00  3.68542E-04 -2.52789E-09  9.42946E-10 -4.39993E-11  1.63962E-11  1.20022E-13  5.15357E-14
  2.300E+00  4.02802E-04 -2.36150E-09  7.50189E-10 -4.29733E-11  1.36354E-11  8.36207E-15  1.15847E-13
  2.400E+00  4.38585E-04 -2.20676E-09  5.87287E-10 -4.19052E-11  1.11363E-11  9.26353E-14  8.08756E-15
  2.500E+00  4.75889E-04 -2.06308E-09  4.49186E-10 -4.08111E-11  8.86970E-12  4.65761E-14  8.36545E-14
  2.600E+00  5.14715E-04 -1.92980E-09  3.31808E-10 -3.97032E-11  6.81065E-12  5.41369E-14  3.94441E-14
  2.700E+00  5.55063E-04 -1.80618E-09  2.31835E-10 -3.85909E-11  4.93749E-12  6.15423E-14  4.73408E-14
  2.800E+00  5.96931E-04 -1.69153E-09  1.46552E-10 -3.74815E-11  3.23142E-12  1.77117E-14  4.93846E-14
  2.900E+00  6.40321E-04 -1.58515E-09  7.37236E-11 -3.63803E-11  1.67603E-12  5.87730E-14  1.58988E-14
  3.000E+00  6.85233E-04 -1.48640E-09  1.14972E-11 -3.52918E-11  2.56927E-13  1.08373E-14  4.51222E-14
  3.100E+00  7.31665E-04 -1.39468E-09 -4.16719E-11 -3.42193E-11 -1.03860E-12  4.38809E-14  6.19975E-15
  3.200E+00  7.79618E-04 -1.30942E-09 -8.70780E-11 -3.31653E-11 -2.22181E-12  2.86245E-14  3.38642E-14
  3.300E+00  8.29092E-04 -1.23012E-09 -1.25812E-10 -3.21317E-11 -3.30272E-12  2.47190E-14  1.88836E-14
  3.400E+00  8.80086E-04 -1.15630E-09 -1.58795E-10 -3.11201E-11 -4.29032E-12  3.53271E-14  1.94602E-14
  3.500E+00  9.32601E-04 -1.08753E-09 -1.86813E-10 -3.01315E-11 -5.19267E-12  4.81633E-15  2.33129E-14
  3.600E+00  9.86636E-04 -1.02342E-09 -2.10534E-10 -2.91667E-11 -6.01701E-12  3.22253E-14  5.76432E-15
  3.700E+00  1.04219E-03 -9.63611E-10 -2.30532E-10 -2.82261E-11 -6.76990E-12  1.00221E-14  2.20764E-14
  3.800E+00  1.09927E-03 -9.07765E-10 -2.47296E-10 -2.73100E-11 -7.45730E-12  2.39017E-14  4.20612E-15
  3.900E+00  1.15786E-03 -8.55582E-10 -2.61253E-10 -2.64186E-11 -8.08459E-12  1.95046E-14  1.60760E-14
  4.000E+00  1.21797E-03 -8.06787E-10 -2.72766E-10 -2.55517E-11 -8.65667E-12  1.16413E-14  1.06202E-14
  4.100E+00  1.27961E-03 -7.61127E-10 -2.82153E-10 -2.47093E-11 -9.17802E-12  2.20255E-14  9.28160E-15
  4.200E+00  1.34276E-03 -7.18368E-10 -2.89688E-10 -2.38909E-11 -9.65269E-12  4.01188E-16  1.28071E-14
  4.300E+00  1.40743E-03 -6.78298E-10 -2.95610E-10 -2.30963E-11 -1.00844E-11  1.96871E-14  2.31416E-15
  4.400E+00  1.47362E-03 -6.40722E-10 -3.00126E-10 -2.23251E-11 -1.04766E-11  8.56960E-15  1.14378E-14
  4.500E+00  1.54133E-03 -6.05460E-10 -3.03417E-10 -2.15767E-11 -1.08323E-11  1.37555E-14  3.06568E-15
  4.600E+00  1.61056E-03 -5.72347E-10 -3.05643E-10 -2.08507E-11 -1.11544E-11  1.31496E-14  8.60776E-15
  4.700E+00  1.68131E-03 -5.41232E-10 -3.06940E-10 -2.01466E-11 -1.14456E-11  5.73395E-15  5.95777E-15
  4.800E+00  1.75357E-03 -5.11974E-10 -3.07430E-10 -1.94637E-11 -1.17081E-11  1.43401E-14  4.36315E-15
  4.900E+00  1.82735E-03 -4.84445E-10 -3.07218E-10 -1.88015E-11 -1.19442E-11  1.60874E-15  7.88200E-15
  5.000E+00  1.90265E-03 -4.58527E-10 -3.06399E-10 -1.81594E-11 -1.21559E-11  1.17873E-14  6.17290E-16
  5.100E+00  1.97947E-03 -4.34110E-10 -3.05053E-10 -1.75368E-11 -1.23451E-11  6.87240E-15  6.81609E-15
  5.200E+00  2.05780E-03 -4.11094E-10 -3.03252E-10 -1.69332E-11 -1.25134E-11  7.89983E-15  2.27820E-15
  5.300E+00  2.13765E-03 -3.89384E-10 -3.01060E-10 -1.63479E-11 -1.26625E-11  9.46636E-15  4.79253E-15
  5.400E+00  2.21902E-03 -3.68896E-10 -2.98531E-10 -1.57804E-11 -1.27937E-11  2.39773E-15  3.95333E-15
  5.500E+00  2.30190E-03 -3.49549E-10 -2.95715E-10 -1.52301E-11 -1.29083E-11  9.69971E-15  2.15745E-15
  5.600E+00  2.38630E-03 -3.31269E-10 -2.92655E-10 -1.46965E-11 -1.30077E-11  2.33724E-15  4.64754E-15
  5.700E+00  2.47222E-03 -3.13989E-10 -2.89388E-10 -1.41790E-11 -1.30929E-11  7.62137E-15  0.00000E+00
  5.800E+00  2.55965E-03 -2.97645E-10 -2.85948E-10 -1.36770E-11 -1.31650E-11  5.49055E-15  4.21092E-15
  5.900E+00  2.64859E-03 -2.82178E-10 -2.82365E-10 -1.31901E-11 -1.32250E-11  4.40172E-15  1.53841E-15
  6.000E+00  2.73905E-03 -2.67533E-10 -2.78663E-10 -1.27178E-11 -1.32736E-11  6.76636E-15  2.76022E-15
  6.100E+00  2.83103E-03 -2.53661E-10 -2.74867E-10 -1.22596E-11 -1.33118E-11  6.54168E-16  2.97605E-15
  6.200E+00  2.92452E-03 -2.40514E-10 -2.70995E-10 -1.18149E-11 -1.33403E-11  6.59914E-15  1.48883E-15
  6.300E+00  3.01952E-03 -2.28049E-10 -2.67066E-10 -1.13834E-11 -1.33598E-11  2.36229E-15  3.07358E-15
  6.400E+00  3.11604E-03 -2.16224E-10 -2.63096E-10 -1.09646E-11 -1.33710E-11  4.91389E-15  9.29948E-17
  6.500E+00  3.21407E-03 -2.05002E-10 -2.59098E-10 -1.05581E-11 -1.33744E-11  4.67862E-15  2.52230E-15
  6.600E+00  3.31362E-03 -1.94348E-10 -2.55083E-10 -1.01634E-11 -1.33707E-11  2.30726E-15  1.30954E-15
  6.700E+00  3.41468E-03 -1.84228E-10 -2.51063E-10 -9.78017E-12 -1.33603E-11  5.01501E-15  1.69298E-15
  6.800E+00  3.51725E-03 -1.74611E-10 -2.47047E-10 -9.40802E-12 -1.33437E-11  2.24562E-16  2.05282E-15
  6.900E+00  3.62133E-03 -1.65470E-10 -2.43043E-10 -9.04656E-12 -1.33214E-11  4.57724E-15  8.76565E-16
  7.000E+00  3.72692E-03 -1.56777E-10 -2.39057E-10 -8.69546E-12 -1.32937E-11  2.18705E-15  2.32102E-15
  7.100E+00  3.83403E-03 -1.48508E-10 -2.35096E-10 -8.35435E-12 -1.32612E-11  3.15260E-15  5.26017E-16
  7.200E+00  3.94265E-03 -1.40637E-10 -2.31165E-10 -8.02292E-12 -1.32241E-11  3.59663E-15  1.75240E-15
  7.300E+00  4.05278E-03 -1.33145E-10 -2.27269E-10 -7.70083E-12 -1.31827E-11  1.10081E-15  8.51712E-16
  7.400E+00  4.16442E-03 -1.26010E-10 -2.23412E-10 -7.38778E-12 -1.31374E-11  3.71570E-15  1.17332E-15
  7.500E+00  4.27757E-03 -1.19212E-10 -2.19596E-10 -7.08349E-12 -1.30886E-11  6.74014E-16  1.27566E-15
  7.600E+00  4.39223E-03 -1.12735E-10 -2.15826E-10 -6.78765E-12 -1.30363E-11  3.10116E-15  1.96008E-16
  7.700E+00  4.50840E-03 -1.06560E-10 -2.12102E-10 -6.50000E-12 -1.29810E-11  2.03229E-15  1.33566E-15
  7.800E+00  4.62608E-03 -1.00672E-10 -2.08428E-10 -6.22028E-12 -1.29228E-11  2.03595E-15  2.47747E-16
  7.900E+00  4.74527E-03 -9.50562E-11 -2.04805E-10 -5.94822E-12 -1.28619E-11  2.92033E-15  1.14635E-15
  8.000E+00  4.86597E-03 -8.96981E-11 -2.01235E-10 -5.68359E-12 -1.27986E-11  5.37017E-16  8.81886E-16
  8.100E+00  4.98817E-03 -8.45846E-11 -1.97717E-10 -5.42615E-12 -1.27331E-11  2.67011E-15  6.87695E-16
  8.200E+00  5.11188E-03 -7.97032E-11 -1.94254E-10 -5.17567E-12 -1.26655E-11  8.67984E-16  1.06168E-15
  8.300E+00  5.23711E-03 -7.50422E-11 -1.90846E-10 -4.93193E-12 -1.25960E-11  2.24136E-15  1.09001E-16
  8.400E+00  5.36383E-03 -7.05907E-11 -1.87492E-10 -4.69472E-12 -1.25248E-11  1.70110E-15  9.03924E-16
  8.500E+00  5.49207E-03 -6.63381E-11 -1.84194E-10 -4.46385E-12 -1.24519E-11  1.09113E-15  3.11345E-16
  8.600E+00  5.62181E-03 -6.22746E-11 -1.80952E-10 -4.23911E-12 -1.23777E-11  2.13068E-15  7.09167E-16
  8.700E+00  5.75306E-03 -5.83910E-11 -1.77765E-10 -4.02031E-12 -1.23021E-11  0.00000E+00  5.93540E-16
  8.800E+00  5.88581E-03 -5.46786E-11 -1.74634E-10 -3.80728E-12 -1.22253E-11  1.90021E-15  2.89856E-16
  8.900E+00  6.02007E-03 -5.11291E-11 -1.71557E-10 -3.59984E-12 -1.21474E-11  8.63618E-16  8.02337E-16
  9.000E+00  6.15583E-03 -4.77346E-11 -1.68535E-10 -3.39783E-12 -1.20685E-11  1.43496E-15  4.61205E-17
  9.100E+00  6.29310E-03 -4.44879E-11 -1.65568E-10 -3.20107E-12 -1.19887E-11  1.52666E-15  5.86046E-16
  9.200E+00  6.43187E-03 -4.13819E-11 -1.62654E-10 -3.00941E-12 -1.19081E-11  5.24526E-16  2.64447E-16
  9.300E+00  6.57214E-03 -3.84101E-11 -1.59793E-10 -2.82270E-12 -1.18268E-11  1.65753E-15  4.74114E-16
  9.400E+00  6.71392E-03 -3.55661E-11 -1.56985E-10 -2.64080E-12 -1.17449E-11  3.08881E-16  4.21594E-16
  9.500E+00  6.85720E-03 -3.28442E-11 -1.54229E-10 -2.46356E-12 -1.16625E-11  1.36017E-15  2.47484E-16
  9.600E+00  7.00198E-03 -3.02385E-11 -1.51524E-10 -2.29086E-12 -1.15796E-11  8.50561E-16  6.05462E-16
  9.700E+00  7.14827E-03 -2.77440E-11 -1.48870E-10 -2.12254E-12 -1.14962E-11  9.05106E-16  1.18525E-16
  9.800E+00  7.29605E-03 -2.53555E-11 -1.46266E-10 -1.95850E-12 -1.14125E-11  1.27625E-15  4.83487E-16
  9.900E+00  7.44534E-03 -2.30682E-11 -1.43710E-10 -1.79861E-12 -1.13286E-11  1.38887E-16  3.40874E-16
  1.000E+01  7.59612E-03 -2.08777E-11 -1.41203E-10 -1.64275E-12 -1.12444E-11  1.25852E-15  3.33856E-16
  1.025E+01  7.97965E-03 -1.57967E-11 -1.35142E-10 -1.26998E-12 -1.10331E-11  9.70060E-17  2.99590E-16
  1.050E+01  8.37255E-03 -1.12324E-11 -1.29365E-10 -9.20012E-13 -1.08215E-11  9.69461E-16  3.18523E-16
  1.075E+01  8.77480E-03 -7.13041E-12 -1.23859E-10 -5.91305E-13 -1.06101E-11  3.51918E-16  1.11760E-16
  1.100E+01  9.18641E-03 -3.44291E-12 -1.18613E-10 -2.82433E-13 -1.03994E-11  6.99381E-16  2.96821E-16
  1.125E+01  9.60736E-03 -1.27503E-13 -1.13614E-10  7.91250E-15 -1.01899E-11  4.75636E-16  1.13493E-19
  1.150E+01  1.00376E-02  2.85333E-12 -1.08850E-10  2.80940E-13 -9.98188E-12  4.50059E-16  2.39397E-16
  1.175E+01  1.04773E-02  5.53300E-12 -1.04309E-10  5.37764E-13 -9.77574E-12  5.06959E-16  7.96229E-17
  1.200E+01  1.09262E-02  7.94118E-12 -9.99799E-11  7.79415E-13 -9.57172E-12  2.10575E-16  1.39711E-16
  1.225E+01  1.13844E-02  1.01043E-11 -9.58523E-11  1.00685E-12 -9.37004E-12  4.26097E-16  1.09498E-16
  1.250E+01  1.18520E-02  1.20462E-11 -9.19158E-11  1.22095E-12 -9.17087E-12  6.45404E-17  9.33124E-17
  1.275E+01  1.23288E-02  1.37878E-11 -8.81605E-11  1.42253E-12 -8.97437E-12  3.92436E-16  1.79061E-16
  1.300E+01  1.28150E-02  1.53481E-11 -8.45772E-11  1.61236E-12 -8.78066E-12  1.98453E-17  2.14920E-17
  1.325E+01  1.33104E-02  1.67443E-11 -8.11571E-11  1.79114E-12 -8.58983E-12  4.19803E-16  8.26075E-17
  1.350E+01  1.38150E-02  1.79914E-11 -7.78917E-11  1.95953E-12 -8.40196E-12  1.46889E-16  3.97174E-17
  1.375E+01  1.43290E-02  1.91034E-11 -7.47731E-11  2.11814E-12 -8.21710E-12  2.82876E-16  3.82179E-17
  1.400E+01  1.48521E-02  2.00926E-11 -7.17938E-11  2.26755E-12 -8.03529E-12  1.36280E-16  0.00000E+00
  1.425E+01  1.53845E-02  2.09701E-11 -6.89466E-11  2.40827E-12 -7.85655E-12  2.29940E-16  3.54556E-17
  1.450E+01  1.59262E-02  2.17461E-11 -6.62249E-11  2.54082E-12 -7.68091E-12  1.90144E-16  6.83638E-17
  1.475E+01  1.64770E-02  2.24298E-11 -6.36223E-11  2.66564E-12 -7.50836E-12  1.83551E-16  1.97840E-16
  1.500E+01  1.70371E-02  2.30293E-11 -6.11328E-11  2.78319E-12 -7.33890E-12  2.36385E-16  6.36513E-17
  1.525E+01  1.76063E-02  2.35523E-11 -5.87507E-11  2.89385E-12 -7.17251E-12  1.71337E-16  1.22939E-16
  1.550E+01  1.81848E-02  2.40054E-11 -5.64706E-11  2.99801E-12 -7.00918E-12  1.65674E-16  5.93942E-17
  1.575E+01  1.87724E-02  2.43949E-11 -5.42876E-11  3.09603E-12 -6.84889E-12  0.00000E+00  5.74184E-17
  1.600E+01  1.93692E-02  2.47264E-11 -5.21967E-11  3.18824E-12 -6.69160E-12  1.55144E-16  1.11072E-16
  1.625E+01  1.99751E-02  2.50049E-11 -5.01935E-11  3.27494E-12 -6.53727E-12  5.00818E-17  1.07483E-16
  1.650E+01  2.05901E-02  2.52353E-11 -4.82737E-11  3.35645E-12 -6.38589E-12  1.94094E-16  1.04058E-16
  1.675E+01  2.12143E-02  2.54216E-11 -4.64333E-11  3.43302E-12 -6.23739E-12  1.88142E-16  1.00788E-16
  1.700E+01  2.18476E-02  2.55678E-11 -4.46685E-11  3.50492E-12 -6.09175E-12  9.12270E-17  9.76634E-17
  1.725E+01  2.24900E-02  2.56774E-11 -4.29756E-11  3.57240E-12 -5.94892E-12  1.77015E-16  9.46763E-17
  1.750E+01  2.31415E-02  2.57536E-11 -4.13512E-11  3.63568E-12 -5.80885E-12  8.59059E-17  1.83637E-16
  1.775E+01  2.38021E-02  2.57994E-11 -3.97922E-11  3.69498E-12 -5.67151E-12  1.66830E-16  3.56332E-16
  1.800E+01  2.44717E-02  2.58175E-11 -3.82953E-11  3.75050E-12 -5.53683E-12  8.10286E-17  1.72926E-16
  1.825E+01  2.51504E-02  2.58103E-11 -3.68579E-11  3.80243E-12 -5.40478E-12  7.87413E-17  8.39517E-17
  1.850E+01  2.58382E-02  2.57801E-11 -3.54771E-11  3.85096E-12 -5.27531E-12  0.00000E+00  1.63087E-16
  1.875E+01  2.65349E-02  2.57290E-11 -3.41503E-11  3.89626E-12 -5.14836E-12  0.00000E+00  7.92332E-17
  1.900E+01  2.72407E-02  2.56589E-11 -3.28751E-11  3.93849E-12 -5.02389E-12  7.24213E-17  0.00000E+00
  1.925E+01  2.79555E-02  2.55715E-11 -3.16491E-11  3.97779E-12 -4.90186E-12  7.04797E-17  7.48848E-17
  1.950E+01  2.86793E-02  2.54685E-11 -3.04701E-11  4.01433E-12 -4.78221E-12  0.00000E+00  7.28376E-17
  1.975E+01  2.94120E-02  2.53512E-11 -2.93361E-11  4.04822E-12 -4.66490E-12  0.00000E+00  0.00000E+00
  2.000E+01  3.01537E-02  2.52210E-11 -2.82451E-11  4.07960E-12 -4.54988E-12  0.00000E+00  1.37952E-16
  2.025E+01  3.09043E-02  2.50793E-11 -2.71952E-11  4.10860E-12 -4.43710E-12  0.00000E+00  1.34308E-16
  2.050E+01  3.16639E-02  2.49270E-11 -2.61845E-11  4.13532E-12 -4.32652E-12  0.00000E+00  2.61600E-16
  2.075E+01  3.24324E-02  2.47653E-11 -2.52114E-11  4.15988E-12 -4.21809E-12  0.00000E+00  0.00000E+00
  2.100E+01  3.32098E-02  2.45952E-11 -2.42743E-11  4.18238E-12 -4.11176E-12  0.00000E+00  1.24164E-16
  2.125E+01  3.39961E-02  2.44174E-11 -2.33716E-11  4.20292E-12 -4.00750E-12  0.00000E+00  1.21025E-16
  2.150E+01  3.47912E-02  2.42329E-11 -2.25019E-11  4.22160E-12 -3.90526E-12  0.00000E+00  1.17997E-16
  2.175E+01  3.55952E-02  2.40423E-11 -2.16637E-11  4.23849E-12 -3.80500E-12  0.00000E+00  1.15076E-16
  2.200E+01  3.64081E-02  2.38464E-11 -2.08559E-11  4.25369E-12 -3.70667E-12  0.00000E+00  1.12256E-16
  2.225E+01  3.72297E-02  2.36458E-11 -2.00770E-11  4.26728E-12 -3.61024E-12  0.00000E+00  3.28601E-16
  2.250E+01  3.80602E-02  2.34411E-11 -1.93260E-11  4.27933E-12 -3.51565E-12  0.00000E+00  2.13808E-16
  2.275E+01  3.88995E-02  2.32328E-11 -1.86017E-11  4.28992E-12 -3.42289E-12  0.00000E+00  1.04363E-16
  2.300E+01  3.97476E-02  2.30214E-11 -1.79029E-11  4.29910E-12 -3.33189E-12  0.00000E+00  0.00000E+00
  2.325E+01  4.06044E-02  2.28073E-11 -1.72287E-11  4.30695E-12 -3.24264E-12  0.00000E+00  2.98593E-16
  2.350E+01  4.14700E-02  2.25911E-11 -1.65781E-11  4.31354E-12 -3.15508E-12  0.00000E+00  0.00000E+00
  2.375E+01  4.23443E-02  2.23730E-11 -1.59501E-11  4.31891E-12 -3.06919E-12  0.00000E+00  0.00000E+00
  2.400E+01  4.32273E-02  2.21534E-11 -1.53439E-11  4.32313E-12 -2.98493E-12  0.00000E+00  1.85717E-16
  2.425E+01  4.41190E-02  2.19326E-11 -1.47585E-11  4.32624E-12 -2.90226E-12  0.00000E+00  5.44648E-16
  2.450E+01  4.50194E-02  2.17110E-11 -1.41932E-11  4.32831E-12 -2.82115E-12  0.00000E+00  0.00000E+00
  2.475E+01  4.59284E-02  2.14889E-11 -1.36472E-11  4.32937E-12 -2.74156E-12  0.00000E+00  5.20807E-16
  2.500E+01  4.68461E-02  2.12664E-11 -1.31198E-11  4.32948E-12 -2.66347E-12  0.00000E+00  1.69812E-16
  2.550E+01  4.87074E-02  2.08212E-11 -1.21177E-11  4.32701E-12 -2.51164E-12  0.00000E+00  1.62575E-16
  2.600E+01  5.06030E-02  2.03773E-11 -1.11816E-11  4.32122E-12 -2.36542E-12  0.00000E+00  3.11532E-16
  2.650E+01  5.25328E-02  1.99360E-11 -1.03067E-11  4.31241E-12 -2.22456E-12  0.00000E+00  4.48058E-16
  2.700E+01  5.44967E-02  1.94983E-11 -9.48851E-12  4.30086E-12 -2.08884E-12  0.00000E+00  2.86611E-16
  2.750E+01  5.64946E-02  1.90653E-11 -8.72298E-12  4.28682E-12 -1.95806E-12  0.00000E+00  4.12793E-16
  2.800E+01  5.85262E-02  1.86377E-11 -8.00635E-12  4.27050E-12 -1.83200E-12  0.00000E+00  2.64411E-16
  2.850E+01  6.05914E-02  1.82161E-11 -7.33518E-12  4.25214E-12 -1.71048E-12  0.00000E+00  0.00000E+00
  2.900E+01  6.26901E-02  1.78012E-11 -6.70628E-12  4.23190E-12 -1.59331E-12  0.00000E+00  2.44559E-16
  2.950E+01  6.48222E-02  1.73932E-11 -6.11677E-12  4.20997E-12 -1.48031E-12  0.00000E+00  2.35414E-16
  3.000E+01  6.69873E-02  1.69925E-11 -5.56397E-12  4.18651E-12 -1.37132E-12  0.00000E+00  0.00000E+00
  3.050E+01  6.91854E-02  1.65994E-11 -5.04539E-12  4.16166E-12 -1.26617E-12  0.00000E+00  0.00000E+00
  3.100E+01  7.14163E-02  1.62140E-11 -4.55877E-12  4.13556E-12 -1.16472E-12  0.00000E+00  0.00000E+00
  3.150E+01  7.36799E-02  1.58365E-11 -4.10198E-12  4.10833E-12 -1.06682E-12  0.00000E+00  0.00000E+00
  3.200E+01  7.59760E-02  1.54669E-11 -3.67308E-12  4.08008E-12 -9.72325E-13  0.00000E+00  0.00000E+00
  3.250E+01  7.83043E-02  1.51053E-11 -3.27025E-12  4.05092E-12 -8.81109E-13  0.00000E+00  0.00000E+00
  3.300E+01  8.06647E-02  1.47517E-11 -2.89182E-12  4.02095E-12 -7.93046E-13  0.00000E+00  0.00000E+00
  3.350E+01  8.30571E-02  1.44060E-11 -2.53626E-12  3.99025E-12 -7.08013E-13  0.00000E+00  0.00000E+00
  3.400E+01  8.54812E-02  1.40682E-11 -2.20211E-12  3.95890E-12 -6.25897E-13  0.00000E+00  0.00000E+00
  3.450E+01  8.79369E-02  1.37383E-11 -1.88805E-12  3.92698E-12 -5.46587E-13  0.00000E+00  0.00000E+00
  3.500E+01  9.04240E-02  1.34161E-11 -1.59282E-12  3.89456E-12 -4.69980E-13  0.00000E+00  0.00000E+00
  3.550E+01  9.29422E-02  1.31015E-11 -1.31528E-12  3.86169E-12 -3.95974E-13  0.00000E+00  0.00000E+00
  3.600E+01  9.54915E-02  1.27945E-11 -1.05432E-12  3.82845E-12 -3.24473E-13  0.00000E+00  0.00000E+00
  3.650E+01  9.80716E-02  1.24949E-11 -8.08983E-13  3.79488E-12 -2.55388E-13  0.00000E+00  0.00000E+00
  3.700E+01  1.00682E-01  1.22025E-11 -5.78299E-13  3.76103E-12 -1.88629E-13  0.00000E+00  0.00000E+00
  3.750E+01  1.03323E-01  1.19173E-11 -3.61426E-13  3.72694E-12 -1.24113E-13  0.00000E+00  0.00000E+00
  3.800E+01  1.05995E-01  1.16390E-11 -1.57537E-13  3.69267E-12 -6.17612E-14  0.00000E+00  0.00000E+00
  3.850E+01  1.08696E-01  1.13677E-11  3.41280E-14  3.65825E-12 -1.49571E-15  0.00000E+00  0.00000E+00
  3.900E+01  1.11427E-01  1.11030E-11  2.14283E-13  3.62371E-12  5.67564E-14  0.00000E+00  0.00000E+00
  3.950E+01  1.14188E-01  1.08448E-11  3.83598E-13  3.58908E-12  1.13066E-13  0.00000E+00  0.00000E+00
  4.000E+01  1.16978E-01  1.05931E-11  5.42686E-13  3.55441E-12  1.67499E-13  0.00000E+00  0.00000E+00
  4.050E+01  1.19797E-01  1.03476E-11  6.92132E-13  3.51971E-12  2.20121E-13  0.00000E+00  0.00000E+00
  4.100E+01  1.22645E-01  1.01082E-11  8.32472E-13  3.48501E-12  2.70994E-13  0.00000E+00  0.00000E+00
  4.150E+01  1.25522E-01  9.87475E-12  9.64221E-13  3.45034E-12  3.20177E-13  0.00000E+00  0.00000E+00
  4.200E+01  1.28428E-01  9.64711E-12  1.08786E-12  3.41572E-12  3.67726E-13  0.00000E+00  0.00000E+00
  4.250E+01  1.31361E-01  9.42512E-12  1.20385E-12  3.38116E-12  4.13697E-13  0.00000E+00  0.00000E+00
  4.300E+01  1.34323E-01  9.20865E-12  1.31261E-12  3.34669E-12  4.58141E-13  0.00000E+00  0.00000E+00
  4.350E+01  1.37313E-01  8.99755E-12  1.41454E-12  3.31233E-12  5.01109E-13  0.00000E+00  0.00000E+00
  4.400E+01  1.40330E-01  8.79169E-12  1.51000E-12  3.27808E-12  5.42649E-13  0.00000E+00  0.00000E+00
  4.450E+01  1.43375E-01  8.59093E-12  1.59935E-12  3.24397E-12  5.82808E-13  0.00000E+00  0.00000E+00
  4.500E+01  1.46447E-01  8.39513E-12  1.68291E-12  3.21000E-12  6.21630E-13  0.00000E+00  0.00000E+00
  4.550E+01  1.49545E-01  8.20417E-12  1.76101E-12  3.17620E-12  6.59157E-13  0.00000E+00  0.00000E+00
  4.600E+01  1.52671E-01  8.01791E-12  1.83392E-12  3.14256E-12  6.95432E-13  0.00000E+00  0.00000E+00
  4.650E+01  1.55823E-01  7.83624E-12  1.90195E-12  3.10911E-12  7.30493E-13  0.00000E+00  0.00000E+00
  4.700E+01  1.59001E-01  7.65902E-12  1.96533E-12  3.07584E-12  7.64379E-13  0.00000E+00  0.00000E+00
  4.750E+01  1.62205E-01  7.48615E-12  2.02432E-12  3.04278E-12  7.97126E-13  0.00000E+00  0.00000E+00
  4.800E+01  1.65435E-01  7.31750E-12  2.07915E-12  3.00992E-12  8.28770E-13  0.00000E+00  0.00000E+00
  4.850E+01  1.68690E-01  7.15297E-12  2.13002E-12  2.97727E-12  8.59344E-13  0.00000E+00  0.00000E+00
  4.900E+01  1.71970E-01  6.99244E-12  2.17716E-12  2.94484E-12  8.88881E-13  0.00000E+00  0.00000E+00
  4.950E+01  1.75276E-01  6.83580E-12  2.22076E-12  2.91264E-12  9.17413E-13  0.00000E+00  0.00000E+00
  5.000E+01  1.78606E-01  6.68296E-12  2.26100E-12  2.88067E-12  9.44970E-13  0.00000E+00  0.00000E+00
  5.050E+01  1.81961E-01  6.53380E-12  2.29807E-12  2.84893E-12  9.71581E-13  0.00000E+00  0.00000E+00
  5.100E+01  1.85340E-01  6.38824E-12  2.33211E-12  2.81743E-12  9.97275E-13  0.00000E+00  0.00000E+00
  5.150E+01  1.88743E-01  6.24617E-12  2.36328E-12  2.78617E-12  1.02208E-12  0.00000E+00  0.00000E+00
  5.200E+01  1.92169E-01  6.10750E-12  2.39174E-12  2.75516E-12  1.04602E-12  0.00000E+00  0.00000E+00
  5.250E+01  1.95619E-01  5.97214E-12  2.41762E-12  2.72440E-12  1.06912E-12  0.00000E+00  0.00000E+00
  5.300E+01  1.99092E-01  5.84001E-12  2.44106E-12  2.69389E-12  1.09140E-12  0.00000E+00  0.00000E+00
  5.350E+01  2.02589E-01  5.71101E-12  2.46219E-12  2.66363E-12  1.11290E-12  0.00000E+00  0.00000E+00
  5.400E+01  2.06107E-01  5.58506E-12  2.48111E-12  2.63363E-12  1.13363E-12  0.00000E+00  0.00000E+00
  5.450E+01  2.09649E-01  5.46209E-12  2.49795E-12  2.60389E-12  1.15361E-12  0.00000E+00  0.00000E+00
  5.500E+01  2.13212E-01  5.34201E-12  2.51281E-12  2.57440E-12  1.17286E-12  0.00000E+00  0.00000E+00
  5.550E+01  2.16797E-01  5.22474E-12  2.52578E-12  2.54517E-12  1.19141E-12  0.00000E+00  0.00000E+00
  5.600E+01  2.20404E-01  5.11022E-12  2.53697E-12  2.51621E-12  1.20928E-12  0.00000E+00  0.00000E+00
  5.650E+01  2.24032E-01  4.99837E-12  2.54648E-12  2.48750E-12  1.22648E-12  0.00000E+00  0.00000E+00
  5.700E+01  2.27680E-01  4.88913E-12  2.55438E-12  2.45905E-12  1.24303E-12  0.00000E+00  0.00000E+00
  5.750E+01  2.31350E-01  4.78241E-12  2.56075E-12  2.43086E-12  1.25896E-12  0.00000E+00  0.00000E+00
  5.800E+01  2.35040E-01  4.67816E-12  2.56569E-12  2.40294E-12  1.27427E-12  0.00000E+00  0.00000E+00
  5.850E+01  2.38751E-01  4.57632E-12  2.56925E-12  2.37527E-12  1.28898E-12  0.00000E+00  0.00000E+00
  5.900E+01  2.42481E-01  4.47681E-12  2.57151E-12  2.34787E-12  1.30312E-12  0.00000E+00  0.00000E+00
  5.950E+01  2.46231E-01  4.37959E-12  2.57253E-12  2.32072E-12  1.31670E-12  0.00000E+00  0.00000E+00
  6.000E+01  2.50000E-01  4.28459E-12  2.57239E-12  2.29384E-12  1.32972E-12  0.00000E+00  0.00000E+00
  6.050E+01  2.53788E-01  4.19175E-12  2.57114E-12  2.26721E-12  1.34221E-12  0.00000E+00  0.00000E+00
  6.100E+01  2.57595E-01  4.10102E-12  2.56884E-12  2.24084E-12  1.35419E-12  0.00000E+00  0.00000E+00
  6.150E+01  2.61421E-01  4.01235E-12  2.56554E-12  2.21473E-12  1.36566E-12  0.00000E+00  0.00000E+00
  6.200E+01  2.65264E-01  3.92568E-12  2.56130E-12  2.18887E-12  1.37663E-12  0.00000E+00  0.00000E+00
  6.250E+01  2.69126E-01  3.84097E-12  2.55616E-12  2.16327E-12  1.38713E-12  0.00000E+00  0.00000E+00
  6.300E+01  2.73005E-01  3.75815E-12  2.55017E-12  2.13792E-12  1.39715E-12  0.00000E+00  0.00000E+00
  6.350E+01  2.76901E-01  3.67719E-12  2.54338E-12  2.11282E-12  1.40673E-12  0.00000E+00  0.00000E+00
  6.400E+01  2.80814E-01  3.59804E-12  2.53584E-12  2.08798E-12  1.41586E-12  0.00000E+00  0.00000E+00
  6.450E+01  2.84744E-01  3.52066E-12  2.52758E-12  2.06338E-12  1.42456E-12  0.00000E+00  0.00000E+00
  6.500E+01  2.88691E-01  3.44499E-12  2.51864E-12  2.03903E-12  1.43284E-12  0.00000E+00  0.00000E+00
  6.550E+01  2.92653E-01  3.37100E-12  2.50905E-12  2.01493E-12  1.44071E-12  0.00000E+00  0.00000E+00
  6.600E+01  2.96632E-01  3.29865E-12  2.49886E-12  1.99107E-12  1.44818E-12  0.00000E+00  0.00000E+00
  6.650E+01  3.00625E-01  3.22789E-12  2.48808E-12  1.96746E-12  1.45526E-12  0.00000E+00  0.00000E+00
  6.700E+01  3.04634E-01  3.15869E-12  2.47677E-12  1.94408E-12  1.46196E-12  0.00000E+00  0.00000E+00
  6.750E+01  3.08658E-01  3.09101E-12  2.46495E-12  1.92095E-12  1.46829E-12  0.00000E+00  0.00000E+00
  6.800E+01  3.12697E-01  3.02480E-12  2.45266E-12  1.89805E-12  1.47426E-12  0.00000E+00  0.00000E+00
  6.850E+01  3.16749E-01  2.96005E-12  2.43991E-12  1.87540E-12  1.47988E-12  0.00000E+00  0.00000E+00
  6.900E+01  3.20816E-01  2.89670E-12  2.42673E-12  1.85297E-12  1.48515E-12  0.00000E+00  0.00000E+00
  6.950E+01  3.24896E-01  2.83473E-12  2.41314E-12  1.83078E-12  1.49009E-12  0.00000E+00  0.00000E+00
  7.000E+01  3.28990E-01  2.77410E-12  2.39917E-12  1.80882E-12  1.49471E-12  0.00000E+00  0.00000E+00
  7.050E+01  3.33097E-01  2.71478E-12  2.38485E-12  1.78709E-12  1.49900E-12  0.00000E+00  0.00000E+00
  7.100E+01  3.37216E-01  2.65674E-12  2.37020E-12  1.76559E-12  1.50299E-12  0.00000E+00  0.00000E+00
  7.150E+01  3.41348E-01  2.59995E-12  2.35525E-12  1.74431E-12  1.50667E-12  0.00000E+00  0.00000E+00
  7.200E+01  3.45492E-01  2.54439E-12  2.34001E-12  1.72325E-12  1.51006E-12  0.00000E+00  0.00000E+00
  7.250E+01  3.49647E-01  2.49000E-12  2.32448E-12  1.70242E-12  1.51315E-12  0.00000E+00  0.00000E+00
  7.300E+01  3.53814E-01  2.43678E-12  2.30869E-12  1.68181E-12  1.51597E-12  0.00000E+00  0.00000E+00
  7.350E+01  3.57992E-01  2.38470E-12  2.29267E-12  1.66141E-12  1.51851E-12  0.00000E+00  0.00000E+00
  7.400E+01  3.62181E-01  2.33373E-12  2.27644E-12  1.64123E-12  1.52078E-12  0.00000E+00  0.00000E+00
  7.450E+01  3.66381E-01  2.28384E-12  2.26000E-12  1.62127E-12  1.52279E-12  0.00000E+00  0.00000E+00
  7.500E+01  3.70590E-01  2.23501E-12  2.24338E-12  1.60152E-12  1.52454E-12  0.00000E+00  0.00000E+00
  7.550E+01  3.74810E-01  2.18721E-12  2.22657E-12  1.58198E-12  1.52604E-12  0.00000E+00  0.00000E+00
  7.600E+01  3.79039E-01  2.14042E-12  2.20961E-12  1.56264E-12  1.52730E-12  0.00000E+00  0.00000E+00
  7.650E+01  3.83277E-01  2.09461E-12  2.19249E-12  1.54352E-12  1.52832E-12  0.00000E+00  0.00000E+00
  7.700E+01  3.87524E-01  2.04977E-12  2.17524E-12  1.52460E-12  1.52911E-12  0.00000E+00  0.00000E+00
  7.750E+01  3.91780E-01  2.00587E-12  2.15788E-12  1.50588E-12  1.52967E-12  0.00000E+00  0.00000E+00
  7.800E+01  3.96044E-01  1.96289E-12  2.14040E-12  1.48736E-12  1.53001E-12  0.00000E+00  0.00000E+00
  7.850E+01  4.00316E-01  1.92081E-12  2.12282E-12  1.46905E-12  1.53013E-12  0.00000E+00  0.00000E+00
  7.900E+01  4.04596E-01  1.87961E-12  2.10515E-12  1.45093E-12  1.53003E-12  0.00000E+00  0.00000E+00
  7.950E+01  4.08882E-01  1.83927E-12  2.08740E-12  1.43300E-12  1.52974E-12  0.00000E+00  0.00000E+00
  8.000E+01  4.13176E-01  1.79976E-12  2.06957E-12  1.41527E-12  1.52923E-12  0.00000E+00  0.00000E+00
  8.050E+01  4.17476E-01  1.76108E-12  2.05169E-12  1.39773E-12  1.52853E-12  0.00000E+00  0.00000E+00
  8.100E+01  4.21783E-01  1.72320E-12  2.03376E-12  1.38038E-12  1.52764E-12  0.00000E+00  0.00000E+00
  8.150E+01  4.26095E-01  1.68611E-12  2.01578E-12  1.36322E-12  1.52656E-12  0.00000E+00  0.00000E+00
  8.200E+01  4.30413E-01  1.64978E-12  1.99777E-12  1.34625E-12  1.52529E-12  0.00000E+00  0.00000E+00
  8.250E+01  4.34737E-01  1.61420E-12  1.97972E-12  1.32946E-12  1.52384E-12  0.00000E+00  0.00000E+00
  8.300E+01  4.39065E-01  1.57936E-12  1.96166E-12  1.31285E-12  1.52222E-12  0.00000E+00  0.00000E+00
  8.350E+01  4.43398E-01  1.54523E-12  1.94358E-12  1.29642E-12  1.52042E-12  0.00000E+00  0.00000E+00
  8.400E+01  4.47736E-01  1.51181E-12  1.92549E-12  1.28018E-12  1.51846E-12  0.00000E+00  0.00000E+00
  8.450E+01  4.52077E-01  1.47907E-12  1.90741E-12  1.26411E-12  1.51632E-12  0.00000E+00  0.00000E+00
  8.500E+01  4.56422E-01  1.44700E-12  1.88933E-12  1.24822E-12  1.51403E-12  0.00000E+00  0.00000E+00
  8.550E+01  4.60770E-01  1.41559E-12  1.87125E-12  1.23250E-12  1.51158E-12  0.00000E+00  0.00000E+00
  8.600E+01  4.65122E-01  1.38482E-12  1.85320E-12  1.21695E-12  1.50898E-12  0.00000E+00  0.00000E+00
  8.650E+01  4.69476E-01  1.35468E-12  1.83516E-12  1.20157E-12  1.50622E-12  0.00000E+00  0.00000E+00
  8.700E+01  4.73832E-01  1.32516E-12  1.81716E-12  1.18637E-12  1.50332E-12  0.00000E+00  0.00000E+00
  8.750E+01  4.78190E-01  1.29623E-12  1.79918E-12  1.17133E-12  1.50027E-12  0.00000E+00  0.00000E+00
  8.800E+01  4.82550E-01  1.26790E-12  1.78124E-12  1.15645E-12  1.49708E-12  0.00000E+00  0.00000E+00
  8.850E+01  4.86912E-01  1.24014E-12  1.76334E-12  1.14174E-12  1.49375E-12  0.00000E+00  0.00000E+00
  8.900E+01  4.91274E-01  1.21295E-12  1.74548E-12  1.12720E-12  1.49029E-12  0.00000E+00  0.00000E+00
  8.950E+01  4.95637E-01  1.18631E-12  1.72767E-12  1.11281E-12  1.48669E-12  0.00000E+00  0.00000E+00
  9.000E+01  5.00000E-01  1.16021E-12  1.70991E-12  1.09858E-12  1.48297E-12  0.00000E+00  0.00000E+00
  9.050E+01  5.04363E-01  1.13464E-12  1.69221E-12  1.08451E-12  1.47912E-12  0.00000E+00  0.00000E+00
  9.100E+01  5.08726E-01  1.10958E-12  1.67456E-12  1.07060E-12  1.47514E-12  0.00000E+00  0.00000E+00
  9.150E+01  5.13088E-01  1.08504E-12  1.65698E-12  1.05684E-12  1.47104E-12  0.00000E+00  0.00000E+00
  9.200E+01  5.17450E-01  1.06098E-12  1.63947E-12  1.04323E-12  1.46683E-12  0.00000E+00  0.00000E+00
  9.250E+01  5.21810E-01  1.03742E-12  1.62202E-12  1.02977E-12  1.46250E-12  0.00000E+00  0.00000E+00
  9.300E+01  5.26168E-01  1.01433E-12  1.60464E-12  1.01647E-12  1.45805E-12  0.00000E+00  0.00000E+00
  9.350E+01  5.30524E-01  9.91705E-13  1.58733E-12  1.00331E-12  1.45350E-12  0.00000E+00  0.00000E+00
  9.400E+01  5.34878E-01  9.69537E-13  1.57011E-12  9.90296E-13  1.44883E-12  0.00000E+00  0.00000E+00
  9.450E+01  5.39230E-01  9.47815E-13  1.55295E-12  9.77430E-13  1.44406E-12  0.00000E+00  0.00000E+00
  9.500E+01  5.43578E-01  9.26531E-13  1.53588E-12  9.64707E-13  1.43918E-12  0.00000E+00  0.00000E+00
  9.550E+01  5.47923E-01  9.05675E-13  1.51890E-12  9.52127E-13  1.43420E-12  0.00000E+00  0.00000E+00
  9.600E+01  5.52264E-01  8.85238E-13  1.50200E-12  9.39688E-13  1.42913E-12  0.00000E+00  0.00000E+00
  9.650E+01  5.56602E-01  8.65211E-13  1.48518E-12  9.27387E-13  1.42395E-12  0.00000E+00  0.00000E+00
  9.700E+01  5.60935E-01  8.45588E-13  1.46845E-12  9.15225E-13  1.41868E-12  0.00000E+00  0.00000E+00
  9.750E+01  5.65263E-01  8.26358E-13  1.45182E-12  9.03199E-13  1.41331E-12  0.00000E+00  0.00000E+00
  9.800E+01  5.69587E-01  8.07514E-13  1.43527E-12  8.91309E-13  1.40786E-12  0.00000E+00  0.00000E+00
  9.850E+01  5.73905E-01  7.89049E-13  1.41882E-12  8.79552E-13  1.40231E-12  0.00000E+00  0.00000E+00
  9.900E+01  5.78217E-01  7.70953E-13  1.40247E-12  8.67927E-13  1.39667E-12  0.00000E+00  0.00000E+00
  9.950E+01  5.82524E-01  7.53221E-13  1.38621E-12  8.56434E-13  1.39095E-12  0.00000E+00  0.00000E+00
  1.000E+02  5.86824E-01  7.35844E-13  1.37005E-12  8.45070E-13  1.38515E-12  0.00000E+00  0.00000E+00
  1.005E+02  5.91118E-01  7.18816E-13  1.35398E-12  8.33834E-13  1.37926E-12  0.00000E+00  0.00000E+00
  1.010E+02  5.95404E-01  7.02129E-13  1.33802E-12  8.22725E-13  1.37329E-12  0.00000E+00  0.00000E+00
  1.015E+02  5.99684E-01  6.85776E-13  1.32216E-12  8.11742E-13  1.36724E-12  0.00000E+00  0.00000E+00
  1.020E+02  6.03956E-01  6.69751E-13  1.30640E-12  8.00883E-13  1.36112E-12  0.00000E+00  0.00000E+00
  1.025E+02  6.08220E-01  6.54047E-13  1.29074E-12  7.90148E-13  1.35491E-12  0.00000E+00  0.00000E+00
  1.030E+02  6.12476E-01  6.38658E-13  1.27519E-12  7.79534E-13  1.34864E-12  0.00000E+00  0.00000E+00
  1.035E+02  6.16723E-01  6.23577E-13  1.25975E-12  7.69040E-13  1.34229E-12  0.00000E+00  0.00000E+00
  1.040E+02  6.20961E-01  6.08798E-13  1.24441E-12  7.58666E-13  1.33587E-12  0.00000E+00  0.00000E+00
  1.045E+02  6.25190E-01  5.94316E-13  1.22917E-12  7.48409E-13  1.32938E-12  0.00000E+00  0.00000E+00
  1.050E+02  6.29410E-01  5.80123E-13  1.21404E-12  7.38270E-13  1.32282E-12  0.00000E+00  0.00000E+00
  1.055E+02  6.33619E-01  5.66215E-13  1.19902E-12  7.28246E-13  1.31619E-12  0.00000E+00  0.00000E+00
  1.060E+02  6.37819E-01  5.52586E-13  1.18411E-12  7.18336E-13  1.30950E-12  0.00000E+00  0.00000E+00
  1.065E+02  6.42008E-01  5.39230E-13  1.16931E-12  7.08539E-13  1.30275E-12  0.00000E+00  0.00000E+00
  1.070E+02  6.46186E-01  5.26143E-13  1.15462E-12  6.98854E-13  1.29593E-12  0.00000E+00  0.00000E+00
  1.075E+02  6.50353E-01  5.13317E-13  1.14004E-12  6.89280E-13  1.28905E-12  0.00000E+00  0.00000E+00
  1.080E+02  6.54508E-01  5.00749E-13  1.12557E-12  6.79815E-13  1.28211E-12  0.00000E+00  0.00000E+00
  1.085E+02  6.58652E-01  4.88433E-13  1.11120E-12  6.70459E-13  1.27511E-12  0.00000E+00  0.00000E+00
  1.090E+02  6.62784E-01  4.76365E-13  1.09695E-12  6.61210E-13  1.26805E-12  0.00000E+00  0.00000E+00
  1.095E+02  6.66903E-01  4.64539E-13  1.08282E-12  6.52066E-13  1.26093E-12  0.00000E+00  0.00000E+00
  1.100E+02  6.71010E-01  4.52951E-13  1.06879E-12  6.43028E-13  1.25376E-12  0.00000E+00  0.00000E+00
  1.105E+02  6.75104E-01  4.41595E-13  1.05487E-12  6.34094E-13  1.24654E-12  0.00000E+00  0.00000E+00
  1.110E+02  6.79184E-01  4.30469E-13  1.04107E-12  6.25262E-13  1.23926E-12  0.00000E+00  0.00000E+00
  1.115E+02  6.83251E-01  4.19566E-13  1.02738E-12  6.16532E-13  1.23193E-12  0.00000E+00  0.00000E+00
  1.120E+02  6.87303E-01  4.08882E-13  1.01380E-12  6.07903E-13  1.22455E-12  0.00000E+00  0.00000E+00
  1.125E+02  6.91342E-01  3.98415E-13  1.00034E-12  5.99373E-13  1.21712E-12  0.00000E+00  0.00000E+00
  1.130E+02  6.95366E-01  3.88158E-13  9.86985E-13  5.90941E-13  1.20964E-12  0.00000E+00  0.00000E+00
  1.135E+02  6.99375E-01  3.78108E-13  9.73745E-13  5.82606E-13  1.20211E-12  0.00000E+00  0.00000E+00
  1.140E+02  7.03368E-01  3.68261E-13  9.60619E-13  5.74368E-13  1.19453E-12  0.00000E+00  0.00000E+00
  1.145E+02  7.07347E-01  3.58613E-13  9.47606E-13  5.66225E-13  1.18691E-12  0.00000E+00  0.00000E+00
  1.150E+02  7.11309E-01  3.49161E-13  9.34705E-13  5.58176E-13  1.17924E-12  0.00000E+00  0.00000E+00
  1.155E+02  7.15256E-01  3.39899E-13  9.21917E-13  5.50220E-13  1.17153E-12  0.00000E+00  0.00000E+00
  1.160E+02  7.19186E-01  3.30826E-13  9.09242E-13  5.42356E-13  1.16377E-12  0.00000E+00  0.00000E+00
  1.165E+02  7.23099E-01  3.21936E-13  8.96680E-13  5.34583E-13  1.15597E-12  0.00000E+00  0.00000E+00
  1.170E+02  7.26995E-01  3.13227E-13  8.84231E-13  5.26900E-13  1.14813E-12  0.00000E+00  0.00000E+00
  1.175E+02  7.30874E-01  3.04694E-13  8.71895E-13  5.19306E-13  1.14025E-12  0.00000E+00  0.00000E+00
  1.180E+02  7.34736E-01  2.96336E-13  8.59672E-13  5.11800E-13  1.13233E-12  0.00000E+00  0.00000E+00
  1.185E+02  7.38579E-01  2.88147E-13  8.47562E-13  5.04381E-13  1.12437E-12  0.00000E+00  0.00000E+00
  1.190E+02  7.42405E-01  2.80125E-13  8.35564E-13  4.97049E-13  1.11637E-12  0.00000E+00  0.00000E+00
  1.195E+02  7.46212E-01  2.72267E-13  8.23678E-13  4.89801E-13  1.10833E-12  0.00000E+00  0.00000E+00
  1.200E+02  7.50000E-01  2.64570E-13  8.11904E-13  4.82638E-13  1.10026E-12  0.00000E+00  0.00000E+00
  1.205E+02  7.53769E-01  2.57030E-13  8.00242E-13  4.75558E-13  1.09215E-12  0.00000E+00  0.00000E+00
  1.210E+02  7.57519E-01  2.49644E-13  7.88693E-13  4.68560E-13  1.08401E-12  0.00000E+00  0.00000E+00
  1.215E+02  7.61249E-01  2.42409E-13  7.77255E-13  4.61643E-13  1.07583E-12  0.00000E+00  0.00000E+00
  1.220E+02  7.64960E-01  2.35324E-13  7.65930E-13  4.54807E-13  1.06762E-12  0.00000E+00  0.00000E+00
  1.225E+02  7.68650E-01  2.28384E-13  7.54715E-13  4.48050E-13  1.05937E-12  0.00000E+00  0.00000E+00
  1.230E+02  7.72320E-01  2.21586E-13  7.43611E-13  4.41372E-13  1.05109E-12  0.00000E+00  0.00000E+00
  1.235E+02  7.75968E-01  2.14929E-13  7.32618E-13  4.34771E-13  1.04278E-12  0.00000E+00  0.00000E+00
  1.240E+02  7.79596E-01  2.08409E-13  7.21736E-13  4.28247E-13  1.03444E-12  0.00000E+00  0.00000E+00
  1.245E+02  7.83203E-01  2.02024E-13  7.10965E-13  4.21799E-13  1.02606E-12  0.00000E+00  0.00000E+00
  1.250E+02  7.86788E-01  1.95772E-13  7.00304E-13  4.15426E-13  1.01766E-12  0.00000E+00  0.00000E+00
  1.255E+02  7.90351E-01  1.89649E-13  6.89754E-13  4.09127E-13  1.00923E-12  0.00000E+00  0.00000E+00
  1.260E+02  7.93893E-01  1.83653E-13  6.79313E-13  4.02902E-13  1.00077E-12  0.00000E+00  0.00000E+00
  1.265E+02  7.97411E-01  1.77782E-13  6.68981E-13  3.96748E-13  9.92277E-13  0.00000E+00  0.00000E+00
  1.270E+02  8.00908E-01  1.72033E-13  6.58758E-13  3.90666E-13  9.83761E-13  0.00000E+00  0.00000E+00
  1.275E+02  8.04381E-01  1.66404E-13  6.48645E-13  3.84655E-13  9.75217E-13  0.00000E+00  0.00000E+00
  1.280E+02  8.07831E-01  1.60894E-13  6.38640E-13  3.78713E-13  9.66646E-13  0.00000E+00  0.00000E+00
  1.285E+02  8.11257E-01  1.55498E-13  6.28745E-13  3.72841E-13  9.58050E-13  0.00000E+00  0.00000E+00
  1.290E+02  8.14660E-01  1.50216E-13  6.18958E-13  3.67036E-13  9.49428E-13  0.00000E+00  0.00000E+00
  1.295E+02  8.18039E-01  1.45045E-13  6.09278E-13  3.61298E-13  9.40781E-13  0.00000E+00  0.00000E+00
  1.300E+02  8.21394E-01  1.39983E-13  5.99706E-13  3.55627E-13  9.32110E-13  0.00000E+00  0.00000E+00
  1.305E+02  8.24724E-01  1.35028E-13  5.90241E-13  3.50022E-13  9.23415E-13  0.00000E+00  0.00000E+00
  1.310E+02  8.28030E-01  1.30178E-13  5.80883E-13  3.44481E-13  9.14697E-13  0.00000E+00  0.00000E+00
  1.315E+02  8.31310E-01  1.25431E-13  5.71633E-13  3.39005E-13  9.05956E-13  0.00000E+00  0.00000E+00
  1.320E+02  8.34565E-01  1.20785E-13  5.62489E-13  3.33591E-13  8.97192E-13  0.00000E+00  0.00000E+00
  1.325E+02  8.37795E-01  1.16238E-13  5.53452E-13  3.28240E-13  8.88407E-13  0.00000E+00  0.00000E+00
  1.330E+02  8.40999E-01  1.11788E-13  5.44520E-13  3.22950E-13  8.79599E-13  0.00000E+00  0.00000E+00
  1.335E+02  8.44177E-01  1.07433E-13  5.35694E-13  3.17721E-13  8.70771E-13  0.00000E+00  0.00000E+00
  1.340E+02  8.47329E-01  1.03172E-13  5.26972E-13  3.12552E-13  8.61923E-13  0.00000E+00  0.00000E+00
  1.345E+02  8.50455E-01  9.90022E-14  5.18356E-13  3.07442E-13  8.53054E-13  0.00000E+00  0.00000E+00
  1.350E+02  8.53553E-01  9.49228E-14  5.09844E-13  3.02391E-13  8.44165E-13  0.00000E+00  0.00000E+00
  1.355E+02  8.56625E-01  9.09315E-14  5.01438E-13  2.97397E-13  8.35257E-13  0.00000E+00  0.00000E+00
  1.360E+02  8.59670E-01  8.70269E-14  4.93136E-13  2.92460E-13  8.26331E-13  0.00000E+00  0.00000E+00
  1.365E+02  8.62687E-01  8.32073E-14  4.84938E-13  2.87579E-13  8.17385E-13  0.00000E+00  0.00000E+00
  1.370E+02  8.65677E-01  7.94711E-14  4.76843E-13  2.82754E-13  8.08422E-13  0.00000E+00  0.00000E+00
  1.375E+02  8.68639E-01  7.58168E-14  4.68851E-13  2.77983E-13  7.99441E-13  0.00000E+00  0.00000E+00
  1.380E+02  8.71572E-01  7.22426E-14  4.60961E-13  2.73266E-13  7.90442E-13  0.00000E+00  0.00000E+00
  1.385E+02  8.74478E-01  6.87473E-14  4.53175E-13  2.68602E-13  7.81427E-13  0.00000E+00  0.00000E+00
  1.390E+02  8.77355E-01  6.53291E-14  4.45491E-13  2.63991E-13  7.72394E-13  0.00000E+00  0.00000E+00
  1.395E+02  8.80203E-01  6.19867E-14  4.37910E-13  2.59431E-13  7.63346E-13  0.00000E+00  0.00000E+00
  1.400E+02  8.83022E-01  5.87188E-14  4.30430E-13  2.54922E-13  7.54282E-13  0.00000E+00  0.00000E+00
  1.405E+02  8.85812E-01  5.55239E-14  4.23052E-13  2.50463E-13  7.45202E-13  0.00000E+00  0.00000E+00
  1.410E+02  8.88573E-01  5.24007E-14  4.15774E-13  2.46054E-13  7.36107E-13  0.00000E+00  0.00000E+00
  1.415E+02  8.91304E-01  4.93478E-14  4.08597E-13  2.41693E-13  7.26997E-13  0.00000E+00  0.00000E+00
  1.420E+02  8.94005E-01  4.63637E-14  4.01520E-13  2.37381E-13  7.17872E-13  0.00000E+00  0.00000E+00
  1.425E+02  8.96677E-01  4.34473E-14  3.94545E-13  2.33115E-13  7.08733E-13  0.00000E+00  0.00000E+00
  1.430E+02  8.99318E-01  4.05974E-14  3.87670E-13  2.28897E-13  6.99580E-13  0.00000E+00  0.00000E+00
  1.435E+02  9.01928E-01  3.78129E-14  3.80896E-13  2.24724E-13  6.90414E-13  0.00000E+00  0.00000E+00
  1.440E+02  9.04508E-01  3.50924E-14  3.74220E-13  2.20596E-13  6.81234E-13  0.00000E+00  0.00000E+00
  1.445E+02  9.07058E-01  3.24342E-14  3.67641E-13  2.16513E-13  6.72041E-13  0.00000E+00  0.00000E+00
  1.450E+02  9.09576E-01  2.98381E-14  3.61162E-13  2.12474E-13  6.62836E-13  0.00000E+00  0.00000E+00
  1.455E+02  9.12063E-01  2.73025E-14  3.54782E-13  2.08477E-13  6.53618E-13  0.00000E+00  0.00000E+00
  1.460E+02  9.14519E-01  2.48263E-14  3.48502E-13  2.04524E-13  6.44388E-13  0.00000E+00  0.00000E+00
  1.465E+02  9.16943E-01  2.24084E-14  3.42320E-13  2.00612E-13  6.35146E-13  0.00000E+00  0.00000E+00
  1.470E+02  9.19335E-01  2.00476E-14  3.36235E-13  1.96740E-13  6.25892E-13  0.00000E+00  0.00000E+00
  1.475E+02  9.21696E-01  1.77431E-14  3.30247E-13  1.92910E-13  6.16627E-13  0.00000E+00  0.00000E+00
  1.480E+02  9.24024E-01  1.54939E-14  3.24356E-13  1.89119E-13  6.07351E-13  8.08330E-18  0.00000E+00
  1.485E+02  9.26320E-01  1.32989E-14  3.18562E-13  1.85367E-13  5.98064E-13  8.19177E-18  0.00000E+00
  1.490E+02  9.28584E-01  1.11571E-14  3.12865E-13  1.81653E-13  5.88767E-13  4.15113E-18  0.00000E+00
  1.495E+02  9.30815E-01  9.06748E-15  3.07265E-13  1.77977E-13  5.79459E-13  1.68296E-17  0.00000E+00
  1.500E+02  9.33013E-01  7.02920E-15  3.01762E-13  1.74338E-13  5.70141E-13  2.13233E-17  0.00000E+00
  1.505E+02  9.35178E-01  5.04134E-15  2.96355E-13  1.70736E-13  5.60813E-13  1.94532E-17  0.00000E+00
  1.510E+02  9.37310E-01  3.10303E-15  2.91042E-13  1.67169E-13  5.51476E-13  1.31467E-17  0.00000E+00
  1.515E+02  9.39409E-01  1.21339E-15  2.85825E-13  1.63637E-13  5.42129E-13  1.66594E-17  0.00000E+00
  1.520E+02  9.41474E-01 -6.28430E-16  2.80704E-13  1.60140E-13  5.32773E-13  1.15409E-17  0.00000E+00
  1.525E+02  9.43505E-01 -2.42330E-15  2.75677E-13  1.56676E-13  5.23408E-13  5.70748E-18  0.00000E+00
  1.530E+02  9.45503E-01 -4.17204E-15  2.70746E-13  1.53246E-13  5.14035E-13  2.31457E-18  0.00000E+00
  1.535E+02  9.47467E-01 -5.87546E-15  2.65910E-13  1.49848E-13  5.04653E-13  9.38646E-18  0.00000E+00
  1.540E+02  9.49397E-01 -7.53430E-15  2.61169E-13  1.46482E-13  4.95263E-13  1.90329E-17  0.00000E+00
  1.545E+02  9.51293E-01 -9.14930E-15  2.56521E-13  1.43147E-13  4.85864E-13  2.89445E-17  0.00000E+00
  1.550E+02  9.53154E-01 -1.07212E-14  2.51966E-13  1.39842E-13  4.76458E-13  2.44540E-17  0.00000E+00
  1.555E+02  9.54981E-01 -1.22508E-14  2.47505E-13  1.36567E-13  4.67045E-13  9.91669E-18  0.00000E+00
  1.560E+02  9.56773E-01 -1.37387E-14  2.43138E-13  1.33322E-13  4.57623E-13  0.00000E+00  0.00000E+00
  1.565E+02  9.58530E-01 -1.51856E-14  2.38865E-13  1.30105E-13  4.48195E-13  1.01914E-17  0.00000E+00
  1.570E+02  9.60252E-01 -1.65923E-14  2.34685E-13  1.26917E-13  4.38759E-13  1.03308E-17  0.00000E+00
  1.575E+02  9.61940E-01 -1.79594E-14  2.30598E-13  1.23756E-13  4.29317E-13  2.09429E-17  0.00000E+00
  1.580E+02  9.63592E-01 -1.92874E-14  2.26603E-13  1.20621E-13  4.19868E-13  1.06133E-17  0.00000E+00
  1.585E+02  9.65209E-01 -2.05770E-14  2.22701E-13  1.17513E-13  4.10413E-13  2.15125E-17  0.00000E+00
  1.590E+02  9.66790E-01 -2.18289E-14  2.18890E-13  1.14430E-13  4.00951E-13  0.00000E+00  0.00000E+00
  1.595E+02  9.68336E-01 -2.30435E-14  2.15172E-13  1.11372E-13  3.91483E-13  0.00000E+00  0.00000E+00
  1.600E+02  9.69846E-01 -2.42216E-14  2.11547E-13  1.08338E-13  3.82009E-13  0.00000E+00  0.00000E+00
  1.605E+02  9.71321E-01 -2.53636E-14  2.08013E-13  1.05328E-13  3.72529E-13  0.00000E+00  0.00000E+00
  1.610E+02  9.72759E-01 -2.64701E-14  2.04572E-13  1.02342E-13  3.63044E-13  0.00000E+00  0.00000E+00
  1.615E+02  9.74162E-01 -2.75416E-14  2.01221E-13  9.93771E-14  3.53554E-13  0.00000E+00  0.00000E+00
  1.620E+02  9.75528E-01 -2.85785E-14  1.97962E-13  9.64345E-14  3.44058E-13  0.00000E+00  0.00000E+00
  1.625E+02  9.76858E-01 -2.95814E-14  1.94793E-13  9.35131E-14  3.34557E-13  0.00000E+00  0.00000E+00
  1.630E+02  9.78152E-01 -3.05508E-14  1.91715E-13  9.06123E-14  3.25051E-13  0.00000E+00  0.00000E+00
  1.635E+02  9.79410E-01 -3.14872E-14  1.88729E-13  8.77315E-14  3.15541E-13  0.00000E+00  0.00000E+00
  1.640E+02  9.80631E-01 -3.23910E-14  1.85833E-13  8.48702E-14  3.06026E-13  2.47097E-17  0.00000E+00
  1.645E+02  9.81815E-01 -3.32625E-14  1.83029E-13  8.20277E-14  2.96506E-13  2.49958E-17  0.00000E+00
  1.650E+02  9.82963E-01 -3.41023E-14  1.80315E-13  7.92033E-14  2.86982E-13  0.00000E+00  0.00000E+00
  1.655E+02  9.84074E-01 -3.49108E-14  1.77690E-13  7.63966E-14  2.77454E-13  0.00000E+00  0.00000E+00
  1.660E+02  9.85148E-01 -3.56882E-14  1.75156E-13  7.36069E-14  2.67922E-13  0.00000E+00  0.00000E+00
  1.665E+02  9.86185E-01 -3.64350E-14  1.72711E-13  7.08336E-14  2.58387E-13  0.00000E+00  0.00000E+00
  1.670E+02  9.87185E-01 -3.71516E-14  1.70356E-13  6.80761E-14  2.48847E-13  0.00000E+00  0.00000E+00
  1.675E+02  9.88148E-01 -3.78383E-14  1.68092E-13  6.53338E-14  2.39304E-13  0.00000E+00  0.00000E+00
  1.680E+02  9.89074E-01 -3.84955E-14  1.65919E-13  6.26061E-14  2.29758E-13  2.69007E-17  0.00000E+00
  1.685E+02  9.89962E-01 -3.91235E-14  1.63834E-13  5.98925E-14  2.20208E-13  2.71530E-17  0.00000E+00
  1.690E+02  9.90814E-01 -3.97224E-14  1.61838E-13  5.71923E-14  2.10656E-13  2.73989E-17  0.00000E+00
  1.695E+02  9.91627E-01 -4.02928E-14  1.59932E-13  5.45050E-14  2.01100E-13  2.76380E-17  0.00000E+00
  1.700E+02  9.92404E-01 -4.08347E-14  1.58114E-13  5.18299E-14  1.91542E-13  2.78698E-17  0.00000E+00
  1.705E+02  9.93143E-01 -4.13486E-14  1.56386E-13  4.91665E-14  1.81981E-13  0.00000E+00  0.00000E+00
  1.710E+02  9.93844E-01 -4.18346E-14  1.54748E-13  4.65142E-14  1.72418E-13  0.00000E+00  0.00000E+00
  1.715E+02  9.94508E-01 -4.22930E-14  1.53199E-13  4.38724E-14  1.62852E-13  0.00000E+00  6.35477E-17
  1.720E+02  9.95134E-01 -4.27241E-14  1.51739E-13  4.12405E-14  1.53284E-13  0.00000E+00  6.34953E-17
  1.725E+02  9.95722E-01 -4.31279E-14  1.50368E-13  3.86178E-14  1.43714E-13  0.00000E+00  6.34461E-17
  1.730E+02  9.96273E-01 -4.35048E-14  1.49084E-13  3.60040E-14  1.34142E-13  0.00000E+00  6.34001E-17
  1.735E+02  9.96786E-01 -4.38548E-14  1.47889E-13  3.33982E-14  1.24568E-13  0.00000E+00  6.33574E-17
  1.740E+02  9.97261E-01 -4.41783E-14  1.46783E-13  3.08001E-14  1.14992E-13  0.00000E+00  0.00000E+00
  1.745E+02  9.97698E-01 -4.44753E-14  1.45766E-13  2.82089E-14  1.05415E-13  0.00000E+00  3.16407E-17
  1.750E+02  9.98097E-01 -4.47460E-14  1.44839E-13  2.56241E-14  9.58361E-14  0.00000E+00  0.00000E+00
  1.755E+02  9.98459E-01 -4.49905E-14  1.44000E-13  2.30451E-14  8.62562E-14  0.00000E+00  3.16091E-17
  1.760E+02  9.98782E-01 -4.52090E-14  1.43250E-13  2.04714E-14  7.66751E-14  0.00000E+00  6.31914E-17
  1.765E+02  9.99067E-01 -4.54014E-14  1.42586E-13  1.79023E-14  6.70930E-14  0.00000E+00  6.31677E-17
  1.770E+02  9.99315E-01 -4.55680E-14  1.42011E-13  1.53373E-14  5.75100E-14  0.00000E+00  1.26294E-16
  1.775E+02  9.99524E-01 -4.57088E-14  1.41524E-13  1.27757E-14  4.79262E-14  0.00000E+00  9.46948E-17
  1.780E+02  9.99695E-01 -4.58240E-14  1.41126E-13  1.02171E-14  3.83417E-14  6.04537E-17  9.46736E-17
  1.785E+02  9.99829E-01 -4.59136E-14  1.40818E-13  7.66081E-15  2.87567E-14  6.05457E-17  1.89314E-16
  1.790E+02  9.99924E-01 -4.59775E-14  1.40600E-13  5.10625E-15  1.91713E-14  0.00000E+00  6.30969E-17
  1.795E+02  9.99981E-01 -4.60160E-14  1.40469E-13  2.55283E-15  9.58572E-15  6.06501E-17  3.47007E-16
  1.800E+02  1.00000E+00 -4.60283E-14  1.40426E-13  3.58236E-29  1.34521E-28  3.63978E-16  1.33563E-12
