 #  Spin polarization functions (in cm)      MU=(1-cos(TH))/2
 #  Z =  79,   projectile: electron
 #  Kinetic energy = 4.90000E+06 eV
 #
 # TH (deg)      MU            U            S            T      1-U^2-T^2-S^2
 #------------------------------------------------------------------------------
  0.000E+00  0.00000E+00  0.00000E+00  0.00000E+00  1.00000E+00  0.00000E+00
  1.000E-04  7.61557E-13  1.58051E-06  1.50364E-11  1.00000E+00  0.00000E+00
  1.250E-04  1.18994E-12  1.97564E-06  1.87955E-11  1.00000E+00  0.00000E+00
  1.500E-04  1.71346E-12  2.37077E-06  2.25546E-11  1.00000E+00  3.33067E-16
  1.750E-04  2.33225E-12  2.76590E-06  2.63138E-11  1.00000E+00 -2.22045E-16
  2.000E-04  3.04617E-12  3.16103E-06  3.00729E-11  1.00000E+00 -2.22045E-16
  2.250E-04  3.85530E-12  3.55616E-06  3.38320E-11  1.00000E+00  1.11022E-16
  2.500E-04  4.75964E-12  3.95129E-06  3.75912E-11  1.00000E+00  2.22045E-16
  2.750E-04  5.75917E-12  4.34641E-06  4.13503E-11  1.00000E+00  2.22045E-16
  3.000E-04  6.85391E-12  4.74154E-06  4.51095E-11  1.00000E+00  0.00000E+00
  3.250E-04  8.04379E-12  5.13667E-06  4.88687E-11  1.00000E+00  1.11022E-16
  3.500E-04  9.32893E-12  5.53180E-06  5.26279E-11  1.00000E+00 -4.44089E-16
  3.750E-04  1.07092E-11  5.92693E-06  5.63871E-11  1.00000E+00  3.33067E-16
  4.000E-04  1.21847E-11  6.32206E-06  6.01463E-11  1.00000E+00  2.22045E-16
  4.250E-04  1.37554E-11  6.71719E-06  6.39056E-11  1.00000E+00  0.00000E+00
  4.500E-04  1.54213E-11  7.11232E-06  6.76649E-11  1.00000E+00  3.33067E-16
  4.750E-04  1.71823E-11  7.50744E-06  7.14241E-11  1.00000E+00 -4.44089E-16
  5.000E-04  1.90386E-11  7.90257E-06  7.51835E-11  1.00000E+00 -2.22045E-16
  5.250E-04  2.09900E-11  8.29770E-06  7.89428E-11  1.00000E+00  0.00000E+00
  5.500E-04  2.30367E-11  8.69283E-06  8.27021E-11  1.00000E+00  0.00000E+00
  5.750E-04  2.51785E-11  9.08796E-06  8.64615E-11  1.00000E+00  0.00000E+00
  6.000E-04  2.74156E-11  9.48309E-06  9.02209E-11  1.00000E+00  2.22045E-16
  6.250E-04  2.97478E-11  9.87822E-06  9.39803E-11  1.00000E+00 -2.22045E-16
  6.500E-04  3.21752E-11  1.02733E-05  9.77398E-11  1.00000E+00  0.00000E+00
  6.750E-04  3.46979E-11  1.06685E-05  1.01499E-10  1.00000E+00  2.22045E-16
  7.000E-04  3.73157E-11  1.10636E-05  1.05259E-10  1.00000E+00  0.00000E+00
  7.250E-04  4.00286E-11  1.14587E-05  1.09018E-10  1.00000E+00 -2.22045E-16
  7.500E-04  4.28368E-11  1.18539E-05  1.12778E-10  1.00000E+00  1.11022E-16
  7.750E-04  4.57402E-11  1.22490E-05  1.16537E-10  1.00000E+00  3.33067E-16
  8.000E-04  4.87388E-11  1.26441E-05  1.20297E-10  1.00000E+00  2.22045E-16
  8.250E-04  5.18325E-11  1.30392E-05  1.24057E-10  1.00000E+00  3.33067E-16
  8.500E-04  5.50215E-11  1.34344E-05  1.27816E-10  1.00000E+00  1.11022E-16
  8.750E-04  5.83057E-11  1.38295E-05  1.31576E-10  1.00000E+00  1.11022E-16
  9.000E-04  6.16850E-11  1.42246E-05  1.35336E-10  1.00000E+00  0.00000E+00
  9.250E-04  6.51595E-11  1.46198E-05  1.39096E-10  1.00000E+00  1.11022E-16
  9.500E-04  6.87293E-11  1.50149E-05  1.42856E-10  1.00000E+00  1.11022E-16
  9.750E-04  7.23943E-11  1.54100E-05  1.46616E-10  1.00000E+00 -2.22045E-16
  1.000E-03  7.61544E-11  1.58051E-05  1.50376E-10  1.00000E+00  2.22045E-16
  1.250E-03  1.18991E-10  1.97564E-05  1.87978E-10  1.00000E+00  3.33067E-16
  1.500E-03  1.71347E-10  2.37077E-05  2.25585E-10  1.00000E+00 -2.22045E-16
  1.750E-03  2.33223E-10  2.76590E-05  2.63199E-10  1.00000E+00 -2.22045E-16
  2.000E-03  3.04617E-10  3.16103E-05  3.00821E-10  1.00000E+00  0.00000E+00
  2.250E-03  3.85531E-10  3.55616E-05  3.38452E-10  1.00000E+00 -2.22045E-16
  2.500E-03  4.75965E-10  3.95129E-05  3.76094E-10  1.00000E+00 -2.22045E-16
  2.750E-03  5.75917E-10  4.34642E-05  4.13747E-10  1.00000E+00  3.33067E-16
  3.000E-03  6.85389E-10  4.74154E-05  4.51413E-10  1.00000E+00  0.00000E+00
  3.250E-03  8.04380E-10  5.13667E-05  4.89094E-10  1.00000E+00 -4.44089E-16
  3.500E-03  9.32891E-10  5.53180E-05  5.26791E-10  1.00000E+00  0.00000E+00
  3.750E-03  1.07092E-09  5.92693E-05  5.64506E-10  1.00000E+00 -4.44089E-16
  4.000E-03  1.21847E-09  6.32206E-05  6.02240E-10  1.00000E+00 -2.22045E-16
  4.250E-03  1.37554E-09  6.71719E-05  6.39995E-10  1.00000E+00  0.00000E+00
  4.500E-03  1.54213E-09  7.11232E-05  6.77773E-10  1.00000E+00  2.22045E-16
  4.750E-03  1.71823E-09  7.50745E-05  7.15576E-10  1.00000E+00  1.11022E-16
  5.000E-03  1.90386E-09  7.90257E-05  7.53406E-10  1.00000E+00  2.22045E-16
  5.250E-03  2.09900E-09  8.29770E-05  7.91266E-10  1.00000E+00  0.00000E+00
  5.500E-03  2.30367E-09  8.69283E-05  8.29156E-10  1.00000E+00  0.00000E+00
  5.750E-03  2.51785E-09  9.08796E-05  8.67080E-10  1.00000E+00 -2.22045E-16
  6.000E-03  2.74156E-09  9.48309E-05  9.05040E-10  1.00000E+00 -2.22045E-16
  6.250E-03  2.97478E-09  9.87822E-05  9.43038E-10  1.00000E+00  4.44089E-16
  6.500E-03  3.21752E-09  1.02733E-04  9.81077E-10  1.00000E+00 -2.22045E-16
  6.750E-03  3.46978E-09  1.06685E-04  1.01916E-09  1.00000E+00  3.33067E-16
  7.000E-03  3.73156E-09  1.10636E-04  1.05729E-09  1.00000E+00  0.00000E+00
  7.250E-03  4.00286E-09  1.14587E-04  1.09547E-09  1.00000E+00  4.44089E-16
  7.500E-03  4.28368E-09  1.18539E-04  1.13370E-09  1.00000E+00  3.33067E-16
  7.750E-03  4.57402E-09  1.22490E-04  1.17199E-09  1.00000E+00 -2.22045E-16
  8.000E-03  4.87388E-09  1.26441E-04  1.21033E-09  1.00000E+00 -4.44089E-16
  8.250E-03  5.18326E-09  1.30393E-04  1.24874E-09  1.00000E+00 -2.22045E-16
  8.500E-03  5.50215E-09  1.34344E-04  1.28721E-09  1.00000E+00  2.22045E-16
  8.750E-03  5.83057E-09  1.38295E-04  1.32575E-09  1.00000E+00  1.11022E-16
  9.000E-03  6.16850E-09  1.42246E-04  1.36436E-09  1.00000E+00  2.22045E-16
  9.250E-03  6.51596E-09  1.46198E-04  1.40305E-09  1.00000E+00  0.00000E+00
  9.500E-03  6.87293E-09  1.50149E-04  1.44182E-09  1.00000E+00 -2.22045E-16
  9.750E-03  7.23942E-09  1.54100E-04  1.48066E-09  1.00000E+00  1.11022E-16
  1.000E-02  7.61544E-09  1.58052E-04  1.51960E-09  1.00000E+00 -2.22045E-16
  1.250E-02  1.18991E-08  1.97565E-04  1.91458E-09  1.00000E+00  1.11022E-16
  1.500E-02  1.71347E-08  2.37077E-04  2.32258E-09  1.00000E+00  0.00000E+00
  1.750E-02  2.33223E-08  2.76590E-04  2.74738E-09  1.00000E+00  2.22045E-16
  2.000E-02  3.04617E-08  3.16103E-04  3.19199E-09  1.00000E+00  3.33067E-16
  2.250E-02  3.85531E-08  3.55616E-04  3.65834E-09  1.00000E+00 -4.44089E-16
  2.500E-02  4.75965E-08  3.95129E-04  4.14723E-09  1.00000E+00  1.11022E-16
  2.750E-02  5.75917E-08  4.34642E-04  4.65883E-09  1.00000E+00  0.00000E+00
  3.000E-02  6.85389E-08  4.74155E-04  5.19331E-09  1.00000E+00  1.11022E-16
  3.250E-02  8.04380E-08  5.13668E-04  5.75147E-09  1.00000E+00  1.11022E-16
  3.500E-02  9.32891E-08  5.53182E-04  6.33498E-09  1.00000E+00 -2.22045E-16
  3.750E-02  1.07092E-07  5.92695E-04  6.94620E-09  1.00000E+00  0.00000E+00
  4.000E-02  1.21847E-07  6.32208E-04  7.58762E-09  1.00000E+00 -2.22045E-16
  4.250E-02  1.37554E-07  6.71721E-04  8.26104E-09  1.00000E+00  2.22045E-16
  4.500E-02  1.54213E-07  7.11234E-04  8.96716E-09  1.00000E+00  0.00000E+00
  4.750E-02  1.71823E-07  7.50747E-04  9.70547E-09  1.00000E+00  1.11022E-16
  5.000E-02  1.90386E-07  7.90261E-04  1.04748E-08  1.00000E+00 -2.22045E-16
  5.250E-02  2.09900E-07  8.29774E-04  1.12743E-08  1.00000E+00 -2.22045E-16
  5.500E-02  2.30367E-07  8.69287E-04  1.21040E-08  1.00000E+00  0.00000E+00
  5.750E-02  2.51785E-07  9.08801E-04  1.29656E-08  1.00000E+00  0.00000E+00
  6.000E-02  2.74156E-07  9.48314E-04  1.38615E-08  1.00000E+00  0.00000E+00
  6.250E-02  2.97478E-07  9.87827E-04  1.47947E-08  1.00000E+00  0.00000E+00
  6.500E-02  3.21752E-07  1.02734E-03  1.57670E-08  9.99999E-01  3.33067E-16
  6.750E-02  3.46978E-07  1.06685E-03  1.67786E-08  9.99999E-01  2.22045E-16
  7.000E-02  3.73156E-07  1.10637E-03  1.78281E-08  9.99999E-01 -2.22045E-16
  7.250E-02  4.00286E-07  1.14588E-03  1.89127E-08  9.99999E-01  0.00000E+00
  7.500E-02  4.28368E-07  1.18540E-03  2.00304E-08  9.99999E-01 -2.22045E-16
  7.750E-02  4.57402E-07  1.22491E-03  2.11803E-08  9.99999E-01  0.00000E+00
  8.000E-02  4.87388E-07  1.26442E-03  2.23640E-08  9.99999E-01 -2.22045E-16
  8.250E-02  5.18325E-07  1.30394E-03  2.35846E-08  9.99999E-01 -2.22045E-16
  8.500E-02  5.50215E-07  1.34345E-03  2.48461E-08  9.99999E-01 -2.22045E-16
  8.750E-02  5.83057E-07  1.38296E-03  2.61510E-08  9.99999E-01  0.00000E+00
  9.000E-02  6.16850E-07  1.42248E-03  2.75000E-08  9.99999E-01  1.11022E-16
  9.250E-02  6.51596E-07  1.46199E-03  2.88910E-08  9.99999E-01  0.00000E+00
  9.500E-02  6.87293E-07  1.50151E-03  3.03201E-08  9.99999E-01 -2.22045E-16
  9.750E-02  7.23942E-07  1.54102E-03  3.17835E-08  9.99999E-01  0.00000E+00
  1.000E-01  7.61543E-07  1.58053E-03  3.32792E-08  9.99999E-01  0.00000E+00
  1.250E-01  1.18991E-06  1.97568E-03  5.03963E-08  9.99998E-01  3.33067E-16
  1.500E-01  1.71347E-06  2.37083E-03  7.13058E-08  9.99997E-01 -2.22045E-16
  1.750E-01  2.33223E-06  2.76599E-03  9.57955E-08  9.99996E-01  1.11022E-16
  2.000E-01  3.04617E-06  3.16115E-03  1.23688E-07  9.99995E-01  0.00000E+00
  2.250E-01  3.85531E-06  3.55632E-03  1.54912E-07  9.99994E-01  3.33067E-16
  2.500E-01  4.75964E-06  3.95149E-03  1.89470E-07  9.99992E-01 -2.22045E-16
  2.750E-01  5.75916E-06  4.34667E-03  2.27376E-07  9.99991E-01 -2.22045E-16
  3.000E-01  6.85388E-06  4.74186E-03  2.68535E-07  9.99989E-01 -2.22045E-16
  3.250E-01  8.04378E-06  5.13706E-03  3.12840E-07  9.99987E-01  0.00000E+00
  3.500E-01  9.32888E-06  5.53226E-03  3.60191E-07  9.99985E-01 -2.22045E-16
  3.750E-01  1.07092E-05  5.92748E-03  4.10505E-07  9.99982E-01 -2.22045E-16
  4.000E-01  1.21846E-05  6.32270E-03  4.63577E-07  9.99980E-01  1.11022E-16
  4.250E-01  1.37553E-05  6.71793E-03  5.19105E-07  9.99977E-01  3.33067E-16
  4.500E-01  1.54212E-05  7.11317E-03  5.76658E-07  9.99975E-01 -2.22045E-16
  4.750E-01  1.71822E-05  7.50841E-03  6.36007E-07  9.99972E-01  1.11022E-16
  5.000E-01  1.90385E-05  7.90367E-03  6.97381E-07  9.99969E-01  0.00000E+00
  5.250E-01  2.09899E-05  8.29893E-03  7.60970E-07  9.99966E-01  1.11022E-16
  5.500E-01  2.30365E-05  8.69420E-03  8.27000E-07  9.99962E-01  0.00000E+00
  5.750E-01  2.51783E-05  9.08948E-03  8.95416E-07  9.99959E-01  1.11022E-16
  6.000E-01  2.74153E-05  9.48477E-03  9.66215E-07  9.99955E-01  1.11022E-16
  6.250E-01  2.97475E-05  9.88006E-03  1.03944E-06  9.99951E-01 -2.22045E-16
  6.500E-01  3.21749E-05  1.02754E-02  1.11563E-06  9.99947E-01  1.11022E-16
  6.750E-01  3.46974E-05  1.06707E-02  1.19518E-06  9.99943E-01  0.00000E+00
  7.000E-01  3.73152E-05  1.10660E-02  1.27822E-06  9.99939E-01 -2.22045E-16
  7.250E-01  4.00281E-05  1.14613E-02  1.36444E-06  9.99934E-01  0.00000E+00
  7.500E-01  4.28362E-05  1.18566E-02  1.45355E-06  9.99930E-01  2.22045E-16
  7.750E-01  4.57395E-05  1.22520E-02  1.54548E-06  9.99925E-01 -2.22045E-16
  8.000E-01  4.87380E-05  1.26473E-02  1.64058E-06  9.99920E-01  2.22045E-16
  8.250E-01  5.18317E-05  1.30427E-02  1.73906E-06  9.99915E-01 -2.22045E-16
  8.500E-01  5.50205E-05  1.34380E-02  1.84093E-06  9.99910E-01 -4.44089E-16
  8.750E-01  5.83045E-05  1.38334E-02  1.94559E-06  9.99904E-01  3.33067E-16
  9.000E-01  6.16838E-05  1.42287E-02  2.05270E-06  9.99899E-01  0.00000E+00
  9.250E-01  6.51582E-05  1.46241E-02  2.16239E-06  9.99893E-01  1.11022E-16
  9.500E-01  6.87277E-05  1.50195E-02  2.27479E-06  9.99887E-01  2.22045E-16
  9.750E-01  7.23925E-05  1.54149E-02  2.38987E-06  9.99881E-01  0.00000E+00
  1.000E+00  7.61524E-05  1.58103E-02  2.50714E-06  9.99875E-01 -2.22045E-16
  1.100E+00  9.21439E-05  1.73919E-02  2.99808E-06  9.99849E-01  1.11022E-16
  1.200E+00  1.09658E-04  1.89737E-02  3.52194E-06  9.99820E-01  0.00000E+00
  1.300E+00  1.28695E-04  2.05555E-02  4.08149E-06  9.99789E-01  1.11022E-16
  1.400E+00  1.49255E-04  2.21375E-02  4.67920E-06  9.99755E-01  3.33067E-16
  1.500E+00  1.71338E-04  2.37196E-02  5.32033E-06  9.99719E-01 -2.22045E-16
  1.600E+00  1.94942E-04  2.53017E-02  6.01071E-06  9.99680E-01 -2.22045E-16
  1.700E+00  2.20070E-04  2.68839E-02  6.75233E-06  9.99639E-01  1.11022E-16
  1.800E+00  2.46720E-04  2.84663E-02  7.54859E-06  9.99595E-01  0.00000E+00
  1.900E+00  2.74892E-04  3.00487E-02  8.40170E-06  9.99548E-01  0.00000E+00
  2.000E+00  3.04586E-04  3.16311E-02  9.31190E-06  9.99500E-01 -2.22045E-16
  2.100E+00  3.35803E-04  3.32137E-02  1.02803E-05  9.99448E-01  2.22045E-16
  2.200E+00  3.68542E-04  3.47963E-02  1.13072E-05  9.99394E-01 -2.22045E-16
  2.300E+00  4.02802E-04  3.63790E-02  1.23901E-05  9.99338E-01  2.22045E-16
  2.400E+00  4.38585E-04  3.79617E-02  1.35314E-05  9.99279E-01 -2.22045E-16
  2.500E+00  4.75889E-04  3.95445E-02  1.47308E-05  9.99218E-01  0.00000E+00
  2.600E+00  5.14715E-04  4.11274E-02  1.59860E-05  9.99154E-01  0.00000E+00
  2.700E+00  5.55063E-04  4.27103E-02  1.72987E-05  9.99087E-01  2.22045E-16
  2.800E+00  5.96931E-04  4.42932E-02  1.86701E-05  9.99019E-01  0.00000E+00
  2.900E+00  6.40321E-04  4.58763E-02  2.00984E-05  9.98947E-01  0.00000E+00
  3.000E+00  6.85233E-04  4.74593E-02  2.15851E-05  9.98873E-01  2.22045E-16
  3.100E+00  7.31665E-04  4.90424E-02  2.31310E-05  9.98797E-01  2.22045E-16
  3.200E+00  7.79618E-04  5.06256E-02  2.47359E-05  9.98718E-01 -2.22045E-16
  3.300E+00  8.29092E-04  5.22088E-02  2.64015E-05  9.98636E-01  0.00000E+00
  3.400E+00  8.80086E-04  5.37920E-02  2.81279E-05  9.98552E-01  0.00000E+00
  3.500E+00  9.32601E-04  5.53752E-02  2.99163E-05  9.98466E-01 -2.22045E-16
  3.600E+00  9.86636E-04  5.69585E-02  3.17671E-05  9.98377E-01 -2.22045E-16
  3.700E+00  1.04219E-03  5.85418E-02  3.36799E-05  9.98285E-01 -2.22045E-16
  3.800E+00  1.09927E-03  6.01252E-02  3.56577E-05  9.98191E-01  1.11022E-16
  3.900E+00  1.15786E-03  6.17085E-02  3.76987E-05  9.98094E-01  1.11022E-16
  4.000E+00  1.21797E-03  6.32919E-02  3.98026E-05  9.97995E-01  0.00000E+00
  4.100E+00  1.27961E-03  6.48753E-02  4.19737E-05  9.97893E-01  1.11022E-16
  4.200E+00  1.34276E-03  6.64587E-02  4.42088E-05  9.97789E-01  0.00000E+00
  4.300E+00  1.40743E-03  6.80422E-02  4.65074E-05  9.97682E-01  0.00000E+00
  4.400E+00  1.47362E-03  6.96256E-02  4.88755E-05  9.97573E-01 -2.22045E-16
  4.500E+00  1.54133E-03  7.12090E-02  5.13069E-05  9.97461E-01  1.11022E-16
  4.600E+00  1.61056E-03  7.27925E-02  5.38024E-05  9.97347E-01  1.11022E-16
  4.700E+00  1.68131E-03  7.43759E-02  5.63690E-05  9.97230E-01  3.33067E-16
  4.800E+00  1.75357E-03  7.59594E-02  5.89978E-05  9.97111E-01  0.00000E+00
  4.900E+00  1.82735E-03  7.75428E-02  6.16906E-05  9.96989E-01  0.00000E+00
  5.000E+00  1.90265E-03  7.91262E-02  6.44557E-05  9.96865E-01  2.22045E-16
  5.100E+00  1.97947E-03  8.07097E-02  6.72810E-05  9.96738E-01  3.33067E-16
  5.200E+00  2.05780E-03  8.22931E-02  7.01694E-05  9.96608E-01  0.00000E+00
  5.300E+00  2.13765E-03  8.38764E-02  7.31306E-05  9.96476E-01 -2.22045E-16
  5.400E+00  2.21902E-03  8.54598E-02  7.61495E-05  9.96342E-01  1.11022E-16
  5.500E+00  2.30190E-03  8.70432E-02  7.92316E-05  9.96205E-01  0.00000E+00
  5.600E+00  2.38630E-03  8.86265E-02  8.23883E-05  9.96065E-01  1.11022E-16
  5.700E+00  2.47222E-03  9.02098E-02  8.55984E-05  9.95923E-01 -2.22045E-16
  5.800E+00  2.55965E-03  9.17930E-02  8.88694E-05  9.95778E-01 -2.22045E-16
  5.900E+00  2.64859E-03  9.33763E-02  9.22154E-05  9.95631E-01 -2.22045E-16
  6.000E+00  2.73905E-03  9.49595E-02  9.56107E-05  9.95481E-01  4.44089E-16
  6.100E+00  2.83103E-03  9.65426E-02  9.90678E-05  9.95329E-01  1.11022E-16
  6.200E+00  2.92452E-03  9.81257E-02  1.02602E-04  9.95174E-01  1.11022E-16
  6.300E+00  3.01952E-03  9.97088E-02  1.06178E-04  9.95017E-01 -4.44089E-16
  6.400E+00  3.11604E-03  1.01292E-01  1.09813E-04  9.94857E-01  0.00000E+00
  6.500E+00  3.21407E-03  1.02875E-01  1.13527E-04  9.94694E-01 -4.44089E-16
  6.600E+00  3.31362E-03  1.04458E-01  1.17273E-04  9.94529E-01  0.00000E+00
  6.700E+00  3.41468E-03  1.06041E-01  1.21087E-04  9.94362E-01  1.11022E-16
  6.800E+00  3.51725E-03  1.07623E-01  1.24980E-04  9.94192E-01  3.33067E-16
  6.900E+00  3.62133E-03  1.09206E-01  1.28886E-04  9.94019E-01 -2.22045E-16
  7.000E+00  3.72692E-03  1.10789E-01  1.32878E-04  9.93844E-01  0.00000E+00
  7.100E+00  3.83403E-03  1.12371E-01  1.36921E-04  9.93666E-01  2.22045E-16
  7.200E+00  3.94265E-03  1.13954E-01  1.40995E-04  9.93486E-01 -2.22045E-16
  7.300E+00  4.05278E-03  1.15536E-01  1.45143E-04  9.93303E-01  1.11022E-16
  7.400E+00  4.16442E-03  1.17119E-01  1.49348E-04  9.93118E-01  2.22045E-16
  7.500E+00  4.27757E-03  1.18701E-01  1.53568E-04  9.92930E-01  1.11022E-16
  7.600E+00  4.39223E-03  1.20283E-01  1.57872E-04  9.92740E-01 -2.22045E-16
  7.700E+00  4.50840E-03  1.21865E-01  1.62214E-04  9.92547E-01  2.22045E-16
  7.800E+00  4.62608E-03  1.23447E-01  1.66584E-04  9.92351E-01 -2.22045E-16
  7.900E+00  4.74527E-03  1.25029E-01  1.71033E-04  9.92153E-01 -2.22045E-16
  8.000E+00  4.86597E-03  1.26611E-01  1.75512E-04  9.91952E-01  0.00000E+00
  8.100E+00  4.98817E-03  1.28193E-01  1.80022E-04  9.91749E-01  2.22045E-16
  8.200E+00  5.11188E-03  1.29774E-01  1.84596E-04  9.91544E-01  1.11022E-16
  8.300E+00  5.23711E-03  1.31356E-01  1.89198E-04  9.91335E-01 -2.22045E-16
  8.400E+00  5.36383E-03  1.32937E-01  1.93835E-04  9.91124E-01  0.00000E+00
  8.500E+00  5.49207E-03  1.34518E-01  1.98529E-04  9.90911E-01  3.33067E-16
  8.600E+00  5.62181E-03  1.36100E-01  2.03250E-04  9.90695E-01  0.00000E+00
  8.700E+00  5.75306E-03  1.37681E-01  2.08000E-04  9.90477E-01  1.11022E-16
  8.800E+00  5.88581E-03  1.39262E-01  2.12798E-04  9.90256E-01  0.00000E+00
  8.900E+00  6.02007E-03  1.40842E-01  2.17624E-04  9.90032E-01  2.22045E-16
  9.000E+00  6.15583E-03  1.42423E-01  2.22482E-04  9.89806E-01 -2.22045E-16
  9.100E+00  6.29310E-03  1.44003E-01  2.27385E-04  9.89577E-01  4.44089E-16
  9.200E+00  6.43187E-03  1.45584E-01  2.32312E-04  9.89346E-01 -2.22045E-16
  9.300E+00  6.57214E-03  1.47164E-01  2.37261E-04  9.89112E-01 -2.22045E-16
  9.400E+00  6.71392E-03  1.48744E-01  2.42245E-04  9.88876E-01  0.00000E+00
  9.500E+00  6.85720E-03  1.50324E-01  2.47253E-04  9.88637E-01 -2.22045E-16
  9.600E+00  7.00198E-03  1.51904E-01  2.52285E-04  9.88395E-01  2.22045E-16
  9.700E+00  7.14827E-03  1.53484E-01  2.57349E-04  9.88151E-01 -2.22045E-16
  9.800E+00  7.29605E-03  1.55063E-01  2.62431E-04  9.87905E-01  1.11022E-16
  9.900E+00  7.44534E-03  1.56642E-01  2.67528E-04  9.87655E-01 -2.22045E-16
  1.000E+01  7.59612E-03  1.58221E-01  2.72649E-04  9.87404E-01  1.11022E-16
  1.025E+01  7.97965E-03  1.62169E-01  2.85544E-04  9.86763E-01 -2.22045E-16
  1.050E+01  8.37255E-03  1.66114E-01  2.98540E-04  9.86106E-01  2.22045E-16
  1.075E+01  8.77480E-03  1.70059E-01  3.11605E-04  9.85434E-01 -2.22045E-16
  1.100E+01  9.18641E-03  1.74003E-01  3.24733E-04  9.84745E-01 -2.22045E-16
  1.125E+01  9.60736E-03  1.77945E-01  3.37873E-04  9.84040E-01 -2.22045E-16
  1.150E+01  1.00376E-02  1.81886E-01  3.51051E-04  9.83320E-01  0.00000E+00
  1.175E+01  1.04773E-02  1.85825E-01  3.64205E-04  9.82583E-01 -2.22045E-16
  1.200E+01  1.09262E-02  1.89763E-01  3.77328E-04  9.81830E-01  3.33067E-16
  1.225E+01  1.13844E-02  1.93700E-01  3.90392E-04  9.81061E-01 -2.22045E-16
  1.250E+01  1.18520E-02  1.97634E-01  4.03362E-04  9.80276E-01  2.22045E-16
  1.275E+01  1.23288E-02  2.01567E-01  4.16265E-04  9.79475E-01 -2.22045E-16
  1.300E+01  1.28150E-02  2.05499E-01  4.29018E-04  9.78657E-01 -2.22045E-16
  1.325E+01  1.33104E-02  2.09428E-01  4.41641E-04  9.77824E-01  3.33067E-16
  1.350E+01  1.38150E-02  2.13356E-01  4.54079E-04  9.76974E-01  2.22045E-16
  1.375E+01  1.43290E-02  2.17281E-01  4.66329E-04  9.76109E-01  0.00000E+00
  1.400E+01  1.48521E-02  2.21205E-01  4.78400E-04  9.75227E-01  3.33067E-16
  1.425E+01  1.53845E-02  2.25126E-01  4.90194E-04  9.74329E-01  1.11022E-16
  1.450E+01  1.59262E-02  2.29046E-01  5.01745E-04  9.73416E-01  0.00000E+00
  1.475E+01  1.64770E-02  2.32963E-01  5.12974E-04  9.72486E-01  0.00000E+00
  1.500E+01  1.70371E-02  2.36878E-01  5.23935E-04  9.71539E-01 -2.22045E-16
  1.525E+01  1.76063E-02  2.40790E-01  5.34591E-04  9.70577E-01  3.33067E-16
  1.550E+01  1.81848E-02  2.44700E-01  5.44863E-04  9.69599E-01  2.22045E-16
  1.575E+01  1.87724E-02  2.48607E-01  5.54792E-04  9.68604E-01 -2.22045E-16
  1.600E+01  1.93692E-02  2.52512E-01  5.64266E-04  9.67594E-01  3.33067E-16
  1.625E+01  1.99751E-02  2.56414E-01  5.73420E-04  9.66567E-01 -2.22045E-16
  1.650E+01  2.05901E-02  2.60313E-01  5.82114E-04  9.65524E-01  3.33067E-16
  1.675E+01  2.12143E-02  2.64210E-01  5.90359E-04  9.64465E-01  1.11022E-16
  1.700E+01  2.18476E-02  2.68104E-01  5.98131E-04  9.63390E-01  1.11022E-16
  1.725E+01  2.24900E-02  2.71994E-01  6.05348E-04  9.62299E-01  0.00000E+00
  1.750E+01  2.31415E-02  2.75882E-01  6.12193E-04  9.61191E-01 -2.22045E-16
  1.775E+01  2.38021E-02  2.79766E-01  6.18419E-04  9.60068E-01  1.11022E-16
  1.800E+01  2.44717E-02  2.83647E-01  6.24024E-04  9.58929E-01  3.33067E-16
  1.825E+01  2.51504E-02  2.87525E-01  6.29219E-04  9.57773E-01  1.11022E-16
  1.850E+01  2.58382E-02  2.91400E-01  6.33602E-04  9.56601E-01  1.11022E-16
  1.875E+01  2.65349E-02  2.95271E-01  6.37574E-04  9.55413E-01  0.00000E+00
  1.900E+01  2.72407E-02  2.99138E-01  6.40814E-04  9.54210E-01 -2.22045E-16
  1.925E+01  2.79555E-02  3.03002E-01  6.43457E-04  9.52990E-01  1.11022E-16
  1.950E+01  2.86793E-02  3.06862E-01  6.45352E-04  9.51754E-01 -2.22045E-16
  1.975E+01  2.94120E-02  3.10719E-01  6.46676E-04  9.50502E-01  1.11022E-16
  2.000E+01  3.01537E-02  3.14571E-01  6.47290E-04  9.49234E-01  0.00000E+00
  2.025E+01  3.09043E-02  3.18420E-01  6.47218E-04  9.47950E-01  1.11022E-16
  2.050E+01  3.16639E-02  3.22264E-01  6.46370E-04  9.46650E-01  1.11022E-16
  2.075E+01  3.24324E-02  3.26105E-01  6.44778E-04  9.45333E-01  0.00000E+00
  2.100E+01  3.32098E-02  3.29941E-01  6.42484E-04  9.44001E-01  0.00000E+00
  2.125E+01  3.39961E-02  3.33773E-01  6.39407E-04  9.42653E-01  0.00000E+00
  2.150E+01  3.47912E-02  3.37601E-01  6.35517E-04  9.41289E-01 -2.22045E-16
  2.175E+01  3.55952E-02  3.41424E-01  6.30757E-04  9.39909E-01  2.22045E-16
  2.200E+01  3.64081E-02  3.45243E-01  6.25192E-04  9.38513E-01  3.33067E-16
  2.225E+01  3.72297E-02  3.49057E-01  6.18833E-04  9.37101E-01  0.00000E+00
  2.250E+01  3.80602E-02  3.52866E-01  6.11624E-04  9.35674E-01  3.33067E-16
  2.275E+01  3.88995E-02  3.56671E-01  6.03525E-04  9.34230E-01 -2.22045E-16
  2.300E+01  3.97476E-02  3.60471E-01  5.94528E-04  9.32770E-01 -2.22045E-16
  2.325E+01  4.06044E-02  3.64266E-01  5.84705E-04  9.31295E-01  0.00000E+00
  2.350E+01  4.14700E-02  3.68055E-01  5.74045E-04  9.29804E-01  1.11022E-16
  2.375E+01  4.23443E-02  3.71840E-01  5.62484E-04  9.28297E-01  0.00000E+00
  2.400E+01  4.32273E-02  3.75620E-01  5.49969E-04  9.26774E-01  0.00000E+00
  2.425E+01  4.41190E-02  3.79394E-01  5.36511E-04  9.25235E-01  0.00000E+00
  2.450E+01  4.50194E-02  3.83163E-01  5.22163E-04  9.23681E-01  0.00000E+00
  2.475E+01  4.59284E-02  3.86927E-01  5.06887E-04  9.22110E-01  0.00000E+00
  2.500E+01  4.68461E-02  3.90685E-01  4.90604E-04  9.20524E-01  2.22045E-16
  2.550E+01  4.87074E-02  3.98184E-01  4.54941E-04  9.17305E-01  3.33067E-16
  2.600E+01  5.06030E-02  4.05661E-01  4.15408E-04  9.14024E-01  1.11022E-16
  2.650E+01  5.25328E-02  4.13113E-01  3.71754E-04  9.10680E-01  2.22045E-16
  2.700E+01  5.44967E-02  4.20542E-01  3.24161E-04  9.07273E-01 -4.44089E-16
  2.750E+01  5.64946E-02  4.27945E-01  2.72553E-04  9.03805E-01  0.00000E+00
  2.800E+01  5.85262E-02  4.35322E-01  2.16662E-04  9.00275E-01 -2.22045E-16
  2.850E+01  6.05914E-02  4.42674E-01  1.56608E-04  8.96683E-01 -2.22045E-16
  2.900E+01  6.26901E-02  4.49998E-01  9.19293E-05  8.93029E-01 -2.22045E-16
  2.950E+01  6.48222E-02  4.57295E-01  2.29569E-05  8.89315E-01 -2.22045E-16
  3.000E+01  6.69873E-02  4.64564E-01 -5.04425E-05  8.85540E-01 -2.22045E-16
  3.050E+01  6.91854E-02  4.71804E-01 -1.28161E-04  8.81704E-01  0.00000E+00
  3.100E+01  7.14163E-02  4.79014E-01 -2.10026E-04  8.77807E-01  0.00000E+00
  3.150E+01  7.36799E-02  4.86194E-01 -2.96568E-04  8.73851E-01  2.22045E-16
  3.200E+01  7.59760E-02  4.93344E-01 -3.87472E-04  8.69834E-01  0.00000E+00
  3.250E+01  7.83043E-02  5.00462E-01 -4.83326E-04  8.65758E-01  0.00000E+00
  3.300E+01  8.06647E-02  5.07548E-01 -5.83755E-04  8.61623E-01 -2.22045E-16
  3.350E+01  8.30571E-02  5.14602E-01 -6.88633E-04  8.57429E-01 -2.22045E-16
  3.400E+01  8.54812E-02  5.21622E-01 -7.98176E-04  8.53176E-01  0.00000E+00
  3.450E+01  8.79369E-02  5.28609E-01 -9.11608E-04  8.48865E-01  0.00000E+00
  3.500E+01  9.04240E-02  5.35561E-01 -1.03031E-03  8.44496E-01  2.22045E-16
  3.550E+01  9.29422E-02  5.42479E-01 -1.15293E-03  8.40068E-01 -2.22045E-16
  3.600E+01  9.54915E-02  5.49361E-01 -1.28133E-03  8.35584E-01  0.00000E+00
  3.650E+01  9.80716E-02  5.56207E-01 -1.41368E-03  8.31043E-01  0.00000E+00
  3.700E+01  1.00682E-01  5.63016E-01 -1.55124E-03  8.26445E-01  1.11022E-16
  3.750E+01  1.03323E-01  5.69788E-01 -1.69268E-03  8.21790E-01  0.00000E+00
  3.800E+01  1.05995E-01  5.76522E-01 -1.83878E-03  8.17080E-01  0.00000E+00
  3.850E+01  1.08696E-01  5.83218E-01 -1.98940E-03  8.12313E-01  2.22045E-16
  3.900E+01  1.11427E-01  5.89875E-01 -2.14476E-03  8.07492E-01  2.22045E-16
  3.950E+01  1.14188E-01  5.96492E-01 -2.30519E-03  8.02616E-01  1.11022E-16
  4.000E+01  1.16978E-01  6.03069E-01 -2.47021E-03  7.97685E-01  0.00000E+00
  4.050E+01  1.19797E-01  6.09606E-01 -2.63987E-03  7.92700E-01  0.00000E+00
  4.100E+01  1.22645E-01  6.16102E-01 -2.81372E-03  7.87661E-01  0.00000E+00
  4.150E+01  1.25522E-01  6.22556E-01 -2.99191E-03  7.82569E-01  3.33067E-16
  4.200E+01  1.28428E-01  6.28968E-01 -3.17468E-03  7.77424E-01  4.44089E-16
  4.250E+01  1.31361E-01  6.35338E-01 -3.36219E-03  7.72227E-01  0.00000E+00
  4.300E+01  1.34323E-01  6.41664E-01 -3.55465E-03  7.66977E-01  0.00000E+00
  4.350E+01  1.37313E-01  6.47947E-01 -3.75174E-03  7.61676E-01 -2.22045E-16
  4.400E+01  1.40330E-01  6.54186E-01 -3.95327E-03  7.56323E-01  0.00000E+00
  4.450E+01  1.43375E-01  6.60380E-01 -4.15898E-03  7.50920E-01  2.22045E-16
  4.500E+01  1.46447E-01  6.66529E-01 -4.36889E-03  7.45466E-01  0.00000E+00
  4.550E+01  1.49545E-01  6.72633E-01 -4.58329E-03  7.39962E-01  2.22045E-16
  4.600E+01  1.52671E-01  6.78691E-01 -4.80238E-03  7.34408E-01 -2.22045E-16
  4.650E+01  1.55823E-01  6.84702E-01 -5.02631E-03  7.28806E-01  0.00000E+00
  4.700E+01  1.59001E-01  6.90666E-01 -5.25485E-03  7.23155E-01  0.00000E+00
  4.750E+01  1.62205E-01  6.96583E-01 -5.48769E-03  7.17455E-01  2.22045E-16
  4.800E+01  1.65435E-01  7.02452E-01 -5.72461E-03  7.11708E-01  0.00000E+00
  4.850E+01  1.68690E-01  7.08273E-01 -5.96564E-03  7.05913E-01  2.22045E-16
  4.900E+01  1.71970E-01  7.14046E-01 -6.21103E-03  7.00072E-01  1.11022E-16
  4.950E+01  1.75276E-01  7.19769E-01 -6.46105E-03  6.94184E-01  1.11022E-16
  5.000E+01  1.78606E-01  7.25442E-01 -6.71580E-03  6.88250E-01 -4.44089E-16
  5.050E+01  1.81961E-01  7.31066E-01 -6.97509E-03  6.82271E-01  0.00000E+00
  5.100E+01  1.85340E-01  7.36639E-01 -7.23861E-03  6.76247E-01  1.11022E-16
  5.150E+01  1.88743E-01  7.42162E-01 -7.50613E-03  6.70179E-01 -4.44089E-16
  5.200E+01  1.92169E-01  7.47633E-01 -7.77763E-03  6.64066E-01  1.11022E-16
  5.250E+01  1.95619E-01  7.53053E-01 -8.05339E-03  6.57910E-01  0.00000E+00
  5.300E+01  1.99092E-01  7.58422E-01 -8.33367E-03  6.51711E-01 -2.22045E-16
  5.350E+01  2.02589E-01  7.63737E-01 -8.61861E-03  6.45470E-01  0.00000E+00
  5.400E+01  2.06107E-01  7.69000E-01 -8.90805E-03  6.39186E-01  1.11022E-16
  5.450E+01  2.09649E-01  7.74210E-01 -9.20168E-03  6.32862E-01 -4.44089E-16
  5.500E+01  2.13212E-01  7.79367E-01 -9.49923E-03  6.26496E-01  1.11022E-16
  5.550E+01  2.16797E-01  7.84470E-01 -9.80067E-03  6.20090E-01  0.00000E+00
  5.600E+01  2.20404E-01  7.89519E-01 -1.01062E-02  6.13643E-01  1.11022E-16
  5.650E+01  2.24032E-01  7.94513E-01 -1.04163E-02  6.07157E-01  0.00000E+00
  5.700E+01  2.27680E-01  7.99453E-01 -1.07309E-02  6.00633E-01  0.00000E+00
  5.750E+01  2.31350E-01  8.04337E-01 -1.10500E-02  5.94070E-01  0.00000E+00
  5.800E+01  2.35040E-01  8.09166E-01 -1.13733E-02  5.87470E-01  2.22045E-16
  5.850E+01  2.38751E-01  8.13940E-01 -1.17005E-02  5.80832E-01  0.00000E+00
  5.900E+01  2.42481E-01  8.18657E-01 -1.20315E-02  5.74157E-01  0.00000E+00
  5.950E+01  2.46231E-01  8.23318E-01 -1.23665E-02  5.67446E-01  1.11022E-16
  6.000E+01  2.50000E-01  8.27922E-01 -1.27059E-02  5.60699E-01 -2.22045E-16
  6.050E+01  2.53788E-01  8.32470E-01 -1.30499E-02  5.53917E-01  2.22045E-16
  6.100E+01  2.57595E-01  8.36960E-01 -1.33984E-02  5.47101E-01  0.00000E+00
  6.150E+01  2.61421E-01  8.41392E-01 -1.37512E-02  5.40250E-01  3.33067E-16
  6.200E+01  2.65264E-01  8.45767E-01 -1.41078E-02  5.33366E-01  0.00000E+00
  6.250E+01  2.69126E-01  8.50083E-01 -1.44682E-02  5.26449E-01  2.22045E-16
  6.300E+01  2.73005E-01  8.54342E-01 -1.48324E-02  5.19500E-01  2.22045E-16
  6.350E+01  2.76901E-01  8.58542E-01 -1.52011E-02  5.12518E-01  0.00000E+00
  6.400E+01  2.80814E-01  8.62683E-01 -1.55743E-02  5.05506E-01  0.00000E+00
  6.450E+01  2.84744E-01  8.66764E-01 -1.59523E-02  4.98463E-01 -2.22045E-16
  6.500E+01  2.88691E-01  8.70786E-01 -1.63346E-02  4.91390E-01  0.00000E+00
  6.550E+01  2.92653E-01  8.74749E-01 -1.67207E-02  4.84288E-01  6.66134E-16
  6.600E+01  2.96632E-01  8.78652E-01 -1.71104E-02  4.77156E-01  0.00000E+00
  6.650E+01  3.00625E-01  8.82495E-01 -1.75040E-02  4.69995E-01  1.11022E-16
  6.700E+01  3.04634E-01  8.86278E-01 -1.79018E-02  4.62807E-01 -2.22045E-16
  6.750E+01  3.08658E-01  8.90001E-01 -1.83045E-02  4.55592E-01 -2.22045E-16
  6.800E+01  3.12697E-01  8.93662E-01 -1.87123E-02  4.48350E-01  6.66134E-16
  6.850E+01  3.16749E-01  8.97262E-01 -1.91245E-02  4.41083E-01  0.00000E+00
  6.900E+01  3.20816E-01  9.00802E-01 -1.95405E-02  4.33790E-01 -2.22045E-16
  6.950E+01  3.24896E-01  9.04281E-01 -1.99597E-02  4.26472E-01  1.11022E-16
  7.000E+01  3.28990E-01  9.07698E-01 -2.03824E-02  4.19128E-01 -2.22045E-16
  7.050E+01  3.33097E-01  9.11054E-01 -2.08099E-02  4.11761E-01  2.22045E-16
  7.100E+01  3.37216E-01  9.14348E-01 -2.12432E-02  4.04371E-01 -2.22045E-16
  7.150E+01  3.41348E-01  9.17579E-01 -2.16820E-02  3.96961E-01  0.00000E+00
  7.200E+01  3.45492E-01  9.20748E-01 -2.21246E-02  3.89529E-01  0.00000E+00
  7.250E+01  3.49647E-01  9.23857E-01 -2.25697E-02  3.82073E-01  0.00000E+00
  7.300E+01  3.53814E-01  9.26903E-01 -2.30182E-02  3.74595E-01 -4.44089E-16
  7.350E+01  3.57992E-01  9.29886E-01 -2.34720E-02  3.67098E-01 -2.22045E-16
  7.400E+01  3.62181E-01  9.32806E-01 -2.39315E-02  3.59584E-01  0.00000E+00
  7.450E+01  3.66381E-01  9.35663E-01 -2.43961E-02  3.52051E-01  0.00000E+00
  7.500E+01  3.70590E-01  9.38457E-01 -2.48649E-02  3.44499E-01 -2.22045E-16
  7.550E+01  3.74810E-01  9.41189E-01 -2.53373E-02  3.36928E-01 -4.44089E-16
  7.600E+01  3.79039E-01  9.43858E-01 -2.58136E-02  3.29340E-01  0.00000E+00
  7.650E+01  3.83277E-01  9.46464E-01 -2.62945E-02  3.21736E-01  1.11022E-16
  7.700E+01  3.87524E-01  9.49007E-01 -2.67804E-02  3.14117E-01  0.00000E+00
  7.750E+01  3.91780E-01  9.51486E-01 -2.72715E-02  3.06482E-01  2.22045E-16
  7.800E+01  3.96044E-01  9.53901E-01 -2.77674E-02  2.98834E-01 -2.22045E-16
  7.850E+01  4.00316E-01  9.56253E-01 -2.82679E-02  2.91171E-01  0.00000E+00
  7.900E+01  4.04596E-01  9.58542E-01 -2.87726E-02  2.83495E-01  1.11022E-16
  7.950E+01  4.08882E-01  9.60767E-01 -2.92818E-02  2.75805E-01  0.00000E+00
  8.000E+01  4.13176E-01  9.62929E-01 -2.97956E-02  2.68104E-01  0.00000E+00
  8.050E+01  4.17476E-01  9.65027E-01 -3.03145E-02  2.60391E-01  4.44089E-16
  8.100E+01  4.21783E-01  9.67062E-01 -3.08385E-02  2.52668E-01 -2.22045E-16
  8.150E+01  4.26095E-01  9.69032E-01 -3.13677E-02  2.44935E-01  0.00000E+00
  8.200E+01  4.30413E-01  9.70939E-01 -3.19017E-02  2.37192E-01  0.00000E+00
  8.250E+01  4.34737E-01  9.72782E-01 -3.24404E-02  2.29440E-01  2.22045E-16
  8.300E+01  4.39065E-01  9.74561E-01 -3.29839E-02  2.21680E-01 -2.22045E-16
  8.350E+01  4.43398E-01  9.76277E-01 -3.35324E-02  2.13912E-01 -2.22045E-16
  8.400E+01  4.47736E-01  9.77929E-01 -3.40860E-02  2.06137E-01 -2.22045E-16
  8.450E+01  4.52077E-01  9.79517E-01 -3.46449E-02  1.98356E-01  0.00000E+00
  8.500E+01  4.56422E-01  9.81042E-01 -3.52093E-02  1.90570E-01  2.22045E-16
  8.550E+01  4.60770E-01  9.82503E-01 -3.57789E-02  1.82779E-01  1.11022E-16
  8.600E+01  4.65122E-01  9.83900E-01 -3.63537E-02  1.74983E-01  2.22045E-16
  8.650E+01  4.69476E-01  9.85234E-01 -3.69336E-02  1.67183E-01  0.00000E+00
  8.700E+01  4.73832E-01  9.86504E-01 -3.75187E-02  1.59380E-01 -4.44089E-16
  8.750E+01  4.78190E-01  9.87711E-01 -3.81093E-02  1.51574E-01  1.11022E-16
  8.800E+01  4.82550E-01  9.88854E-01 -3.87056E-02  1.43767E-01 -4.44089E-16
  8.850E+01  4.86912E-01  9.89934E-01 -3.93076E-02  1.35959E-01  1.11022E-16
  8.900E+01  4.91274E-01  9.90951E-01 -3.99154E-02  1.28151E-01  0.00000E+00
  8.950E+01  4.95637E-01  9.91905E-01 -4.05287E-02  1.20343E-01  0.00000E+00
  9.000E+01  5.00000E-01  9.92795E-01 -4.11476E-02  1.12535E-01  3.33067E-16
  9.050E+01  5.04363E-01  9.93623E-01 -4.17722E-02  1.04728E-01  2.22045E-16
  9.100E+01  5.08726E-01  9.94388E-01 -4.24026E-02  9.69242E-02  0.00000E+00
  9.150E+01  5.13088E-01  9.95090E-01 -4.30391E-02  8.91229E-02 -4.44089E-16
  9.200E+01  5.17450E-01  9.95730E-01 -4.36818E-02  8.13253E-02  0.00000E+00
  9.250E+01  5.21810E-01  9.96307E-01 -4.43307E-02  7.35320E-02 -4.44089E-16
  9.300E+01  5.26168E-01  9.96822E-01 -4.49858E-02  6.57434E-02 -2.22045E-16
  9.350E+01  5.30524E-01  9.97275E-01 -4.56469E-02  5.79601E-02  2.22045E-16
  9.400E+01  5.34878E-01  9.97666E-01 -4.63143E-02  5.01827E-02  1.11022E-16
  9.450E+01  5.39230E-01  9.97995E-01 -4.69879E-02  4.24120E-02  2.22045E-16
  9.500E+01  5.43578E-01  9.98262E-01 -4.76682E-02  3.46489E-02 -2.22045E-16
  9.550E+01  5.47923E-01  9.98468E-01 -4.83552E-02  2.68941E-02 -4.44089E-16
  9.600E+01  5.52264E-01  9.98613E-01 -4.90489E-02  1.91483E-02  2.22045E-16
  9.650E+01  5.56602E-01  9.98697E-01 -4.97495E-02  1.14120E-02 -2.22045E-16
  9.700E+01  5.60935E-01  9.98719E-01 -5.04568E-02  3.68565E-03  1.11022E-16
  9.750E+01  5.65263E-01  9.98682E-01 -5.11709E-02 -4.03011E-03  0.00000E+00
  9.800E+01  5.69587E-01  9.98584E-01 -5.18920E-02 -1.17346E-02 -4.44089E-16
  9.850E+01  5.73905E-01  9.98426E-01 -5.26203E-02 -1.94268E-02 -4.44089E-16
  9.900E+01  5.78217E-01  9.98208E-01 -5.33559E-02 -2.71059E-02  2.22045E-16
  9.950E+01  5.82524E-01  9.97930E-01 -5.40991E-02 -3.47713E-02  0.00000E+00
  1.000E+02  5.86824E-01  9.97593E-01 -5.48498E-02 -4.24224E-02  4.44089E-16
  1.005E+02  5.91118E-01  9.97197E-01 -5.56080E-02 -5.00588E-02  4.44089E-16
  1.010E+02  5.95404E-01  9.96742E-01 -5.63737E-02 -5.76798E-02 -2.22045E-16
  1.015E+02  5.99684E-01  9.96229E-01 -5.71472E-02 -6.52849E-02  0.00000E+00
  1.020E+02  6.03956E-01  9.95657E-01 -5.79287E-02 -7.28729E-02 -2.22045E-16
  1.025E+02  6.08220E-01  9.95028E-01 -5.87183E-02 -8.04432E-02  0.00000E+00
  1.030E+02  6.12476E-01  9.94341E-01 -5.95163E-02 -8.79948E-02  2.22045E-16
  1.035E+02  6.16723E-01  9.93597E-01 -6.03226E-02 -9.55274E-02  0.00000E+00
  1.040E+02  6.20961E-01  9.92797E-01 -6.11375E-02 -1.03040E-01 -2.22045E-16
  1.045E+02  6.25190E-01  9.91939E-01 -6.19608E-02 -1.10533E-01 -2.22045E-16
  1.050E+02  6.29410E-01  9.91026E-01 -6.27927E-02 -1.18005E-01 -2.22045E-16
  1.055E+02  6.33619E-01  9.90056E-01 -6.36336E-02 -1.25455E-01  0.00000E+00
  1.060E+02  6.37819E-01  9.89032E-01 -6.44835E-02 -1.32883E-01  1.11022E-16
  1.065E+02  6.42008E-01  9.87952E-01 -6.53429E-02 -1.40287E-01  0.00000E+00
  1.070E+02  6.46186E-01  9.86818E-01 -6.62117E-02 -1.47667E-01  1.11022E-16
  1.075E+02  6.50353E-01  9.85630E-01 -6.70902E-02 -1.55022E-01  2.22045E-16
  1.080E+02  6.54508E-01  9.84388E-01 -6.79781E-02 -1.62352E-01  4.44089E-16
  1.085E+02  6.58652E-01  9.83093E-01 -6.88759E-02 -1.69657E-01 -4.44089E-16
  1.090E+02  6.62784E-01  9.81746E-01 -6.97836E-02 -1.76935E-01 -2.22045E-16
  1.095E+02  6.66903E-01  9.80345E-01 -7.07017E-02 -1.84185E-01  1.11022E-16
  1.100E+02  6.71010E-01  9.78893E-01 -7.16304E-02 -1.91407E-01 -4.44089E-16
  1.105E+02  6.75104E-01  9.77390E-01 -7.25699E-02 -1.98600E-01  3.33067E-16
  1.110E+02  6.79184E-01  9.75836E-01 -7.35202E-02 -2.05763E-01  4.44089E-16
  1.115E+02  6.83251E-01  9.74232E-01 -7.44815E-02 -2.12896E-01  0.00000E+00
  1.120E+02  6.87303E-01  9.72578E-01 -7.54540E-02 -2.19998E-01 -2.22045E-16
  1.125E+02  6.91342E-01  9.70875E-01 -7.64378E-02 -2.27068E-01  0.00000E+00
  1.130E+02  6.95366E-01  9.69123E-01 -7.74334E-02 -2.34106E-01  0.00000E+00
  1.135E+02  6.99375E-01  9.67323E-01 -7.84411E-02 -2.41110E-01 -2.22045E-16
  1.140E+02  7.03368E-01  9.65475E-01 -7.94612E-02 -2.48080E-01  0.00000E+00
  1.145E+02  7.07347E-01  9.63581E-01 -8.04937E-02 -2.55014E-01  0.00000E+00
  1.150E+02  7.11309E-01  9.61641E-01 -8.15389E-02 -2.61913E-01 -2.22045E-16
  1.155E+02  7.15256E-01  9.59655E-01 -8.25969E-02 -2.68777E-01  0.00000E+00
  1.160E+02  7.19186E-01  9.57624E-01 -8.36680E-02 -2.75603E-01  0.00000E+00
  1.165E+02  7.23099E-01  9.55548E-01 -8.47527E-02 -2.82391E-01  5.55112E-16
  1.170E+02  7.26995E-01  9.53429E-01 -8.58513E-02 -2.89140E-01  2.22045E-16
  1.175E+02  7.30874E-01  9.51268E-01 -8.69641E-02 -2.95849E-01  4.44089E-16
  1.180E+02  7.34736E-01  9.49064E-01 -8.80915E-02 -3.02518E-01  4.44089E-16
  1.185E+02  7.38579E-01  9.46819E-01 -8.92335E-02 -3.09146E-01 -2.22045E-16
  1.190E+02  7.42405E-01  9.44533E-01 -9.03904E-02 -3.15732E-01 -2.22045E-16
  1.195E+02  7.46212E-01  9.42207E-01 -9.15626E-02 -3.22276E-01 -2.22045E-16
  1.200E+02  7.50000E-01  9.39843E-01 -9.27505E-02 -3.28775E-01 -4.44089E-16
  1.205E+02  7.53769E-01  9.37440E-01 -9.39546E-02 -3.35231E-01  0.00000E+00
  1.210E+02  7.57519E-01  9.34999E-01 -9.51753E-02 -3.41640E-01  2.22045E-16
  1.215E+02  7.61249E-01  9.32523E-01 -9.64129E-02 -3.48003E-01  1.11022E-16
  1.220E+02  7.64960E-01  9.30010E-01 -9.76678E-02 -3.54319E-01  0.00000E+00
  1.225E+02  7.68650E-01  9.27463E-01 -9.89402E-02 -3.60587E-01  0.00000E+00
  1.230E+02  7.72320E-01  9.24882E-01 -1.00230E-01 -3.66807E-01  2.22045E-16
  1.235E+02  7.75968E-01  9.22268E-01 -1.01539E-01 -3.72977E-01 -4.44089E-16
  1.240E+02  7.79596E-01  9.19622E-01 -1.02867E-01 -3.79096E-01  0.00000E+00
  1.245E+02  7.83203E-01  9.16946E-01 -1.04214E-01 -3.85162E-01  0.00000E+00
  1.250E+02  7.86788E-01  9.14239E-01 -1.05582E-01 -3.91176E-01  0.00000E+00
  1.255E+02  7.90351E-01  9.11505E-01 -1.06969E-01 -3.97136E-01  0.00000E+00
  1.260E+02  7.93893E-01  9.08742E-01 -1.08378E-01 -4.03042E-01  1.11022E-16
  1.265E+02  7.97411E-01  9.05952E-01 -1.09808E-01 -4.08892E-01 -4.44089E-16
  1.270E+02  8.00908E-01  9.03137E-01 -1.11259E-01 -4.14686E-01 -4.44089E-16
  1.275E+02  8.04381E-01  9.00298E-01 -1.12733E-01 -4.20422E-01  1.11022E-16
  1.280E+02  8.07831E-01  8.97436E-01 -1.14231E-01 -4.26098E-01 -4.44089E-16
  1.285E+02  8.11257E-01  8.94553E-01 -1.15752E-01 -4.31714E-01  1.11022E-16
  1.290E+02  8.14660E-01  8.91649E-01 -1.17298E-01 -4.37269E-01  1.11022E-16
  1.295E+02  8.18039E-01  8.88725E-01 -1.18869E-01 -4.42761E-01 -4.44089E-16
  1.300E+02  8.21394E-01  8.85784E-01 -1.20465E-01 -4.48191E-01  0.00000E+00
  1.305E+02  8.24724E-01  8.82826E-01 -1.22088E-01 -4.53556E-01  2.22045E-16
  1.310E+02  8.28030E-01  8.79853E-01 -1.23737E-01 -4.58854E-01  5.55112E-16
  1.315E+02  8.31310E-01  8.76867E-01 -1.25415E-01 -4.64085E-01  2.22045E-16
  1.320E+02  8.34565E-01  8.73869E-01 -1.27121E-01 -4.69247E-01  0.00000E+00
  1.325E+02  8.37795E-01  8.70861E-01 -1.28857E-01 -4.74338E-01  0.00000E+00
  1.330E+02  8.40999E-01  8.67844E-01 -1.30623E-01 -4.79358E-01 -4.44089E-16
  1.335E+02  8.44177E-01  8.64820E-01 -1.32421E-01 -4.84306E-01  6.66134E-16
  1.340E+02  8.47329E-01  8.61789E-01 -1.34250E-01 -4.89179E-01 -2.22045E-16
  1.345E+02  8.50455E-01  8.58755E-01 -1.36112E-01 -4.93976E-01 -4.44089E-16
  1.350E+02  8.53553E-01  8.55720E-01 -1.38008E-01 -4.98695E-01  2.22045E-16
  1.355E+02  8.56625E-01  8.52685E-01 -1.39940E-01 -5.03334E-01  0.00000E+00
  1.360E+02  8.59670E-01  8.49652E-01 -1.41907E-01 -5.07891E-01  0.00000E+00
  1.365E+02  8.62687E-01  8.46623E-01 -1.43912E-01 -5.12366E-01  0.00000E+00
  1.370E+02  8.65677E-01  8.43600E-01 -1.45955E-01 -5.16756E-01 -4.44089E-16
  1.375E+02  8.68639E-01  8.40585E-01 -1.48037E-01 -5.21059E-01  0.00000E+00
  1.380E+02  8.71572E-01  8.37580E-01 -1.50160E-01 -5.25274E-01  0.00000E+00
  1.385E+02  8.74478E-01  8.34588E-01 -1.52324E-01 -5.29397E-01  0.00000E+00
  1.390E+02  8.77355E-01  8.31611E-01 -1.54533E-01 -5.33426E-01  3.33067E-16
  1.395E+02  8.80203E-01  8.28652E-01 -1.56786E-01 -5.37358E-01  2.22045E-16
  1.400E+02  8.83022E-01  8.25714E-01 -1.59086E-01 -5.41192E-01  0.00000E+00
  1.405E+02  8.85812E-01  8.22798E-01 -1.61433E-01 -5.44925E-01  0.00000E+00
  1.410E+02  8.88573E-01  8.19906E-01 -1.63829E-01 -5.48556E-01 -2.22045E-16
  1.415E+02  8.91304E-01  8.17043E-01 -1.66276E-01 -5.52081E-01 -4.44089E-16
  1.420E+02  8.94005E-01  8.14211E-01 -1.68776E-01 -5.55496E-01  0.00000E+00
  1.425E+02  8.96677E-01  8.11413E-01 -1.71330E-01 -5.58797E-01  0.00000E+00
  1.430E+02  8.99318E-01  8.08655E-01 -1.73941E-01 -5.61980E-01 -2.22045E-16
  1.435E+02  9.01928E-01  8.05937E-01 -1.76611E-01 -5.65044E-01  0.00000E+00
  1.440E+02  9.04508E-01  8.03262E-01 -1.79339E-01 -5.67986E-01  0.00000E+00
  1.445E+02  9.07058E-01  8.00632E-01 -1.82131E-01 -5.70803E-01 -2.22045E-16
  1.450E+02  9.09576E-01  7.98055E-01 -1.84987E-01 -5.73488E-01 -4.44089E-16
  1.455E+02  9.12063E-01  7.95533E-01 -1.87909E-01 -5.76036E-01  1.11022E-16
  1.460E+02  9.14519E-01  7.93072E-01 -1.90902E-01 -5.78441E-01  1.11022E-16
  1.465E+02  9.16943E-01  7.90673E-01 -1.93967E-01 -5.80700E-01  4.44089E-16
  1.470E+02  9.19335E-01  7.88342E-01 -1.97106E-01 -5.82809E-01  2.22045E-16
  1.475E+02  9.21696E-01  7.86081E-01 -2.00322E-01 -5.84763E-01  0.00000E+00
  1.480E+02  9.24024E-01  7.83896E-01 -2.03618E-01 -5.86555E-01  0.00000E+00
  1.485E+02  9.26320E-01  7.81792E-01 -2.06997E-01 -5.88178E-01  0.00000E+00
  1.490E+02  9.28584E-01  7.79776E-01 -2.10462E-01 -5.89623E-01  2.22045E-16
  1.495E+02  9.30815E-01  7.77851E-01 -2.14018E-01 -5.90884E-01 -2.22045E-16
  1.500E+02  9.33013E-01  7.76024E-01 -2.17667E-01 -5.91953E-01  2.22045E-16
  1.505E+02  9.35178E-01  7.74299E-01 -2.21412E-01 -5.92822E-01 -2.22045E-16
  1.510E+02  9.37310E-01  7.72682E-01 -2.25257E-01 -5.93483E-01  1.11022E-16
  1.515E+02  9.39409E-01  7.71178E-01 -2.29206E-01 -5.93926E-01  0.00000E+00
  1.520E+02  9.41474E-01  7.69795E-01 -2.33264E-01 -5.94140E-01 -2.22045E-16
  1.525E+02  9.43505E-01  7.68541E-01 -2.37434E-01 -5.94113E-01 -4.44089E-16
  1.530E+02  9.45503E-01  7.67421E-01 -2.41722E-01 -5.93831E-01  2.22045E-16
  1.535E+02  9.47467E-01  7.66443E-01 -2.46132E-01 -5.93282E-01 -2.22045E-16
  1.540E+02  9.49397E-01  7.65615E-01 -2.50668E-01 -5.92452E-01  4.44089E-16
  1.545E+02  9.51293E-01  7.64942E-01 -2.55335E-01 -5.91328E-01 -4.44089E-16
  1.550E+02  9.53154E-01  7.64432E-01 -2.60139E-01 -5.89891E-01  3.33067E-16
  1.555E+02  9.54981E-01  7.64095E-01 -2.65085E-01 -5.88123E-01  0.00000E+00
  1.560E+02  9.56773E-01  7.63940E-01 -2.70178E-01 -5.86003E-01  2.22045E-16
  1.565E+02  9.58530E-01  7.63975E-01 -2.75425E-01 -5.83509E-01  0.00000E+00
  1.570E+02  9.60252E-01  7.64210E-01 -2.80831E-01 -5.80617E-01  0.00000E+00
  1.575E+02  9.61940E-01  7.64653E-01 -2.86403E-01 -5.77303E-01 -2.22045E-16
  1.580E+02  9.63592E-01  7.65313E-01 -2.92145E-01 -5.73540E-01 -2.22045E-16
  1.585E+02  9.65209E-01  7.66198E-01 -2.98065E-01 -5.69297E-01  0.00000E+00
  1.590E+02  9.66790E-01  7.67318E-01 -3.04168E-01 -5.64540E-01  0.00000E+00
  1.595E+02  9.68336E-01  7.68684E-01 -3.10461E-01 -5.59231E-01  0.00000E+00
  1.600E+02  9.69846E-01  7.70305E-01 -3.16950E-01 -5.53329E-01  2.22045E-16
  1.605E+02  9.71321E-01  7.72191E-01 -3.23641E-01 -5.46789E-01 -2.22045E-16
  1.610E+02  9.72759E-01  7.74349E-01 -3.30539E-01 -5.39563E-01 -2.22045E-16
  1.615E+02  9.74162E-01  7.76786E-01 -3.37650E-01 -5.31599E-01 -2.22045E-16
  1.620E+02  9.75528E-01  7.79508E-01 -3.44976E-01 -5.22838E-01 -2.22045E-16
  1.625E+02  9.76858E-01  7.82521E-01 -3.52523E-01 -5.13215E-01  0.00000E+00
  1.630E+02  9.78152E-01  7.85829E-01 -3.60291E-01 -5.02655E-01  0.00000E+00
  1.635E+02  9.79410E-01  7.89436E-01 -3.68283E-01 -4.91079E-01  0.00000E+00
  1.640E+02  9.80631E-01  7.93339E-01 -3.76496E-01 -4.78397E-01  0.00000E+00
  1.645E+02  9.81815E-01  7.97534E-01 -3.84927E-01 -4.64512E-01  0.00000E+00
  1.650E+02  9.82963E-01  8.02008E-01 -3.93568E-01 -4.49320E-01  0.00000E+00
  1.655E+02  9.84074E-01  8.06745E-01 -4.02406E-01 -4.32702E-01  4.44089E-16
  1.660E+02  9.85148E-01  8.11723E-01 -4.11427E-01 -4.14528E-01  0.00000E+00
  1.665E+02  9.86185E-01  8.16910E-01 -4.20605E-01 -3.94651E-01  0.00000E+00
  1.670E+02  9.87185E-01  8.22262E-01 -4.29911E-01 -3.72910E-01  1.11022E-16
  1.675E+02  9.88148E-01  8.27721E-01 -4.39303E-01 -3.49129E-01 -2.22045E-16
  1.680E+02  9.89074E-01  8.33211E-01 -4.48725E-01 -3.23118E-01  6.66134E-16
  1.685E+02  9.89962E-01  8.38632E-01 -4.58111E-01 -2.94672E-01  4.44089E-16
  1.690E+02  9.90814E-01  8.43859E-01 -4.67370E-01 -2.63568E-01 -4.44089E-16
  1.695E+02  9.91627E-01  8.48734E-01 -4.76393E-01 -2.29566E-01  0.00000E+00
  1.700E+02  9.92404E-01  8.53061E-01 -4.85041E-01 -1.92410E-01  0.00000E+00
  1.705E+02  9.93143E-01  8.56597E-01 -4.93142E-01 -1.51834E-01  2.22045E-16
  1.710E+02  9.93844E-01  8.59039E-01 -5.00482E-01 -1.07565E-01  2.22045E-16
  1.715E+02  9.94508E-01  8.60017E-01 -5.06803E-01 -5.93425E-02  0.00000E+00
  1.720E+02  9.95134E-01  8.59083E-01 -5.11789E-01 -6.92616E-03 -2.22045E-16
  1.725E+02  9.95722E-01  8.55699E-01 -5.15064E-01  4.98857E-02 -2.22045E-16
  1.730E+02  9.96273E-01  8.49227E-01 -5.16180E-01  1.11232E-01  0.00000E+00
  1.735E+02  9.96786E-01  8.38921E-01 -5.14614E-01  1.77156E-01 -2.22045E-16
  1.740E+02  9.97261E-01  8.23928E-01 -5.09763E-01  2.47556E-01  2.22045E-16
  1.745E+02  9.97698E-01  8.03289E-01 -5.00956E-01  3.22135E-01 -2.22045E-16
  1.750E+02  9.98097E-01  7.75964E-01 -4.87461E-01  4.00326E-01  0.00000E+00
  1.755E+02  9.98459E-01  7.40877E-01 -4.68524E-01  4.81235E-01 -2.22045E-16
  1.760E+02  9.98782E-01  6.96974E-01 -4.43408E-01  5.63575E-01  2.22045E-16
  1.765E+02  9.99067E-01  6.43325E-01 -4.11458E-01  6.45628E-01  0.00000E+00
  1.770E+02  9.99315E-01  5.79237E-01 -3.72190E-01  7.25230E-01 -2.22045E-16
  1.775E+02  9.99524E-01  5.04404E-01 -3.25385E-01  7.99813E-01 -2.22045E-16
  1.780E+02  9.99695E-01  4.19045E-01 -2.71195E-01  8.66518E-01  0.00000E+00
  1.785E+02  9.99829E-01  3.24029E-01 -2.10231E-01  9.22393E-01  1.11022E-16
  1.790E+02  9.99924E-01  2.20931E-01 -1.43598E-01  9.64660E-01  0.00000E+00
  1.795E+02  9.99981E-01  1.11997E-01 -7.28731E-02  9.91033E-01  1.11022E-16
  1.800E+02  1.00000E+00  1.57901E-15 -1.02777E-15  1.00000E+00  0.00000E+00
