 #  Scattering amplitudes (in cm)      MU=(1-cos(TH))/2
 #  Z =  47,   projectile: electron
 #  Kinetic energy = 6.00000E+06 eV
 #
 # TH (deg)      MU          Re(F)        Im(F)        Re(G)        Im(G)        ERRF         ERRG 
 #-----------------------------------------------------------------------------------------------------------------
  0.000E+00  0.00000E+00  1.08093E-06  1.13182E-07  0.00000E+00  0.00000E+00  5.05841E-09  0.00000E+00
  1.000E-04  7.61557E-13  1.08093E-06  1.13182E-07  8.69253E-13  9.10217E-14  5.05649E-09  1.19575E-07
  1.250E-04  1.18994E-12  1.08092E-06  1.13182E-07  1.08656E-12  1.13777E-13  5.05541E-09  1.19563E-07
  1.500E-04  1.71346E-12  1.08092E-06  1.13182E-07  1.30387E-12  1.36532E-13  5.05408E-09  1.19547E-07
  1.750E-04  2.33225E-12  1.08092E-06  1.13182E-07  1.52118E-12  1.59288E-13  5.05252E-09  1.19529E-07
  2.000E-04  3.04617E-12  1.08091E-06  1.13182E-07  1.73848E-12  1.82043E-13  5.05071E-09  1.19508E-07
  2.250E-04  3.85530E-12  1.08091E-06  1.13182E-07  1.95578E-12  2.04798E-13  5.04867E-09  1.19484E-07
  2.500E-04  4.75964E-12  1.08090E-06  1.13182E-07  2.17308E-12  2.27554E-13  5.04639E-09  1.19457E-07
  2.750E-04  5.75917E-12  1.08089E-06  1.13182E-07  2.39037E-12  2.50309E-13  5.04386E-09  1.19428E-07
  3.000E-04  6.85391E-12  1.08089E-06  1.13182E-07  2.60766E-12  2.73064E-13  5.04110E-09  1.19396E-07
  3.250E-04  8.04379E-12  1.08088E-06  1.13182E-07  2.82495E-12  2.95819E-13  5.03810E-09  1.19360E-07
  3.500E-04  9.32893E-12  1.08087E-06  1.13182E-07  3.04223E-12  3.18574E-13  5.03485E-09  1.19323E-07
  3.750E-04  1.07092E-11  1.08086E-06  1.13182E-07  3.25951E-12  3.41330E-13  5.03137E-09  1.19282E-07
  4.000E-04  1.21847E-11  1.08085E-06  1.13182E-07  3.47678E-12  3.64085E-13  5.02765E-09  1.19238E-07
  4.250E-04  1.37554E-11  1.08084E-06  1.13181E-07  3.69404E-12  3.86840E-13  5.02369E-09  1.19192E-07
  4.500E-04  1.54213E-11  1.08083E-06  1.13181E-07  3.91130E-12  4.09595E-13  5.01950E-09  1.19143E-07
  4.750E-04  1.71823E-11  1.08082E-06  1.13181E-07  4.12855E-12  4.32349E-13  5.01506E-09  1.19091E-07
  5.000E-04  1.90386E-11  1.08081E-06  1.13181E-07  4.34579E-12  4.55104E-13  5.01039E-09  1.19036E-07
  5.250E-04  2.09900E-11  1.08080E-06  1.13181E-07  4.56303E-12  4.77859E-13  5.00548E-09  1.18979E-07
  5.500E-04  2.30367E-11  1.08078E-06  1.13181E-07  4.78026E-12  5.00614E-13  5.00033E-09  1.18919E-07
  5.750E-04  2.51785E-11  1.08077E-06  1.13181E-07  4.99748E-12  5.23368E-13  4.99495E-09  1.18856E-07
  6.000E-04  2.74156E-11  1.08075E-06  1.13181E-07  5.21469E-12  5.46123E-13  4.98933E-09  1.18790E-07
  6.250E-04  2.97478E-11  1.08074E-06  1.13181E-07  5.43189E-12  5.68877E-13  4.98348E-09  1.18721E-07
  6.500E-04  3.21752E-11  1.08072E-06  1.13180E-07  5.64909E-12  5.91632E-13  4.97738E-09  1.18650E-07
  6.750E-04  3.46979E-11  1.08071E-06  1.13180E-07  5.86627E-12  6.14386E-13  4.97106E-09  1.18576E-07
  7.000E-04  3.73157E-11  1.08069E-06  1.13180E-07  6.08344E-12  6.37140E-13  4.96450E-09  1.18499E-07
  7.250E-04  4.00286E-11  1.08067E-06  1.13180E-07  6.30061E-12  6.59894E-13  4.95770E-09  1.18419E-07
  7.500E-04  4.28368E-11  1.08065E-06  1.13180E-07  6.51776E-12  6.82648E-13  4.95067E-09  1.18337E-07
  7.750E-04  4.57402E-11  1.08064E-06  1.13180E-07  6.73490E-12  7.05402E-13  4.94341E-09  1.18252E-07
  8.000E-04  4.87388E-11  1.08062E-06  1.13179E-07  6.95203E-12  7.28156E-13  4.93592E-09  1.18164E-07
  8.250E-04  5.18325E-11  1.08060E-06  1.13179E-07  7.16915E-12  7.50909E-13  4.92819E-09  1.18073E-07
  8.500E-04  5.50215E-11  1.08058E-06  1.13179E-07  7.38626E-12  7.73663E-13  4.92023E-09  1.17980E-07
  8.750E-04  5.83057E-11  1.08056E-06  1.13179E-07  7.60335E-12  7.96416E-13  4.91204E-09  1.17884E-07
  9.000E-04  6.16850E-11  1.08053E-06  1.13179E-07  7.82043E-12  8.19170E-13  4.90362E-09  1.17785E-07
  9.250E-04  6.51595E-11  1.08051E-06  1.13178E-07  8.03750E-12  8.41923E-13  4.89498E-09  1.17683E-07
  9.500E-04  6.87293E-11  1.08049E-06  1.13178E-07  8.25456E-12  8.64676E-13  4.88610E-09  1.17579E-07
  9.750E-04  7.23943E-11  1.08046E-06  1.13178E-07  8.47160E-12  8.87429E-13  4.87699E-09  1.17472E-07
  1.000E-03  7.61544E-11  1.08044E-06  1.13178E-07  8.68862E-12  9.10182E-13  4.86765E-09  1.17362E-07
  1.250E-03  1.18991E-10  1.08016E-06  1.13175E-07  1.08580E-11  1.13770E-12  4.76191E-09  1.16117E-07
  1.500E-03  1.71347E-10  1.07983E-06  1.13172E-07  1.30255E-11  1.36521E-12  4.63417E-09  1.14606E-07
  1.750E-03  2.33223E-10  1.07943E-06  1.13169E-07  1.51909E-11  1.59269E-12  4.48532E-09  1.12837E-07
  2.000E-03  3.04617E-10  1.07897E-06  1.13165E-07  1.73536E-11  1.82015E-12  4.31640E-09  1.10818E-07
  2.250E-03  3.85531E-10  1.07845E-06  1.13160E-07  1.95134E-11  2.04759E-12  4.12857E-09  1.08558E-07
  2.500E-03  4.75965E-10  1.07787E-06  1.13155E-07  2.16699E-11  2.27499E-12  3.92314E-09  1.06067E-07
  2.750E-03  5.75917E-10  1.07723E-06  1.13149E-07  2.38228E-11  2.50237E-12  3.70152E-09  1.03356E-07
  3.000E-03  6.85389E-10  1.07653E-06  1.13143E-07  2.59717E-11  2.72970E-12  3.46523E-09  1.00438E-07
  3.250E-03  8.04380E-10  1.07578E-06  1.13136E-07  2.81162E-11  2.95700E-12  3.21589E-09  9.73257E-08
  3.500E-03  9.32891E-10  1.07496E-06  1.13129E-07  3.02560E-11  3.18426E-12  2.95522E-09  9.40327E-08
  3.750E-03  1.07092E-09  1.07408E-06  1.13121E-07  3.23907E-11  3.41147E-12  2.68499E-09  9.05739E-08
  4.000E-03  1.21847E-09  1.07315E-06  1.13112E-07  3.45201E-11  3.63863E-12  2.40705E-09  8.69644E-08
  4.250E-03  1.37554E-09  1.07216E-06  1.13104E-07  3.66437E-11  3.86573E-12  2.12326E-09  8.32201E-08
  4.500E-03  1.54213E-09  1.07111E-06  1.13094E-07  3.87613E-11  4.09278E-12  1.83555E-09  7.93573E-08
  4.750E-03  1.71823E-09  1.07001E-06  1.13084E-07  4.08725E-11  4.31978E-12  1.54585E-09  7.53928E-08
  5.000E-03  1.90386E-09  1.06885E-06  1.13073E-07  4.29771E-11  4.54671E-12  1.25609E-09  7.13434E-08
  5.250E-03  2.09900E-09  1.06763E-06  1.13062E-07  4.50746E-11  4.77357E-12  9.68185E-10  6.72265E-08
  5.500E-03  2.30367E-09  1.06636E-06  1.13051E-07  4.71648E-11  5.00037E-12  6.84031E-10  6.30593E-08
  5.750E-03  2.51785E-09  1.06504E-06  1.13038E-07  4.92474E-11  5.22709E-12  4.05483E-10  5.88594E-08
  6.000E-03  2.74156E-09  1.06366E-06  1.13026E-07  5.13220E-11  5.45374E-12  1.34339E-10  5.46439E-08
  6.250E-03  2.97478E-09  1.06222E-06  1.13012E-07  5.33885E-11  5.68032E-12  1.27670E-10  5.04300E-08
  6.500E-03  3.21752E-09  1.06074E-06  1.12998E-07  5.54465E-11  5.90681E-12  3.78894E-10  4.62347E-08
  6.750E-03  3.46978E-09  1.05920E-06  1.12984E-07  5.74957E-11  6.13321E-12  6.17774E-10  4.20745E-08
  7.000E-03  3.73156E-09  1.05762E-06  1.12969E-07  5.95358E-11  6.35953E-12  8.42855E-10  3.79657E-08
  7.250E-03  4.00286E-09  1.05598E-06  1.12954E-07  6.15666E-11  6.58575E-12  1.05280E-09  3.39237E-08
  7.500E-03  4.28368E-09  1.05429E-06  1.12938E-07  6.35879E-11  6.81189E-12  1.24638E-09  2.99638E-08
  7.750E-03  4.57402E-09  1.05256E-06  1.12921E-07  6.55993E-11  7.03792E-12  1.42253E-09  2.61003E-08
  8.000E-03  4.87388E-09  1.05077E-06  1.12904E-07  6.76007E-11  7.26386E-12  1.58030E-09  2.23470E-08
  8.250E-03  5.18326E-09  1.04894E-06  1.12887E-07  6.95918E-11  7.48969E-12  1.71889E-09  1.87167E-08
  8.500E-03  5.50215E-09  1.04707E-06  1.12869E-07  7.15723E-11  7.71541E-12  1.83765E-09  1.52216E-08
  8.750E-03  5.83057E-09  1.04514E-06  1.12850E-07  7.35421E-11  7.94102E-12  1.93611E-09  1.18726E-08
  9.000E-03  6.16850E-09  1.04318E-06  1.12831E-07  7.55009E-11  8.16653E-12  2.01393E-09  8.68012E-09
  9.250E-03  6.51596E-09  1.04116E-06  1.12811E-07  7.74486E-11  8.39191E-12  2.07094E-09  5.65319E-09
  9.500E-03  6.87293E-09  1.03911E-06  1.12791E-07  7.93848E-11  8.61718E-12  2.10713E-09  2.79997E-09
  9.750E-03  7.23942E-09  1.03701E-06  1.12770E-07  8.13095E-11  8.84232E-12  2.12267E-09  1.27534E-10
  1.000E-02  7.61544E-09  1.03488E-06  1.12749E-07  8.32225E-11  9.06734E-12  2.11787E-09  2.35816E-09
  1.250E-02  1.18991E-08  1.01142E-06  1.12508E-07  1.01670E-10  1.13099E-11  1.12249E-09  1.64322E-08
  1.500E-02  1.71347E-08  9.84805E-07  1.12216E-07  1.18794E-10  1.35367E-11  6.56259E-10  1.32435E-08
  1.750E-02  2.33223E-08  9.55924E-07  1.11875E-07  1.34529E-10  1.57448E-11  1.69572E-09  1.74580E-09
  2.000E-02  3.04617E-08  9.25584E-07  1.11485E-07  1.48867E-10  1.79314E-11  1.20961E-09  7.47912E-09
  2.250E-02  3.85531E-08  8.94485E-07  1.11050E-07  1.61848E-10  2.00940E-11  2.89312E-10  8.54984E-09
  2.500E-02  4.75965E-08  8.63200E-07  1.10570E-07  1.73542E-10  2.22302E-11  1.47453E-09  2.73475E-09
  2.750E-02  5.75917E-08  8.32170E-07  1.10048E-07  1.84034E-10  2.43379E-11  1.33672E-09  4.04450E-09
  3.000E-02  6.85389E-08  8.01720E-07  1.09486E-07  1.93418E-10  2.64149E-11  2.62750E-11  6.35069E-09
  3.250E-02  8.04380E-08  7.72074E-07  1.08887E-07  2.01788E-10  2.84594E-11  1.29472E-09  3.13625E-09
  3.500E-02  9.32891E-08  7.43371E-07  1.08251E-07  2.09231E-10  3.04697E-11  1.46458E-09  2.17802E-09
  3.750E-02  1.07092E-07  7.15690E-07  1.07583E-07  2.15829E-10  3.24445E-11  3.32941E-10  4.99909E-09
  4.000E-02  1.21847E-07  6.89066E-07  1.06882E-07  2.21653E-10  3.43822E-11  1.10419E-09  3.32998E-09
  4.250E-02  1.37554E-07  6.63499E-07  1.06153E-07  2.26768E-10  3.62819E-11  1.57210E-09  9.46077E-10
  4.500E-02  1.54213E-07  6.38970E-07  1.05397E-07  2.31231E-10  3.81425E-11  6.40617E-10  4.00851E-09
  4.750E-02  1.71823E-07  6.15450E-07  1.04616E-07  2.35093E-10  3.99631E-11  8.81759E-10  3.40937E-09
  5.000E-02  1.90386E-07  5.92898E-07  1.03812E-07  2.38399E-10  4.17430E-11  1.64453E-09  3.56417E-11
  5.250E-02  2.09900E-07  5.71274E-07  1.02986E-07  2.41189E-10  4.34818E-11  9.47636E-10  3.19361E-09
  5.500E-02  2.30367E-07  5.50535E-07  1.02142E-07  2.43501E-10  4.51789E-11  6.18733E-10  3.40462E-09
  5.750E-02  2.51785E-07  5.30640E-07  1.01281E-07  2.45370E-10  4.68341E-11  1.67017E-09  6.81363E-10
  6.000E-02  2.74156E-07  5.11549E-07  1.00403E-07  2.46827E-10  4.84471E-11  1.24708E-09  2.47194E-09
  6.250E-02  2.97478E-07  4.93225E-07  9.95122E-08  2.47902E-10  5.00178E-11  3.12700E-10  3.32687E-09
  6.500E-02  3.21752E-07  4.75634E-07  9.86087E-08  2.48623E-10  5.15463E-11  1.63895E-09  1.26366E-09
  6.750E-02  3.46978E-07  4.58741E-07  9.76944E-08  2.49015E-10  5.30326E-11  1.52885E-09  1.80350E-09
  7.000E-02  3.73156E-07  4.42517E-07  9.67708E-08  2.49105E-10  5.44768E-11  3.45310E-11  3.18031E-09
  7.250E-02  4.00286E-07  4.26933E-07  9.58393E-08  2.48916E-10  5.58793E-11  1.54224E-09  1.73914E-09
  7.500E-02  4.28368E-07  4.11961E-07  9.49011E-08  2.48469E-10  5.72403E-11  1.78052E-09  1.16895E-09
  7.750E-02  4.57402E-07  3.97578E-07  9.39575E-08  2.47787E-10  5.85603E-11  4.17434E-10  2.96671E-09
  8.000E-02  4.87388E-07  3.83757E-07  9.30098E-08  2.46889E-10  5.98396E-11  1.37313E-09  2.12023E-09
  8.250E-02  5.18325E-07  3.70478E-07  9.20589E-08  2.45794E-10  6.10787E-11  1.98795E-09  5.60631E-10
  8.500E-02  5.50215E-07  3.57719E-07  9.11061E-08  2.44521E-10  6.22783E-11  8.26808E-10  2.68763E-09
  8.750E-02  5.83057E-07  3.45458E-07  9.01523E-08  2.43085E-10  6.34389E-11  1.12720E-09  2.41113E-09
  9.000E-02  6.16850E-07  3.33677E-07  8.91985E-08  2.41504E-10  6.45610E-11  2.13606E-09  2.16443E-11
  9.250E-02  6.51596E-07  3.22357E-07  8.82455E-08  2.39792E-10  6.56455E-11  1.24980E-09  2.34578E-09
  9.500E-02  6.87293E-07  3.11479E-07  8.72942E-08  2.37963E-10  6.66930E-11  8.03255E-10  2.61174E-09
  9.750E-02  7.23942E-07  3.01028E-07  8.63454E-08  2.36030E-10  6.77041E-11  2.20975E-09  5.72983E-10
  1.000E-01  7.61543E-07  2.90985E-07  8.53998E-08  2.34006E-10  6.86797E-11  1.67012E-09  1.94588E-09
  1.250E-01  1.18991E-06  2.09838E-07  7.62512E-08  2.10937E-10  7.66532E-11  1.14490E-09  2.47892E-09
  1.500E-01  1.71347E-06  1.55309E-07  6.79304E-08  1.87348E-10  8.19466E-11  1.09360E-10  2.70750E-09
  1.750E-01  2.33223E-06  1.18313E-07  6.06048E-08  1.66507E-10  8.52949E-11  1.38550E-09  2.56202E-09
  2.000E-01  3.04617E-06  9.27210E-08  5.42640E-08  1.49132E-10  8.72815E-11  3.11788E-09  2.03095E-09
  2.250E-01  3.85531E-06  7.45129E-08  4.88108E-08  1.34827E-10  8.83247E-11  4.74005E-09  1.17912E-09
  2.500E-01  4.75964E-06  6.11186E-08  4.41183E-08  1.22879E-10  8.87044E-11  5.86388E-09  1.32019E-10
  2.750E-01  5.75916E-06  5.09222E-08  4.00603E-08  1.12618E-10  8.86005E-11  6.14856E-09  9.53151E-10
  3.000E-01  6.85388E-06  4.29149E-08  3.65262E-08  1.03537E-10  8.81288E-11  5.37144E-09  1.91525E-09
  3.250E-01  8.04378E-06  3.64641E-08  3.34246E-08  9.53055E-11  8.73663E-11  3.47832E-09  2.61160E-09
  3.500E-01  9.32888E-06  3.11659E-08  3.06828E-08  8.77238E-11  8.63694E-11  6.12005E-10  2.93577E-09
  3.750E-01  1.07092E-05  2.67540E-08  2.82437E-08  8.06846E-11  8.51831E-11  2.88554E-09  2.83139E-09
  4.000E-01  1.21846E-05  2.30454E-08  2.60627E-08  7.41339E-11  8.38460E-11  6.50322E-09  2.30128E-09
  4.250E-01  1.37553E-05  1.99082E-08  2.41043E-08  6.80445E-11  8.23929E-11  9.62565E-09  1.40983E-09
  4.500E-01  1.54212E-05  1.72426E-08  2.23400E-08  6.24004E-11  8.08548E-11  1.16282E-08  2.77128E-10
  4.750E-01  1.71822E-05  1.49703E-08  2.07464E-08  5.71872E-11  7.92589E-11  1.19896E-08  9.35699E-10
  5.000E-01  1.90385E-05  1.30283E-08  1.93036E-08  5.23879E-11  7.76289E-11  1.04027E-08  2.04869E-09
  5.250E-01  2.09899E-05  1.13643E-08  1.79948E-08  4.79820E-11  7.59846E-11  6.86121E-09  2.88969E-09
  5.500E-01  2.30365E-05  9.93523E-09  1.68054E-08  4.39456E-11  7.43420E-11  1.70119E-09  3.32144E-09
  5.750E-01  2.51783E-05  8.70460E-09  1.57226E-08  4.02523E-11  7.27138E-11  4.41497E-09  3.26435E-09
  6.000E-01  2.74153E-05  7.64195E-09  1.47350E-08  3.68748E-11  7.11098E-11  1.05771E-08  2.71118E-09
  6.250E-01  2.97475E-05  6.72163E-09  1.38326E-08  3.37853E-11  6.95371E-11  1.57591E-08  1.73070E-09
  6.500E-01  3.21749E-05  5.92209E-09  1.30066E-08  3.09571E-11  6.80006E-11  1.89860E-08  4.59473E-10
  6.750E-01  3.46974E-05  5.22523E-09  1.22491E-08  2.83647E-11  6.65036E-11  1.95080E-08  9.17326E-10
  7.000E-01  3.73152E-05  4.61582E-09  1.15530E-08  2.59845E-11  6.50480E-11  1.69519E-08  2.19319E-09
  7.250E-01  4.00281E-05  4.08109E-09  1.09122E-08  2.37947E-11  6.36346E-11  1.14216E-08  3.17160E-09
  7.500E-01  4.28362E-05  3.61033E-09  1.03211E-08  2.17756E-11  6.22635E-11  3.52490E-09  3.69647E-09
  7.750E-01  4.57395E-05  3.19452E-09  9.77479E-09  1.99097E-11  6.09341E-11  5.68313E-09  3.67708E-09
  8.000E-01  4.87380E-05  2.82605E-09  9.26900E-09  1.81812E-11  5.96454E-11  1.48366E-08  3.10345E-09
  8.250E-01  5.18317E-05  2.49855E-09  8.79983E-09  1.65763E-11  5.83964E-11  2.24589E-08  2.04957E-09
  8.500E-01  5.50205E-05  2.20660E-09  8.36385E-09  1.50828E-11  5.71855E-11  2.71973E-08  6.63982E-10
  8.750E-01  5.83045E-05  1.94562E-09  7.95801E-09  1.36898E-11  5.60114E-11  2.80541E-08  8.51335E-10
  9.000E-01  6.16838E-05  1.71173E-09  7.57958E-09  1.23879E-11  5.48726E-11  2.45780E-08  2.27054E-09
  9.250E-01  6.51582E-05  1.50161E-09  7.22616E-09  1.11688E-11  5.37676E-11  1.69787E-08  3.37774E-09
  9.500E-01  6.87277E-05  1.31244E-09  6.89558E-09  1.00253E-11  5.26949E-11  6.14244E-09  3.99987E-09
  9.750E-01  7.23925E-05  1.14177E-09  6.58590E-09  8.95076E-12  5.16532E-11  6.46176E-09  4.03374E-09
  1.000E+00  7.61524E-05  9.87530E-10  6.29540E-09  7.93969E-12  5.06412E-11  6.44216E-13  2.02959E-12
  1.100E+00  9.21439E-05  5.01952E-10  5.29627E-09  4.43757E-12  4.68660E-11  3.39025E-12  6.00133E-12
  1.200E+00  1.09658E-04  1.69791E-10  4.50384E-09  1.63498E-12  4.34784E-11  5.57889E-14  1.51929E-12
  1.300E+00  1.28695E-04 -5.98406E-11  3.86535E-09 -6.29937E-13  4.04255E-11  2.19752E-12  3.71656E-12
  1.400E+00  1.49255E-04 -2.18999E-10  3.34411E-09 -2.47074E-12  3.76656E-11  1.93434E-13  1.23771E-12
  1.500E+00  1.71338E-04 -3.28765E-10  2.91381E-09 -3.97168E-12  3.51645E-11  1.49431E-12  2.44312E-12
  1.600E+00  1.94942E-04 -4.03446E-10  2.55516E-09 -5.19770E-12  3.28931E-11  2.97751E-13  1.04802E-12
  1.700E+00  2.20070E-04 -4.52982E-10  2.25366E-09 -6.20005E-12  3.08261E-11  1.04747E-12  1.66748E-12
  1.800E+00  2.46720E-04 -4.84390E-10  1.99823E-09 -7.01965E-12  2.89411E-11  3.34458E-13  9.04071E-13
  1.900E+00  2.74892E-04 -5.02689E-10  1.78032E-09 -7.68943E-12  2.72183E-11  7.47533E-13  1.16387E-12
  2.000E+00  3.04586E-04 -5.11497E-10  1.59319E-09 -8.23597E-12  2.56402E-11  3.37468E-13  7.86986E-13
  2.100E+00  3.35803E-04 -5.13444E-10  1.43153E-09 -8.68079E-12  2.41914E-11  5.37950E-13  8.20916E-13
  2.200E+00  3.68542E-04 -5.10454E-10  1.29109E-09 -9.04137E-12  2.28579E-11  3.24054E-13  6.87799E-13
  2.300E+00  4.02802E-04 -5.03939E-10  1.16846E-09 -9.33193E-12  2.16279E-11  3.87388E-13  5.79653E-13
  2.400E+00  4.38585E-04 -4.94942E-10  1.06085E-09 -9.56408E-12  2.04905E-11  3.02004E-13  6.02277E-13
  2.500E+00  4.75889E-04 -4.84234E-10  9.66000E-10 -9.74734E-12  1.94366E-11  2.76532E-13  4.04950E-13
  2.600E+00  5.14715E-04 -4.72386E-10  8.82038E-10 -9.88953E-12  1.84578E-11  2.76358E-13  5.26861E-13
  2.700E+00  5.55063E-04 -4.59822E-10  8.07422E-10 -9.99711E-12  1.75468E-11  1.93638E-13  2.76390E-13
  2.800E+00  5.96931E-04 -4.46857E-10  7.40865E-10 -1.00754E-11  1.66974E-11  2.49437E-13  4.60397E-13
  2.900E+00  6.40321E-04 -4.33723E-10  6.81292E-10 -1.01290E-11  1.59037E-11  1.31130E-13  1.80125E-13
  3.000E+00  6.85233E-04 -4.20593E-10  6.27795E-10 -1.01614E-11  1.51608E-11  2.22948E-13  4.01304E-13
  3.100E+00  7.31665E-04 -4.07590E-10  5.79610E-10 -1.01759E-11  1.44643E-11  8.36392E-14  1.08414E-13
  3.200E+00  7.79618E-04 -3.94806E-10  5.36083E-10 -1.01751E-11  1.38102E-11  1.96957E-13  3.48536E-13
  3.300E+00  8.29092E-04 -3.82304E-10  4.96659E-10 -1.01613E-11  1.31949E-11  4.72239E-14  5.45859E-14
  3.400E+00  8.80086E-04 -3.70130E-10  4.60860E-10 -1.01363E-11  1.26153E-11  1.72631E-13  3.01464E-13
  3.500E+00  9.32601E-04 -3.58313E-10  4.28275E-10 -1.01017E-11  1.20686E-11  1.99727E-14  1.36655E-14
  3.600E+00  9.86636E-04 -3.46871E-10  3.98548E-10 -1.00590E-11  1.15522E-11  1.50195E-13  2.59161E-13
  3.700E+00  1.04219E-03 -3.35813E-10  3.71370E-10 -1.00093E-11  1.10639E-11  7.72704E-16  1.67339E-14
  3.800E+00  1.09927E-03 -3.25143E-10  3.46473E-10 -9.95362E-12  1.06016E-11  1.29178E-13  2.21483E-13
  3.900E+00  1.15786E-03 -3.14859E-10  3.23621E-10 -9.89291E-12  1.01633E-11  1.60824E-14  3.85800E-14
  4.000E+00  1.21797E-03 -3.04956E-10  3.02607E-10 -9.82790E-12  9.74747E-12  1.10111E-13  1.87481E-13
  4.100E+00  1.27961E-03 -2.95426E-10  2.83252E-10 -9.75925E-12  9.35248E-12  2.69630E-14  5.44113E-14
  4.200E+00  1.34276E-03 -2.86259E-10  2.65394E-10 -9.68756E-12  8.97693E-12  9.28418E-14  1.57673E-13
  4.300E+00  1.40743E-03 -2.77446E-10  2.48892E-10 -9.61331E-12  8.61954E-12  3.49081E-14  6.52901E-14
  4.400E+00  1.47362E-03 -2.68973E-10  2.33619E-10 -9.53695E-12  8.27913E-12  7.71285E-14  1.31069E-13
  4.500E+00  1.54133E-03 -2.60829E-10  2.19465E-10 -9.45886E-12  7.95462E-12  3.96957E-14  7.19587E-14
  4.600E+00  1.61056E-03 -2.53002E-10  2.06330E-10 -9.37938E-12  7.64502E-12  6.30203E-14  1.07103E-13
  4.700E+00  1.68131E-03 -2.45479E-10  1.94123E-10 -9.29880E-12  7.34941E-12  4.27497E-14  7.53631E-14
  4.800E+00  1.75357E-03 -2.38248E-10  1.82766E-10 -9.21738E-12  7.06695E-12  5.02126E-14  8.56539E-14
  4.900E+00  1.82735E-03 -2.31297E-10  1.72186E-10 -9.13535E-12  6.79686E-12  4.40786E-14  7.69379E-14
  5.000E+00  1.90265E-03 -2.24613E-10  1.62320E-10 -9.05290E-12  6.53843E-12  3.93736E-14  6.76446E-14
  5.100E+00  1.97947E-03 -2.18186E-10  1.53108E-10 -8.97021E-12  6.29099E-12  4.38560E-14  7.58464E-14
  5.200E+00  2.05780E-03 -2.12004E-10  1.44499E-10 -8.88744E-12  6.05392E-12  3.00402E-14  5.17161E-14
  5.300E+00  2.13765E-03 -2.06057E-10  1.36444E-10 -8.80471E-12  5.82665E-12  4.26677E-14  7.36155E-14
  5.400E+00  2.21902E-03 -2.00334E-10  1.28901E-10 -8.72215E-12  5.60864E-12  2.16137E-14  3.78203E-14
  5.500E+00  2.30190E-03 -1.94825E-10  1.21831E-10 -8.63986E-12  5.39940E-12  4.07256E-14  6.98807E-14
  5.600E+00  2.38630E-03 -1.89521E-10  1.15197E-10 -8.55792E-12  5.19846E-12  1.40855E-14  2.55303E-14
  5.700E+00  2.47222E-03 -1.84412E-10  1.08968E-10 -8.47641E-12  5.00540E-12  3.80898E-14  6.56694E-14
  5.800E+00  2.55965E-03 -1.79491E-10  1.03114E-10 -8.39542E-12  4.81980E-12  7.95262E-15  1.52878E-14
  5.900E+00  2.64859E-03 -1.74748E-10  9.76076E-11 -8.31498E-12  4.64130E-12  3.53140E-14  6.11053E-14
  6.000E+00  2.73905E-03 -1.70176E-10  9.24245E-11 -8.23516E-12  4.46953E-12  2.50666E-15  6.87330E-15
  6.100E+00  2.83103E-03 -1.65768E-10  8.75420E-11 -8.15600E-12  4.30416E-12  3.22569E-14  5.55816E-14
  6.200E+00  2.92452E-03 -1.61516E-10  8.29392E-11 -8.07754E-12  4.14489E-12  1.44320E-15  3.89637E-16
  6.300E+00  3.01952E-03 -1.57413E-10  7.85970E-11 -7.99980E-12  3.99143E-12  2.84654E-14  5.01590E-14
  6.400E+00  3.11604E-03 -1.53453E-10  7.44979E-11 -7.92282E-12  3.84349E-12  4.90504E-15  6.20876E-15
  6.500E+00  3.21407E-03 -1.49631E-10  7.06258E-11 -7.84663E-12  3.70082E-12  2.52403E-14  4.47632E-14
  6.600E+00  3.31362E-03 -1.45939E-10  6.69658E-11 -7.77123E-12  3.56318E-12  7.78593E-15  1.08050E-14
  6.700E+00  3.41468E-03 -1.42372E-10  6.35040E-11 -7.69664E-12  3.43034E-12  2.17308E-14  3.92537E-14
  6.800E+00  3.51725E-03 -1.38926E-10  6.02279E-11 -7.62288E-12  3.30208E-12  9.57140E-15  1.40401E-14
  6.900E+00  3.62133E-03 -1.35594E-10  5.71256E-11 -7.54996E-12  3.17820E-12  1.88742E-14  3.36790E-14
  7.000E+00  3.72692E-03 -1.32373E-10  5.41863E-11 -7.47788E-12  3.05850E-12  1.07165E-14  1.67329E-14
  7.100E+00  3.83403E-03 -1.29257E-10  5.13999E-11 -7.40665E-12  2.94281E-12  1.63036E-14  2.91125E-14
  7.200E+00  3.94265E-03 -1.26243E-10  4.87572E-11 -7.33627E-12  2.83095E-12  1.18521E-14  1.85273E-14
  7.300E+00  4.05278E-03 -1.23326E-10  4.62493E-11 -7.26675E-12  2.72276E-12  1.29493E-14  2.35988E-14
  7.400E+00  4.16442E-03 -1.20502E-10  4.38683E-11 -7.19807E-12  2.61808E-12  1.23447E-14  1.98290E-14
  7.500E+00  4.27757E-03 -1.17767E-10  4.16066E-11 -7.13025E-12  2.51678E-12  9.92902E-15  1.94254E-14
  7.600E+00  4.39223E-03 -1.15119E-10  3.94573E-11 -7.06327E-12  2.41870E-12  1.24102E-14  2.03223E-14
  7.700E+00  4.50840E-03 -1.12552E-10  3.74139E-11 -6.99714E-12  2.32373E-12  7.66949E-15  1.56545E-14
  7.800E+00  4.62608E-03 -1.10065E-10  3.54703E-11 -6.93184E-12  2.23173E-12  1.24521E-14  2.01268E-14
  7.900E+00  4.74527E-03 -1.07655E-10  3.36209E-11 -6.86738E-12  2.14258E-12  5.40524E-15  1.15284E-14
  8.000E+00  4.86597E-03 -1.05317E-10  3.18604E-11 -6.80374E-12  2.05618E-12  1.19359E-14  1.95762E-14
  8.100E+00  4.98817E-03 -1.03049E-10  3.01838E-11 -6.74093E-12  1.97242E-12  2.72617E-15  8.01833E-15
  8.200E+00  5.11188E-03 -1.00850E-10  2.85865E-11 -6.67892E-12  1.89119E-12  1.14547E-14  1.91643E-14
  8.300E+00  5.23711E-03 -9.87148E-11  2.70642E-11 -6.61772E-12  1.81240E-12  1.39703E-15  5.26486E-15
  8.400E+00  5.36383E-03 -9.66426E-11  2.56129E-11 -6.55731E-12  1.73595E-12  1.07131E-14  1.76147E-14
  8.500E+00  5.49207E-03 -9.46308E-11  2.42288E-11 -6.49769E-12  1.66176E-12  0.00000E+00  3.07034E-15
  8.600E+00  5.62181E-03 -9.26770E-11  2.29083E-11 -6.43884E-12  1.58975E-12  9.47064E-15  1.63881E-14
  8.700E+00  5.75306E-03 -9.07791E-11  2.16480E-11 -6.38077E-12  1.51982E-12  9.06959E-16  5.85567E-16
  8.800E+00  5.88581E-03 -8.89351E-11  2.04449E-11 -6.32345E-12  1.45192E-12  8.15269E-15  1.52546E-14
  8.900E+00  6.02007E-03 -8.71430E-11  1.92960E-11 -6.26687E-12  1.38596E-12  2.42499E-15  1.11797E-15
  9.000E+00  6.15583E-03 -8.54010E-11  1.81986E-11 -6.21104E-12  1.32187E-12  7.61982E-15  1.32947E-14
  9.100E+00  6.29310E-03 -8.37072E-11  1.71499E-11 -6.15594E-12  1.25959E-12  2.81475E-15  2.84881E-15
  9.200E+00  6.43187E-03 -8.20599E-11  1.61476E-11 -6.10155E-12  1.19906E-12  6.31569E-15  1.21881E-14
  9.300E+00  6.57214E-03 -8.04576E-11  1.51894E-11 -6.04787E-12  1.14021E-12  3.64379E-15  3.91706E-15
  9.400E+00  6.71392E-03 -7.88986E-11  1.42731E-11 -5.99489E-12  1.08298E-12  5.27079E-15  1.06638E-14
  9.500E+00  6.85720E-03 -7.73815E-11  1.33966E-11 -5.94259E-12  1.02733E-12  3.94495E-15  5.05462E-15
  9.600E+00  7.00198E-03 -7.59047E-11  1.25580E-11 -5.89098E-12  9.73189E-13  4.60467E-15  9.09693E-15
  9.700E+00  7.14827E-03 -7.44670E-11  1.17555E-11 -5.84003E-12  9.20514E-13  3.92704E-15  5.46860E-15
  9.800E+00  7.29605E-03 -7.30670E-11  1.09873E-11 -5.78974E-12  8.69256E-13  3.27632E-15  7.49698E-15
  9.900E+00  7.44534E-03 -7.17034E-11  1.02519E-11 -5.74010E-12  8.19367E-13  3.90721E-15  5.84423E-15
  1.000E+01  7.59612E-03 -7.03751E-11  9.54757E-12 -5.69109E-12  7.70801E-13  2.87123E-15  6.60598E-15
  1.025E+01  7.97965E-03 -6.72007E-11  7.91385E-12 -5.57131E-12  6.54902E-13  3.77118E-15  7.53620E-15
  1.050E+01  8.37255E-03 -6.42224E-11  6.44534E-12 -5.45530E-12  5.46384E-13  3.71497E-15  5.84475E-15
  1.075E+01  8.77480E-03 -6.14246E-11  5.12392E-12 -5.34292E-12  4.44678E-13  2.00696E-15  2.65817E-15
  1.100E+01  9.18641E-03 -5.87935E-11  3.93376E-12 -5.23403E-12  3.49270E-13  4.50693E-16  1.08675E-15
  1.125E+01  9.60736E-03 -5.63164E-11  2.86092E-12 -5.12848E-12  2.59690E-13  8.61189E-16  3.68989E-15
  1.150E+01  1.00376E-02 -5.39819E-11  1.89315E-12 -5.02616E-12  1.75514E-13  1.64722E-15  4.40892E-15
  1.175E+01  1.04773E-02 -5.17796E-11  1.01964E-12 -4.92693E-12  9.63545E-14  1.77397E-15  3.16384E-15
  1.200E+01  1.09262E-02 -4.96998E-11  2.30836E-13 -4.83067E-12  2.18565E-14  1.32203E-15  1.21197E-15
  1.225E+01  1.13844E-02 -4.77340E-11 -4.81736E-13 -4.73726E-12 -4.83031E-14  3.62241E-16  3.87229E-16
  1.250E+01  1.18520E-02 -4.58741E-11 -1.12560E-12 -4.64659E-12 -1.14421E-13  1.73844E-16  2.04311E-15
  1.275E+01  1.23288E-02 -4.41129E-11 -1.70745E-12 -4.55856E-12 -1.76768E-13  1.16897E-15  1.78324E-15
  1.300E+01  1.28150E-02 -4.24438E-11 -2.23324E-12 -4.47306E-12 -2.35595E-13  6.42173E-16  1.37072E-15
  1.325E+01  1.33104E-02 -4.08605E-11 -2.70831E-12 -4.38999E-12 -2.91130E-13  9.26739E-16  4.94255E-16
  1.350E+01  1.38150E-02 -3.93574E-11 -3.13742E-12 -4.30927E-12 -3.43586E-13  5.94833E-16  4.75592E-16
  1.375E+01  1.43290E-02 -3.79294E-11 -3.52484E-12 -4.23079E-12 -3.93158E-13  2.86549E-16  6.10599E-16
  1.400E+01  1.48521E-02 -3.65717E-11 -3.87440E-12 -4.15448E-12 -4.40026E-13  0.00000E+00  5.88341E-16
  1.425E+01  1.53845E-02 -3.52799E-11 -4.18956E-12 -4.08026E-12 -4.84356E-13  0.00000E+00  2.83629E-16
  1.450E+01  1.59262E-02 -3.40499E-11 -4.47341E-12 -4.00805E-12 -5.26302E-13  3.85929E-16  0.00000E+00
  1.475E+01  1.64770E-02 -3.28779E-11 -4.72874E-12 -3.93776E-12 -5.66008E-13  6.21303E-16  3.96229E-16
  1.500E+01  1.70371E-02 -3.17604E-11 -4.95809E-12 -3.86934E-12 -6.03606E-13  6.00490E-16  1.27573E-16
  1.525E+01  1.76063E-02 -3.06943E-11 -5.16374E-12 -3.80272E-12 -6.39220E-13  6.96847E-16  2.46585E-16
  1.550E+01  1.81848E-02 -2.96764E-11 -5.34776E-12 -3.73782E-12 -6.72964E-13  2.24753E-16  5.96099E-16
  1.575E+01  1.87724E-02 -2.87041E-11 -5.51200E-12 -3.67459E-12 -7.04944E-13  2.17584E-16  0.00000E+00
  1.600E+01  1.93692E-02 -2.77746E-11 -5.65819E-12 -3.61297E-12 -7.35261E-13  6.32257E-16  1.11648E-16
  1.625E+01  1.99751E-02 -2.68857E-11 -5.78785E-12 -3.55290E-12 -7.64006E-13  6.12714E-16  2.16251E-16
  1.650E+01  2.05901E-02 -2.60350E-11 -5.90240E-12 -3.49433E-12 -7.91267E-13  3.96043E-16  4.19056E-16
  1.675E+01  2.12143E-02 -2.52205E-11 -6.00311E-12 -3.43721E-12 -8.17124E-13  1.92085E-16  4.06217E-16
  1.700E+01  2.18476E-02 -2.44402E-11 -6.09113E-12 -3.38148E-12 -8.41652E-13  0.00000E+00  7.87897E-16
  1.725E+01  2.24900E-02 -2.36922E-11 -6.16754E-12 -3.32710E-12 -8.64923E-13  3.61974E-16  0.00000E+00
  1.750E+01  2.31415E-02 -2.29749E-11 -6.23330E-12 -3.27402E-12 -8.87003E-13  7.03186E-16  7.41989E-16
  1.775E+01  2.38021E-02 -2.22867E-11 -6.28930E-12 -3.22221E-12 -9.07954E-13  3.41654E-16  7.20498E-16
  1.800E+01  2.44717E-02 -2.16260E-11 -6.33634E-12 -3.17161E-12 -9.27835E-13  4.98198E-16  5.24934E-16
  1.825E+01  2.51504E-02 -2.09915E-11 -6.37518E-12 -3.12219E-12 -9.46699E-13  3.23005E-16  8.50223E-16
  1.850E+01  2.58382E-02 -2.03818E-11 -6.40647E-12 -3.07391E-12 -9.64598E-13  3.14251E-16  1.65314E-16
  1.875E+01  2.65349E-02 -1.97957E-11 -6.43085E-12 -3.02674E-12 -9.81582E-13  6.11699E-16  6.43094E-16
  1.900E+01  2.72407E-02 -1.92321E-11 -6.44890E-12 -2.98063E-12 -9.97695E-13  7.44458E-16  6.25659E-16
  1.925E+01  2.79555E-02 -1.86898E-11 -6.46112E-12 -2.93556E-12 -1.01298E-12  5.80068E-16  9.13365E-16
  1.950E+01  2.86793E-02 -1.81678E-11 -6.46801E-12 -2.89150E-12 -1.02748E-12  1.41293E-16  2.96406E-16
  1.975E+01  2.94120E-02 -1.76651E-11 -6.47001E-12 -2.84840E-12 -1.04123E-12  4.13135E-16  2.88667E-16
  2.000E+01  3.01537E-02 -1.71810E-11 -6.46752E-12 -2.80624E-12 -1.05426E-12  1.34266E-16  4.21831E-16
  2.025E+01  3.09043E-02 -1.67143E-11 -6.46092E-12 -2.76500E-12 -1.06662E-12  9.16647E-16  8.22163E-16
  2.050E+01  3.16639E-02 -1.62645E-11 -6.45056E-12 -2.72464E-12 -1.07832E-12  3.83267E-16  6.67883E-16
  2.075E+01  3.24324E-02 -1.58306E-11 -6.43674E-12 -2.68515E-12 -1.08941E-12  1.24679E-16  5.21010E-16
  2.100E+01  3.32098E-02 -1.54121E-11 -6.41977E-12 -2.64648E-12 -1.09992E-12  2.43425E-16  0.00000E+00
  2.125E+01  3.39961E-02 -1.50081E-11 -6.39990E-12 -2.60862E-12 -1.10986E-12  1.18853E-16  4.95837E-16
  2.150E+01  3.47912E-02 -1.46181E-11 -6.37740E-12 -2.57155E-12 -1.11926E-12  6.96561E-16  4.83917E-16
  2.175E+01  3.55952E-02 -1.42414E-11 -6.35249E-12 -2.53524E-12 -1.12816E-12  2.26862E-16  3.54310E-16
  2.200E+01  3.64081E-02 -1.38775E-11 -6.32538E-12 -2.49968E-12 -1.13656E-12  2.21720E-16  5.76636E-16
  2.225E+01  3.72297E-02 -1.35258E-11 -6.29628E-12 -2.46483E-12 -1.14450E-12  2.16755E-16  2.25292E-16
  2.250E+01  3.80602E-02 -1.31858E-11 -6.26535E-12 -2.43068E-12 -1.15199E-12  2.11957E-16  3.30166E-16
  2.275E+01  3.88995E-02 -1.28570E-11 -6.23277E-12 -2.39721E-12 -1.15906E-12  3.10979E-16  6.45309E-16
  2.300E+01  3.97476E-02 -1.25389E-11 -6.19870E-12 -2.36440E-12 -1.16571E-12  1.01418E-16  5.25653E-16
  2.325E+01  4.06044E-02 -1.22311E-11 -6.16327E-12 -2.33223E-12 -1.17198E-12  9.92489E-17  2.05578E-16
  2.350E+01  4.14700E-02 -1.19332E-11 -6.12662E-12 -2.30069E-12 -1.17788E-12  3.88602E-16  2.01047E-16
  2.375E+01  4.23443E-02 -1.16447E-11 -6.08887E-12 -2.26975E-12 -1.18341E-12  0.00000E+00  5.89984E-16
  2.400E+01  4.32273E-02 -1.13654E-11 -6.05014E-12 -2.23941E-12 -1.18861E-12  1.86305E-16  5.77246E-16
  2.425E+01  4.41190E-02 -1.10947E-11 -6.01052E-12 -2.20964E-12 -1.19348E-12  3.64991E-16  1.88303E-16
  2.450E+01  4.50194E-02 -1.08325E-11 -5.97013E-12 -2.18044E-12 -1.19803E-12  1.78804E-16  0.00000E+00
  2.475E+01  4.59284E-02 -1.05783E-11 -5.92904E-12 -2.15178E-12 -1.20229E-12  0.00000E+00  1.80457E-16
  2.500E+01  4.68461E-02 -1.03318E-11 -5.88733E-12 -2.12365E-12 -1.20625E-12  0.00000E+00  1.76714E-16
  2.550E+01  4.87074E-02 -9.86094E-12 -5.80239E-12 -2.06893E-12 -1.21337E-12  3.30265E-16  1.69562E-16
  2.600E+01  5.06030E-02 -9.41763E-12 -5.71586E-12 -2.01619E-12 -1.21947E-12  1.58894E-16  1.62829E-16
  2.650E+01  5.25328E-02 -8.99986E-12 -5.62820E-12 -1.96531E-12 -1.22463E-12  0.00000E+00  4.69449E-16
  2.700E+01  5.44967E-02 -8.60580E-12 -5.53983E-12 -1.91621E-12 -1.22894E-12  0.00000E+00  0.00000E+00
  2.750E+01  5.64946E-02 -8.23376E-12 -5.45109E-12 -1.86880E-12 -1.23245E-12  0.00000E+00  1.44839E-16
  2.800E+01  5.85262E-02 -7.88221E-12 -5.36227E-12 -1.82301E-12 -1.23523E-12  1.37265E-16  1.39491E-16
  2.850E+01  6.05914E-02 -7.54974E-12 -5.27362E-12 -1.77875E-12 -1.23734E-12  2.65147E-16  1.34430E-16
  2.900E+01  6.26901E-02 -7.23505E-12 -5.18534E-12 -1.73596E-12 -1.23882E-12  0.00000E+00  1.29635E-16
  2.950E+01  6.48222E-02 -6.93696E-12 -5.09764E-12 -1.69457E-12 -1.23973E-12  0.00000E+00  0.00000E+00
  3.000E+01  6.69873E-02 -6.65437E-12 -5.01065E-12 -1.65452E-12 -1.24010E-12  1.19916E-16  2.41548E-16
  3.050E+01  6.91854E-02 -6.38629E-12 -4.92450E-12 -1.61574E-12 -1.23999E-12  1.16117E-16  2.33352E-16
  3.100E+01  7.14163E-02 -6.13180E-12 -4.83932E-12 -1.57819E-12 -1.23942E-12  1.12506E-16  0.00000E+00
  3.150E+01  7.36799E-02 -5.89002E-12 -4.75517E-12 -1.54180E-12 -1.23842E-12  0.00000E+00  0.00000E+00
  3.200E+01  7.59760E-02 -5.66017E-12 -4.67215E-12 -1.50653E-12 -1.23704E-12  1.05801E-16  0.00000E+00
  3.250E+01  7.83043E-02 -5.44152E-12 -4.59029E-12 -1.47233E-12 -1.23529E-12  2.05371E-16  2.04369E-16
  3.300E+01  8.06647E-02 -5.23340E-12 -4.50965E-12 -1.43916E-12 -1.23321E-12  0.00000E+00  2.96938E-16
  3.350E+01  8.30571E-02 -5.03517E-12 -4.43027E-12 -1.40698E-12 -1.23083E-12  0.00000E+00  9.59209E-17
  3.400E+01  8.54812E-02 -4.84626E-12 -4.35218E-12 -1.37574E-12 -1.22815E-12  0.00000E+00  1.86002E-16
  3.450E+01  8.79369E-02 -4.66612E-12 -4.27541E-12 -1.34541E-12 -1.22521E-12  9.15901E-17  9.02111E-17
  3.500E+01  9.04240E-02 -4.49424E-12 -4.19995E-12 -1.31595E-12 -1.22202E-12  1.78239E-16  1.75088E-16
  3.550E+01  9.29422E-02 -4.33017E-12 -4.12582E-12 -1.28733E-12 -1.21861E-12  8.67559E-17  1.69985E-16
  3.600E+01  9.54915E-02 -4.17345E-12 -4.05302E-12 -1.25951E-12 -1.21498E-12  8.44942E-17  0.00000E+00
  3.650E+01  9.80716E-02 -4.02369E-12 -3.98156E-12 -1.23247E-12 -1.21116E-12  8.23283E-17  8.02113E-17
  3.700E+01  1.00682E-01 -3.88050E-12 -3.91142E-12 -1.20617E-12 -1.20716E-12  1.60507E-16  1.55940E-16
  3.750E+01  1.03323E-01 -3.74353E-12 -3.84260E-12 -1.18059E-12 -1.20299E-12  7.82640E-17  3.03282E-16
  3.800E+01  1.05995E-01 -3.61245E-12 -3.77509E-12 -1.15570E-12 -1.19867E-12  0.00000E+00  2.95035E-16
  3.850E+01  1.08696E-01 -3.48695E-12 -3.70888E-12 -1.13148E-12 -1.19420E-12  0.00000E+00  0.00000E+00
  3.900E+01  1.11427E-01 -3.36673E-12 -3.64395E-12 -1.10790E-12 -1.18961E-12  0.00000E+00  5.59031E-16
  3.950E+01  1.14188E-01 -3.25152E-12 -3.58028E-12 -1.08494E-12 -1.18489E-12  0.00000E+00  1.36105E-16
  4.000E+01  1.16978E-01 -3.14106E-12 -3.51785E-12 -1.06258E-12 -1.18005E-12  0.00000E+00  0.00000E+00
  4.050E+01  1.19797E-01 -3.03512E-12 -3.45666E-12 -1.04079E-12 -1.17512E-12  0.00000E+00  1.29217E-16
  4.100E+01  1.22645E-01 -2.93347E-12 -3.39667E-12 -1.01956E-12 -1.17009E-12  0.00000E+00  1.25968E-16
  4.150E+01  1.25522E-01 -2.83590E-12 -3.33787E-12 -9.98863E-13 -1.16497E-12  0.00000E+00  4.91361E-16
  4.200E+01  1.28428E-01 -2.74220E-12 -3.28024E-12 -9.78689E-13 -1.15977E-12  0.00000E+00  1.19828E-16
  4.250E+01  1.31361E-01 -2.65220E-12 -3.22375E-12 -9.59016E-13 -1.15450E-12  0.00000E+00  0.00000E+00
  4.300E+01  1.34323E-01 -2.56570E-12 -3.16838E-12 -9.39829E-13 -1.14916E-12  0.00000E+00  1.14128E-16
  4.350E+01  1.37313E-01 -2.48255E-12 -3.11412E-12 -9.21112E-13 -1.14376E-12  0.00000E+00  2.22861E-16
  4.400E+01  1.40330E-01 -2.40259E-12 -3.06093E-12 -9.02848E-13 -1.13830E-12  0.00000E+00  2.17656E-16
  4.450E+01  1.43375E-01 -2.32567E-12 -3.00881E-12 -8.85024E-13 -1.13279E-12  0.00000E+00  1.06317E-16
  4.500E+01  1.46447E-01 -2.25165E-12 -2.95772E-12 -8.67626E-13 -1.12724E-12  0.00000E+00  1.03892E-16
  4.550E+01  1.49545E-01 -2.18040E-12 -2.90765E-12 -8.50640E-13 -1.12164E-12  0.00000E+00  3.04652E-16
  4.600E+01  1.52671E-01 -2.11178E-12 -2.85856E-12 -8.34053E-13 -1.11600E-12  0.00000E+00  9.92883E-17
  4.650E+01  1.55823E-01 -2.04570E-12 -2.81045E-12 -8.17853E-13 -1.11034E-12  0.00000E+00  1.94204E-16
  4.700E+01  1.59001E-01 -1.98202E-12 -2.76329E-12 -8.02028E-13 -1.10464E-12  0.00000E+00  0.00000E+00
  4.750E+01  1.62205E-01 -1.92065E-12 -2.71706E-12 -7.86567E-13 -1.09892E-12  0.00000E+00  1.85886E-16
  4.800E+01  1.65435E-01 -1.86148E-12 -2.67174E-12 -7.71458E-13 -1.09317E-12  0.00000E+00  1.81930E-16
  4.850E+01  1.68690E-01 -1.80442E-12 -2.62730E-12 -7.56692E-13 -1.08740E-12  0.00000E+00  1.78101E-16
  4.900E+01  1.71970E-01 -1.74938E-12 -2.58374E-12 -7.42257E-13 -1.08162E-12  0.00000E+00  8.71972E-17
  4.950E+01  1.75276E-01 -1.69628E-12 -2.54103E-12 -7.28145E-13 -1.07582E-12  0.00000E+00  8.54023E-17
  5.000E+01  1.78606E-01 -1.64503E-12 -2.49914E-12 -7.14346E-13 -1.07001E-12  0.00000E+00  8.36635E-17
  5.050E+01  1.81961E-01 -1.59555E-12 -2.45807E-12 -7.00851E-13 -1.06419E-12  0.00000E+00  1.63957E-16
  5.100E+01  1.85340E-01 -1.54777E-12 -2.41779E-12 -6.87651E-13 -1.05836E-12  0.00000E+00  8.03453E-17
  5.150E+01  1.88743E-01 -1.50162E-12 -2.37828E-12 -6.74738E-13 -1.05252E-12  0.00000E+00  1.57523E-16
  5.200E+01  1.92169E-01 -1.45704E-12 -2.33954E-12 -6.62104E-13 -1.04669E-12  0.00000E+00  7.72258E-17
  5.250E+01  1.95619E-01 -1.41396E-12 -2.30154E-12 -6.49742E-13 -1.04084E-12  0.00000E+00  7.57358E-17
  5.300E+01  1.99092E-01 -1.37232E-12 -2.26425E-12 -6.37642E-13 -1.03500E-12  0.00000E+00  7.42898E-17
  5.350E+01  2.02589E-01 -1.33206E-12 -2.22768E-12 -6.25800E-13 -1.02917E-12  0.00000E+00  7.28862E-17
  5.400E+01  2.06107E-01 -1.29314E-12 -2.19179E-12 -6.14206E-13 -1.02333E-12  0.00000E+00  1.43047E-16
  5.450E+01  2.09649E-01 -1.25549E-12 -2.15658E-12 -6.02856E-13 -1.01750E-12  0.00000E+00  7.01999E-17
  5.500E+01  2.13212E-01 -1.21907E-12 -2.12203E-12 -5.91742E-13 -1.01167E-12  0.00000E+00  6.89141E-17
  5.550E+01  2.16797E-01 -1.18383E-12 -2.08813E-12 -5.80857E-13 -1.00585E-12  0.00000E+00  6.76648E-17
  5.600E+01  2.20404E-01 -1.14972E-12 -2.05485E-12 -5.70197E-13 -1.00004E-12  0.00000E+00  6.64505E-17
  5.650E+01  2.24032E-01 -1.11671E-12 -2.02219E-12 -5.59755E-13 -9.94232E-13  0.00000E+00  6.52700E-17
  5.700E+01  2.27680E-01 -1.08475E-12 -1.99014E-12 -5.49525E-13 -9.88438E-13  0.00000E+00  6.41222E-17
  5.750E+01  2.31350E-01 -1.05380E-12 -1.95867E-12 -5.39503E-13 -9.82654E-13  0.00000E+00  6.30057E-17
  5.800E+01  2.35040E-01 -1.02382E-12 -1.92777E-12 -5.29682E-13 -9.76882E-13  0.00000E+00  6.19196E-17
  5.850E+01  2.38751E-01 -9.94779E-13 -1.89744E-12 -5.20057E-13 -9.71122E-13  0.00000E+00  6.08627E-17
  5.900E+01  2.42481E-01 -9.66645E-13 -1.86766E-12 -5.10625E-13 -9.65376E-13  0.00000E+00  0.00000E+00
  5.950E+01  2.46231E-01 -9.39382E-13 -1.83842E-12 -5.01379E-13 -9.59643E-13  0.00000E+00  5.88327E-17
  6.000E+01  2.50000E-01 -9.12958E-13 -1.80970E-12 -4.92316E-13 -9.53924E-13  0.00000E+00  5.78576E-17
  6.050E+01  2.53788E-01 -8.87342E-13 -1.78149E-12 -4.83431E-13 -9.48221E-13  0.00000E+00  0.00000E+00
  6.100E+01  2.57595E-01 -8.62507E-13 -1.75379E-12 -4.74719E-13 -9.42533E-13  0.00000E+00  5.59830E-17
  6.150E+01  2.61421E-01 -8.38424E-13 -1.72657E-12 -4.66176E-13 -9.36861E-13  0.00000E+00  5.50817E-17
  6.200E+01  2.65264E-01 -8.15068E-13 -1.69984E-12 -4.57799E-13 -9.31205E-13  0.00000E+00  0.00000E+00
  6.250E+01  2.69126E-01 -7.92414E-13 -1.67358E-12 -4.49582E-13 -9.25567E-13  0.00000E+00  5.33474E-17
  6.300E+01  2.73005E-01 -7.70437E-13 -1.64778E-12 -4.41524E-13 -9.19945E-13  0.00000E+00  0.00000E+00
  6.350E+01  2.76901E-01 -7.49112E-13 -1.62243E-12 -4.33619E-13 -9.14342E-13  0.00000E+00  5.16992E-17
  6.400E+01  2.80814E-01 -7.28419E-13 -1.59752E-12 -4.25864E-13 -9.08757E-13  0.00000E+00  5.09056E-17
  6.450E+01  2.84744E-01 -7.08334E-13 -1.57304E-12 -4.18256E-13 -9.03190E-13  0.00000E+00  0.00000E+00
  6.500E+01  2.88691E-01 -6.88837E-13 -1.54898E-12 -4.10792E-13 -8.97641E-13  0.00000E+00  4.93762E-17
  6.550E+01  2.92653E-01 -6.69910E-13 -1.52533E-12 -4.03467E-13 -8.92112E-13  0.00000E+00  0.00000E+00
  6.600E+01  2.96632E-01 -6.51534E-13 -1.50208E-12 -3.96279E-13 -8.86601E-13  0.00000E+00  0.00000E+00
  6.650E+01  3.00625E-01 -6.33690E-13 -1.47924E-12 -3.89225E-13 -8.81111E-13  0.00000E+00  4.72181E-17
  6.700E+01  3.04634E-01 -6.16360E-13 -1.45678E-12 -3.82302E-13 -8.75639E-13  0.00000E+00  0.00000E+00
  6.750E+01  3.08658E-01 -5.99527E-13 -1.43469E-12 -3.75506E-13 -8.70188E-13  0.00000E+00  4.58635E-17
  6.800E+01  3.12697E-01 -5.83173E-13 -1.41297E-12 -3.68836E-13 -8.64756E-13  0.00000E+00  4.52099E-17
  6.850E+01  3.16749E-01 -5.67285E-13 -1.39162E-12 -3.62288E-13 -8.59344E-13  0.00000E+00  0.00000E+00
  6.900E+01  3.20816E-01 -5.51848E-13 -1.37062E-12 -3.55859E-13 -8.53953E-13  0.00000E+00  4.39478E-17
  6.950E+01  3.24896E-01 -5.36848E-13 -1.34997E-12 -3.49547E-13 -8.48582E-13  0.00000E+00  0.00000E+00
  7.000E+01  3.28990E-01 -5.22270E-13 -1.32967E-12 -3.43350E-13 -8.43231E-13  0.00000E+00  0.00000E+00
  7.050E+01  3.33097E-01 -5.08102E-13 -1.30970E-12 -3.37265E-13 -8.37900E-13  0.00000E+00  4.21608E-17
  7.100E+01  3.37216E-01 -4.94328E-13 -1.29005E-12 -3.31289E-13 -8.32591E-13  0.00000E+00  0.00000E+00
  7.150E+01  3.41348E-01 -4.80934E-13 -1.27072E-12 -3.25421E-13 -8.27301E-13  0.00000E+00  4.10356E-17
  7.200E+01  3.45492E-01 -4.67911E-13 -1.25170E-12 -3.19658E-13 -8.22032E-13  0.00000E+00  0.00000E+00
  7.250E+01  3.49647E-01 -4.55254E-13 -1.23299E-12 -3.13997E-13 -8.16784E-13  0.00000E+00  0.00000E+00
  7.300E+01  3.53814E-01 -4.42945E-13 -1.21459E-12 -3.08437E-13 -8.11556E-13  0.00000E+00  0.00000E+00
  7.350E+01  3.57992E-01 -4.30972E-13 -1.19648E-12 -3.02976E-13 -8.06350E-13  0.00000E+00  0.00000E+00
  7.400E+01  3.62181E-01 -4.19325E-13 -1.17866E-12 -2.97612E-13 -8.01163E-13  0.00000E+00  0.00000E+00
  7.450E+01  3.66381E-01 -4.07996E-13 -1.16112E-12 -2.92342E-13 -7.95998E-13  0.00000E+00  0.00000E+00
  7.500E+01  3.70590E-01 -3.96976E-13 -1.14386E-12 -2.87164E-13 -7.90852E-13  0.00000E+00  0.00000E+00
  7.550E+01  3.74810E-01 -3.86255E-13 -1.12687E-12 -2.82078E-13 -7.85728E-13  0.00000E+00  0.00000E+00
  7.600E+01  3.79039E-01 -3.75824E-13 -1.11016E-12 -2.77080E-13 -7.80624E-13  0.00000E+00  0.00000E+00
  7.650E+01  3.83277E-01 -3.65675E-13 -1.09370E-12 -2.72170E-13 -7.75540E-13  0.00000E+00  0.00000E+00
  7.700E+01  3.87524E-01 -3.55797E-13 -1.07750E-12 -2.67345E-13 -7.70477E-13  0.00000E+00  0.00000E+00
  7.750E+01  3.91780E-01 -3.46184E-13 -1.06155E-12 -2.62604E-13 -7.65434E-13  0.00000E+00  0.00000E+00
  7.800E+01  3.96044E-01 -3.36828E-13 -1.04585E-12 -2.57945E-13 -7.60412E-13  0.00000E+00  0.00000E+00
  7.850E+01  4.00316E-01 -3.27722E-13 -1.03039E-12 -2.53366E-13 -7.55409E-13  0.00000E+00  0.00000E+00
  7.900E+01  4.04596E-01 -3.18858E-13 -1.01517E-12 -2.48866E-13 -7.50427E-13  0.00000E+00  0.00000E+00
  7.950E+01  4.08882E-01 -3.10229E-13 -1.00018E-12 -2.44444E-13 -7.45465E-13  0.00000E+00  0.00000E+00
  8.000E+01  4.13176E-01 -3.01829E-13 -9.85419E-13 -2.40098E-13 -7.40523E-13  0.00000E+00  0.00000E+00
  8.050E+01  4.17476E-01 -2.93650E-13 -9.70885E-13 -2.35826E-13 -7.35601E-13  0.00000E+00  0.00000E+00
  8.100E+01  4.21783E-01 -2.85686E-13 -9.56571E-13 -2.31627E-13 -7.30699E-13  0.00000E+00  0.00000E+00
  8.150E+01  4.26095E-01 -2.77932E-13 -9.42473E-13 -2.27500E-13 -7.25817E-13  0.00000E+00  0.00000E+00
  8.200E+01  4.30413E-01 -2.70381E-13 -9.28587E-13 -2.23443E-13 -7.20954E-13  0.00000E+00  0.00000E+00
  8.250E+01  4.34737E-01 -2.63028E-13 -9.14911E-13 -2.19456E-13 -7.16111E-13  0.00000E+00  0.00000E+00
  8.300E+01  4.39065E-01 -2.55867E-13 -9.01439E-13 -2.15535E-13 -7.11287E-13  0.00000E+00  0.00000E+00
  8.350E+01  4.43398E-01 -2.48892E-13 -8.88169E-13 -2.11682E-13 -7.06483E-13  0.00000E+00  0.00000E+00
  8.400E+01  4.47736E-01 -2.42099E-13 -8.75096E-13 -2.07893E-13 -7.01698E-13  0.00000E+00  0.00000E+00
  8.450E+01  4.52077E-01 -2.35482E-13 -8.62216E-13 -2.04169E-13 -6.96932E-13  0.00000E+00  0.00000E+00
  8.500E+01  4.56422E-01 -2.29037E-13 -8.49526E-13 -2.00507E-13 -6.92185E-13  0.00000E+00  0.00000E+00
  8.550E+01  4.60770E-01 -2.22758E-13 -8.37023E-13 -1.96907E-13 -6.87457E-13  0.00000E+00  0.00000E+00
  8.600E+01  4.65122E-01 -2.16642E-13 -8.24704E-13 -1.93368E-13 -6.82748E-13  0.00000E+00  0.00000E+00
  8.650E+01  4.69476E-01 -2.10683E-13 -8.12566E-13 -1.89888E-13 -6.78058E-13  0.00000E+00  0.00000E+00
  8.700E+01  4.73832E-01 -2.04878E-13 -8.00605E-13 -1.86467E-13 -6.73386E-13  0.00000E+00  0.00000E+00
  8.750E+01  4.78190E-01 -1.99222E-13 -7.88818E-13 -1.83103E-13 -6.68732E-13  0.00000E+00  0.00000E+00
  8.800E+01  4.82550E-01 -1.93712E-13 -7.77202E-13 -1.79795E-13 -6.64097E-13  0.00000E+00  0.00000E+00
  8.850E+01  4.86912E-01 -1.88342E-13 -7.65754E-13 -1.76542E-13 -6.59480E-13  0.00000E+00  0.00000E+00
  8.900E+01  4.91274E-01 -1.83110E-13 -7.54471E-13 -1.73344E-13 -6.54881E-13  0.00000E+00  0.00000E+00
  8.950E+01  4.95637E-01 -1.78012E-13 -7.43351E-13 -1.70200E-13 -6.50300E-13  0.00000E+00  0.00000E+00
  9.000E+01  5.00000E-01 -1.73043E-13 -7.32390E-13 -1.67107E-13 -6.45737E-13  0.00000E+00  0.00000E+00
  9.050E+01  5.04363E-01 -1.68202E-13 -7.21587E-13 -1.64067E-13 -6.41192E-13  0.00000E+00  0.00000E+00
  9.100E+01  5.08726E-01 -1.63485E-13 -7.10938E-13 -1.61077E-13 -6.36664E-13  0.00000E+00  0.00000E+00
  9.150E+01  5.13088E-01 -1.58887E-13 -7.00440E-13 -1.58137E-13 -6.32153E-13  0.00000E+00  0.00000E+00
  9.200E+01  5.17450E-01 -1.54406E-13 -6.90091E-13 -1.55245E-13 -6.27660E-13  0.00000E+00  0.00000E+00
  9.250E+01  5.21810E-01 -1.50039E-13 -6.79889E-13 -1.52402E-13 -6.23184E-13  0.00000E+00  0.00000E+00
  9.300E+01  5.26168E-01 -1.45783E-13 -6.69831E-13 -1.49606E-13 -6.18725E-13  2.36177E-17  0.00000E+00
  9.350E+01  5.30524E-01 -1.41634E-13 -6.59915E-13 -1.46857E-13 -6.14283E-13  0.00000E+00  0.00000E+00
  9.400E+01  5.34878E-01 -1.37592E-13 -6.50139E-13 -1.44153E-13 -6.09858E-13  2.35761E-17  0.00000E+00
  9.450E+01  5.39230E-01 -1.33651E-13 -6.40500E-13 -1.41494E-13 -6.05450E-13  0.00000E+00  0.00000E+00
  9.500E+01  5.43578E-01 -1.29811E-13 -6.30996E-13 -1.38880E-13 -6.01058E-13  2.35478E-17  0.00000E+00
  9.550E+01  5.47923E-01 -1.26067E-13 -6.21624E-13 -1.36308E-13 -5.96682E-13  0.00000E+00  0.00000E+00
  9.600E+01  5.52264E-01 -1.22418E-13 -6.12383E-13 -1.33780E-13 -5.92323E-13  0.00000E+00  0.00000E+00
  9.650E+01  5.56602E-01 -1.18861E-13 -6.03271E-13 -1.31293E-13 -5.87980E-13  2.35304E-17  0.00000E+00
  9.700E+01  5.60935E-01 -1.15394E-13 -5.94285E-13 -1.28848E-13 -5.83653E-13  2.35313E-17  0.00000E+00
  9.750E+01  5.65263E-01 -1.12015E-13 -5.85425E-13 -1.26443E-13 -5.79342E-13  2.35354E-17  0.00000E+00
  9.800E+01  5.69587E-01 -1.08722E-13 -5.76687E-13 -1.24078E-13 -5.75046E-13  0.00000E+00  0.00000E+00
  9.850E+01  5.73905E-01 -1.05511E-13 -5.68069E-13 -1.21752E-13 -5.70766E-13  2.35535E-17  0.00000E+00
  9.900E+01  5.78217E-01 -1.02382E-13 -5.59570E-13 -1.19465E-13 -5.66502E-13  0.00000E+00  0.00000E+00
  9.950E+01  5.82524E-01 -9.93312E-14 -5.51188E-13 -1.17216E-13 -5.62253E-13  2.35849E-17  0.00000E+00
  1.000E+02  5.86824E-01 -9.63576E-14 -5.42921E-13 -1.15005E-13 -5.58019E-13  2.36056E-17  0.00000E+00
  1.005E+02  5.91118E-01 -9.34591E-14 -5.34767E-13 -1.12830E-13 -5.53800E-13  0.00000E+00  2.23169E-17
  1.010E+02  5.95404E-01 -9.06340E-14 -5.26726E-13 -1.10691E-13 -5.49597E-13  2.36568E-17  0.00000E+00
  1.015E+02  5.99684E-01 -8.78802E-14 -5.18794E-13 -1.08588E-13 -5.45408E-13  0.00000E+00  0.00000E+00
  1.020E+02  6.03956E-01 -8.51960E-14 -5.10971E-13 -1.06520E-13 -5.41233E-13  4.74428E-17  2.17901E-17
  1.025E+02  6.08220E-01 -8.25796E-14 -5.03254E-13 -1.04487E-13 -5.37074E-13  2.37588E-17  0.00000E+00
  1.030E+02  6.12476E-01 -8.00292E-14 -4.95642E-13 -1.02487E-13 -5.32929E-13  0.00000E+00  2.14532E-17
  1.035E+02  6.16723E-01 -7.75433E-14 -4.88133E-13 -1.00521E-13 -5.28798E-13  2.38436E-17  0.00000E+00
  1.040E+02  6.20961E-01 -7.51203E-14 -4.80726E-13 -9.85875E-14 -5.24681E-13  0.00000E+00  0.00000E+00
  1.045E+02  6.25190E-01 -7.27586E-14 -4.73420E-13 -9.66864E-14 -5.20579E-13  2.39420E-17  2.09686E-17
  1.050E+02  6.29410E-01 -7.04569E-14 -4.66214E-13 -9.48171E-14 -5.16490E-13  0.00000E+00  0.00000E+00
  1.055E+02  6.33619E-01 -6.82134E-14 -4.59104E-13 -9.29792E-14 -5.12415E-13  4.81085E-17  2.06585E-17
  1.060E+02  6.37819E-01 -6.60269E-14 -4.52091E-13 -9.11720E-14 -5.08354E-13  0.00000E+00  0.00000E+00
  1.065E+02  6.42008E-01 -6.38957E-14 -4.45172E-13 -8.93952E-14 -5.04306E-13  0.00000E+00  0.00000E+00
  1.070E+02  6.46186E-01 -6.18185E-14 -4.38347E-13 -8.76483E-14 -5.00272E-13  2.42489E-17  2.02121E-17
  1.075E+02  6.50353E-01 -5.97942E-14 -4.31613E-13 -8.59307E-14 -4.96252E-13  0.00000E+00  0.00000E+00
  1.080E+02  6.54508E-01 -5.78214E-14 -4.24971E-13 -8.42421E-14 -4.92244E-13  4.87931E-17  0.00000E+00
  1.085E+02  6.58652E-01 -5.58990E-14 -4.18418E-13 -8.25820E-14 -4.88249E-13  0.00000E+00  1.97870E-17
  1.090E+02  6.62784E-01 -5.40255E-14 -4.11953E-13 -8.09500E-14 -4.84268E-13  2.45588E-17  0.00000E+00
  1.095E+02  6.66903E-01 -5.21998E-14 -4.05576E-13 -7.93455E-14 -4.80299E-13  0.00000E+00  1.95148E-17
  1.100E+02  6.71010E-01 -5.04206E-14 -3.99284E-13 -7.77682E-14 -4.76343E-13  0.00000E+00  0.00000E+00
  1.105E+02  6.75104E-01 -4.86869E-14 -3.93076E-13 -7.62178E-14 -4.72400E-13  4.96601E-17  0.00000E+00
  1.110E+02  6.79184E-01 -4.69976E-14 -3.86951E-13 -7.46936E-14 -4.68469E-13  2.49282E-17  1.91226E-17
  1.115E+02  6.83251E-01 -4.53516E-14 -3.80910E-13 -7.31954E-14 -4.64550E-13  5.00602E-17  0.00000E+00
  1.120E+02  6.87303E-01 -4.37479E-14 -3.74949E-13 -7.17228E-14 -4.60644E-13  0.00000E+00  1.88714E-17
  1.125E+02  6.91342E-01 -4.21855E-14 -3.69068E-13 -7.02753E-14 -4.56749E-13  1.26229E-17  1.87488E-17
  1.130E+02  6.95366E-01 -4.06633E-14 -3.63267E-13 -6.88527E-14 -4.52867E-13  0.00000E+00  0.00000E+00
  1.135E+02  6.99375E-01 -3.91803E-14 -3.57543E-13 -6.74544E-14 -4.48997E-13  1.27389E-17  1.85093E-17
  1.140E+02  7.03368E-01 -3.77355E-14 -3.51896E-13 -6.60801E-14 -4.45138E-13  2.55999E-17  0.00000E+00
  1.145E+02  7.07347E-01 -3.63280E-14 -3.46325E-13 -6.47295E-14 -4.41291E-13  1.28631E-17  0.00000E+00
  1.150E+02  7.11309E-01 -3.49570E-14 -3.40829E-13 -6.34023E-14 -4.37456E-13  1.29284E-17  1.81640E-17
  1.155E+02  7.15256E-01 -3.36216E-14 -3.35407E-13 -6.20979E-14 -4.33631E-13  0.00000E+00  0.00000E+00
  1.160E+02  7.19186E-01 -3.23210E-14 -3.30058E-13 -6.08162E-14 -4.29819E-13  0.00000E+00  1.79428E-17
  1.165E+02  7.23099E-01 -3.10543E-14 -3.24781E-13 -5.95567E-14 -4.26017E-13  2.62748E-17  1.78348E-17
  1.170E+02  7.26995E-01 -2.98206E-14 -3.19575E-13 -5.83191E-14 -4.22227E-13  0.00000E+00  0.00000E+00
  1.175E+02  7.30874E-01 -2.86190E-14 -3.14439E-13 -5.71032E-14 -4.18447E-13  0.00000E+00  1.76237E-17
  1.180E+02  7.34736E-01 -2.74489E-14 -3.09372E-13 -5.59085E-14 -4.14678E-13  1.33667E-17  0.00000E+00
  1.185E+02  7.38579E-01 -2.63095E-14 -3.04373E-13 -5.47347E-14 -4.10920E-13  2.68958E-17  1.74192E-17
  1.190E+02  7.42405E-01 -2.52001E-14 -2.99443E-13 -5.35816E-14 -4.07173E-13  1.35314E-17  1.73194E-17
  1.195E+02  7.46212E-01 -2.41200E-14 -2.94579E-13 -5.24487E-14 -4.03436E-13  0.00000E+00  0.00000E+00
  1.200E+02  7.50000E-01 -2.30685E-14 -2.89781E-13 -5.13359E-14 -3.99710E-13  2.74118E-17  1.71243E-17
  1.205E+02  7.53769E-01 -2.20448E-14 -2.85048E-13 -5.02428E-14 -3.95994E-13  1.37969E-17  1.70290E-17
  1.210E+02  7.57519E-01 -2.10481E-14 -2.80379E-13 -4.91691E-14 -3.92288E-13  1.38905E-17  3.38704E-17
  1.215E+02  7.61249E-01 -2.00779E-14 -2.75774E-13 -4.81145E-14 -3.88592E-13  0.00000E+00  1.68429E-17
  1.220E+02  7.64960E-01 -1.91335E-14 -2.71231E-13 -4.70787E-14 -3.84906E-13  2.81713E-17  1.67520E-17
  1.225E+02  7.68650E-01 -1.82145E-14 -2.66751E-13 -4.60615E-14 -3.81230E-13  4.25618E-17  1.66625E-17
  1.230E+02  7.72320E-01 -1.73202E-14 -2.62332E-13 -4.50625E-14 -3.77564E-13  0.00000E+00  1.65744E-17
  1.235E+02  7.75968E-01 -1.64499E-14 -2.57974E-13 -4.40815E-14 -3.73907E-13  2.15982E-17  1.64876E-17
  1.240E+02  7.79596E-01 -1.56030E-14 -2.53675E-13 -4.31182E-14 -3.70260E-13  4.35267E-17  1.64023E-17
  1.245E+02  7.83203E-01 -1.47789E-14 -2.49435E-13 -4.21724E-14 -3.66623E-13  2.92438E-17  1.63182E-17
  1.250E+02  7.86788E-01 -1.39771E-14 -2.45254E-13 -4.12437E-14 -3.62994E-13  2.94758E-17  4.87064E-17
  1.255E+02  7.90351E-01 -1.31970E-14 -2.41130E-13 -4.03320E-14 -3.59375E-13  6.68563E-17  1.61540E-17
  1.260E+02  7.93893E-01 -1.24382E-14 -2.37064E-13 -3.94369E-14 -3.55766E-13  2.24687E-17  0.00000E+00
  1.265E+02  7.97411E-01 -1.17002E-14 -2.33054E-13 -3.85582E-14 -3.52165E-13  7.55220E-17  1.59949E-17
  1.270E+02  8.00908E-01 -1.09825E-14 -2.29100E-13 -3.76957E-14 -3.48573E-13  3.04658E-17  1.59172E-17
  1.275E+02  8.04381E-01 -1.02844E-14 -2.25202E-13 -3.68491E-14 -3.44990E-13  3.07294E-17  1.58407E-17
  1.280E+02  8.07831E-01 -9.60555E-15 -2.21358E-13 -3.60182E-14 -3.41415E-13  7.74993E-17  1.57654E-17
  1.285E+02  8.11257E-01 -8.94536E-15 -2.17567E-13 -3.52027E-14 -3.37850E-13  7.81923E-18  0.00000E+00
  1.290E+02  8.14660E-01 -8.30345E-15 -2.13830E-13 -3.44024E-14 -3.34293E-13  6.31222E-17  1.56184E-17
  1.295E+02  8.18039E-01 -7.67944E-15 -2.10146E-13 -3.36171E-14 -3.30744E-13  4.77786E-17  3.10932E-17
  1.300E+02  8.21394E-01 -7.07292E-15 -2.06515E-13 -3.28465E-14 -3.27203E-13  2.41132E-17  1.54760E-17
  1.305E+02  8.24724E-01 -6.48345E-15 -2.02935E-13 -3.20904E-14 -3.23671E-13  6.49137E-17  1.54064E-17
  1.310E+02  8.28030E-01 -5.91052E-15 -1.99406E-13 -3.13485E-14 -3.20147E-13  8.19258E-18  1.53380E-17
  1.315E+02  8.31310E-01 -5.35367E-15 -1.95928E-13 -3.06208E-14 -3.16631E-13  4.55008E-17  3.05412E-17
  1.320E+02  8.34565E-01 -4.81249E-15 -1.92500E-13 -2.99068E-14 -3.13123E-13  5.01310E-17  3.04086E-17
  1.325E+02  8.37795E-01 -4.28663E-15 -1.89121E-13 -2.92066E-14 -3.09623E-13  8.43946E-18  0.00000E+00
  1.330E+02  8.40999E-01 -3.77578E-15 -1.85791E-13 -2.85197E-14 -3.06131E-13  5.96806E-17  3.01498E-17
  1.335E+02  8.44177E-01 -3.27962E-15 -1.82511E-13 -2.78460E-14 -3.02646E-13  4.09175E-17  3.00235E-17
  1.340E+02  8.47329E-01 -2.79777E-15 -1.79278E-13 -2.71853E-14 -2.99168E-13  2.82905E-17  1.49496E-17
  1.345E+02  8.50455E-01 -2.32980E-15 -1.76093E-13 -2.65374E-14 -2.95699E-13  6.15825E-17  1.48885E-17
  1.350E+02  8.53553E-01 -1.87529E-15 -1.72955E-13 -2.59021E-14 -2.92236E-13  1.55618E-17  1.48283E-17
  1.355E+02  8.56625E-01 -1.43389E-15 -1.69863E-13 -2.52792E-14 -2.88781E-13  6.29278E-17  4.43074E-17
  1.360E+02  8.59670E-01 -1.00529E-15 -1.66818E-13 -2.46685E-14 -2.85333E-13  6.13523E-17  2.94218E-17
  1.365E+02  8.62687E-01 -5.89238E-16 -1.63818E-13 -2.40697E-14 -2.81892E-13  2.41267E-17  2.93073E-17
  1.370E+02  8.65677E-01 -1.85478E-16 -1.60864E-13 -2.34828E-14 -2.78458E-13  8.55471E-17  4.37920E-17
  1.375E+02  8.68639E-01  2.06294E-16 -1.57955E-13 -2.29075E-14 -2.75032E-13  3.73149E-17  0.00000E+00
  1.380E+02  8.71572E-01  5.86434E-16 -1.55091E-13 -2.23436E-14 -2.71611E-13  6.89578E-17  7.24374E-17
  1.385E+02  8.74478E-01  9.55319E-16 -1.52270E-13 -2.17910E-14 -2.68198E-13  8.90148E-17  2.88678E-17
  1.390E+02  8.77355E-01  1.31329E-15 -1.49493E-13 -2.12494E-14 -2.64791E-13  1.33892E-17  4.31437E-17
  1.395E+02  8.80203E-01  1.66062E-15 -1.46759E-13 -2.07187E-14 -2.61391E-13  1.10865E-16  4.29884E-17
  1.400E+02  8.83022E-01  1.99751E-15 -1.44068E-13 -2.01986E-14 -2.57997E-13  5.98468E-17  2.85571E-17
  1.405E+02  8.85812E-01  2.32415E-15 -1.41419E-13 -1.96891E-14 -2.54610E-13  8.58243E-17  7.11424E-17
  1.410E+02  8.88573E-01  2.64075E-15 -1.38813E-13 -1.91900E-14 -2.51229E-13  1.20111E-16  2.83586E-17
  1.415E+02  8.91304E-01  2.94760E-15 -1.36249E-13 -1.87010E-14 -2.47854E-13  7.76277E-18  2.82619E-17
  1.420E+02  8.94005E-01  3.24506E-15 -1.33726E-13 -1.82220E-14 -2.44485E-13  1.46739E-16  5.63337E-17
  1.425E+02  8.96677E-01  3.53349E-15 -1.31244E-13 -1.77528E-14 -2.41122E-13  8.49228E-17  2.80735E-17
  1.430E+02  8.99318E-01  3.81319E-15 -1.28802E-13 -1.72933E-14 -2.37765E-13  1.07524E-16  6.99543E-17
  1.435E+02  9.01928E-01  4.08438E-15 -1.26400E-13 -1.68433E-14 -2.34414E-13  1.41601E-16  5.57832E-17
  1.440E+02  9.04508E-01  4.34687E-15 -1.24039E-13 -1.64025E-14 -2.31069E-13  2.75888E-17  4.17046E-17
  1.445E+02  9.07058E-01  4.60060E-15 -1.21718E-13 -1.59710E-14 -2.27729E-13  1.73316E-16  8.31483E-17
  1.450E+02  9.09576E-01  4.84653E-15 -1.19436E-13 -1.55484E-14 -2.24395E-13  6.23209E-17  1.38153E-17
  1.455E+02  9.12063E-01  5.08493E-15 -1.17193E-13 -1.51347E-14 -2.21066E-13  1.26321E-16  6.88671E-17
  1.460E+02  9.14519E-01  5.31589E-15 -1.14988E-13 -1.47297E-14 -2.17743E-13  1.45496E-16  4.11968E-17
  1.465E+02  9.16943E-01  5.53945E-15 -1.12822E-13 -1.43332E-14 -2.14425E-13  7.07934E-17  6.84593E-17
  1.470E+02  9.19335E-01  5.75571E-15 -1.10694E-13 -1.39451E-14 -2.11113E-13  1.97364E-16  6.82610E-17
  1.475E+02  9.21696E-01  5.96485E-15 -1.08604E-13 -1.35652E-14 -2.07805E-13  7.27644E-17  1.36133E-17
  1.480E+02  9.24024E-01  6.16712E-15 -1.06552E-13 -1.31933E-14 -2.04503E-13  2.09044E-16  8.14508E-17
  1.485E+02  9.26320E-01  6.36281E-15 -1.04537E-13 -1.28294E-14 -2.01205E-13  1.37164E-16  6.76884E-17
  1.490E+02  9.28584E-01  6.55216E-15 -1.02558E-13 -1.24732E-14 -1.97913E-13  1.13811E-16  6.75048E-17
  1.495E+02  9.30815E-01  6.73536E-15 -1.00617E-13 -1.21246E-14 -1.94625E-13  2.30859E-16  5.38598E-17
  1.500E+02  9.33013E-01  6.91251E-15 -9.87115E-14 -1.17835E-14 -1.91342E-13  1.30088E-17  2.68593E-17
  1.505E+02  9.35178E-01  7.08370E-15 -9.68425E-14 -1.14497E-14 -1.88063E-13  2.24325E-16  8.03703E-17
  1.510E+02  9.37310E-01  7.24903E-15 -9.50097E-14 -1.11231E-14 -1.84790E-13  1.07087E-16  2.00417E-17
  1.515E+02  9.39409E-01  7.40870E-15 -9.32128E-14 -1.08035E-14 -1.81520E-13  1.62956E-16  3.33198E-17
  1.520E+02  9.41474E-01  7.56291E-15 -9.14514E-14 -1.04908E-14 -1.78255E-13  2.61763E-16  4.65339E-17
  1.525E+02  9.43505E-01  7.71190E-15 -8.97252E-14 -1.01849E-14 -1.74995E-13  8.38670E-17  6.63176E-18
  1.530E+02  9.45503E-01  7.85586E-15 -8.80337E-14 -9.88557E-15 -1.71738E-13  2.26915E-16  3.96970E-17
  1.535E+02  9.47467E-01  7.99488E-15 -8.63769E-14 -9.59271E-15 -1.68486E-13  8.63405E-17  1.98027E-17
  1.540E+02  9.49397E-01  8.12904E-15 -8.47547E-14 -9.30618E-15 -1.65238E-13  2.33622E-16  1.97579E-17
  1.545E+02  9.51293E-01  8.25841E-15 -8.31670E-14 -9.02585E-15 -1.61994E-13  1.92608E-16  3.28569E-17
  1.550E+02  9.53154E-01  8.38309E-15 -8.16137E-14 -8.75158E-15 -1.58754E-13  1.35306E-16  6.55709E-18
  1.555E+02  9.54981E-01  8.50330E-15 -8.00945E-14 -8.48324E-15 -1.55517E-13  2.59337E-16  1.30863E-17
  1.560E+02  9.56773E-01  8.61922E-15 -7.86089E-14 -8.22069E-15 -1.52284E-13  4.64385E-17  3.26475E-17
  1.565E+02  9.58530E-01  8.73103E-15 -7.71566E-14 -7.96381E-15 -1.49055E-13  3.14140E-16  1.95485E-17
  1.570E+02  9.60252E-01  8.83885E-15 -7.57375E-14 -7.71245E-15 -1.45830E-13  1.43438E-16  3.25159E-17
  1.575E+02  9.61940E-01  8.94271E-15 -7.43516E-14 -7.46648E-15 -1.42608E-13  2.26394E-16  3.89429E-17
  1.580E+02  9.63592E-01  9.04265E-15 -7.29988E-14 -7.22579E-15 -1.39390E-13  2.29700E-16  1.29562E-17
  1.585E+02  9.65209E-01  9.13874E-15 -7.16791E-14 -6.99023E-15 -1.36175E-13  6.65832E-17  3.23301E-17
  1.590E+02  9.66790E-01  9.23115E-15 -7.03923E-14 -6.75969E-15 -1.32963E-13  3.37738E-16  1.29085E-17
  1.595E+02  9.68336E-01  9.32005E-15 -6.91378E-14 -6.53403E-15 -1.29754E-13  6.85209E-17  1.28856E-17
  1.600E+02  9.69846E-01  9.40562E-15 -6.79155E-14 -6.31313E-15 -1.26549E-13  2.43259E-16  4.50213E-17
  1.605E+02  9.71321E-01  9.48795E-15 -6.67250E-14 -6.09686E-15 -1.23346E-13  2.46722E-16  0.00000E+00
  1.610E+02  9.72759E-01  9.56708E-15 -6.55666E-14 -5.88509E-15 -1.20147E-13  1.60848E-16  4.48713E-17
  1.615E+02  9.74162E-01  9.64300E-15 -6.44401E-14 -5.67771E-15 -1.16950E-13  3.26202E-16  5.11993E-17
  1.620E+02  9.75528E-01  9.71577E-15 -6.33457E-14 -5.47458E-15 -1.13756E-13  5.51210E-17  6.38994E-18
  1.625E+02  9.76858E-01  9.78549E-15 -6.22830E-14 -5.27559E-15 -1.10565E-13  3.35264E-16  7.01829E-17
  1.630E+02  9.78152E-01  9.85233E-15 -6.12517E-14 -5.08061E-15 -1.07377E-13  1.51027E-16  1.91126E-17
  1.635E+02  9.79410E-01  9.91646E-15 -6.02515E-14 -4.88953E-15 -1.04191E-13  2.67836E-16  4.45324E-17
  1.640E+02  9.80631E-01  9.97797E-15 -5.92823E-14 -4.70221E-15 -1.01007E-13  3.29525E-16  4.44707E-17
  1.645E+02  9.81815E-01  1.00369E-14 -5.83440E-14 -4.51855E-15 -9.78263E-14  1.17816E-16  1.90333E-17
  1.650E+02  9.82963E-01  1.00932E-14 -5.74368E-14 -4.33841E-15 -9.46477E-14  3.38082E-16  5.70256E-17
  1.655E+02  9.84074E-01  1.01469E-14 -5.65607E-14 -4.16169E-15 -9.14713E-14  1.00685E-16  6.32822E-18
  1.660E+02  9.85148E-01  1.01980E-14 -5.57155E-14 -3.98826E-15 -8.82972E-14  3.26157E-16  4.42438E-17
  1.665E+02  9.86185E-01  1.02468E-14 -5.49010E-14 -3.81800E-15 -8.51251E-14  2.47566E-16  1.26263E-17
  1.670E+02  9.87185E-01  1.02933E-14 -5.41168E-14 -3.65080E-15 -8.19551E-14  1.66988E-16  5.04482E-17
  1.675E+02  9.88148E-01  1.03377E-14 -5.33627E-14 -3.48654E-15 -7.87870E-14  4.22269E-16  0.00000E+00
  1.680E+02  9.89074E-01  1.03800E-14 -5.26387E-14 -3.32510E-15 -7.56208E-14  4.26997E-17  6.29263E-17
  1.685E+02  9.89962E-01  1.04201E-14 -5.19451E-14 -3.16637E-15 -7.24564E-14  4.31641E-16  3.14317E-17
  1.690E+02  9.90814E-01  1.04580E-14 -5.12818E-14 -3.01022E-15 -6.92937E-14  1.74476E-16  1.06766E-16
  1.695E+02  9.91627E-01  1.04938E-14 -5.06490E-14 -2.85656E-15 -6.61327E-14  1.76253E-16  8.15698E-17
  1.700E+02  9.92404E-01  1.05276E-14 -5.00461E-14 -2.70525E-15 -6.29733E-14  4.44961E-16  1.06575E-16
  1.705E+02  9.93143E-01  1.05594E-14 -4.94730E-14 -2.55619E-15 -5.98154E-14  4.49165E-17  2.06710E-16
  1.710E+02  9.93844E-01  1.05896E-14 -4.89294E-14 -2.40925E-15 -5.66589E-14  3.62589E-16  6.25903E-18
  1.715E+02  9.94508E-01  1.06179E-14 -4.84153E-14 -2.26434E-15 -5.35037E-14  9.14326E-17  3.31482E-16
  1.720E+02  9.95134E-01  1.06445E-14 -4.79310E-14 -2.12132E-15 -5.03499E-14  3.68747E-16  2.06250E-16
  1.725E+02  9.95722E-01  1.06691E-14 -4.74765E-14 -1.98010E-15 -4.71972E-14  2.78721E-16  3.18541E-16
  1.730E+02  9.96273E-01  1.06919E-14 -4.70520E-14 -1.84055E-15 -4.40456E-14  1.40386E-16  5.18090E-16
  1.735E+02  9.96786E-01  1.07128E-14 -4.66572E-14 -1.70256E-15 -4.08951E-14  5.18305E-16  8.11002E-17
  1.740E+02  9.97261E-01  1.07322E-14 -4.62917E-14 -1.56603E-15 -3.77456E-14  1.42267E-16  8.04337E-16
  1.745E+02  9.97698E-01  1.07500E-14 -4.59553E-14 -1.43083E-15 -3.45970E-14  3.33939E-16  4.61178E-16
  1.750E+02  9.98097E-01  1.07664E-14 -4.56479E-14 -1.29686E-15 -3.14492E-14  2.87807E-16  8.34734E-16
  1.755E+02  9.98459E-01  1.07812E-14 -4.53697E-14 -1.16401E-15 -2.83021E-14  0.00000E+00  1.33877E-15
  1.760E+02  9.98782E-01  1.07943E-14 -4.51212E-14 -1.03215E-15 -2.51558E-14  4.35820E-16  2.61433E-16
  1.765E+02  9.99067E-01  1.08056E-14 -4.49024E-14 -9.01184E-16 -2.20100E-14  4.86169E-17  2.30860E-15
  1.770E+02  9.99315E-01  1.08151E-14 -4.47133E-14 -7.70997E-16 -1.88647E-14  5.85416E-16  1.39349E-15
  1.775E+02  9.99524E-01  1.08232E-14 -4.45534E-14 -6.41480E-16 -1.57199E-14  4.40348E-16  2.86717E-15
  1.780E+02  9.99695E-01  1.08300E-14 -4.44221E-14 -5.12519E-16 -1.25755E-14  3.43318E-16  5.21713E-15
  1.785E+02  9.99829E-01  1.08355E-14 -4.43194E-14 -3.84002E-16 -9.43137E-15  8.35351E-16  1.38025E-15
  1.790E+02  9.99924E-01  1.08397E-14 -4.42453E-14 -2.55817E-16 -6.28746E-15  1.47616E-16  1.67291E-14
  1.795E+02  9.99981E-01  1.08424E-14 -4.42005E-14 -1.27854E-16 -3.14370E-15  1.37889E-15  2.20553E-14
  1.800E+02  1.00000E+00  1.08436E-14 -4.41854E-14 -1.79401E-30 -4.41167E-29  2.31521E-14  8.32380E-11
