 #  Spin polarization functions (in cm)      MU=(1-cos(TH))/2
 #  Z =  47,   projectile: electron
 #  Kinetic energy = 6.00000E+06 eV
 #
 # TH (deg)      MU            U            S            T      1-U^2-T^2-S^2
 #------------------------------------------------------------------------------
  0.000E+00  0.00000E+00  0.00000E+00  0.00000E+00  1.00000E+00  0.00000E+00
  1.000E-04  7.61557E-13  1.60835E-06  6.37776E-12  1.00000E+00  2.22045E-16
  1.250E-04  1.18994E-12  2.01044E-06  7.97211E-12  1.00000E+00 -2.22045E-16
  1.500E-04  1.71346E-12  2.41252E-06  9.56640E-12  1.00000E+00  2.22045E-16
  1.750E-04  2.33225E-12  2.81461E-06  1.11606E-11  1.00000E+00  1.11022E-16
  2.000E-04  3.04617E-12  3.21670E-06  1.27547E-11  1.00000E+00  1.11022E-16
  2.250E-04  3.85530E-12  3.61879E-06  1.43488E-11  1.00000E+00  3.33067E-16
  2.500E-04  4.75964E-12  4.02087E-06  1.59427E-11  1.00000E+00  1.11022E-16
  2.750E-04  5.75917E-12  4.42296E-06  1.75365E-11  1.00000E+00  0.00000E+00
  3.000E-04  6.85391E-12  4.82505E-06  1.91301E-11  1.00000E+00  1.11022E-16
  3.250E-04  8.04379E-12  5.22714E-06  2.07236E-11  1.00000E+00 -2.22045E-16
  3.500E-04  9.32893E-12  5.62922E-06  2.23170E-11  1.00000E+00  1.11022E-16
  3.750E-04  1.07092E-11  6.03131E-06  2.39101E-11  1.00000E+00 -2.22045E-16
  4.000E-04  1.21847E-11  6.43340E-06  2.55031E-11  1.00000E+00 -2.22045E-16
  4.250E-04  1.37554E-11  6.83548E-06  2.70959E-11  1.00000E+00 -4.44089E-16
  4.500E-04  1.54213E-11  7.23757E-06  2.86885E-11  1.00000E+00  1.11022E-16
  4.750E-04  1.71823E-11  7.63966E-06  3.02808E-11  1.00000E+00  0.00000E+00
  5.000E-04  1.90386E-11  8.04175E-06  3.18730E-11  1.00000E+00  0.00000E+00
  5.250E-04  2.09900E-11  8.44383E-06  3.34648E-11  1.00000E+00 -2.22045E-16
  5.500E-04  2.30367E-11  8.84592E-06  3.50564E-11  1.00000E+00  0.00000E+00
  5.750E-04  2.51785E-11  9.24801E-06  3.66478E-11  1.00000E+00 -2.22045E-16
  6.000E-04  2.74156E-11  9.65010E-06  3.82388E-11  1.00000E+00  0.00000E+00
  6.250E-04  2.97478E-11  1.00522E-05  3.98296E-11  1.00000E+00 -4.44089E-16
  6.500E-04  3.21752E-11  1.04543E-05  4.14200E-11  1.00000E+00  1.11022E-16
  6.750E-04  3.46979E-11  1.08564E-05  4.30102E-11  1.00000E+00  1.11022E-16
  7.000E-04  3.73157E-11  1.12584E-05  4.46000E-11  1.00000E+00 -2.22045E-16
  7.250E-04  4.00286E-11  1.16605E-05  4.61894E-11  1.00000E+00  3.33067E-16
  7.500E-04  4.28368E-11  1.20626E-05  4.77785E-11  1.00000E+00 -2.22045E-16
  7.750E-04  4.57402E-11  1.24647E-05  4.93673E-11  1.00000E+00  3.33067E-16
  8.000E-04  4.87388E-11  1.28668E-05  5.09556E-11  1.00000E+00  0.00000E+00
  8.250E-04  5.18325E-11  1.32689E-05  5.25436E-11  1.00000E+00  3.33067E-16
  8.500E-04  5.50215E-11  1.36710E-05  5.41311E-11  1.00000E+00 -2.22045E-16
  8.750E-04  5.83057E-11  1.40731E-05  5.57183E-11  1.00000E+00  0.00000E+00
  9.000E-04  6.16850E-11  1.44751E-05  5.73050E-11  1.00000E+00  3.33067E-16
  9.250E-04  6.51595E-11  1.48772E-05  5.88913E-11  1.00000E+00  0.00000E+00
  9.500E-04  6.87293E-11  1.52793E-05  6.04771E-11  1.00000E+00  1.11022E-16
  9.750E-04  7.23943E-11  1.56814E-05  6.20624E-11  1.00000E+00 -2.22045E-16
  1.000E-03  7.61544E-11  1.60835E-05  6.36473E-11  1.00000E+00 -2.22045E-16
  1.250E-03  1.18991E-10  2.01044E-05  7.94675E-11  1.00000E+00 -2.22045E-16
  1.500E-03  1.71347E-10  2.41252E-05  9.52276E-11  1.00000E+00  1.11022E-16
  1.750E-03  2.33223E-10  2.81461E-05  1.10917E-10  1.00000E+00  0.00000E+00
  2.000E-03  3.04617E-10  3.21670E-05  1.26524E-10  1.00000E+00 -4.44089E-16
  2.250E-03  3.85531E-10  3.61879E-05  1.42040E-10  1.00000E+00  2.22045E-16
  2.500E-03  4.75965E-10  4.02088E-05  1.57456E-10  1.00000E+00  2.22045E-16
  2.750E-03  5.75917E-10  4.42296E-05  1.72763E-10  1.00000E+00 -2.22045E-16
  3.000E-03  6.85389E-10  4.82505E-05  1.87954E-10  1.00000E+00 -2.22045E-16
  3.250E-03  8.04380E-10  5.22714E-05  2.03022E-10  1.00000E+00 -2.22045E-16
  3.500E-03  9.32891E-10  5.62923E-05  2.17962E-10  1.00000E+00 -2.22045E-16
  3.750E-03  1.07092E-09  6.03132E-05  2.32769E-10  1.00000E+00  3.33067E-16
  4.000E-03  1.21847E-09  6.43341E-05  2.47440E-10  1.00000E+00 -4.44089E-16
  4.250E-03  1.37554E-09  6.83550E-05  2.61972E-10  1.00000E+00 -2.22045E-16
  4.500E-03  1.54213E-09  7.23758E-05  2.76364E-10  1.00000E+00  1.11022E-16
  4.750E-03  1.71823E-09  7.63967E-05  2.90615E-10  1.00000E+00  2.22045E-16
  5.000E-03  1.90386E-09  8.04176E-05  3.04728E-10  1.00000E+00 -2.22045E-16
  5.250E-03  2.09900E-09  8.44385E-05  3.18703E-10  1.00000E+00  2.22045E-16
  5.500E-03  2.30367E-09  8.84594E-05  3.32545E-10  1.00000E+00 -2.22045E-16
  5.750E-03  2.51785E-09  9.24803E-05  3.46258E-10  1.00000E+00  2.22045E-16
  6.000E-03  2.74156E-09  9.65012E-05  3.59848E-10  1.00000E+00 -2.22045E-16
  6.250E-03  2.97478E-09  1.00522E-04  3.73321E-10  1.00000E+00 -2.22045E-16
  6.500E-03  3.21752E-09  1.04543E-04  3.86685E-10  1.00000E+00  3.33067E-16
  6.750E-03  3.46978E-09  1.08564E-04  3.99949E-10  1.00000E+00  4.44089E-16
  7.000E-03  3.73156E-09  1.12585E-04  4.13123E-10  1.00000E+00 -2.22045E-16
  7.250E-03  4.00286E-09  1.16606E-04  4.26217E-10  1.00000E+00  3.33067E-16
  7.500E-03  4.28368E-09  1.20627E-04  4.39244E-10  1.00000E+00  2.22045E-16
  7.750E-03  4.57402E-09  1.24648E-04  4.52215E-10  1.00000E+00  0.00000E+00
  8.000E-03  4.87388E-09  1.28668E-04  4.65143E-10  1.00000E+00  2.22045E-16
  8.250E-03  5.18326E-09  1.32689E-04  4.78043E-10  1.00000E+00 -2.22045E-16
  8.500E-03  5.50215E-09  1.36710E-04  4.90928E-10  1.00000E+00  0.00000E+00
  8.750E-03  5.83057E-09  1.40731E-04  5.03814E-10  1.00000E+00 -4.44089E-16
  9.000E-03  6.16850E-09  1.44752E-04  5.16716E-10  1.00000E+00  1.11022E-16
  9.250E-03  6.51596E-09  1.48773E-04  5.29648E-10  1.00000E+00  0.00000E+00
  9.500E-03  6.87293E-09  1.52794E-04  5.42626E-10  1.00000E+00  0.00000E+00
  9.750E-03  7.23942E-09  1.56815E-04  5.55666E-10  1.00000E+00  3.33067E-16
  1.000E-02  7.61544E-09  1.60836E-04  5.68784E-10  1.00000E+00 -4.44089E-16
  1.250E-02  1.18991E-08  2.01045E-04  7.07434E-10  1.00000E+00  0.00000E+00
  1.500E-02  1.71347E-08  2.41254E-04  8.67182E-10  1.00000E+00 -4.44089E-16
  1.750E-02  2.33223E-08  2.81463E-04  1.05071E-09  1.00000E+00  1.11022E-16
  2.000E-02  3.04617E-08  3.21672E-04  1.25056E-09  1.00000E+00  1.11022E-16
  2.250E-02  3.85531E-08  3.61881E-04  1.45553E-09  1.00000E+00  0.00000E+00
  2.500E-02  4.75965E-08  4.02090E-04  1.65989E-09  1.00000E+00  0.00000E+00
  2.750E-02  5.75917E-08  4.42299E-04  1.86837E-09  1.00000E+00  1.11022E-16
  3.000E-02  6.85389E-08  4.82508E-04  2.09276E-09  1.00000E+00 -2.22045E-16
  3.250E-02  8.04380E-08  5.22717E-04  2.34252E-09  1.00000E+00  0.00000E+00
  3.500E-02  9.32891E-08  5.62926E-04  2.61706E-09  1.00000E+00 -2.22045E-16
  3.750E-02  1.07092E-07  6.03135E-04  2.90617E-09  1.00000E+00  0.00000E+00
  4.000E-02  1.21847E-07  6.43345E-04  3.19878E-09  1.00000E+00 -4.44089E-16
  4.250E-02  1.37554E-07  6.83554E-04  3.49274E-09  1.00000E+00  0.00000E+00
  4.500E-02  1.54213E-07  7.23763E-04  3.79727E-09  1.00000E+00 -2.22045E-16
  4.750E-02  1.71823E-07  7.63973E-04  4.12560E-09  1.00000E+00  2.22045E-16
  5.000E-02  1.90386E-07  8.04182E-04  4.48387E-09  1.00000E+00  3.33067E-16
  5.250E-02  2.09900E-07  8.44391E-04  4.86571E-09  1.00000E+00 -2.22045E-16
  5.500E-02  2.30367E-07  8.84600E-04  5.25780E-09  1.00000E+00  3.33067E-16
  5.750E-02  2.51785E-07  9.24810E-04  5.65165E-09  1.00000E+00  1.11022E-16
  6.000E-02  2.74156E-07  9.65019E-04  6.05169E-09  1.00000E+00  0.00000E+00
  6.250E-02  2.97478E-07  1.00523E-03  6.47209E-09  9.99999E-01 -2.22045E-16
  6.500E-02  3.21752E-07  1.04544E-03  6.92484E-09  9.99999E-01 -2.22045E-16
  6.750E-02  3.46978E-07  1.08565E-03  7.40931E-09  9.99999E-01  0.00000E+00
  7.000E-02  3.73156E-07  1.12586E-03  7.91270E-09  9.99999E-01 -2.22045E-16
  7.250E-02  4.00286E-07  1.16607E-03  8.42143E-09  9.99999E-01  2.22045E-16
  7.500E-02  4.28368E-07  1.20628E-03  8.93358E-09  9.99999E-01 -2.22045E-16
  7.750E-02  4.57402E-07  1.24649E-03  9.46120E-09  9.99999E-01 -2.22045E-16
  8.000E-02  4.87388E-07  1.28670E-03  1.00200E-08  9.99999E-01  2.22045E-16
  8.250E-02  5.18325E-07  1.32691E-03  1.06153E-08  9.99999E-01  3.33067E-16
  8.500E-02  5.50215E-07  1.36711E-03  1.12374E-08  9.99999E-01  0.00000E+00
  8.750E-02  5.83057E-07  1.40732E-03  1.18704E-08  9.99999E-01  0.00000E+00
  9.000E-02  6.16850E-07  1.44753E-03  1.25072E-08  9.99999E-01 -2.22045E-16
  9.250E-02  6.51596E-07  1.48774E-03  1.31568E-08  9.99999E-01 -2.22045E-16
  9.500E-02  6.87293E-07  1.52795E-03  1.38364E-08  9.99999E-01 -2.22045E-16
  9.750E-02  7.23942E-07  1.56816E-03  1.45553E-08  9.99999E-01  0.00000E+00
  1.000E-01  7.61543E-07  1.60837E-03  1.53048E-08  9.99999E-01 -2.22045E-16
  1.250E-01  1.18991E-06  2.01048E-03  2.37020E-08  9.99998E-01 -2.22045E-16
  1.500E-01  1.71347E-06  2.41258E-03  3.42420E-08  9.99997E-01  0.00000E+00
  1.750E-01  2.33223E-06  2.81470E-03  4.63520E-08  9.99996E-01  1.11022E-16
  2.000E-01  3.04617E-06  3.21681E-03  6.04385E-08  9.99995E-01 -2.22045E-16
  2.250E-01  3.85531E-06  3.61894E-03  7.57038E-08  9.99993E-01 -4.44089E-16
  2.500E-01  4.75964E-06  4.02106E-03  9.31110E-08  9.99992E-01  2.22045E-16
  2.750E-01  5.75916E-06  4.42319E-03  1.11812E-07  9.99990E-01  3.33067E-16
  3.000E-01  6.85388E-06  4.82532E-03  1.32447E-07  9.99988E-01  1.11022E-16
  3.250E-01  8.04378E-06  5.22746E-03  1.54875E-07  9.99986E-01  1.11022E-16
  3.500E-01  9.32888E-06  5.62961E-03  1.78681E-07  9.99984E-01  1.11022E-16
  3.750E-01  1.07092E-05  6.03175E-03  2.04288E-07  9.99982E-01  0.00000E+00
  4.000E-01  1.21846E-05  6.43391E-03  2.30948E-07  9.99979E-01 -2.22045E-16
  4.250E-01  1.37553E-05  6.83607E-03  2.59450E-07  9.99977E-01  0.00000E+00
  4.500E-01  1.54212E-05  7.23823E-03  2.88758E-07  9.99974E-01  1.11022E-16
  4.750E-01  1.71822E-05  7.64041E-03  3.19582E-07  9.99971E-01  1.11022E-16
  5.000E-01  1.90385E-05  8.04258E-03  3.51411E-07  9.99968E-01  0.00000E+00
  5.250E-01  2.09899E-05  8.44476E-03  3.84327E-07  9.99964E-01  4.44089E-16
  5.500E-01  2.30365E-05  8.84695E-03  4.18937E-07  9.99961E-01  1.11022E-16
  5.750E-01  2.51783E-05  9.24914E-03  4.54467E-07  9.99957E-01  1.11022E-16
  6.000E-01  2.74153E-05  9.65134E-03  4.91585E-07  9.99953E-01  1.11022E-16
  6.250E-01  2.97475E-05  1.00535E-02  5.30337E-07  9.99949E-01  0.00000E+00
  6.500E-01  3.21749E-05  1.04558E-02  5.69313E-07  9.99945E-01  1.11022E-16
  6.750E-01  3.46974E-05  1.08580E-02  6.11991E-07  9.99941E-01 -2.22045E-16
  7.000E-01  3.73152E-05  1.12602E-02  6.53819E-07  9.99937E-01 -2.22045E-16
  7.250E-01  4.00281E-05  1.16624E-02  6.99751E-07  9.99932E-01  0.00000E+00
  7.500E-01  4.28362E-05  1.20646E-02  7.44463E-07  9.99927E-01  2.22045E-16
  7.750E-01  4.57395E-05  1.24669E-02  7.93642E-07  9.99922E-01  0.00000E+00
  8.000E-01  4.87380E-05  1.28691E-02  8.40934E-07  9.99917E-01  0.00000E+00
  8.250E-01  5.18317E-05  1.32713E-02  8.92796E-07  9.99912E-01  0.00000E+00
  8.500E-01  5.50205E-05  1.36736E-02  9.45129E-07  9.99907E-01 -2.22045E-16
  8.750E-01  5.83045E-05  1.40758E-02  9.98598E-07  9.99901E-01 -2.22045E-16
  9.000E-01  6.16838E-05  1.44781E-02  1.05520E-06  9.99895E-01  1.11022E-16
  9.250E-01  6.51582E-05  1.48803E-02  1.11027E-06  9.99889E-01  2.22045E-16
  9.500E-01  6.87277E-05  1.52826E-02  1.17077E-06  9.99883E-01 -2.22045E-16
  9.750E-01  7.23925E-05  1.56848E-02  1.22858E-06  9.99877E-01  1.11022E-16
  1.000E+00  7.61524E-05  1.60871E-02  1.29108E-06  9.99871E-01  4.44089E-16
  1.100E+00  9.21439E-05  1.76962E-02  1.54832E-06  9.99843E-01 -2.22045E-16
  1.200E+00  1.09658E-04  1.93054E-02  1.82452E-06  9.99814E-01 -2.22045E-16
  1.300E+00  1.28695E-04  2.09146E-02  2.12045E-06  9.99781E-01  4.44089E-16
  1.400E+00  1.49255E-04  2.25239E-02  2.43310E-06  9.99746E-01  0.00000E+00
  1.500E+00  1.71338E-04  2.41332E-02  2.76264E-06  9.99709E-01  0.00000E+00
  1.600E+00  1.94942E-04  2.57426E-02  3.11023E-06  9.99669E-01  0.00000E+00
  1.700E+00  2.20070E-04  2.73520E-02  3.47394E-06  9.99626E-01 -2.22045E-16
  1.800E+00  2.46720E-04  2.89615E-02  3.85450E-06  9.99581E-01  0.00000E+00
  1.900E+00  2.74892E-04  3.05710E-02  4.25364E-06  9.99533E-01  0.00000E+00
  2.000E+00  3.04586E-04  3.21805E-02  4.66763E-06  9.99482E-01 -2.22045E-16
  2.100E+00  3.35803E-04  3.37901E-02  5.09916E-06  9.99429E-01  2.22045E-16
  2.200E+00  3.68542E-04  3.53997E-02  5.54932E-06  9.99373E-01 -4.44089E-16
  2.300E+00  4.02802E-04  3.70093E-02  6.01035E-06  9.99315E-01  2.22045E-16
  2.400E+00  4.38585E-04  3.86190E-02  6.48714E-06  9.99254E-01  1.11022E-16
  2.500E+00  4.75889E-04  4.02286E-02  6.98410E-06  9.99191E-01  2.22045E-16
  2.600E+00  5.14715E-04  4.18383E-02  7.49013E-06  9.99124E-01 -2.22045E-16
  2.700E+00  5.55063E-04  4.34479E-02  8.00816E-06  9.99056E-01  0.00000E+00
  2.800E+00  5.96931E-04  4.50576E-02  8.54426E-06  9.98984E-01  0.00000E+00
  2.900E+00  6.40321E-04  4.66673E-02  9.08642E-06  9.98910E-01  2.22045E-16
  3.000E+00  6.85233E-04  4.82769E-02  9.63900E-06  9.98834E-01  0.00000E+00
  3.100E+00  7.31665E-04  4.98865E-02  1.02085E-05  9.98755E-01  3.33067E-16
  3.200E+00  7.79618E-04  5.14962E-02  1.07815E-05  9.98673E-01  1.11022E-16
  3.300E+00  8.29092E-04  5.31058E-02  1.13624E-05  9.98589E-01  1.11022E-16
  3.400E+00  8.80086E-04  5.47154E-02  1.19594E-05  9.98502E-01 -2.22045E-16
  3.500E+00  9.32601E-04  5.63249E-02  1.25553E-05  9.98412E-01 -2.22045E-16
  3.600E+00  9.86636E-04  5.79345E-02  1.31603E-05  9.98320E-01  1.11022E-16
  3.700E+00  1.04219E-03  5.95439E-02  1.37765E-05  9.98226E-01  2.22045E-16
  3.800E+00  1.09927E-03  6.11534E-02  1.43867E-05  9.98128E-01  2.22045E-16
  3.900E+00  1.15786E-03  6.27628E-02  1.50080E-05  9.98028E-01  0.00000E+00
  4.000E+00  1.21797E-03  6.43722E-02  1.56391E-05  9.97926E-01 -2.22045E-16
  4.100E+00  1.27961E-03  6.59815E-02  1.62609E-05  9.97821E-01  1.11022E-16
  4.200E+00  1.34276E-03  6.75907E-02  1.68915E-05  9.97713E-01 -4.44089E-16
  4.300E+00  1.40743E-03  6.91999E-02  1.75283E-05  9.97603E-01 -4.44089E-16
  4.400E+00  1.47362E-03  7.08090E-02  1.81526E-05  9.97490E-01  2.22045E-16
  4.500E+00  1.54133E-03  7.24181E-02  1.87868E-05  9.97374E-01 -2.22045E-16
  4.600E+00  1.61056E-03  7.40271E-02  1.94248E-05  9.97256E-01 -2.22045E-16
  4.700E+00  1.68131E-03  7.56360E-02  2.00468E-05  9.97135E-01  0.00000E+00
  4.800E+00  1.75357E-03  7.72448E-02  2.06786E-05  9.97012E-01  3.33067E-16
  4.900E+00  1.82735E-03  7.88535E-02  2.13118E-05  9.96886E-01 -2.22045E-16
  5.000E+00  1.90265E-03  8.04622E-02  2.19269E-05  9.96758E-01  1.11022E-16
  5.100E+00  1.97947E-03  8.20707E-02  2.25507E-05  9.96627E-01  2.22045E-16
  5.200E+00  2.05780E-03  8.36792E-02  2.31716E-05  9.96493E-01 -2.22045E-16
  5.300E+00  2.13765E-03  8.52875E-02  2.37702E-05  9.96356E-01  0.00000E+00
  5.400E+00  2.21902E-03  8.68958E-02  2.43778E-05  9.96217E-01  2.22045E-16
  5.500E+00  2.30190E-03  8.85039E-02  2.49817E-05  9.96076E-01  0.00000E+00
  5.600E+00  2.38630E-03  9.01119E-02  2.55606E-05  9.95932E-01  1.11022E-16
  5.700E+00  2.47222E-03  9.17198E-02  2.61473E-05  9.95785E-01  1.11022E-16
  5.800E+00  2.55965E-03  9.33276E-02  2.67266E-05  9.95635E-01  1.11022E-16
  5.900E+00  2.64859E-03  9.49352E-02  2.72776E-05  9.95483E-01  2.22045E-16
  6.000E+00  2.73905E-03  9.65427E-02  2.78396E-05  9.95329E-01  1.11022E-16
  6.100E+00  2.83103E-03  9.81501E-02  2.83937E-05  9.95172E-01 -2.22045E-16
  6.200E+00  2.92452E-03  9.97573E-02  2.89151E-05  9.95012E-01 -2.22045E-16
  6.300E+00  3.01952E-03  1.01364E-01  2.94483E-05  9.94849E-01  1.11022E-16
  6.400E+00  3.11604E-03  1.02971E-01  2.99669E-05  9.94684E-01  2.22045E-16
  6.500E+00  3.21407E-03  1.04578E-01  3.04472E-05  9.94517E-01  0.00000E+00
  6.600E+00  3.31362E-03  1.06185E-01  3.09472E-05  9.94346E-01  3.33067E-16
  6.700E+00  3.41468E-03  1.07791E-01  3.14238E-05  9.94174E-01 -2.22045E-16
  6.800E+00  3.51725E-03  1.09397E-01  3.18605E-05  9.93998E-01  2.22045E-16
  6.900E+00  3.62133E-03  1.11003E-01  3.23295E-05  9.93820E-01  0.00000E+00
  7.000E+00  3.72692E-03  1.12609E-01  3.27427E-05  9.93639E-01  2.22045E-16
  7.100E+00  3.83403E-03  1.14215E-01  3.31555E-05  9.93456E-01  2.22045E-16
  7.200E+00  3.94265E-03  1.15821E-01  3.35578E-05  9.93270E-01  3.33067E-16
  7.300E+00  4.05278E-03  1.17426E-01  3.39427E-05  9.93082E-01  2.22045E-16
  7.400E+00  4.16442E-03  1.19031E-01  3.42912E-05  9.92891E-01 -2.22045E-16
  7.500E+00  4.27757E-03  1.20636E-01  3.46579E-05  9.92697E-01  0.00000E+00
  7.600E+00  4.39223E-03  1.22241E-01  3.49736E-05  9.92500E-01  0.00000E+00
  7.700E+00  4.50840E-03  1.23845E-01  3.52769E-05  9.92302E-01  1.11022E-16
  7.800E+00  4.62608E-03  1.25450E-01  3.55783E-05  9.92100E-01  1.11022E-16
  7.900E+00  4.74527E-03  1.27054E-01  3.58345E-05  9.91896E-01 -2.22045E-16
  8.000E+00  4.86597E-03  1.28658E-01  3.60817E-05  9.91689E-01 -2.22045E-16
  8.100E+00  4.98817E-03  1.30261E-01  3.63141E-05  9.91480E-01  0.00000E+00
  8.200E+00  5.11188E-03  1.31865E-01  3.65084E-05  9.91268E-01  0.00000E+00
  8.300E+00  5.23711E-03  1.33468E-01  3.66899E-05  9.91053E-01 -2.22045E-16
  8.400E+00  5.36383E-03  1.35071E-01  3.68537E-05  9.90836E-01  2.22045E-16
  8.500E+00  5.49207E-03  1.36673E-01  3.69841E-05  9.90616E-01 -4.44089E-16
  8.600E+00  5.62181E-03  1.38276E-01  3.70965E-05  9.90394E-01 -2.22045E-16
  8.700E+00  5.75306E-03  1.39878E-01  3.71862E-05  9.90169E-01 -4.44089E-16
  8.800E+00  5.88581E-03  1.41480E-01  3.72417E-05  9.89941E-01  2.22045E-16
  8.900E+00  6.02007E-03  1.43081E-01  3.72753E-05  9.89711E-01  2.22045E-16
  9.000E+00  6.15583E-03  1.44683E-01  3.72852E-05  9.89478E-01 -2.22045E-16
  9.100E+00  6.29310E-03  1.46284E-01  3.72625E-05  9.89243E-01  0.00000E+00
  9.200E+00  6.43187E-03  1.47885E-01  3.72146E-05  9.89005E-01  0.00000E+00
  9.300E+00  6.57214E-03  1.49485E-01  3.71401E-05  9.88764E-01  0.00000E+00
  9.400E+00  6.71392E-03  1.51085E-01  3.70330E-05  9.88521E-01  1.11022E-16
  9.500E+00  6.85720E-03  1.52685E-01  3.69001E-05  9.88275E-01  1.11022E-16
  9.600E+00  7.00198E-03  1.54285E-01  3.67420E-05  9.88026E-01 -2.22045E-16
  9.700E+00  7.14827E-03  1.55884E-01  3.65525E-05  9.87775E-01 -2.22045E-16
  9.800E+00  7.29605E-03  1.57483E-01  3.63338E-05  9.87522E-01 -2.22045E-16
  9.900E+00  7.44534E-03  1.59082E-01  3.60853E-05  9.87265E-01  1.11022E-16
  1.000E+01  7.59612E-03  1.60680E-01  3.58029E-05  9.87006E-01  2.22045E-16
  1.025E+01  7.97965E-03  1.64675E-01  3.49624E-05  9.86348E-01 -2.22045E-16
  1.050E+01  8.37255E-03  1.68667E-01  3.39183E-05  9.85673E-01  2.22045E-16
  1.075E+01  8.77480E-03  1.72658E-01  3.26688E-05  9.84982E-01 -4.44089E-16
  1.100E+01  9.18641E-03  1.76646E-01  3.12170E-05  9.84274E-01  0.00000E+00
  1.125E+01  9.60736E-03  1.80632E-01  2.95429E-05  9.83551E-01  1.11022E-16
  1.150E+01  1.00376E-02  1.84615E-01  2.76417E-05  9.82811E-01 -2.22045E-16
  1.175E+01  1.04773E-02  1.88596E-01  2.55014E-05  9.82055E-01  3.33067E-16
  1.200E+01  1.09262E-02  1.92574E-01  2.31236E-05  9.81282E-01  1.11022E-16
  1.225E+01  1.13844E-02  1.96550E-01  2.05040E-05  9.80494E-01  0.00000E+00
  1.250E+01  1.18520E-02  2.00523E-01  1.76233E-05  9.79689E-01  2.22045E-16
  1.275E+01  1.23288E-02  2.04494E-01  1.44786E-05  9.78868E-01  0.00000E+00
  1.300E+01  1.28150E-02  2.08461E-01  1.10612E-05  9.78031E-01 -2.22045E-16
  1.325E+01  1.33104E-02  2.12426E-01  7.37934E-06  9.77177E-01 -2.22045E-16
  1.350E+01  1.38150E-02  2.16387E-01  3.42580E-06  9.76308E-01  0.00000E+00
  1.375E+01  1.43290E-02  2.20346E-01 -8.11885E-07  9.75422E-01  1.11022E-16
  1.400E+01  1.48521E-02  2.24301E-01 -5.33297E-06  9.74520E-01  1.11022E-16
  1.425E+01  1.53845E-02  2.28254E-01 -1.01396E-05  9.73602E-01  1.11022E-16
  1.450E+01  1.59262E-02  2.32203E-01 -1.52237E-05  9.72667E-01  1.11022E-16
  1.475E+01  1.64770E-02  2.36148E-01 -2.05983E-05  9.71717E-01  0.00000E+00
  1.500E+01  1.70371E-02  2.40091E-01 -2.62781E-05  9.70750E-01 -2.22045E-16
  1.525E+01  1.76063E-02  2.44030E-01 -3.22658E-05  9.69768E-01  3.33067E-16
  1.550E+01  1.81848E-02  2.47965E-01 -3.85633E-05  9.68769E-01 -2.22045E-16
  1.575E+01  1.87724E-02  2.51896E-01 -4.51669E-05  9.67754E-01  2.22045E-16
  1.600E+01  1.93692E-02  2.55824E-01 -5.20992E-05  9.66723E-01 -2.22045E-16
  1.625E+01  1.99751E-02  2.59748E-01 -5.93705E-05  9.65676E-01  2.22045E-16
  1.650E+01  2.05901E-02  2.63669E-01 -6.69801E-05  9.64613E-01  0.00000E+00
  1.675E+01  2.12143E-02  2.67585E-01 -7.49218E-05  9.63534E-01  1.11022E-16
  1.700E+01  2.18476E-02  2.71497E-01 -8.31881E-05  9.62439E-01  1.11022E-16
  1.725E+01  2.24900E-02  2.75405E-01 -9.18017E-05  9.61328E-01  4.44089E-16
  1.750E+01  2.31415E-02  2.79309E-01 -1.00752E-04  9.60201E-01 -4.44089E-16
  1.775E+01  2.38021E-02  2.83209E-01 -1.10049E-04  9.59058E-01 -2.22045E-16
  1.800E+01  2.44717E-02  2.87105E-01 -1.19693E-04  9.57899E-01  1.11022E-16
  1.825E+01  2.51504E-02  2.90996E-01 -1.29620E-04  9.56724E-01 -2.22045E-16
  1.850E+01  2.58382E-02  2.94883E-01 -1.39957E-04  9.55533E-01  3.33067E-16
  1.875E+01  2.65349E-02  2.98765E-01 -1.50617E-04  9.54327E-01  2.22045E-16
  1.900E+01  2.72407E-02  3.02643E-01 -1.61652E-04  9.53104E-01  0.00000E+00
  1.925E+01  2.79555E-02  3.06516E-01 -1.73034E-04  9.51866E-01 -2.22045E-16
  1.950E+01  2.86793E-02  3.10384E-01 -1.84791E-04  9.50611E-01  0.00000E+00
  1.975E+01  2.94120E-02  3.14247E-01 -1.96932E-04  9.49341E-01 -2.22045E-16
  2.000E+01  3.01537E-02  3.18106E-01 -2.09461E-04  9.48055E-01  2.22045E-16
  2.025E+01  3.09043E-02  3.21959E-01 -2.22369E-04  9.46753E-01  1.11022E-16
  2.050E+01  3.16639E-02  3.25808E-01 -2.35649E-04  9.45436E-01  0.00000E+00
  2.075E+01  3.24324E-02  3.29652E-01 -2.49309E-04  9.44103E-01  0.00000E+00
  2.100E+01  3.32098E-02  3.33490E-01 -2.63351E-04  9.42754E-01  2.22045E-16
  2.125E+01  3.39961E-02  3.37323E-01 -2.77766E-04  9.41389E-01  3.33067E-16
  2.150E+01  3.47912E-02  3.41151E-01 -2.92549E-04  9.40009E-01  2.22045E-16
  2.175E+01  3.55952E-02  3.44973E-01 -3.07697E-04  9.38613E-01  4.44089E-16
  2.200E+01  3.64081E-02  3.48790E-01 -3.23224E-04  9.37201E-01  3.33067E-16
  2.225E+01  3.72297E-02  3.52601E-01 -3.39139E-04  9.35774E-01 -2.22045E-16
  2.250E+01  3.80602E-02  3.56407E-01 -3.55442E-04  9.34331E-01  0.00000E+00
  2.275E+01  3.88995E-02  3.60207E-01 -3.72137E-04  9.32872E-01  0.00000E+00
  2.300E+01  3.97476E-02  3.64002E-01 -3.89234E-04  9.31398E-01  2.22045E-16
  2.325E+01  4.06044E-02  3.67791E-01 -4.06747E-04  9.29909E-01 -2.22045E-16
  2.350E+01  4.14700E-02  3.71573E-01 -4.24677E-04  9.28404E-01  0.00000E+00
  2.375E+01  4.23443E-02  3.75350E-01 -4.43019E-04  9.26883E-01  0.00000E+00
  2.400E+01  4.32273E-02  3.79121E-01 -4.61768E-04  9.25347E-01  0.00000E+00
  2.425E+01  4.41190E-02  3.82885E-01 -4.80921E-04  9.23796E-01  1.11022E-16
  2.450E+01  4.50194E-02  3.86644E-01 -5.00477E-04  9.22229E-01  0.00000E+00
  2.475E+01  4.59284E-02  3.90396E-01 -5.20427E-04  9.20647E-01  0.00000E+00
  2.500E+01  4.68461E-02  3.94142E-01 -5.40766E-04  9.19049E-01  0.00000E+00
  2.550E+01  4.87074E-02  4.01615E-01 -5.82609E-04  9.15808E-01  2.22045E-16
  2.600E+01  5.06030E-02  4.09062E-01 -6.26055E-04  9.12507E-01  3.33067E-16
  2.650E+01  5.25328E-02  4.16482E-01 -6.71167E-04  9.09144E-01 -2.22045E-16
  2.700E+01  5.44967E-02  4.23875E-01 -7.18008E-04  9.05720E-01  0.00000E+00
  2.750E+01  5.64946E-02  4.31240E-01 -7.66582E-04  9.02237E-01  2.22045E-16
  2.800E+01  5.85262E-02  4.38577E-01 -8.16849E-04  8.98693E-01 -2.22045E-16
  2.850E+01  6.05914E-02  4.45885E-01 -8.68729E-04  8.95090E-01  2.22045E-16
  2.900E+01  6.26901E-02  4.53165E-01 -9.22210E-04  8.91426E-01  0.00000E+00
  2.950E+01  6.48222E-02  4.60414E-01 -9.77321E-04  8.87704E-01  2.22045E-16
  3.000E+01  6.69873E-02  4.67633E-01 -1.03416E-03  8.83922E-01 -2.22045E-16
  3.050E+01  6.91854E-02  4.74821E-01 -1.09278E-03  8.80082E-01  0.00000E+00
  3.100E+01  7.14163E-02  4.81977E-01 -1.15318E-03  8.76183E-01 -2.22045E-16
  3.150E+01  7.36799E-02  4.89102E-01 -1.21533E-03  8.72226E-01  2.22045E-16
  3.200E+01  7.59760E-02  4.96193E-01 -1.27908E-03  8.68211E-01  0.00000E+00
  3.250E+01  7.83043E-02  5.03253E-01 -1.34447E-03  8.64138E-01  0.00000E+00
  3.300E+01  8.06647E-02  5.10279E-01 -1.41151E-03  8.60008E-01  0.00000E+00
  3.350E+01  8.30571E-02  5.17270E-01 -1.48028E-03  8.55821E-01  0.00000E+00
  3.400E+01  8.54812E-02  5.24227E-01 -1.55094E-03  8.51577E-01  3.33067E-16
  3.450E+01  8.79369E-02  5.31149E-01 -1.62329E-03  8.47277E-01 -2.22045E-16
  3.500E+01  9.04240E-02  5.38036E-01 -1.69757E-03  8.42920E-01  0.00000E+00
  3.550E+01  9.29422E-02  5.44886E-01 -1.77325E-03  8.38509E-01 -2.22045E-16
  3.600E+01  9.54915E-02  5.51700E-01 -1.85086E-03  8.34040E-01  2.22045E-16
  3.650E+01  9.80716E-02  5.58477E-01 -1.92978E-03  8.29518E-01 -2.22045E-16
  3.700E+01  1.00682E-01  5.65217E-01 -2.01076E-03  8.24940E-01  3.33067E-16
  3.750E+01  1.03323E-01  5.71918E-01 -2.09339E-03  8.20308E-01  0.00000E+00
  3.800E+01  1.05995E-01  5.78581E-01 -2.17797E-03  8.15622E-01  0.00000E+00
  3.850E+01  1.08696E-01  5.85205E-01 -2.26425E-03  8.10882E-01 -2.22045E-16
  3.900E+01  1.11427E-01  5.91790E-01 -2.35215E-03  8.06089E-01  2.22045E-16
  3.950E+01  1.14188E-01  5.98335E-01 -2.44173E-03  8.01242E-01  0.00000E+00
  4.000E+01  1.16978E-01  6.04840E-01 -2.53292E-03  7.96343E-01  0.00000E+00
  4.050E+01  1.19797E-01  6.11304E-01 -2.62597E-03  7.91392E-01 -2.22045E-16
  4.100E+01  1.22645E-01  6.17726E-01 -2.72081E-03  7.86388E-01  2.22045E-16
  4.150E+01  1.25522E-01  6.24107E-01 -2.81750E-03  7.81334E-01 -4.44089E-16
  4.200E+01  1.28428E-01  6.30446E-01 -2.91594E-03  7.76228E-01  1.11022E-16
  4.250E+01  1.31361E-01  6.36742E-01 -3.01600E-03  7.71071E-01  0.00000E+00
  4.300E+01  1.34323E-01  6.42995E-01 -3.11773E-03  7.65864E-01  2.22045E-16
  4.350E+01  1.37313E-01  6.49205E-01 -3.22112E-03  7.60607E-01  0.00000E+00
  4.400E+01  1.40330E-01  6.55371E-01 -3.32632E-03  7.55300E-01 -2.22045E-16
  4.450E+01  1.43375E-01  6.61493E-01 -3.43335E-03  7.49944E-01 -2.22045E-16
  4.500E+01  1.46447E-01  6.67569E-01 -3.54220E-03  7.44540E-01  0.00000E+00
  4.550E+01  1.49545E-01  6.73600E-01 -3.65281E-03  7.39087E-01  0.00000E+00
  4.600E+01  1.52671E-01  6.79586E-01 -3.76506E-03  7.33586E-01  2.22045E-16
  4.650E+01  1.55823E-01  6.85527E-01 -3.87899E-03  7.28037E-01  0.00000E+00
  4.700E+01  1.59001E-01  6.91421E-01 -3.99460E-03  7.22441E-01  0.00000E+00
  4.750E+01  1.62205E-01  6.97268E-01 -4.11201E-03  7.16799E-01  0.00000E+00
  4.800E+01  1.65435E-01  7.03068E-01 -4.23125E-03  7.11110E-01 -2.22045E-16
  4.850E+01  1.68690E-01  7.08819E-01 -4.35231E-03  7.05377E-01  0.00000E+00
  4.900E+01  1.71970E-01  7.14523E-01 -4.47513E-03  6.99597E-01  0.00000E+00
  4.950E+01  1.75276E-01  7.20179E-01 -4.59963E-03  6.93773E-01  1.11022E-16
  5.000E+01  1.78606E-01  7.25787E-01 -4.72581E-03  6.87904E-01  2.22045E-16
  5.050E+01  1.81961E-01  7.31345E-01 -4.85369E-03  6.81990E-01  2.22045E-16
  5.100E+01  1.85340E-01  7.36854E-01 -4.98337E-03  6.76034E-01 -4.44089E-16
  5.150E+01  1.88743E-01  7.42313E-01 -5.11488E-03  6.70034E-01  2.22045E-16
  5.200E+01  1.92169E-01  7.47721E-01 -5.24822E-03  6.63992E-01  0.00000E+00
  5.250E+01  1.95619E-01  7.53079E-01 -5.38333E-03  6.57908E-01  1.11022E-16
  5.300E+01  1.99092E-01  7.58386E-01 -5.52015E-03  6.51783E-01  0.00000E+00
  5.350E+01  2.02589E-01  7.63642E-01 -5.65868E-03  6.45615E-01  5.55112E-16
  5.400E+01  2.06107E-01  7.68847E-01 -5.79896E-03  6.39407E-01  2.22045E-16
  5.450E+01  2.09649E-01  7.74000E-01 -5.94100E-03  6.33158E-01 -2.22045E-16
  5.500E+01  2.13212E-01  7.79100E-01 -6.08488E-03  6.26870E-01  0.00000E+00
  5.550E+01  2.16797E-01  7.84147E-01 -6.23061E-03  6.20544E-01  0.00000E+00
  5.600E+01  2.20404E-01  7.89142E-01 -6.37813E-03  6.14178E-01 -4.44089E-16
  5.650E+01  2.24032E-01  7.94083E-01 -6.52741E-03  6.07774E-01  2.22045E-16
  5.700E+01  2.27680E-01  7.98971E-01 -6.67842E-03  6.01332E-01  2.22045E-16
  5.750E+01  2.31350E-01  8.03806E-01 -6.83120E-03  5.94852E-01  0.00000E+00
  5.800E+01  2.35040E-01  8.08587E-01 -6.98579E-03  5.88336E-01  0.00000E+00
  5.850E+01  2.38751E-01  8.13312E-01 -7.14224E-03  5.81783E-01  0.00000E+00
  5.900E+01  2.42481E-01  8.17983E-01 -7.30054E-03  5.75196E-01 -4.44089E-16
  5.950E+01  2.46231E-01  8.22599E-01 -7.46067E-03  5.68573E-01  0.00000E+00
  6.000E+01  2.50000E-01  8.27159E-01 -7.62259E-03  5.61916E-01  6.66134E-16
  6.050E+01  2.53788E-01  8.31665E-01 -7.78629E-03  5.55223E-01 -2.22045E-16
  6.100E+01  2.57595E-01  8.36115E-01 -7.95181E-03  5.48497E-01  1.11022E-16
  6.150E+01  2.61421E-01  8.40509E-01 -8.11918E-03  5.41738E-01 -4.44089E-16
  6.200E+01  2.65264E-01  8.44846E-01 -8.28843E-03  5.34946E-01  0.00000E+00
  6.250E+01  2.69126E-01  8.49126E-01 -8.45956E-03  5.28123E-01  0.00000E+00
  6.300E+01  2.73005E-01  8.53349E-01 -8.63255E-03  5.21268E-01  0.00000E+00
  6.350E+01  2.76901E-01  8.57516E-01 -8.80738E-03  5.14383E-01  0.00000E+00
  6.400E+01  2.80814E-01  8.61625E-01 -8.98406E-03  5.07466E-01 -2.22045E-16
  6.450E+01  2.84744E-01  8.65677E-01 -9.16261E-03  5.00519E-01  2.22045E-16
  6.500E+01  2.88691E-01  8.69672E-01 -9.34307E-03  4.93542E-01 -2.22045E-16
  6.550E+01  2.92653E-01  8.73608E-01 -9.52546E-03  4.86537E-01  2.22045E-16
  6.600E+01  2.96632E-01  8.77486E-01 -9.70978E-03  4.79505E-01  1.11022E-16
  6.650E+01  3.00625E-01  8.81305E-01 -9.89597E-03  4.72445E-01  2.22045E-16
  6.700E+01  3.04634E-01  8.85065E-01 -1.00840E-02  4.65358E-01  2.22045E-16
  6.750E+01  3.08658E-01  8.88767E-01 -1.02740E-02  4.58244E-01  0.00000E+00
  6.800E+01  3.12697E-01  8.92411E-01 -1.04660E-02  4.51103E-01  0.00000E+00
  6.850E+01  3.16749E-01  8.95995E-01 -1.06600E-02  4.43935E-01  0.00000E+00
  6.900E+01  3.20816E-01  8.99520E-01 -1.08561E-02  4.36744E-01  2.22045E-16
  6.950E+01  3.24896E-01  9.02985E-01 -1.10540E-02  4.29530E-01 -2.22045E-16
  7.000E+01  3.28990E-01  9.06390E-01 -1.12538E-02  4.22293E-01  2.22045E-16
  7.050E+01  3.33097E-01  9.09734E-01 -1.14554E-02  4.15033E-01  0.00000E+00
  7.100E+01  3.37216E-01  9.13020E-01 -1.16590E-02  4.07748E-01  0.00000E+00
  7.150E+01  3.41348E-01  9.16247E-01 -1.18653E-02  4.00438E-01  0.00000E+00
  7.200E+01  3.45492E-01  9.19413E-01 -1.20743E-02  3.93107E-01 -6.66134E-16
  7.250E+01  3.49647E-01  9.22517E-01 -1.22834E-02  3.85760E-01  0.00000E+00
  7.300E+01  3.53814E-01  9.25560E-01 -1.24948E-02  3.78395E-01  0.00000E+00
  7.350E+01  3.57992E-01  9.28543E-01 -1.27091E-02  3.71007E-01  0.00000E+00
  7.400E+01  3.62181E-01  9.31466E-01 -1.29257E-02  3.63598E-01  0.00000E+00
  7.450E+01  3.66381E-01  9.34329E-01 -1.31442E-02  3.56169E-01 -2.22045E-16
  7.500E+01  3.70590E-01  9.37130E-01 -1.33647E-02  3.48724E-01  1.11022E-16
  7.550E+01  3.74810E-01  9.39870E-01 -1.35871E-02  3.41263E-01  2.22045E-16
  7.600E+01  3.79039E-01  9.42548E-01 -1.38117E-02  3.33786E-01  1.11022E-16
  7.650E+01  3.83277E-01  9.45165E-01 -1.40385E-02  3.26292E-01 -4.44089E-16
  7.700E+01  3.87524E-01  9.47720E-01 -1.42676E-02  3.18783E-01 -2.22045E-16
  7.750E+01  3.91780E-01  9.50215E-01 -1.44990E-02  3.11257E-01 -2.22045E-16
  7.800E+01  3.96044E-01  9.52648E-01 -1.47326E-02  3.03717E-01  2.22045E-16
  7.850E+01  4.00316E-01  9.55020E-01 -1.49683E-02  2.96164E-01 -2.22045E-16
  7.900E+01  4.04596E-01  9.57330E-01 -1.52063E-02  2.88598E-01 -2.22045E-16
  7.950E+01  4.08882E-01  9.59578E-01 -1.54465E-02  2.81020E-01  3.33067E-16
  8.000E+01  4.13176E-01  9.61764E-01 -1.56889E-02  2.73431E-01  0.00000E+00
  8.050E+01  4.17476E-01  9.63888E-01 -1.59338E-02  2.65830E-01 -2.22045E-16
  8.100E+01  4.21783E-01  9.65951E-01 -1.61811E-02  2.58217E-01  0.00000E+00
  8.150E+01  4.26095E-01  9.67953E-01 -1.64307E-02  2.50594E-01  2.22045E-16
  8.200E+01  4.30413E-01  9.69892E-01 -1.66827E-02  2.42962E-01  2.22045E-16
  8.250E+01  4.34737E-01  9.71770E-01 -1.69370E-02  2.35322E-01  0.00000E+00
  8.300E+01  4.39065E-01  9.73586E-01 -1.71938E-02  2.27674E-01  2.22045E-16
  8.350E+01  4.43398E-01  9.75340E-01 -1.74529E-02  2.20018E-01  0.00000E+00
  8.400E+01  4.47736E-01  9.77032E-01 -1.77146E-02  2.12356E-01  1.11022E-16
  8.450E+01  4.52077E-01  9.78662E-01 -1.79788E-02  2.04686E-01 -2.22045E-16
  8.500E+01  4.56422E-01  9.80231E-01 -1.82456E-02  1.97011E-01  0.00000E+00
  8.550E+01  4.60770E-01  9.81739E-01 -1.85149E-02  1.89330E-01  1.11022E-16
  8.600E+01  4.65122E-01  9.83185E-01 -1.87868E-02  1.81646E-01  4.44089E-16
  8.650E+01  4.69476E-01  9.84569E-01 -1.90612E-02  1.73958E-01  0.00000E+00
  8.700E+01  4.73832E-01  9.85891E-01 -1.93382E-02  1.66267E-01  0.00000E+00
  8.750E+01  4.78190E-01  9.87152E-01 -1.96179E-02  1.58574E-01  2.22045E-16
  8.800E+01  4.82550E-01  9.88352E-01 -1.99003E-02  1.50878E-01 -2.22045E-16
  8.850E+01  4.86912E-01  9.89491E-01 -2.01855E-02  1.43181E-01  2.22045E-16
  8.900E+01  4.91274E-01  9.90568E-01 -2.04735E-02  1.35483E-01 -2.22045E-16
  8.950E+01  4.95637E-01  9.91584E-01 -2.07643E-02  1.27785E-01  2.22045E-16
  9.000E+01  5.00000E-01  9.92540E-01 -2.10578E-02  1.20088E-01  3.33067E-16
  9.050E+01  5.04363E-01  9.93434E-01 -2.13541E-02  1.12393E-01 -2.22045E-16
  9.100E+01  5.08726E-01  9.94268E-01 -2.16533E-02  1.04700E-01 -2.22045E-16
  9.150E+01  5.13088E-01  9.95041E-01 -2.19555E-02  9.70096E-02 -2.22045E-16
  9.200E+01  5.17450E-01  9.95754E-01 -2.22607E-02  8.93217E-02  1.11022E-16
  9.250E+01  5.21810E-01  9.96407E-01 -2.25689E-02  8.16375E-02  1.11022E-16
  9.300E+01  5.26168E-01  9.96999E-01 -2.28802E-02  7.39578E-02  2.22045E-16
  9.350E+01  5.30524E-01  9.97531E-01 -2.31945E-02  6.62837E-02  0.00000E+00
  9.400E+01  5.34878E-01  9.98004E-01 -2.35118E-02  5.86158E-02 -2.22045E-16
  9.450E+01  5.39230E-01  9.98417E-01 -2.38323E-02  5.09546E-02 -2.22045E-16
  9.500E+01  5.43578E-01  9.98770E-01 -2.41560E-02  4.33003E-02  0.00000E+00
  9.550E+01  5.47923E-01  9.99064E-01 -2.44830E-02  3.56534E-02  0.00000E+00
  9.600E+01  5.52264E-01  9.99299E-01 -2.48133E-02  2.80146E-02 -2.22045E-16
  9.650E+01  5.56602E-01  9.99476E-01 -2.51471E-02  2.03849E-02  0.00000E+00
  9.700E+01  5.60935E-01  9.99594E-01 -2.54841E-02  1.27652E-02  2.22045E-16
  9.750E+01  5.65263E-01  9.99653E-01 -2.58245E-02  5.15630E-03 -2.22045E-16
  9.800E+01  5.69587E-01  9.99655E-01 -2.61683E-02 -2.44122E-03 -2.22045E-16
  9.850E+01  5.73905E-01  9.99598E-01 -2.65157E-02 -1.00271E-02 -4.44089E-16
  9.900E+01  5.78217E-01  9.99484E-01 -2.68667E-02 -1.76010E-02  1.11022E-16
  9.950E+01  5.82524E-01  9.99313E-01 -2.72215E-02 -2.51622E-02  2.22045E-16
  1.000E+02  5.86824E-01  9.99084E-01 -2.75800E-02 -3.27098E-02  1.11022E-16
  1.005E+02  5.91118E-01  9.98799E-01 -2.79422E-02 -4.02429E-02 -4.44089E-16
  1.010E+02  5.95404E-01  9.98458E-01 -2.83081E-02 -4.77605E-02 -2.22045E-16
  1.015E+02  5.99684E-01  9.98060E-01 -2.86778E-02 -5.52620E-02 -2.22045E-16
  1.020E+02  6.03956E-01  9.97607E-01 -2.90514E-02 -6.27471E-02  6.66134E-16
  1.025E+02  6.08220E-01  9.97098E-01 -2.94291E-02 -7.02155E-02 -4.44089E-16
  1.030E+02  6.12476E-01  9.96534E-01 -2.98110E-02 -7.76666E-02  0.00000E+00
  1.035E+02  6.16723E-01  9.95915E-01 -3.01970E-02 -8.50995E-02 -2.22045E-16
  1.040E+02  6.20961E-01  9.95242E-01 -3.05872E-02 -9.25132E-02  1.11022E-16
  1.045E+02  6.25190E-01  9.94514E-01 -3.09816E-02 -9.99068E-02 -2.22045E-16
  1.050E+02  6.29410E-01  9.93734E-01 -3.13802E-02 -1.07279E-01  4.44089E-16
  1.055E+02  6.33619E-01  9.92900E-01 -3.17832E-02 -1.14631E-01 -2.22045E-16
  1.060E+02  6.37819E-01  9.92013E-01 -3.21907E-02 -1.21961E-01  4.44089E-16
  1.065E+02  6.42008E-01  9.91073E-01 -3.26029E-02 -1.29269E-01 -4.44089E-16
  1.070E+02  6.46186E-01  9.90082E-01 -3.30198E-02 -1.36554E-01  0.00000E+00
  1.075E+02  6.50353E-01  9.89039E-01 -3.34414E-02 -1.43815E-01  3.33067E-16
  1.080E+02  6.54508E-01  9.87946E-01 -3.38679E-02 -1.51051E-01 -2.22045E-16
  1.085E+02  6.58652E-01  9.86801E-01 -3.42989E-02 -1.58262E-01  2.22045E-16
  1.090E+02  6.62784E-01  9.85607E-01 -3.47350E-02 -1.65446E-01  0.00000E+00
  1.095E+02  6.66903E-01  9.84363E-01 -3.51761E-02 -1.72604E-01 -4.44089E-16
  1.100E+02  6.71010E-01  9.83070E-01 -3.56226E-02 -1.79735E-01  0.00000E+00
  1.105E+02  6.75104E-01  9.81728E-01 -3.60745E-02 -1.86838E-01  2.22045E-16
  1.110E+02  6.79184E-01  9.80338E-01 -3.65317E-02 -1.93913E-01  1.11022E-16
  1.115E+02  6.83251E-01  9.78901E-01 -3.69943E-02 -2.00958E-01 -2.22045E-16
  1.120E+02  6.87303E-01  9.77417E-01 -3.74624E-02 -2.07972E-01  2.22045E-16
  1.125E+02  6.91342E-01  9.75887E-01 -3.79361E-02 -2.14955E-01 -4.44089E-16
  1.130E+02  6.95366E-01  9.74311E-01 -3.84155E-02 -2.21907E-01  0.00000E+00
  1.135E+02  6.99375E-01  9.72690E-01 -3.89010E-02 -2.28826E-01 -2.22045E-16
  1.140E+02  7.03368E-01  9.71024E-01 -3.93927E-02 -2.35713E-01  0.00000E+00
  1.145E+02  7.07347E-01  9.69314E-01 -3.98906E-02 -2.42566E-01  0.00000E+00
  1.150E+02  7.11309E-01  9.67562E-01 -4.03947E-02 -2.49384E-01  1.11022E-16
  1.155E+02  7.15256E-01  9.65767E-01 -4.09051E-02 -2.56167E-01 -2.22045E-16
  1.160E+02  7.19186E-01  9.63930E-01 -4.14218E-02 -2.62913E-01 -4.44089E-16
  1.165E+02  7.23099E-01  9.62052E-01 -4.19453E-02 -2.69622E-01  0.00000E+00
  1.170E+02  7.26995E-01  9.60134E-01 -4.24757E-02 -2.76294E-01 -2.22045E-16
  1.175E+02  7.30874E-01  9.58176E-01 -4.30132E-02 -2.82928E-01  0.00000E+00
  1.180E+02  7.34736E-01  9.56179E-01 -4.35579E-02 -2.89524E-01  0.00000E+00
  1.185E+02  7.38579E-01  9.54144E-01 -4.41099E-02 -2.96079E-01  1.11022E-16
  1.190E+02  7.42405E-01  9.52073E-01 -4.46691E-02 -3.02593E-01  1.11022E-16
  1.195E+02  7.46212E-01  9.49965E-01 -4.52358E-02 -3.09065E-01  0.00000E+00
  1.200E+02  7.50000E-01  9.47821E-01 -4.58102E-02 -3.15494E-01  3.33067E-16
  1.205E+02  7.53769E-01  9.45643E-01 -4.63927E-02 -3.21881E-01 -2.22045E-16
  1.210E+02  7.57519E-01  9.43431E-01 -4.69835E-02 -3.28224E-01  2.22045E-16
  1.215E+02  7.61249E-01  9.41186E-01 -4.75827E-02 -3.34523E-01  3.33067E-16
  1.220E+02  7.64960E-01  9.38909E-01 -4.81905E-02 -3.40776E-01  1.11022E-16
  1.225E+02  7.68650E-01  9.36601E-01 -4.88068E-02 -3.46982E-01  0.00000E+00
  1.230E+02  7.72320E-01  9.34264E-01 -4.94317E-02 -3.53140E-01  2.22045E-16
  1.235E+02  7.75968E-01  9.31898E-01 -5.00658E-02 -3.59249E-01 -2.22045E-16
  1.240E+02  7.79596E-01  9.29504E-01 -5.07093E-02 -3.65310E-01  0.00000E+00
  1.245E+02  7.83203E-01  9.27083E-01 -5.13626E-02 -3.71321E-01  0.00000E+00
  1.250E+02  7.86788E-01  9.24636E-01 -5.20259E-02 -3.77282E-01  4.44089E-16
  1.255E+02  7.90351E-01  9.22165E-01 -5.26993E-02 -3.83190E-01 -2.22045E-16
  1.260E+02  7.93893E-01  9.19671E-01 -5.33828E-02 -3.89046E-01  1.11022E-16
  1.265E+02  7.97411E-01  9.17154E-01 -5.40766E-02 -3.94846E-01  2.22045E-16
  1.270E+02  8.00908E-01  9.14618E-01 -5.47812E-02 -4.00591E-01  0.00000E+00
  1.275E+02  8.04381E-01  9.12061E-01 -5.54969E-02 -4.06281E-01  1.11022E-16
  1.280E+02  8.07831E-01  9.09486E-01 -5.62244E-02 -4.11914E-01  2.22045E-16
  1.285E+02  8.11257E-01  9.06894E-01 -5.69637E-02 -4.17490E-01  0.00000E+00
  1.290E+02  8.14660E-01  9.04286E-01 -5.77152E-02 -4.23007E-01  0.00000E+00
  1.295E+02  8.18039E-01  9.01665E-01 -5.84789E-02 -4.28463E-01  1.11022E-16
  1.300E+02  8.21394E-01  8.99031E-01 -5.92550E-02 -4.33857E-01  0.00000E+00
  1.305E+02  8.24724E-01  8.96386E-01 -6.00438E-02 -4.39188E-01  0.00000E+00
  1.310E+02  8.28030E-01  8.93732E-01 -6.08461E-02 -4.44455E-01 -2.22045E-16
  1.315E+02  8.31310E-01  8.91070E-01 -6.16624E-02 -4.49658E-01 -4.44089E-16
  1.320E+02  8.34565E-01  8.88401E-01 -6.24932E-02 -4.54795E-01 -2.22045E-16
  1.325E+02  8.37795E-01  8.85727E-01 -6.33387E-02 -4.59866E-01  0.00000E+00
  1.330E+02  8.40999E-01  8.83050E-01 -6.41990E-02 -4.64866E-01  0.00000E+00
  1.335E+02  8.44177E-01  8.80373E-01 -6.50744E-02 -4.69796E-01  2.22045E-16
  1.340E+02  8.47329E-01  8.77698E-01 -6.59653E-02 -4.74653E-01  0.00000E+00
  1.345E+02  8.50455E-01  8.75025E-01 -6.68725E-02 -4.79436E-01  2.22045E-16
  1.350E+02  8.53553E-01  8.72357E-01 -6.77967E-02 -4.84146E-01  0.00000E+00
  1.355E+02  8.56625E-01  8.69695E-01 -6.87387E-02 -4.88779E-01  2.22045E-16
  1.360E+02  8.59670E-01  8.67042E-01 -6.96987E-02 -4.93336E-01  1.11022E-16
  1.365E+02  8.62687E-01  8.64400E-01 -7.06771E-02 -4.97812E-01 -2.22045E-16
  1.370E+02  8.65677E-01  8.61773E-01 -7.16740E-02 -5.02205E-01  0.00000E+00
  1.375E+02  8.68639E-01  8.59162E-01 -7.26900E-02 -5.06514E-01  4.44089E-16
  1.380E+02  8.71572E-01  8.56570E-01 -7.37259E-02 -5.10738E-01  0.00000E+00
  1.385E+02  8.74478E-01  8.53998E-01 -7.47829E-02 -5.14874E-01 -2.22045E-16
  1.390E+02  8.77355E-01  8.51449E-01 -7.58618E-02 -5.18922E-01  0.00000E+00
  1.395E+02  8.80203E-01  8.48926E-01 -7.69634E-02 -5.22879E-01  2.22045E-16
  1.400E+02  8.83022E-01  8.46431E-01 -7.80879E-02 -5.26741E-01  0.00000E+00
  1.405E+02  8.85812E-01  8.43969E-01 -7.92356E-02 -5.30507E-01  0.00000E+00
  1.410E+02  8.88573E-01  8.41544E-01 -8.04071E-02 -5.34171E-01  0.00000E+00
  1.415E+02  8.91304E-01  8.39157E-01 -8.16033E-02 -5.37733E-01  2.22045E-16
  1.420E+02  8.94005E-01  8.36812E-01 -8.28256E-02 -5.41190E-01  2.22045E-16
  1.425E+02  8.96677E-01  8.34510E-01 -8.40757E-02 -5.44541E-01  0.00000E+00
  1.430E+02  8.99318E-01  8.32254E-01 -8.53549E-02 -5.47784E-01  1.11022E-16
  1.435E+02  9.01928E-01  8.30051E-01 -8.66640E-02 -5.50913E-01  1.11022E-16
  1.440E+02  9.04508E-01  8.27905E-01 -8.80017E-02 -5.53922E-01 -2.22045E-16
  1.445E+02  9.07058E-01  8.25822E-01 -8.93669E-02 -5.56805E-01  0.00000E+00
  1.450E+02  9.09576E-01  8.23802E-01 -9.07655E-02 -5.59564E-01  1.11022E-16
  1.455E+02  9.12063E-01  8.21848E-01 -9.21992E-02 -5.62196E-01  2.22045E-16
  1.460E+02  9.14519E-01  8.19966E-01 -9.36682E-02 -5.64697E-01 -2.22045E-16
  1.465E+02  9.16943E-01  8.18160E-01 -9.51731E-02 -5.67059E-01  2.22045E-16
  1.470E+02  9.19335E-01  8.16438E-01 -9.67143E-02 -5.69277E-01  0.00000E+00
  1.475E+02  9.21696E-01  8.14804E-01 -9.82930E-02 -5.71343E-01  0.00000E+00
  1.480E+02  9.24024E-01  8.13264E-01 -9.99111E-02 -5.73254E-01  0.00000E+00
  1.485E+02  9.26320E-01  8.11821E-01 -1.01571E-01 -5.75004E-01  0.00000E+00
  1.490E+02  9.28584E-01  8.10481E-01 -1.03275E-01 -5.76589E-01 -2.22045E-16
  1.495E+02  9.30815E-01  8.09249E-01 -1.05024E-01 -5.78001E-01  2.22045E-16
  1.500E+02  9.33013E-01  8.08133E-01 -1.06820E-01 -5.79233E-01  1.11022E-16
  1.505E+02  9.35178E-01  8.07140E-01 -1.08664E-01 -5.80274E-01 -2.22045E-16
  1.510E+02  9.37310E-01  8.06277E-01 -1.10557E-01 -5.81115E-01  0.00000E+00
  1.515E+02  9.39409E-01  8.05551E-01 -1.12502E-01 -5.81748E-01  0.00000E+00
  1.520E+02  9.41474E-01  8.04969E-01 -1.14502E-01 -5.82164E-01  3.33067E-16
  1.525E+02  9.43505E-01  8.04537E-01 -1.16558E-01 -5.82352E-01  1.11022E-16
  1.530E+02  9.45503E-01  8.04263E-01 -1.18674E-01 -5.82303E-01  1.11022E-16
  1.535E+02  9.47467E-01  8.04156E-01 -1.20852E-01 -5.82003E-01  2.22045E-16
  1.540E+02  9.49397E-01  8.04226E-01 -1.23094E-01 -5.81437E-01  0.00000E+00
  1.545E+02  9.51293E-01  8.04482E-01 -1.25402E-01 -5.80589E-01  0.00000E+00
  1.550E+02  9.53154E-01  8.04934E-01 -1.27777E-01 -5.79444E-01  1.11022E-16
  1.555E+02  9.54981E-01  8.05590E-01 -1.30224E-01 -5.77984E-01 -2.22045E-16
  1.560E+02  9.56773E-01  8.06461E-01 -1.32746E-01 -5.76193E-01 -2.22045E-16
  1.565E+02  9.58530E-01  8.07556E-01 -1.35348E-01 -5.74051E-01  0.00000E+00
  1.570E+02  9.60252E-01  8.08885E-01 -1.38031E-01 -5.71536E-01  3.33067E-16
  1.575E+02  9.61940E-01  8.10460E-01 -1.40798E-01 -5.68621E-01  0.00000E+00
  1.580E+02  9.63592E-01  8.12295E-01 -1.43653E-01 -5.65279E-01  0.00000E+00
  1.585E+02  9.65209E-01  8.14402E-01 -1.46597E-01 -5.61480E-01 -4.44089E-16
  1.590E+02  9.66790E-01  8.16791E-01 -1.49635E-01 -5.57191E-01 -4.44089E-16
  1.595E+02  9.68336E-01  8.19473E-01 -1.52772E-01 -5.52381E-01  2.22045E-16
  1.600E+02  9.69846E-01  8.22459E-01 -1.56010E-01 -5.47011E-01  0.00000E+00
  1.605E+02  9.71321E-01  8.25761E-01 -1.59355E-01 -5.41040E-01  1.11022E-16
  1.610E+02  9.72759E-01  8.29391E-01 -1.62809E-01 -5.34419E-01 -2.22045E-16
  1.615E+02  9.74162E-01  8.33361E-01 -1.66373E-01 -5.27095E-01 -2.22045E-16
  1.620E+02  9.75528E-01  8.37683E-01 -1.70051E-01 -5.19008E-01  0.00000E+00
  1.625E+02  9.76858E-01  8.42366E-01 -1.73843E-01 -5.10097E-01  2.22045E-16
  1.630E+02  9.78152E-01  8.47414E-01 -1.77755E-01 -5.00293E-01 -2.22045E-16
  1.635E+02  9.79410E-01  8.52831E-01 -1.81789E-01 -4.89521E-01  0.00000E+00
  1.640E+02  9.80631E-01  8.58621E-01 -1.85945E-01 -4.77697E-01  3.33067E-16
  1.645E+02  9.81815E-01  8.64781E-01 -1.90223E-01 -4.64724E-01  1.11022E-16
  1.650E+02  9.82963E-01  8.71309E-01 -1.94619E-01 -4.50494E-01  1.11022E-16
  1.655E+02  9.84074E-01  8.78193E-01 -1.99127E-01 -4.34887E-01  1.11022E-16
  1.660E+02  9.85148E-01  8.85412E-01 -2.03741E-01 -4.17774E-01  1.11022E-16
  1.665E+02  9.86185E-01  8.92937E-01 -2.08453E-01 -3.99013E-01  1.11022E-16
  1.670E+02  9.87185E-01  9.00722E-01 -2.13253E-01 -3.78449E-01  3.33067E-16
  1.675E+02  9.88148E-01  9.08709E-01 -2.18123E-01 -3.55908E-01  0.00000E+00
  1.680E+02  9.89074E-01  9.16822E-01 -2.23038E-01 -3.31196E-01  0.00000E+00
  1.685E+02  9.89962E-01  9.24963E-01 -2.27966E-01 -3.04095E-01  0.00000E+00
  1.690E+02  9.90814E-01  9.33003E-01 -2.32864E-01 -2.74373E-01 -2.22045E-16
  1.695E+02  9.91627E-01  9.40772E-01 -2.37679E-01 -2.41778E-01  0.00000E+00
  1.700E+02  9.92404E-01  9.48057E-01 -2.42348E-01 -2.06045E-01 -4.44089E-16
  1.705E+02  9.93143E-01  9.54589E-01 -2.46791E-01 -1.66897E-01  2.22045E-16
  1.710E+02  9.93844E-01  9.60031E-01 -2.50906E-01 -1.24043E-01  2.22045E-16
  1.715E+02  9.94508E-01  9.63970E-01 -2.54567E-01 -7.71877E-02  2.22045E-16
  1.720E+02  9.95134E-01  9.65898E-01 -2.57611E-01 -2.60443E-02 -2.22045E-16
  1.725E+02  9.95722E-01  9.65195E-01 -2.59846E-01  2.96462E-02  0.00000E+00
  1.730E+02  9.96273E-01  9.61115E-01 -2.61041E-01  9.00831E-02  2.22045E-16
  1.735E+02  9.96786E-01  9.52774E-01 -2.60925E-01  1.55370E-01 -4.44089E-16
  1.740E+02  9.97261E-01  9.39141E-01 -2.59186E-01  2.25469E-01  4.44089E-16
  1.745E+02  9.97698E-01  9.19046E-01 -2.55467E-01  3.00151E-01  2.22045E-16
  1.750E+02  9.98097E-01  8.91197E-01 -2.49371E-01  3.78923E-01  2.22045E-16
  1.755E+02  9.98459E-01  8.54220E-01 -2.40470E-01  4.60958E-01  4.44089E-16
  1.760E+02  9.98782E-01  8.06741E-01 -2.28337E-01  5.45006E-01 -4.44089E-16
  1.765E+02  9.99067E-01  7.47497E-01 -2.12582E-01  6.29330E-01  2.22045E-16
  1.770E+02  9.99315E-01  6.75503E-01 -1.92903E-01  7.11676E-01 -2.22045E-16
  1.775E+02  9.99524E-01  5.90237E-01 -1.69147E-01  7.89309E-01  0.00000E+00
  1.780E+02  9.99695E-01  4.91840E-01 -1.41359E-01  8.59134E-01 -2.22045E-16
  1.785E+02  9.99829E-01  3.81286E-01 -1.09837E-01  9.17909E-01 -2.22045E-16
  1.790E+02  9.99924E-01  2.60474E-01 -7.51610E-02  9.62551E-01  2.22045E-16
  1.795E+02  9.99981E-01  1.32203E-01 -3.81870E-02  9.90487E-01  3.33067E-16
  1.800E+02  1.00000E+00  1.86466E-15 -5.38812E-16  1.00000E+00  0.00000E+00
