 #  Scattering amplitudes (in cm)      MU=(1-cos(TH))/2
 #  Z =  47,   projectile: electron
 #  Kinetic energy = 4.95000E+06 eV
 #
 # TH (deg)      MU          Re(F)        Im(F)        Re(G)        Im(G)        ERRF         ERRG 
 #-----------------------------------------------------------------------------------------------------------------
  0.000E+00  0.00000E+00  9.06582E-07  9.50568E-08  0.00000E+00  0.00000E+00  5.28384E-09  0.00000E+00
  1.000E-04  7.61557E-13  9.06579E-07  9.50568E-08  7.17113E-13  7.51946E-14  5.28237E-09  1.23007E-07
  1.250E-04  1.18994E-12  9.06577E-07  9.50568E-08  8.96389E-13  9.39932E-14  5.28154E-09  1.22997E-07
  1.500E-04  1.71346E-12  9.06575E-07  9.50568E-08  1.07566E-12  1.12792E-13  5.28053E-09  1.22985E-07
  1.750E-04  2.33225E-12  9.06573E-07  9.50568E-08  1.25494E-12  1.31590E-13  5.27933E-09  1.22972E-07
  2.000E-04  3.04617E-12  9.06570E-07  9.50567E-08  1.43421E-12  1.50389E-13  5.27795E-09  1.22956E-07
  2.250E-04  3.85530E-12  9.06567E-07  9.50567E-08  1.61348E-12  1.69188E-13  5.27639E-09  1.22938E-07
  2.500E-04  4.75964E-12  9.06564E-07  9.50567E-08  1.79275E-12  1.87986E-13  5.27464E-09  1.22918E-07
  2.750E-04  5.75917E-12  9.06560E-07  9.50566E-08  1.97202E-12  2.06785E-13  5.27271E-09  1.22895E-07
  3.000E-04  6.85391E-12  9.06556E-07  9.50566E-08  2.15128E-12  2.25583E-13  5.27059E-09  1.22871E-07
  3.250E-04  8.04379E-12  9.06551E-07  9.50566E-08  2.33054E-12  2.44382E-13  5.26830E-09  1.22845E-07
  3.500E-04  9.32893E-12  9.06546E-07  9.50565E-08  2.50980E-12  2.63180E-13  5.26581E-09  1.22816E-07
  3.750E-04  1.07092E-11  9.06541E-07  9.50565E-08  2.68906E-12  2.81979E-13  5.26315E-09  1.22785E-07
  4.000E-04  1.21847E-11  9.06536E-07  9.50564E-08  2.86831E-12  3.00777E-13  5.26030E-09  1.22753E-07
  4.250E-04  1.37554E-11  9.06530E-07  9.50564E-08  3.04756E-12  3.19576E-13  5.25727E-09  1.22718E-07
  4.500E-04  1.54213E-11  9.06523E-07  9.50563E-08  3.22681E-12  3.38374E-13  5.25406E-09  1.22681E-07
  4.750E-04  1.71823E-11  9.06517E-07  9.50563E-08  3.40605E-12  3.57172E-13  5.25066E-09  1.22641E-07
  5.000E-04  1.90386E-11  9.06510E-07  9.50562E-08  3.58529E-12  3.75971E-13  5.24709E-09  1.22600E-07
  5.250E-04  2.09900E-11  9.06502E-07  9.50561E-08  3.76452E-12  3.94769E-13  5.24333E-09  1.22557E-07
  5.500E-04  2.30367E-11  9.06494E-07  9.50561E-08  3.94375E-12  4.13567E-13  5.23938E-09  1.22511E-07
  5.750E-04  2.51785E-11  9.06486E-07  9.50560E-08  4.12298E-12  4.32365E-13  5.23526E-09  1.22464E-07
  6.000E-04  2.74156E-11  9.06478E-07  9.50559E-08  4.30220E-12  4.51163E-13  5.23095E-09  1.22414E-07
  6.250E-04  2.97478E-11  9.06469E-07  9.50558E-08  4.48141E-12  4.69961E-13  5.22647E-09  1.22363E-07
  6.500E-04  3.21752E-11  9.06460E-07  9.50558E-08  4.66062E-12  4.88759E-13  5.22180E-09  1.22309E-07
  6.750E-04  3.46979E-11  9.06450E-07  9.50557E-08  4.83982E-12  5.07557E-13  5.21695E-09  1.22253E-07
  7.000E-04  3.73157E-11  9.06440E-07  9.50556E-08  5.01902E-12  5.26355E-13  5.21192E-09  1.22195E-07
  7.250E-04  4.00286E-11  9.06430E-07  9.50555E-08  5.19821E-12  5.45153E-13  5.20671E-09  1.22135E-07
  7.500E-04  4.28368E-11  9.06419E-07  9.50554E-08  5.37740E-12  5.63951E-13  5.20132E-09  1.22073E-07
  7.750E-04  4.57402E-11  9.06408E-07  9.50553E-08  5.55658E-12  5.82749E-13  5.19575E-09  1.22008E-07
  8.000E-04  4.87388E-11  9.06397E-07  9.50552E-08  5.73575E-12  6.01547E-13  5.19000E-09  1.21942E-07
  8.250E-04  5.18325E-11  9.06385E-07  9.50551E-08  5.91491E-12  6.20344E-13  5.18407E-09  1.21873E-07
  8.500E-04  5.50215E-11  9.06373E-07  9.50550E-08  6.09407E-12  6.39142E-13  5.17797E-09  1.21803E-07
  8.750E-04  5.83057E-11  9.06360E-07  9.50549E-08  6.27322E-12  6.57939E-13  5.17168E-09  1.21730E-07
  9.000E-04  6.16850E-11  9.06348E-07  9.50548E-08  6.45237E-12  6.76737E-13  5.16521E-09  1.21656E-07
  9.250E-04  6.51595E-11  9.06334E-07  9.50546E-08  6.63150E-12  6.95534E-13  5.15857E-09  1.21579E-07
  9.500E-04  6.87293E-11  9.06321E-07  9.50545E-08  6.81063E-12  7.14331E-13  5.15175E-09  1.21500E-07
  9.750E-04  7.23943E-11  9.06307E-07  9.50544E-08  6.98975E-12  7.33129E-13  5.14475E-09  1.21419E-07
  1.000E-03  7.61544E-11  9.06293E-07  9.50543E-08  7.16886E-12  7.51926E-13  5.13758E-09  1.21336E-07
  1.250E-03  1.18991E-10  9.06130E-07  9.50528E-08  8.95947E-12  9.39893E-13  5.05618E-09  1.20394E-07
  1.500E-03  1.71347E-10  9.05932E-07  9.50511E-08  1.07490E-11  1.12785E-12  4.95754E-09  1.19248E-07
  1.750E-03  2.33223E-10  9.05697E-07  9.50490E-08  1.25373E-11  1.31580E-12  4.84217E-09  1.17904E-07
  2.000E-03  3.04617E-10  9.05427E-07  9.50466E-08  1.43240E-11  1.50373E-12  4.71064E-09  1.16364E-07
  2.250E-03  3.85531E-10  9.05121E-07  9.50438E-08  1.61091E-11  1.69165E-12  4.56363E-09  1.14635E-07
  2.500E-03  4.75965E-10  9.04779E-07  9.50408E-08  1.78922E-11  1.87955E-12  4.40189E-09  1.12723E-07
  2.750E-03  5.75917E-10  9.04402E-07  9.50374E-08  1.96733E-11  2.06743E-12  4.22623E-09  1.10633E-07
  3.000E-03  6.85389E-10  9.03990E-07  9.50337E-08  2.14519E-11  2.25529E-12  4.03754E-09  1.08372E-07
  3.250E-03  8.04380E-10  9.03542E-07  9.50297E-08  2.32281E-11  2.44313E-12  3.83678E-09  1.05949E-07
  3.500E-03  9.32891E-10  9.03059E-07  9.50254E-08  2.50015E-11  2.63094E-12  3.62496E-09  1.03370E-07
  3.750E-03  1.07092E-09  9.02541E-07  9.50207E-08  2.67720E-11  2.81873E-12  3.40314E-09  1.00645E-07
  4.000E-03  1.21847E-09  9.01989E-07  9.50157E-08  2.85393E-11  3.00648E-12  3.17243E-09  9.77819E-08
  4.250E-03  1.37554E-09  9.01402E-07  9.50104E-08  3.03033E-11  3.19421E-12  2.93400E-09  9.47906E-08
  4.500E-03  1.54213E-09  9.00780E-07  9.50048E-08  3.20637E-11  3.38191E-12  2.68903E-09  9.16807E-08
  4.750E-03  1.71823E-09  9.00125E-07  9.49989E-08  3.38204E-11  3.56957E-12  2.43874E-09  8.84622E-08
  5.000E-03  1.90386E-09  8.99435E-07  9.49927E-08  3.55731E-11  3.75719E-12  2.18437E-09  8.51453E-08
  5.250E-03  2.09900E-09  8.98712E-07  9.49861E-08  3.73217E-11  3.94478E-12  1.92718E-09  8.17407E-08
  5.500E-03  2.30367E-09  8.97956E-07  9.49792E-08  3.90661E-11  4.13233E-12  1.66843E-09  7.82592E-08
  5.750E-03  2.51785E-09  8.97166E-07  9.49720E-08  4.08059E-11  4.31983E-12  1.40938E-09  7.47117E-08
  6.000E-03  2.74156E-09  8.96343E-07  9.49645E-08  4.25410E-11  4.50729E-12  1.15129E-09  7.11093E-08
  6.250E-03  2.97478E-09  8.95488E-07  9.49566E-08  4.42713E-11  4.69471E-12  8.95418E-10  6.74631E-08
  6.500E-03  3.21752E-09  8.94600E-07  9.49485E-08  4.59965E-11  4.88208E-12  6.42984E-10  6.37845E-08
  6.750E-03  3.46978E-09  8.93681E-07  9.49400E-08  4.77165E-11  5.06940E-12  3.95190E-10  6.00845E-08
  7.000E-03  3.73156E-09  8.92729E-07  9.49312E-08  4.94311E-11  5.25667E-12  1.53207E-10  5.63744E-08
  7.250E-03  4.00286E-09  8.91747E-07  9.49221E-08  5.11401E-11  5.44388E-12  8.18361E-11  5.26651E-08
  7.500E-03  4.28368E-09  8.90733E-07  9.49126E-08  5.28435E-11  5.63104E-12  3.08851E-10  4.89677E-08
  7.750E-03  4.57402E-09  8.89688E-07  9.49029E-08  5.45409E-11  5.81815E-12  5.26806E-10  4.52928E-08
  8.000E-03  4.87388E-09  8.88613E-07  9.48928E-08  5.62322E-11  6.00519E-12  7.34719E-10  4.16510E-08
  8.250E-03  5.18326E-09  8.87508E-07  9.48825E-08  5.79174E-11  6.19218E-12  9.31674E-10  3.80526E-08
  8.500E-03  5.50215E-09  8.86373E-07  9.48718E-08  5.95961E-11  6.37910E-12  1.11682E-09  3.45075E-08
  8.750E-03  5.83057E-09  8.85209E-07  9.48608E-08  6.12684E-11  6.56596E-12  1.28938E-09  3.10254E-08
  9.000E-03  6.16850E-09  8.84016E-07  9.48494E-08  6.29340E-11  6.75275E-12  1.44864E-09  2.76156E-08
  9.250E-03  6.51596E-09  8.82794E-07  9.48378E-08  6.45927E-11  6.93948E-12  1.59398E-09  2.42869E-08
  9.500E-03  6.87293E-09  8.81544E-07  9.48259E-08  6.62446E-11  7.12613E-12  1.72486E-09  2.10478E-08
  9.750E-03  7.23942E-09  8.80266E-07  9.48136E-08  6.78893E-11  7.31272E-12  1.84080E-09  1.79063E-08
  1.000E-02  7.61544E-09  8.78961E-07  9.48010E-08  6.95268E-11  7.49923E-12  1.94145E-09  1.48699E-08
  1.250E-02  1.18991E-08  8.64486E-07  9.46583E-08  8.54774E-11  9.35992E-12  2.08769E-09  8.45975E-09
  1.500E-02  1.71347E-08  8.47730E-07  9.44849E-08  1.00585E-10  1.12113E-11  9.34708E-10  1.73040E-08
  1.750E-02  2.33223E-08  8.29133E-07  9.42814E-08  1.14774E-10  1.30517E-11  6.63263E-10  1.36849E-08
  2.000E-02  3.04617E-08  8.09131E-07  9.40486E-08  1.28007E-10  1.48794E-11  1.69406E-09  3.71873E-09
  2.250E-02  3.85531E-08  7.88136E-07  9.37873E-08  1.40271E-10  1.66928E-11  1.56895E-09  5.55929E-09
  2.500E-02  4.75965E-08  7.66515E-07  9.34984E-08  1.51581E-10  1.84905E-11  4.40908E-10  9.36194E-09
  2.750E-02  5.75917E-08  7.44585E-07  9.31826E-08  1.61968E-10  2.02708E-11  9.24272E-10  6.85817E-09
  3.000E-02  6.85389E-08  7.22610E-07  9.28412E-08  1.71478E-10  2.20326E-11  1.64249E-09  7.67420E-10
  3.250E-02  8.04380E-08  7.00798E-07  9.24749E-08  1.80161E-10  2.37745E-11  1.26750E-09  4.72564E-09
  3.500E-02  9.32891E-08  6.79311E-07  9.20849E-08  1.88070E-10  2.54953E-11  6.45268E-11  6.48814E-09
  3.750E-02  1.07092E-07  6.58267E-07  9.16723E-08  1.95262E-10  2.71940E-11  1.16921E-09  4.02574E-09
  4.000E-02  1.21847E-07  6.37749E-07  9.12381E-08  2.01787E-10  2.88696E-11  1.62312E-09  6.03651E-10
  4.250E-02  1.37554E-07  6.17809E-07  9.07834E-08  2.07695E-10  3.05211E-11  9.99718E-10  4.31212E-09
  4.500E-02  1.54213E-07  5.98479E-07  9.03093E-08  2.13032E-10  3.21477E-11  2.90744E-10  4.92513E-09
  4.750E-02  1.71823E-07  5.79770E-07  8.98169E-08  2.17838E-10  3.37486E-11  1.39628E-09  2.38362E-09
  5.000E-02  1.90386E-07  5.61685E-07  8.93071E-08  2.22151E-10  3.53233E-11  1.58085E-09  1.42960E-09
  5.250E-02  2.09900E-07  5.44216E-07  8.87812E-08  2.26003E-10  3.68710E-11  7.11550E-10  4.01538E-09
  5.500E-02  2.30367E-07  5.27347E-07  8.82400E-08  2.29427E-10  3.83914E-11  6.46002E-10  3.84630E-09
  5.750E-02  2.51785E-07  5.11062E-07  8.76847E-08  2.32448E-10  3.98838E-11  1.59295E-09  1.23586E-09
  6.000E-02  2.74156E-07  4.95341E-07  8.71161E-08  2.35093E-10  4.13481E-11  1.48937E-09  1.99039E-09
  6.250E-02  2.97478E-07  4.80163E-07  8.65353E-08  2.37385E-10  4.27837E-11  3.84950E-10  3.73908E-09
  6.500E-02  3.21752E-07  4.65508E-07  8.59431E-08  2.39346E-10  4.41906E-11  1.00077E-09  2.98206E-09
  6.750E-02  3.46978E-07  4.51355E-07  8.53405E-08  2.40994E-10  4.55685E-11  1.74496E-09  3.43442E-10
  7.000E-02  3.73156E-07  4.37683E-07  8.47283E-08  2.42350E-10  4.69173E-11  1.33386E-09  2.38537E-09
  7.250E-02  4.00286E-07  4.24475E-07  8.41074E-08  2.43431E-10  4.82368E-11  1.59713E-11  3.44375E-09
  7.500E-02  4.28368E-07  4.11712E-07  8.34786E-08  2.44253E-10  4.95271E-11  1.34592E-09  2.22363E-09
  7.750E-02  4.57402E-07  3.99377E-07  8.28426E-08  2.44833E-10  5.07881E-11  1.83760E-09  3.91761E-10
  8.000E-02  4.87388E-07  3.87454E-07  8.22002E-08  2.45186E-10  5.20199E-11  1.10531E-09  2.65488E-09
  8.250E-02  5.18325E-07  3.75928E-07  8.15522E-08  2.45327E-10  5.32226E-11  3.91719E-10  3.11020E-09
  8.500E-02  5.50215E-07  3.64785E-07  8.08991E-08  2.45268E-10  5.43964E-11  1.66730E-09  1.52203E-09
  8.750E-02  5.83057E-07  3.54010E-07  8.02418E-08  2.45024E-10  5.55413E-11  1.85612E-09  1.01293E-09
  9.000E-02  6.16850E-07  3.43591E-07  7.95808E-08  2.44608E-10  5.66576E-11  7.99120E-10  2.81546E-09
  9.250E-02  6.51596E-07  3.33515E-07  7.89168E-08  2.44030E-10  5.77456E-11  8.28612E-10  2.72866E-09
  9.500E-02  6.87293E-07  3.23772E-07  7.82502E-08  2.43304E-10  5.88054E-11  1.94717E-09  8.55659E-10
  9.750E-02  7.23942E-07  3.14349E-07  7.75818E-08  2.42439E-10  5.98374E-11  1.78663E-09  1.53769E-09
  1.000E-01  7.61543E-07  3.05235E-07  7.69120E-08  2.41447E-10  6.08418E-11  4.15351E-10  2.87306E-09
  1.250E-01  1.18991E-06  2.29058E-07  7.02384E-08  2.26487E-10  6.94537E-11  2.33160E-09  9.53841E-10
  1.500E-01  1.71347E-06  1.74542E-07  6.38498E-08  2.07100E-10  7.57641E-11  2.25166E-09  1.68786E-09
  1.750E-01  2.33223E-06  1.35466E-07  5.79577E-08  1.87526E-10  8.02352E-11  4.96817E-10  2.67017E-09
  2.000E-01  3.04617E-06  1.07279E-07  5.26490E-08  1.69723E-10  8.32989E-11  3.62231E-09  1.06343E-09
  2.250E-01  3.85531E-06  8.66971E-08  4.79314E-08  1.54306E-10  8.53149E-11  3.58853E-09  1.61867E-09
  2.500E-01  4.75964E-06  7.13992E-08  4.37678E-08  1.41199E-10  8.65606E-11  4.78088E-10  2.76582E-09
  2.750E-01  5.75916E-06  5.97774E-08  4.01001E-08  1.30038E-10  8.72382E-11  5.01220E-09  1.21911E-09
  3.000E-01  6.85388E-06  5.07334E-08  3.68641E-08  1.20397E-10  8.74898E-11  5.08514E-09  1.54630E-09
  3.250E-01  8.04378E-06  4.35249E-08  3.39983E-08  1.11898E-10  8.74128E-11  2.99475E-10  2.83748E-09
  3.500E-01  9.32888E-06  3.76517E-08  3.14474E-08  1.04245E-10  8.70746E-11  6.35121E-09  1.37116E-09
  3.750E-01  1.07092E-05  3.27762E-08  2.91648E-08  9.72288E-11  8.65230E-11  6.70811E-09  1.45937E-09
  4.000E-01  1.21846E-05  2.86675E-08  2.71113E-08  9.07102E-11  8.57936E-11  4.61119E-11  2.90970E-09
  4.250E-01  1.37553E-05  2.51648E-08  2.52550E-08  8.46040E-11  8.49153E-11  7.70079E-09  1.53596E-09
  4.500E-01  1.54212E-05  2.21533E-08  2.35702E-08  7.88606E-11  8.39127E-11  8.53920E-09  1.37534E-09
  4.750E-01  1.71822E-05  1.95480E-08  2.20355E-08  7.34526E-11  8.28078E-11  5.76477E-10  3.00507E-09
  5.000E-01  1.90385E-05  1.72842E-08  2.06334E-08  6.83646E-11  8.16207E-11  9.09925E-09  1.72129E-09
  5.250E-01  2.09899E-05  1.53108E-08  1.93495E-08  6.35869E-11  8.03698E-11  1.06196E-08  1.29117E-09
  5.500E-01  2.30365E-05  1.35861E-08  1.81715E-08  5.91114E-11  7.90715E-11  1.31964E-09  3.11605E-09
  5.750E-01  2.51783E-05  1.20760E-08  1.70887E-08  5.49291E-11  7.77407E-11  1.05209E-08  1.92324E-09
  6.000E-01  2.74153E-05  1.07512E-08  1.60921E-08  5.10296E-11  7.63902E-11  1.29360E-08  1.19811E-09
  6.250E-01  2.97475E-05  9.58715E-09  1.51734E-08  4.74006E-11  7.50311E-11  2.29954E-09  3.22742E-09
  6.500E-01  3.21749E-05  8.56252E-09  1.43256E-08  4.40280E-11  7.36726E-11  1.19105E-08  2.13443E-09
  6.750E-01  3.46974E-05  7.65901E-09  1.35420E-08  4.08969E-11  7.23225E-11  1.54488E-08  1.09022E-09
  7.000E-01  3.73152E-05  6.86078E-09  1.28171E-08  3.79914E-11  7.09868E-11  3.53105E-09  3.32760E-09
  7.250E-01  4.00281E-05  6.15415E-09  1.21455E-08  3.52955E-11  6.96703E-11  1.32128E-08  2.34848E-09
  7.500E-01  4.28362E-05  5.52728E-09  1.15226E-08  3.27932E-11  6.83765E-11  1.81151E-08  9.65324E-10
  7.750E-01  4.57395E-05  4.96993E-09  1.09439E-08  3.04693E-11  6.71083E-11  5.02172E-09  3.41058E-09
  8.000E-01  4.87380E-05  4.47327E-09  1.04058E-08  2.83089E-11  6.58674E-11  1.43830E-08  2.56129E-09
  8.250E-01  5.18317E-05  4.02965E-09  9.90464E-09  2.62983E-11  6.46549E-11  2.08990E-08  8.23709E-10
  8.500E-01  5.50205E-05  3.63248E-09  9.43729E-09  2.44244E-11  6.34716E-11  6.77505E-09  3.47433E-09
  8.750E-01  5.83045E-05  3.27605E-09  9.00088E-09  2.26755E-11  6.23175E-11  1.53879E-08  2.77064E-09
  9.000E-01  6.16838E-05  2.95544E-09  8.59282E-09  2.10406E-11  6.11926E-11  2.37724E-08  6.66686E-10
  9.250E-01  6.51582E-05  2.66638E-09  8.21075E-09  1.95098E-11  6.00965E-11  8.79274E-09  3.51890E-09
  9.500E-01  6.87277E-05  2.40519E-09  7.85254E-09  1.80741E-11  5.90287E-11  1.62023E-08  2.97542E-09
  9.750E-01  7.23925E-05  2.16867E-09  7.51628E-09  1.67253E-11  5.79883E-11  2.67128E-08  4.95787E-10
  1.000E+00  7.61524E-05  1.95405E-09  7.20022E-09  1.54562E-11  5.69748E-11  1.31472E-13  9.29242E-12
  1.100E+00  9.21439E-05  1.27063E-09  6.10848E-09  1.10543E-11  5.31715E-11  2.09979E-12  2.87955E-12
  1.200E+00  1.09658E-04  7.91161E-10  5.23675E-09  7.50711E-12  4.97293E-11  1.65121E-12  2.60048E-12
  1.300E+00  1.28695E-04  4.47768E-10  4.52954E-09  4.60073E-12  4.65998E-11  3.58838E-14  3.55018E-12
  1.400E+00  1.49255E-04  1.98353E-10  3.94800E-09  2.19185E-12  4.37429E-11  1.07080E-12  1.30638E-12
  1.500E+00  1.71338E-04  1.56746E-11  3.46428E-09  1.80251E-13  4.11267E-11  9.52320E-13  1.05273E-12
  1.600E+00  1.94942E-04 -1.18592E-10  3.05797E-09 -1.50761E-12  3.87249E-11  7.97365E-14  1.65124E-12
  1.700E+00  2.20070E-04 -2.17179E-10  2.71380E-09 -2.92806E-12  3.65157E-11  6.16145E-13  6.94210E-13
  1.800E+00  2.46720E-04 -2.89162E-10  2.42008E-09 -4.12565E-12  3.44806E-11  6.09499E-13  4.89590E-13
  1.900E+00  2.74892E-04 -3.41143E-10  2.16777E-09 -5.13648E-12  3.26029E-11  8.83502E-14  8.70523E-13
  2.000E+00  3.04586E-04 -3.77994E-10  1.94972E-09 -5.99016E-12  3.08680E-11  3.82919E-13  4.08154E-13
  2.100E+00  3.35803E-04 -4.03354E-10  1.76024E-09 -6.71124E-12  2.92628E-11  4.17830E-13  2.48976E-13
  2.200E+00  3.68542E-04 -4.19965E-10  1.59475E-09 -7.32016E-12  2.77752E-11  8.53608E-14  4.99490E-13
  2.300E+00  4.02802E-04 -4.29906E-10  1.44953E-09 -7.83396E-12  2.63946E-11  2.50311E-13  2.56943E-13
  2.400E+00  4.38585E-04 -4.34762E-10  1.32152E-09 -8.26695E-12  2.51111E-11  3.00380E-13  1.34484E-13
  2.500E+00  4.75889E-04 -4.35749E-10  1.20823E-09 -8.63108E-12  2.39159E-11  7.87931E-14  3.04529E-13
  2.600E+00  5.14715E-04 -4.33802E-10  1.10756E-09 -8.93642E-12  2.28012E-11  1.69627E-13  1.69670E-13
  2.700E+00  5.55063E-04 -4.29644E-10  1.01778E-09 -9.19142E-12  2.17597E-11  2.23565E-13  7.57626E-14
  2.800E+00  5.96931E-04 -4.23833E-10  9.37435E-10 -9.40322E-12  2.07852E-11  7.11656E-14  1.94232E-13
  2.900E+00  6.40321E-04 -4.16804E-10  8.65296E-10 -9.57786E-12  1.98718E-11  1.17380E-13  1.16108E-13
  3.000E+00  6.85233E-04 -4.08892E-10  8.00325E-10 -9.72043E-12  1.90143E-11  1.70612E-13  4.37748E-14
  3.100E+00  7.31665E-04 -4.00362E-10  7.41638E-10 -9.83529E-12  1.82081E-11  6.37989E-14  1.28203E-13
  3.200E+00  7.79618E-04 -3.91416E-10  6.88481E-10 -9.92613E-12  1.74491E-11  8.25689E-14  8.15445E-14
  3.300E+00  8.29092E-04 -3.82215E-10  6.40207E-10 -9.99611E-12  1.67334E-11  1.33093E-13  2.58770E-14
  3.400E+00  8.80086E-04 -3.72880E-10  5.96259E-10 -1.00480E-11  1.60577E-11  5.70234E-14  8.66991E-14
  3.500E+00  9.32601E-04 -3.63508E-10  5.56155E-10 -1.00840E-11  1.54190E-11  5.85380E-14  5.81683E-14
  3.600E+00  9.86636E-04 -3.54173E-10  5.19479E-10 -1.01062E-11  1.48143E-11  1.05163E-13  1.56184E-14
  3.700E+00  1.04219E-03 -3.44930E-10  4.85866E-10 -1.01163E-11  1.42413E-11  5.08610E-14  6.01459E-14
  3.800E+00  1.09927E-03 -3.35823E-10  4.54998E-10 -1.01159E-11  1.36976E-11  4.17129E-14  4.22954E-14
  3.900E+00  1.15786E-03 -3.26883E-10  4.26599E-10 -1.01063E-11  1.31812E-11  8.43725E-14  9.41255E-15
  4.000E+00  1.21797E-03 -3.18134E-10  4.00422E-10 -1.00885E-11  1.26902E-11  4.54187E-14  4.23551E-14
  4.100E+00  1.27961E-03 -3.09593E-10  3.76253E-10 -1.00636E-11  1.22230E-11  2.94075E-14  3.08078E-14
  4.200E+00  1.34276E-03 -3.01272E-10  3.53901E-10 -1.00325E-11  1.17778E-11  6.81151E-14  5.88408E-15
  4.300E+00  1.40743E-03 -2.93177E-10  3.33198E-10 -9.99593E-12  1.13534E-11  4.03100E-14  2.99678E-14
  4.400E+00  1.47362E-03 -2.85313E-10  3.13992E-10 -9.95457E-12  1.09483E-11  2.05250E-14  2.24902E-14
  4.500E+00  1.54133E-03 -2.77681E-10  2.96151E-10 -9.90901E-12  1.05614E-11  5.53336E-14  3.83311E-15
  4.600E+00  1.61056E-03 -2.70280E-10  2.79554E-10 -9.85980E-12  1.01916E-11  3.59682E-14  2.21419E-14
  4.700E+00  1.68131E-03 -2.63109E-10  2.64095E-10 -9.80738E-12  9.83777E-12  1.39567E-14  1.65140E-14
  4.800E+00  1.75357E-03 -2.56163E-10  2.49678E-10 -9.75219E-12  9.49908E-12  4.57157E-14  2.51986E-15
  4.900E+00  1.82735E-03 -2.49439E-10  2.36216E-10 -9.69459E-12  9.17462E-12  3.16252E-14  1.61064E-14
  5.000E+00  1.90265E-03 -2.42931E-10  2.23633E-10 -9.63491E-12  8.86357E-12  8.67157E-15  1.19780E-14
  5.100E+00  1.97947E-03 -2.36634E-10  2.11856E-10 -9.57343E-12  8.56520E-12  3.69172E-14  2.47383E-15
  5.200E+00  2.05780E-03 -2.30543E-10  2.00824E-10 -9.51043E-12  8.27880E-12  2.84538E-14  1.15316E-14
  5.300E+00  2.13765E-03 -2.24651E-10  1.90479E-10 -9.44613E-12  8.00374E-12  5.51593E-15  8.91909E-15
  5.400E+00  2.21902E-03 -2.18951E-10  1.80768E-10 -9.38074E-12  7.73940E-12  3.08581E-14  2.09123E-15
  5.500E+00  2.30190E-03 -2.13438E-10  1.71643E-10 -9.31446E-12  7.48523E-12  2.55766E-14  9.11747E-15
  5.600E+00  2.38630E-03 -2.08106E-10  1.63063E-10 -9.24743E-12  7.24070E-12  2.69817E-15  6.43778E-15
  5.700E+00  2.47222E-03 -2.02948E-10  1.54986E-10 -9.17982E-12  7.00533E-12  2.53091E-14  1.67551E-15
  5.800E+00  2.55965E-03 -1.97958E-10  1.47378E-10 -9.11176E-12  6.77866E-12  2.21767E-14  6.75354E-15
  5.900E+00  2.64859E-03 -1.93130E-10  1.40205E-10 -9.04336E-12  6.56026E-12  6.69330E-16  4.50099E-15
  6.000E+00  2.73905E-03 -1.88458E-10  1.33436E-10 -8.97474E-12  6.34974E-12  2.08602E-14  1.77515E-15
  6.100E+00  2.83103E-03 -1.83937E-10  1.27045E-10 -8.90600E-12  6.14670E-12  1.97013E-14  5.49191E-15
  6.200E+00  2.92452E-03 -1.79561E-10  1.21006E-10 -8.83720E-12  5.95081E-12  7.56358E-16  3.48634E-15
  6.300E+00  3.01952E-03 -1.75325E-10  1.15295E-10 -8.76845E-12  5.76173E-12  1.71320E-14  1.60678E-15
  6.400E+00  3.11604E-03 -1.71223E-10  1.09891E-10 -8.69979E-12  5.57914E-12  1.80100E-14  4.20098E-15
  6.500E+00  3.21407E-03 -1.67251E-10  1.04774E-10 -8.63130E-12  5.40276E-12  1.92372E-15  2.11038E-15
  6.600E+00  3.31362E-03 -1.63403E-10  9.99252E-11 -8.56304E-12  5.23230E-12  1.42532E-14  1.89946E-15
  6.700E+00  3.41468E-03 -1.59676E-10  9.53281E-11 -8.49504E-12  5.06750E-12  1.58910E-14  3.40060E-15
  6.800E+00  3.51725E-03 -1.56064E-10  9.09670E-11 -8.42736E-12  4.90812E-12  2.63257E-15  1.51214E-15
  6.900E+00  3.62133E-03 -1.52563E-10  8.68271E-11 -8.36003E-12  4.75392E-12  1.18043E-14  1.86798E-15
  7.000E+00  3.72692E-03 -1.49170E-10  8.28952E-11 -8.29308E-12  4.60469E-12  1.40640E-14  2.85035E-15
  7.100E+00  3.83403E-03 -1.45879E-10  7.91587E-11 -8.22656E-12  4.46020E-12  3.10026E-15  7.55159E-16
  7.200E+00  3.94265E-03 -1.42688E-10  7.56059E-11 -8.16048E-12  4.32027E-12  9.26322E-15  1.71238E-15
  7.300E+00  4.05278E-03 -1.39592E-10  7.22261E-11 -8.09488E-12  4.18471E-12  1.23711E-14  2.25935E-15
  7.400E+00  4.16442E-03 -1.36589E-10  6.90093E-11 -8.02976E-12  4.05334E-12  3.16674E-15  4.62606E-16
  7.500E+00  4.27757E-03 -1.33674E-10  6.59460E-11 -7.96515E-12  3.92599E-12  7.80642E-15  2.02538E-15
  7.600E+00  4.39223E-03 -1.30845E-10  6.30275E-11 -7.90107E-12  3.80250E-12  1.09986E-14  1.97127E-15
  7.700E+00  4.50840E-03 -1.28098E-10  6.02457E-11 -7.83753E-12  3.68272E-12  3.31041E-15  2.13254E-16
  7.800E+00  4.62608E-03 -1.25430E-10  5.75930E-11 -7.77454E-12  3.56650E-12  6.07002E-15  1.76546E-15
  7.900E+00  4.74527E-03 -1.22840E-10  5.50624E-11 -7.71211E-12  3.45372E-12  9.98131E-15  2.22596E-15
  8.000E+00  4.86597E-03 -1.20322E-10  5.26471E-11 -7.65025E-12  3.34422E-12  3.60345E-15  3.94440E-16
  8.100E+00  4.98817E-03 -1.17877E-10  5.03409E-11 -7.58896E-12  3.23790E-12  5.27039E-15  1.92272E-15
  8.200E+00  5.11188E-03 -1.15499E-10  4.81380E-11 -7.52826E-12  3.13464E-12  8.73897E-15  1.68755E-15
  8.300E+00  5.23711E-03 -1.13188E-10  4.60330E-11 -7.46814E-12  3.03431E-12  3.51082E-15  1.82913E-16
  8.400E+00  5.36383E-03 -1.10941E-10  4.40208E-11 -7.40861E-12  2.93681E-12  4.24219E-15  2.32030E-15
  8.500E+00  5.49207E-03 -1.08756E-10  4.20965E-11 -7.34968E-12  2.84205E-12  7.48632E-15  1.56793E-15
  8.600E+00  5.62181E-03 -1.06630E-10  4.02556E-11 -7.29133E-12  2.74992E-12  3.57745E-15  1.70093E-16
  8.700E+00  5.75306E-03 -1.04562E-10  3.84939E-11 -7.23358E-12  2.66032E-12  2.88665E-15  2.32562E-15
  8.800E+00  5.88581E-03 -1.02549E-10  3.68074E-11 -7.17643E-12  2.57317E-12  6.82827E-15  1.46047E-15
  8.900E+00  6.02007E-03 -1.00590E-10  3.51924E-11 -7.11986E-12  2.48839E-12  3.19155E-15  4.75688E-16
  9.000E+00  6.15583E-03 -9.86832E-11  3.36453E-11 -7.06389E-12  2.40588E-12  2.26901E-15  1.70474E-15
  9.100E+00  6.29310E-03 -9.68261E-11  3.21628E-11 -7.00850E-12  2.32558E-12  5.68521E-15  1.51508E-15
  9.200E+00  6.43187E-03 -9.50175E-11  3.07417E-11 -6.95370E-12  2.24740E-12  3.11920E-15  4.44463E-16
  9.300E+00  6.57214E-03 -9.32558E-11  2.93791E-11 -6.89948E-12  2.17128E-12  1.85738E-15  1.88382E-15
  9.400E+00  6.71392E-03 -9.15394E-11  2.80723E-11 -6.84585E-12  2.09715E-12  5.06289E-15  1.41769E-15
  9.500E+00  6.85720E-03 -8.98668E-11  2.68185E-11 -6.79278E-12  2.02493E-12  2.92228E-15  0.00000E+00
  9.600E+00  7.00198E-03 -8.82366E-11  2.56152E-11 -6.74029E-12  1.95458E-12  1.36818E-15  1.76517E-15
  9.700E+00  7.14827E-03 -8.66474E-11  2.44603E-11 -6.68837E-12  1.88602E-12  4.14079E-15  1.46221E-15
  9.800E+00  7.29605E-03 -8.50979E-11  2.33513E-11 -6.63701E-12  1.81920E-12  2.98189E-15  3.90488E-16
  9.900E+00  7.44534E-03 -8.35869E-11  2.22862E-11 -6.58621E-12  1.75406E-12  1.16840E-15  1.78474E-15
  1.000E+01  7.59612E-03 -8.21132E-11  2.12630E-11 -6.53596E-12  1.69055E-12  3.20538E-15  1.49857E-15
  1.025E+01  7.97965E-03 -7.85840E-11  1.88762E-11 -6.41272E-12  1.53858E-12  2.61300E-15  1.18714E-16
  1.050E+01  8.37255E-03 -7.52633E-11  1.67128E-11 -6.29282E-12  1.39573E-12  8.29375E-16  1.58181E-15
  1.075E+01  8.77480E-03 -7.21354E-11  1.47492E-11 -6.17617E-12  1.26131E-12  2.76728E-15  1.07659E-15
  1.100E+01  9.18641E-03 -6.91861E-11  1.29648E-11 -6.06268E-12  1.13472E-12  1.50913E-15  0.00000E+00
  1.125E+01  9.60736E-03 -6.64024E-11  1.13412E-11 -5.95226E-12  1.01538E-12  3.60442E-16  9.80614E-16
  1.150E+01  1.00376E-02 -6.37726E-11  9.86243E-12 -5.84482E-12  9.02790E-13  1.72350E-15  1.31223E-15
  1.175E+01  1.04773E-02 -6.12858E-11  8.51408E-12 -5.74026E-12  7.96477E-13  1.64981E-15  1.79354E-16
  1.200E+01  1.09262E-02 -5.89322E-11  7.28353E-12 -5.63849E-12  6.96014E-13  0.00000E+00  1.37403E-15
  1.225E+01  1.13844E-02 -5.67026E-11  6.15951E-12 -5.53943E-12  6.01008E-13  1.21271E-15  1.31695E-15
  1.250E+01  1.18520E-02 -5.45888E-11  5.13199E-12 -5.44299E-12  5.11099E-13  1.01846E-15  4.73743E-16
  1.275E+01  1.23288E-02 -5.25831E-11  4.19202E-12 -5.34908E-12  4.25956E-13  2.79515E-16  7.58023E-16
  1.300E+01  1.28150E-02 -5.06783E-11  3.33157E-12 -5.25762E-12  3.45273E-13  8.06118E-16  1.01962E-15
  1.325E+01  1.33104E-02 -4.88682E-11  2.54346E-12 -5.16853E-12  2.68771E-13  9.04786E-16  2.80107E-16
  1.350E+01  1.38150E-02 -4.71465E-11  1.82126E-12 -5.08173E-12  1.96190E-13  2.48882E-16  5.39036E-16
  1.375E+01  1.43290E-02 -4.55079E-11  1.15916E-12 -4.99714E-12  1.27290E-13  3.59671E-16  7.78528E-16
  1.400E+01  1.48521E-02 -4.39472E-11  5.51942E-13 -4.91469E-12  6.18492E-14  4.62336E-16  5.00078E-16
  1.425E+01  1.53845E-02 -4.24597E-11 -5.11091E-15 -4.83431E-12 -3.37727E-16  1.11505E-16  6.02675E-16
  1.450E+01  1.59262E-02 -4.10410E-11 -5.16246E-13 -4.75594E-12 -5.94614E-14  2.15276E-16  4.65133E-16
  1.475E+01  1.64770E-02 -3.96870E-11 -9.85322E-13 -4.67950E-12 -1.15699E-13  2.07937E-16  6.73495E-16
  1.500E+01  1.70371E-02 -3.83940E-11 -1.41583E-12 -4.60493E-12 -1.69215E-13  0.00000E+00  2.16836E-16
  1.525E+01  1.76063E-02 -3.71584E-11 -1.81092E-12 -4.53218E-12 -2.20162E-13  3.88679E-16  6.28656E-16
  1.550E+01  1.81848E-02 -3.59770E-11 -2.17350E-12 -4.46117E-12 -2.68683E-13  1.88035E-16  8.10493E-16
  1.575E+01  1.87724E-02 -3.48468E-11 -2.50616E-12 -4.39186E-12 -3.14912E-13  3.64066E-16  0.00000E+00
  1.600E+01  1.93692E-02 -3.37649E-11 -2.81129E-12 -4.32419E-12 -3.58972E-13  0.00000E+00  1.89741E-16
  1.625E+01  1.99751E-02 -3.27286E-11 -3.09107E-12 -4.25811E-12 -4.00979E-13  1.70859E-16  7.34993E-16
  1.650E+01  2.05901E-02 -3.17356E-11 -3.34748E-12 -4.19357E-12 -4.41043E-13  3.31309E-16  1.78030E-16
  1.675E+01  2.12143E-02 -3.07835E-11 -3.58234E-12 -4.13051E-12 -4.79264E-13  1.60685E-16  5.17708E-16
  1.700E+01  2.18476E-02 -2.98701E-11 -3.79729E-12 -4.06889E-12 -5.15738E-13  0.00000E+00  5.02056E-16
  1.725E+01  2.24900E-02 -2.89935E-11 -3.99387E-12 -4.00868E-12 -5.50554E-13  1.51394E-16  3.24727E-16
  1.750E+01  2.31415E-02 -2.81517E-11 -4.17345E-12 -3.94981E-12 -5.83796E-13  4.41147E-16  1.57591E-16
  1.775E+01  2.38021E-02 -2.73430E-11 -4.33734E-12 -3.89225E-12 -6.15542E-13  1.42889E-16  1.53021E-16
  1.800E+01  2.44717E-02 -2.65657E-11 -4.48667E-12 -3.83597E-12 -6.45867E-13  1.38903E-16  1.48644E-16
  1.825E+01  2.51504E-02 -2.58183E-11 -4.62255E-12 -3.78092E-12 -6.74839E-13  6.75415E-16  1.44449E-16
  1.850E+01  2.58382E-02 -2.50993E-11 -4.74596E-12 -3.72706E-12 -7.02525E-13  0.00000E+00  0.00000E+00
  1.875E+01  2.65349E-02 -2.44073E-11 -4.85783E-12 -3.67436E-12 -7.28985E-13  2.55806E-16  1.36565E-16
  1.900E+01  2.72407E-02 -2.37410E-11 -4.95899E-12 -3.62278E-12 -7.54278E-13  6.22634E-16  1.32858E-16
  1.925E+01  2.79555E-02 -2.30992E-11 -5.05021E-12 -3.57230E-12 -7.78459E-13  1.21284E-16  1.29298E-16
  1.950E+01  2.86793E-02 -2.24807E-11 -5.13222E-12 -3.52287E-12 -8.01580E-13  2.36333E-16  1.25876E-16
  1.975E+01  2.94120E-02 -2.18845E-11 -5.20568E-12 -3.47448E-12 -8.23689E-13  4.60674E-16  1.22586E-16
  2.000E+01  3.01537E-02 -2.13096E-11 -5.27120E-12 -3.42708E-12 -8.44832E-13  2.24569E-16  0.00000E+00
  2.025E+01  3.09043E-02 -2.07549E-11 -5.32935E-12 -3.38065E-12 -8.65053E-13  2.19017E-16  0.00000E+00
  2.050E+01  3.16639E-02 -2.02195E-11 -5.38065E-12 -3.33516E-12 -8.84393E-13  0.00000E+00  1.13440E-16
  2.075E+01  3.24324E-02 -1.97027E-11 -5.42558E-12 -3.29059E-12 -9.02892E-13  0.00000E+00  0.00000E+00
  2.100E+01  3.32098E-02 -1.92036E-11 -5.46460E-12 -3.24691E-12 -9.20587E-13  0.00000E+00  1.07889E-16
  2.125E+01  3.39961E-02 -1.87213E-11 -5.49813E-12 -3.20410E-12 -9.37511E-13  0.00000E+00  4.21051E-16
  2.150E+01  3.47912E-02 -1.82553E-11 -5.52654E-12 -3.16212E-12 -9.53700E-13  1.94148E-16  2.05458E-16
  2.175E+01  3.55952E-02 -1.78047E-11 -5.55021E-12 -3.12096E-12 -9.69184E-13  0.00000E+00  0.00000E+00
  2.200E+01  3.64081E-02 -1.73690E-11 -5.56946E-12 -3.08060E-12 -9.83993E-13  0.00000E+00  3.91697E-16
  2.225E+01  3.72297E-02 -1.69474E-11 -5.58460E-12 -3.04102E-12 -9.98156E-13  1.81231E-16  3.82579E-16
  2.250E+01  3.80602E-02 -1.65395E-11 -5.59593E-12 -3.00218E-12 -1.01170E-12  0.00000E+00  1.86885E-16
  2.275E+01  3.88995E-02 -1.61447E-11 -5.60371E-12 -2.96408E-12 -1.02465E-12  0.00000E+00  5.47884E-16
  2.300E+01  3.97476E-02 -1.57623E-11 -5.60819E-12 -2.92669E-12 -1.03703E-12  0.00000E+00  5.35536E-16
  2.325E+01  4.06044E-02 -1.53920E-11 -5.60961E-12 -2.89000E-12 -1.04887E-12  0.00000E+00  0.00000E+00
  2.350E+01  4.14700E-02 -1.50332E-11 -5.60818E-12 -2.85399E-12 -1.06018E-12  0.00000E+00  1.70680E-16
  2.375E+01  4.23443E-02 -1.46856E-11 -5.60411E-12 -2.81864E-12 -1.07099E-12  0.00000E+00  1.66952E-16
  2.400E+01  4.32273E-02 -1.43485E-11 -5.59759E-12 -2.78393E-12 -1.08131E-12  0.00000E+00  4.90028E-16
  2.425E+01  4.41190E-02 -1.40217E-11 -5.58878E-12 -2.74984E-12 -1.09118E-12  0.00000E+00  1.59847E-16
  2.450E+01  4.50194E-02 -1.37047E-11 -5.57785E-12 -2.71637E-12 -1.10059E-12  0.00000E+00  3.12921E-16
  2.475E+01  4.59284E-02 -1.33972E-11 -5.56496E-12 -2.68349E-12 -1.10958E-12  0.00000E+00  0.00000E+00
  2.500E+01  4.68461E-02 -1.30987E-11 -5.55025E-12 -2.65119E-12 -1.11816E-12  0.00000E+00  2.99993E-16
  2.550E+01  4.87074E-02 -1.25278E-11 -5.51589E-12 -2.58828E-12 -1.13415E-12  0.00000E+00  1.43918E-16
  2.600E+01  5.06030E-02 -1.19894E-11 -5.47573E-12 -2.52752E-12 -1.14868E-12  0.00000E+00  0.00000E+00
  2.650E+01  5.25328E-02 -1.14812E-11 -5.43063E-12 -2.46882E-12 -1.16185E-12  0.00000E+00  2.65605E-16
  2.700E+01  5.44967E-02 -1.10009E-11 -5.38133E-12 -2.41207E-12 -1.17377E-12  0.00000E+00  1.27713E-16
  2.750E+01  5.64946E-02 -1.05468E-11 -5.32847E-12 -2.35719E-12 -1.18452E-12  0.00000E+00  2.45814E-16
  2.800E+01  5.85262E-02 -1.01170E-11 -5.27262E-12 -2.30409E-12 -1.19419E-12  0.00000E+00  1.18362E-16
  2.850E+01  6.05914E-02 -9.70979E-12 -5.21427E-12 -2.25270E-12 -1.20286E-12  0.00000E+00  0.00000E+00
  2.900E+01  6.26901E-02 -9.32378E-12 -5.15386E-12 -2.20292E-12 -1.21059E-12  0.00000E+00  1.09987E-16
  2.950E+01  6.48222E-02 -8.95755E-12 -5.09178E-12 -2.15470E-12 -1.21746E-12  0.00000E+00  2.12247E-16
  3.000E+01  6.69873E-02 -8.60983E-12 -5.02835E-12 -2.10797E-12 -1.22351E-12  0.00000E+00  1.02458E-16
  3.050E+01  6.91854E-02 -8.27945E-12 -4.96388E-12 -2.06266E-12 -1.22882E-12  0.00000E+00  1.97952E-16
  3.100E+01  7.14163E-02 -7.96531E-12 -4.89863E-12 -2.01871E-12 -1.23342E-12  0.00000E+00  0.00000E+00
  3.150E+01  7.36799E-02 -7.66643E-12 -4.83282E-12 -1.97606E-12 -1.23736E-12  0.00000E+00  0.00000E+00
  3.200E+01  7.59760E-02 -7.38187E-12 -4.76664E-12 -1.93467E-12 -1.24069E-12  0.00000E+00  1.79039E-16
  3.250E+01  7.83043E-02 -7.11076E-12 -4.70027E-12 -1.89448E-12 -1.24345E-12  0.00000E+00  0.00000E+00
  3.300E+01  8.06647E-02 -6.85232E-12 -4.63387E-12 -1.85545E-12 -1.24567E-12  0.00000E+00  0.00000E+00
  3.350E+01  8.30571E-02 -6.60580E-12 -4.56757E-12 -1.81752E-12 -1.24739E-12  0.00000E+00  0.00000E+00
  3.400E+01  8.54812E-02 -6.37051E-12 -4.50148E-12 -1.78066E-12 -1.24865E-12  0.00000E+00  0.00000E+00
  3.450E+01  8.79369E-02 -6.14583E-12 -4.43571E-12 -1.74481E-12 -1.24947E-12  0.00000E+00  0.00000E+00
  3.500E+01  9.04240E-02 -5.93115E-12 -4.37034E-12 -1.70996E-12 -1.24988E-12  0.00000E+00  0.00000E+00
  3.550E+01  9.29422E-02 -5.72591E-12 -4.30544E-12 -1.67605E-12 -1.24991E-12  0.00000E+00  0.00000E+00
  3.600E+01  9.54915E-02 -5.52959E-12 -4.24109E-12 -1.64305E-12 -1.24957E-12  0.00000E+00  0.00000E+00
  3.650E+01  9.80716E-02 -5.34172E-12 -4.17734E-12 -1.61092E-12 -1.24890E-12  0.00000E+00  0.00000E+00
  3.700E+01  1.00682E-01 -5.16184E-12 -4.11423E-12 -1.57965E-12 -1.24792E-12  0.00000E+00  0.00000E+00
  3.750E+01  1.03323E-01 -4.98953E-12 -4.05181E-12 -1.54918E-12 -1.24663E-12  0.00000E+00  0.00000E+00
  3.800E+01  1.05995E-01 -4.82439E-12 -3.99012E-12 -1.51951E-12 -1.24507E-12  0.00000E+00  0.00000E+00
  3.850E+01  1.08696E-01 -4.66605E-12 -3.92919E-12 -1.49059E-12 -1.24326E-12  0.00000E+00  0.00000E+00
  3.900E+01  1.11427E-01 -4.51417E-12 -3.86902E-12 -1.46240E-12 -1.24119E-12  0.00000E+00  0.00000E+00
  3.950E+01  1.14188E-01 -4.36840E-12 -3.80964E-12 -1.43492E-12 -1.23890E-12  0.00000E+00  0.00000E+00
  4.000E+01  1.16978E-01 -4.22847E-12 -3.75108E-12 -1.40812E-12 -1.23639E-12  0.00000E+00  0.00000E+00
  4.050E+01  1.19797E-01 -4.09406E-12 -3.69333E-12 -1.38198E-12 -1.23368E-12  0.00000E+00  0.00000E+00
  4.100E+01  1.22645E-01 -3.96491E-12 -3.63642E-12 -1.35648E-12 -1.23078E-12  0.00000E+00  0.00000E+00
  4.150E+01  1.25522E-01 -3.84078E-12 -3.58034E-12 -1.33159E-12 -1.22771E-12  0.00000E+00  0.00000E+00
  4.200E+01  1.28428E-01 -3.72141E-12 -3.52510E-12 -1.30730E-12 -1.22446E-12  0.00000E+00  0.00000E+00
  4.250E+01  1.31361E-01 -3.60658E-12 -3.47070E-12 -1.28358E-12 -1.22106E-12  0.00000E+00  0.00000E+00
  4.300E+01  1.34323E-01 -3.49608E-12 -3.41713E-12 -1.26042E-12 -1.21752E-12  0.00000E+00  0.00000E+00
  4.350E+01  1.37313E-01 -3.38970E-12 -3.36440E-12 -1.23780E-12 -1.21383E-12  0.00000E+00  0.00000E+00
  4.400E+01  1.40330E-01 -3.28726E-12 -3.31251E-12 -1.21571E-12 -1.21002E-12  0.00000E+00  0.00000E+00
  4.450E+01  1.43375E-01 -3.18858E-12 -3.26144E-12 -1.19412E-12 -1.20608E-12  0.00000E+00  0.00000E+00
  4.500E+01  1.46447E-01 -3.09349E-12 -3.21119E-12 -1.17302E-12 -1.20204E-12  0.00000E+00  0.00000E+00
  4.550E+01  1.49545E-01 -3.00183E-12 -3.16176E-12 -1.15239E-12 -1.19788E-12  0.00000E+00  0.00000E+00
  4.600E+01  1.52671E-01 -2.91344E-12 -3.11314E-12 -1.13223E-12 -1.19363E-12  0.00000E+00  0.00000E+00
  4.650E+01  1.55823E-01 -2.82818E-12 -3.06531E-12 -1.11252E-12 -1.18928E-12  0.00000E+00  0.00000E+00
  4.700E+01  1.59001E-01 -2.74592E-12 -3.01827E-12 -1.09324E-12 -1.18484E-12  0.00000E+00  0.00000E+00
  4.750E+01  1.62205E-01 -2.66653E-12 -2.97200E-12 -1.07438E-12 -1.18033E-12  0.00000E+00  0.00000E+00
  4.800E+01  1.65435E-01 -2.58988E-12 -2.92651E-12 -1.05592E-12 -1.17573E-12  0.00000E+00  0.00000E+00
  4.850E+01  1.68690E-01 -2.51587E-12 -2.88178E-12 -1.03787E-12 -1.17107E-12  0.00000E+00  0.00000E+00
  4.900E+01  1.71970E-01 -2.44437E-12 -2.83779E-12 -1.02020E-12 -1.16633E-12  0.00000E+00  0.00000E+00
  4.950E+01  1.75276E-01 -2.37529E-12 -2.79454E-12 -1.00291E-12 -1.16154E-12  0.00000E+00  0.00000E+00
  5.000E+01  1.78606E-01 -2.30852E-12 -2.75201E-12 -9.85975E-13 -1.15668E-12  0.00000E+00  0.00000E+00
  5.050E+01  1.81961E-01 -2.24397E-12 -2.71020E-12 -9.69399E-13 -1.15178E-12  0.00000E+00  0.00000E+00
  5.100E+01  1.85340E-01 -2.18155E-12 -2.66908E-12 -9.53165E-13 -1.14682E-12  0.00000E+00  0.00000E+00
  5.150E+01  1.88743E-01 -2.12118E-12 -2.62866E-12 -9.37267E-13 -1.14181E-12  0.00000E+00  0.00000E+00
  5.200E+01  1.92169E-01 -2.06277E-12 -2.58892E-12 -9.21693E-13 -1.13677E-12  0.00000E+00  0.00000E+00
  5.250E+01  1.95619E-01 -2.00625E-12 -2.54985E-12 -9.06436E-13 -1.13168E-12  0.00000E+00  0.00000E+00
  5.300E+01  1.99092E-01 -1.95155E-12 -2.51143E-12 -8.91487E-13 -1.12655E-12  0.00000E+00  0.00000E+00
  5.350E+01  2.02589E-01 -1.89858E-12 -2.47365E-12 -8.76838E-13 -1.12139E-12  0.00000E+00  0.00000E+00
  5.400E+01  2.06107E-01 -1.84729E-12 -2.43651E-12 -8.62480E-13 -1.11620E-12  0.00000E+00  0.00000E+00
  5.450E+01  2.09649E-01 -1.79761E-12 -2.39999E-12 -8.48407E-13 -1.11098E-12  0.00000E+00  0.00000E+00
  5.500E+01  2.13212E-01 -1.74948E-12 -2.36408E-12 -8.34610E-13 -1.10573E-12  0.00000E+00  0.00000E+00
  5.550E+01  2.16797E-01 -1.70284E-12 -2.32877E-12 -8.21083E-13 -1.10045E-12  0.00000E+00  0.00000E+00
  5.600E+01  2.20404E-01 -1.65764E-12 -2.29405E-12 -8.07818E-13 -1.09516E-12  0.00000E+00  0.00000E+00
  5.650E+01  2.24032E-01 -1.61383E-12 -2.25990E-12 -7.94810E-13 -1.08984E-12  0.00000E+00  0.00000E+00
  5.700E+01  2.27680E-01 -1.57134E-12 -2.22632E-12 -7.82051E-13 -1.08450E-12  0.00000E+00  0.00000E+00
  5.750E+01  2.31350E-01 -1.53014E-12 -2.19330E-12 -7.69535E-13 -1.07915E-12  0.00000E+00  0.00000E+00
  5.800E+01  2.35040E-01 -1.49018E-12 -2.16082E-12 -7.57256E-13 -1.07379E-12  0.00000E+00  0.00000E+00
  5.850E+01  2.38751E-01 -1.45140E-12 -2.12887E-12 -7.45209E-13 -1.06841E-12  0.00000E+00  0.00000E+00
  5.900E+01  2.42481E-01 -1.41378E-12 -2.09746E-12 -7.33388E-13 -1.06301E-12  0.00000E+00  0.00000E+00
  5.950E+01  2.46231E-01 -1.37727E-12 -2.06656E-12 -7.21787E-13 -1.05761E-12  0.00000E+00  0.00000E+00
  6.000E+01  2.50000E-01 -1.34183E-12 -2.03616E-12 -7.10401E-13 -1.05220E-12  0.00000E+00  0.00000E+00
  6.050E+01  2.53788E-01 -1.30742E-12 -2.00626E-12 -6.99224E-13 -1.04678E-12  0.00000E+00  0.00000E+00
  6.100E+01  2.57595E-01 -1.27401E-12 -1.97684E-12 -6.88253E-13 -1.04136E-12  0.00000E+00  0.00000E+00
  6.150E+01  2.61421E-01 -1.24156E-12 -1.94790E-12 -6.77481E-13 -1.03593E-12  0.00000E+00  0.00000E+00
  6.200E+01  2.65264E-01 -1.21004E-12 -1.91943E-12 -6.66905E-13 -1.03049E-12  0.00000E+00  0.00000E+00
  6.250E+01  2.69126E-01 -1.17943E-12 -1.89142E-12 -6.56519E-13 -1.02505E-12  0.00000E+00  0.00000E+00
  6.300E+01  2.73005E-01 -1.14967E-12 -1.86386E-12 -6.46320E-13 -1.01961E-12  0.00000E+00  0.00000E+00
  6.350E+01  2.76901E-01 -1.12076E-12 -1.83675E-12 -6.36303E-13 -1.01417E-12  0.00000E+00  0.00000E+00
  6.400E+01  2.80814E-01 -1.09266E-12 -1.81006E-12 -6.26464E-13 -1.00873E-12  0.00000E+00  0.00000E+00
  6.450E+01  2.84744E-01 -1.06534E-12 -1.78380E-12 -6.16798E-13 -1.00329E-12  0.00000E+00  0.00000E+00
  6.500E+01  2.88691E-01 -1.03878E-12 -1.75796E-12 -6.07303E-13 -9.97856E-13  0.00000E+00  0.00000E+00
  6.550E+01  2.92653E-01 -1.01295E-12 -1.73252E-12 -5.97974E-13 -9.92420E-13  0.00000E+00  0.00000E+00
  6.600E+01  2.96632E-01 -9.87834E-13 -1.70749E-12 -5.88807E-13 -9.86987E-13  0.00000E+00  0.00000E+00
  6.650E+01  3.00625E-01 -9.63405E-13 -1.68285E-12 -5.79799E-13 -9.81557E-13  0.00000E+00  0.00000E+00
  6.700E+01  3.04634E-01 -9.39640E-13 -1.65860E-12 -5.70946E-13 -9.76133E-13  0.00000E+00  0.00000E+00
  6.750E+01  3.08658E-01 -9.16518E-13 -1.63473E-12 -5.62246E-13 -9.70713E-13  0.00000E+00  0.00000E+00
  6.800E+01  3.12697E-01 -8.94018E-13 -1.61123E-12 -5.53694E-13 -9.65298E-13  0.00000E+00  0.00000E+00
  6.850E+01  3.16749E-01 -8.72121E-13 -1.58809E-12 -5.45288E-13 -9.59890E-13  0.00000E+00  0.00000E+00
  6.900E+01  3.20816E-01 -8.50810E-13 -1.56531E-12 -5.37024E-13 -9.54488E-13  0.00000E+00  0.00000E+00
  6.950E+01  3.24896E-01 -8.30066E-13 -1.54288E-12 -5.28900E-13 -9.49093E-13  0.00000E+00  0.00000E+00
  7.000E+01  3.28990E-01 -8.09872E-13 -1.52080E-12 -5.20912E-13 -9.43706E-13  0.00000E+00  0.00000E+00
  7.050E+01  3.33097E-01 -7.90211E-13 -1.49906E-12 -5.13058E-13 -9.38327E-13  0.00000E+00  0.00000E+00
  7.100E+01  3.37216E-01 -7.71064E-13 -1.47765E-12 -5.05334E-13 -9.32956E-13  0.00000E+00  0.00000E+00
  7.150E+01  3.41348E-01 -7.52413E-13 -1.45656E-12 -4.97739E-13 -9.27594E-13  0.00000E+00  0.00000E+00
  7.200E+01  3.45492E-01 -7.34247E-13 -1.43579E-12 -4.90269E-13 -9.22241E-13  0.00000E+00  0.00000E+00
  7.250E+01  3.49647E-01 -7.16557E-13 -1.41534E-12 -4.82922E-13 -9.16897E-13  0.00000E+00  0.00000E+00
  7.300E+01  3.53814E-01 -6.99325E-13 -1.39520E-12 -4.75696E-13 -9.11563E-13  0.00000E+00  0.00000E+00
  7.350E+01  3.57992E-01 -6.82532E-13 -1.37536E-12 -4.68587E-13 -9.06240E-13  0.00000E+00  0.00000E+00
  7.400E+01  3.62181E-01 -6.66167E-13 -1.35582E-12 -4.61595E-13 -9.00926E-13  0.00000E+00  0.00000E+00
  7.450E+01  3.66381E-01 -6.50220E-13 -1.33656E-12 -4.54715E-13 -8.95623E-13  0.00000E+00  0.00000E+00
  7.500E+01  3.70590E-01 -6.34677E-13 -1.31759E-12 -4.47946E-13 -8.90331E-13  0.00000E+00  0.00000E+00
  7.550E+01  3.74810E-01 -6.19529E-13 -1.29891E-12 -4.41287E-13 -8.85050E-13  0.00000E+00  0.00000E+00
  7.600E+01  3.79039E-01 -6.04763E-13 -1.28050E-12 -4.34734E-13 -8.79780E-13  0.00000E+00  0.00000E+00
  7.650E+01  3.83277E-01 -5.90368E-13 -1.26237E-12 -4.28286E-13 -8.74522E-13  0.00000E+00  0.00000E+00
  7.700E+01  3.87524E-01 -5.76332E-13 -1.24450E-12 -4.21940E-13 -8.69276E-13  0.00000E+00  0.00000E+00
  7.750E+01  3.91780E-01 -5.62645E-13 -1.22689E-12 -4.15695E-13 -8.64041E-13  0.00000E+00  0.00000E+00
  7.800E+01  3.96044E-01 -5.49298E-13 -1.20954E-12 -4.09549E-13 -8.58818E-13  0.00000E+00  0.00000E+00
  7.850E+01  4.00316E-01 -5.36281E-13 -1.19244E-12 -4.03499E-13 -8.53607E-13  0.00000E+00  0.00000E+00
  7.900E+01  4.04596E-01 -5.23586E-13 -1.17559E-12 -3.97544E-13 -8.48409E-13  0.00000E+00  0.00000E+00
  7.950E+01  4.08882E-01 -5.11203E-13 -1.15899E-12 -3.91683E-13 -8.43223E-13  0.00000E+00  0.00000E+00
  8.000E+01  4.13176E-01 -4.99123E-13 -1.14262E-12 -3.85913E-13 -8.38049E-13  0.00000E+00  0.00000E+00
  8.050E+01  4.17476E-01 -4.87338E-13 -1.12649E-12 -3.80232E-13 -8.32888E-13  0.00000E+00  0.00000E+00
  8.100E+01  4.21783E-01 -4.75840E-13 -1.11059E-12 -3.74640E-13 -8.27740E-13  0.00000E+00  0.00000E+00
  8.150E+01  4.26095E-01 -4.64620E-13 -1.09492E-12 -3.69134E-13 -8.22604E-13  0.00000E+00  0.00000E+00
  8.200E+01  4.30413E-01 -4.53672E-13 -1.07947E-12 -3.63713E-13 -8.17482E-13  0.00000E+00  0.00000E+00
  8.250E+01  4.34737E-01 -4.42987E-13 -1.06424E-12 -3.58375E-13 -8.12372E-13  0.00000E+00  0.00000E+00
  8.300E+01  4.39065E-01 -4.32560E-13 -1.04923E-12 -3.53119E-13 -8.07275E-13  0.00000E+00  0.00000E+00
  8.350E+01  4.43398E-01 -4.22383E-13 -1.03443E-12 -3.47943E-13 -8.02192E-13  0.00000E+00  0.00000E+00
  8.400E+01  4.47736E-01 -4.12449E-13 -1.01983E-12 -3.42846E-13 -7.97121E-13  0.00000E+00  0.00000E+00
  8.450E+01  4.52077E-01 -4.02752E-13 -1.00545E-12 -3.37826E-13 -7.92064E-13  0.00000E+00  0.00000E+00
  8.500E+01  4.56422E-01 -3.93285E-13 -9.91261E-13 -3.32882E-13 -7.87020E-13  0.00000E+00  0.00000E+00
  8.550E+01  4.60770E-01 -3.84041E-13 -9.77273E-13 -3.28013E-13 -7.81989E-13  0.00000E+00  0.00000E+00
  8.600E+01  4.65122E-01 -3.75017E-13 -9.63481E-13 -3.23217E-13 -7.76971E-13  0.00000E+00  0.00000E+00
  8.650E+01  4.69476E-01 -3.66205E-13 -9.49881E-13 -3.18493E-13 -7.71966E-13  0.00000E+00  0.00000E+00
  8.700E+01  4.73832E-01 -3.57601E-13 -9.36470E-13 -3.13840E-13 -7.66975E-13  0.00000E+00  0.00000E+00
  8.750E+01  4.78190E-01 -3.49198E-13 -9.23245E-13 -3.09256E-13 -7.61997E-13  0.00000E+00  0.00000E+00
  8.800E+01  4.82550E-01 -3.40992E-13 -9.10202E-13 -3.04741E-13 -7.57032E-13  0.00000E+00  0.00000E+00
  8.850E+01  4.86912E-01 -3.32977E-13 -8.97339E-13 -3.00292E-13 -7.52080E-13  0.00000E+00  0.00000E+00
  8.900E+01  4.91274E-01 -3.25149E-13 -8.84652E-13 -2.95910E-13 -7.47142E-13  0.00000E+00  0.00000E+00
  8.950E+01  4.95637E-01 -3.17502E-13 -8.72139E-13 -2.91593E-13 -7.42216E-13  0.00000E+00  0.00000E+00
  9.000E+01  5.00000E-01 -3.10032E-13 -8.59797E-13 -2.87339E-13 -7.37304E-13  0.00000E+00  0.00000E+00
  9.050E+01  5.04363E-01 -3.02736E-13 -8.47624E-13 -2.83147E-13 -7.32406E-13  0.00000E+00  0.00000E+00
  9.100E+01  5.08726E-01 -2.95607E-13 -8.35617E-13 -2.79018E-13 -7.27520E-13  0.00000E+00  0.00000E+00
  9.150E+01  5.13088E-01 -2.88643E-13 -8.23773E-13 -2.74949E-13 -7.22647E-13  0.00000E+00  0.00000E+00
  9.200E+01  5.17450E-01 -2.81838E-13 -8.12089E-13 -2.70939E-13 -7.17788E-13  0.00000E+00  0.00000E+00
  9.250E+01  5.21810E-01 -2.75189E-13 -8.00563E-13 -2.66988E-13 -7.12941E-13  0.00000E+00  0.00000E+00
  9.300E+01  5.26168E-01 -2.68692E-13 -7.89193E-13 -2.63094E-13 -7.08108E-13  0.00000E+00  0.00000E+00
  9.350E+01  5.30524E-01 -2.62343E-13 -7.77976E-13 -2.59257E-13 -7.03288E-13  0.00000E+00  0.00000E+00
  9.400E+01  5.34878E-01 -2.56139E-13 -7.66910E-13 -2.55475E-13 -6.98480E-13  0.00000E+00  0.00000E+00
  9.450E+01  5.39230E-01 -2.50076E-13 -7.55992E-13 -2.51749E-13 -6.93686E-13  0.00000E+00  0.00000E+00
  9.500E+01  5.43578E-01 -2.44151E-13 -7.45221E-13 -2.48076E-13 -6.88904E-13  0.00000E+00  0.00000E+00
  9.550E+01  5.47923E-01 -2.38359E-13 -7.34593E-13 -2.44456E-13 -6.84135E-13  0.00000E+00  0.00000E+00
  9.600E+01  5.52264E-01 -2.32699E-13 -7.24107E-13 -2.40887E-13 -6.79379E-13  0.00000E+00  0.00000E+00
  9.650E+01  5.56602E-01 -2.27166E-13 -7.13761E-13 -2.37371E-13 -6.74636E-13  0.00000E+00  0.00000E+00
  9.700E+01  5.60935E-01 -2.21757E-13 -7.03552E-13 -2.33904E-13 -6.69905E-13  0.00000E+00  0.00000E+00
  9.750E+01  5.65263E-01 -2.16471E-13 -6.93480E-13 -2.30487E-13 -6.65187E-13  0.00000E+00  0.00000E+00
  9.800E+01  5.69587E-01 -2.11303E-13 -6.83540E-13 -2.27119E-13 -6.60481E-13  0.00000E+00  0.00000E+00
  9.850E+01  5.73905E-01 -2.06251E-13 -6.73733E-13 -2.23799E-13 -6.55788E-13  0.00000E+00  0.00000E+00
  9.900E+01  5.78217E-01 -2.01312E-13 -6.64054E-13 -2.20526E-13 -6.51107E-13  0.00000E+00  0.00000E+00
  9.950E+01  5.82524E-01 -1.96483E-13 -6.54504E-13 -2.17299E-13 -6.46439E-13  0.00000E+00  0.00000E+00
  1.000E+02  5.86824E-01 -1.91762E-13 -6.45079E-13 -2.14118E-13 -6.41783E-13  0.00000E+00  0.00000E+00
  1.005E+02  5.91118E-01 -1.87146E-13 -6.35778E-13 -2.10982E-13 -6.37139E-13  0.00000E+00  0.00000E+00
  1.010E+02  5.95404E-01 -1.82633E-13 -6.26599E-13 -2.07891E-13 -6.32507E-13  0.00000E+00  0.00000E+00
  1.015E+02  5.99684E-01 -1.78220E-13 -6.17542E-13 -2.04842E-13 -6.27887E-13  0.00000E+00  0.00000E+00
  1.020E+02  6.03956E-01 -1.73906E-13 -6.08603E-13 -2.01837E-13 -6.23279E-13  0.00000E+00  0.00000E+00
  1.025E+02  6.08220E-01 -1.69687E-13 -5.99781E-13 -1.98874E-13 -6.18684E-13  0.00000E+00  0.00000E+00
  1.030E+02  6.12476E-01 -1.65561E-13 -5.91074E-13 -1.95953E-13 -6.14100E-13  0.00000E+00  0.00000E+00
  1.035E+02  6.16723E-01 -1.61526E-13 -5.82481E-13 -1.93072E-13 -6.09527E-13  0.00000E+00  0.00000E+00
  1.040E+02  6.20961E-01 -1.57580E-13 -5.74000E-13 -1.90232E-13 -6.04967E-13  0.00000E+00  0.00000E+00
  1.045E+02  6.25190E-01 -1.53722E-13 -5.65630E-13 -1.87431E-13 -6.00418E-13  0.00000E+00  0.00000E+00
  1.050E+02  6.29410E-01 -1.49948E-13 -5.57369E-13 -1.84670E-13 -5.95881E-13  0.00000E+00  0.00000E+00
  1.055E+02  6.33619E-01 -1.46258E-13 -5.49216E-13 -1.81947E-13 -5.91355E-13  0.00000E+00  0.00000E+00
  1.060E+02  6.37819E-01 -1.42649E-13 -5.41169E-13 -1.79261E-13 -5.86841E-13  0.00000E+00  0.00000E+00
  1.065E+02  6.42008E-01 -1.39119E-13 -5.33226E-13 -1.76613E-13 -5.82338E-13  0.00000E+00  0.00000E+00
  1.070E+02  6.46186E-01 -1.35667E-13 -5.25387E-13 -1.74002E-13 -5.77846E-13  0.00000E+00  0.00000E+00
  1.075E+02  6.50353E-01 -1.32290E-13 -5.17649E-13 -1.71426E-13 -5.73365E-13  0.00000E+00  0.00000E+00
  1.080E+02  6.54508E-01 -1.28987E-13 -5.10013E-13 -1.68887E-13 -5.68896E-13  0.00000E+00  0.00000E+00
  1.085E+02  6.58652E-01 -1.25757E-13 -5.02475E-13 -1.66382E-13 -5.64437E-13  0.00000E+00  0.00000E+00
  1.090E+02  6.62784E-01 -1.22598E-13 -4.95036E-13 -1.63912E-13 -5.59990E-13  0.00000E+00  0.00000E+00
  1.095E+02  6.66903E-01 -1.19507E-13 -4.87693E-13 -1.61476E-13 -5.55553E-13  0.00000E+00  0.00000E+00
  1.100E+02  6.71010E-01 -1.16484E-13 -4.80445E-13 -1.59073E-13 -5.51127E-13  0.00000E+00  0.00000E+00
  1.105E+02  6.75104E-01 -1.13527E-13 -4.73291E-13 -1.56703E-13 -5.46712E-13  0.00000E+00  0.00000E+00
  1.110E+02  6.79184E-01 -1.10635E-13 -4.66229E-13 -1.54366E-13 -5.42307E-13  0.00000E+00  0.00000E+00
  1.115E+02  6.83251E-01 -1.07805E-13 -4.59260E-13 -1.52060E-13 -5.37913E-13  0.00000E+00  0.00000E+00
  1.120E+02  6.87303E-01 -1.05038E-13 -4.52381E-13 -1.49786E-13 -5.33529E-13  0.00000E+00  0.00000E+00
  1.125E+02  6.91342E-01 -1.02331E-13 -4.45592E-13 -1.47543E-13 -5.29156E-13  0.00000E+00  0.00000E+00
  1.130E+02  6.95366E-01 -9.96826E-14 -4.38891E-13 -1.45331E-13 -5.24793E-13  0.00000E+00  0.00000E+00
  1.135E+02  6.99375E-01 -9.70920E-14 -4.32276E-13 -1.43148E-13 -5.20440E-13  0.00000E+00  0.00000E+00
  1.140E+02  7.03368E-01 -9.45577E-14 -4.25748E-13 -1.40996E-13 -5.16097E-13  0.00000E+00  0.00000E+00
  1.145E+02  7.07347E-01 -9.20786E-14 -4.19304E-13 -1.38872E-13 -5.11765E-13  0.00000E+00  0.00000E+00
  1.150E+02  7.11309E-01 -8.96535E-14 -4.12944E-13 -1.36777E-13 -5.07442E-13  0.00000E+00  0.00000E+00
  1.155E+02  7.15256E-01 -8.72812E-14 -4.06668E-13 -1.34711E-13 -5.03129E-13  0.00000E+00  0.00000E+00
  1.160E+02  7.19186E-01 -8.49606E-14 -4.00473E-13 -1.32672E-13 -4.98826E-13  0.00000E+00  0.00000E+00
  1.165E+02  7.23099E-01 -8.26906E-14 -3.94359E-13 -1.30661E-13 -4.94532E-13  0.00000E+00  0.00000E+00
  1.170E+02  7.26995E-01 -8.04698E-14 -3.88325E-13 -1.28677E-13 -4.90248E-13  0.00000E+00  0.00000E+00
  1.175E+02  7.30874E-01 -7.82972E-14 -3.82369E-13 -1.26720E-13 -4.85974E-13  0.00000E+00  0.00000E+00
  1.180E+02  7.34736E-01 -7.61717E-14 -3.76491E-13 -1.24789E-13 -4.81709E-13  0.00000E+00  0.00000E+00
  1.185E+02  7.38579E-01 -7.40926E-14 -3.70691E-13 -1.22884E-13 -4.77454E-13  0.00000E+00  0.00000E+00
  1.190E+02  7.42405E-01 -7.20587E-14 -3.64966E-13 -1.21004E-13 -4.73207E-13  0.00000E+00  0.00000E+00
  1.195E+02  7.46212E-01 -7.00693E-14 -3.59317E-13 -1.19150E-13 -4.68970E-13  0.00000E+00  0.00000E+00
  1.200E+02  7.50000E-01 -6.81231E-14 -3.53743E-13 -1.17320E-13 -4.64742E-13  0.00000E+00  0.00000E+00
  1.205E+02  7.53769E-01 -6.62192E-14 -3.48241E-13 -1.15514E-13 -4.60523E-13  0.00000E+00  0.00000E+00
  1.210E+02  7.57519E-01 -6.43566E-14 -3.42812E-13 -1.13733E-13 -4.56313E-13  0.00000E+00  0.00000E+00
  1.215E+02  7.61249E-01 -6.25345E-14 -3.37455E-13 -1.11975E-13 -4.52112E-13  0.00000E+00  0.00000E+00
  1.220E+02  7.64960E-01 -6.07521E-14 -3.32169E-13 -1.10241E-13 -4.47920E-13  0.00000E+00  0.00000E+00
  1.225E+02  7.68650E-01 -5.90086E-14 -3.26953E-13 -1.08529E-13 -4.43736E-13  0.00000E+00  0.00000E+00
  1.230E+02  7.72320E-01 -5.73033E-14 -3.21807E-13 -1.06841E-13 -4.39561E-13  0.00000E+00  0.00000E+00
  1.235E+02  7.75968E-01 -5.56352E-14 -3.16729E-13 -1.05174E-13 -4.35395E-13  0.00000E+00  0.00000E+00
  1.240E+02  7.79596E-01 -5.40034E-14 -3.11719E-13 -1.03529E-13 -4.31236E-13  0.00000E+00  0.00000E+00
  1.245E+02  7.83203E-01 -5.24071E-14 -3.06776E-13 -1.01906E-13 -4.27087E-13  0.00000E+00  0.00000E+00
  1.250E+02  7.86788E-01 -5.08457E-14 -3.01899E-13 -1.00305E-13 -4.22945E-13  0.00000E+00  0.00000E+00
  1.255E+02  7.90351E-01 -4.93183E-14 -2.97088E-13 -9.87240E-14 -4.18812E-13  0.00000E+00  0.00000E+00
  1.260E+02  7.93893E-01 -4.78244E-14 -2.92342E-13 -9.71639E-14 -4.14687E-13  0.00000E+00  0.00000E+00
  1.265E+02  7.97411E-01 -4.63634E-14 -2.87661E-13 -9.56243E-14 -4.10569E-13  0.00000E+00  0.00000E+00
  1.270E+02  8.00908E-01 -4.49344E-14 -2.83043E-13 -9.41046E-14 -4.06460E-13  0.00000E+00  0.00000E+00
  1.275E+02  8.04381E-01 -4.35368E-14 -2.78488E-13 -9.26048E-14 -4.02359E-13  0.00000E+00  0.00000E+00
  1.280E+02  8.07831E-01 -4.21697E-14 -2.73995E-13 -9.11243E-14 -3.98265E-13  0.00000E+00  0.00000E+00
  1.285E+02  8.11257E-01 -4.08325E-14 -2.69564E-13 -8.96631E-14 -3.94179E-13  0.00000E+00  0.00000E+00
  1.290E+02  8.14660E-01 -3.95248E-14 -2.65193E-13 -8.82207E-14 -3.90101E-13  0.00000E+00  0.00000E+00
  1.295E+02  8.18039E-01 -3.82458E-14 -2.60883E-13 -8.67969E-14 -3.86030E-13  0.00000E+00  0.00000E+00
  1.300E+02  8.21394E-01 -3.69952E-14 -2.56633E-13 -8.53914E-14 -3.81967E-13  0.00000E+00  0.00000E+00
  1.305E+02  8.24724E-01 -3.57723E-14 -2.52443E-13 -8.40039E-14 -3.77911E-13  0.00000E+00  0.00000E+00
  1.310E+02  8.28030E-01 -3.45764E-14 -2.48311E-13 -8.26342E-14 -3.73862E-13  0.00000E+00  0.00000E+00
  1.315E+02  8.31310E-01 -3.34069E-14 -2.44236E-13 -8.12819E-14 -3.69821E-13  0.00000E+00  0.00000E+00
  1.320E+02  8.34565E-01 -3.22631E-14 -2.40219E-13 -7.99469E-14 -3.65786E-13  0.00000E+00  0.00000E+00
  1.325E+02  8.37795E-01 -3.11447E-14 -2.36259E-13 -7.86288E-14 -3.61759E-13  0.00000E+00  0.00000E+00
  1.330E+02  8.40999E-01 -3.00512E-14 -2.32355E-13 -7.73274E-14 -3.57739E-13  0.00000E+00  0.00000E+00
  1.335E+02  8.44177E-01 -2.89821E-14 -2.28507E-13 -7.60424E-14 -3.53725E-13  0.00000E+00  0.00000E+00
  1.340E+02  8.47329E-01 -2.79370E-14 -2.24714E-13 -7.47737E-14 -3.49719E-13  0.00000E+00  0.00000E+00
  1.345E+02  8.50455E-01 -2.69153E-14 -2.20976E-13 -7.35208E-14 -3.45719E-13  1.39196E-17  0.00000E+00
  1.350E+02  8.53553E-01 -2.59163E-14 -2.17293E-13 -7.22836E-14 -3.41725E-13  0.00000E+00  0.00000E+00
  1.355E+02  8.56625E-01 -2.49396E-14 -2.13662E-13 -7.10618E-14 -3.37739E-13  1.41979E-17  0.00000E+00
  1.360E+02  8.59670E-01 -2.39847E-14 -2.10085E-13 -6.98552E-14 -3.33758E-13  1.43417E-17  0.00000E+00
  1.365E+02  8.62687E-01 -2.30514E-14 -2.06561E-13 -6.86636E-14 -3.29785E-13  1.44887E-17  0.00000E+00
  1.370E+02  8.65677E-01 -2.21393E-14 -2.03089E-13 -6.74866E-14 -3.25817E-13  1.46389E-17  0.00000E+00
  1.375E+02  8.68639E-01 -2.12479E-14 -1.99669E-13 -6.63242E-14 -3.21856E-13  1.47923E-17  0.00000E+00
  1.380E+02  8.71572E-01 -2.03767E-14 -1.96301E-13 -6.51759E-14 -3.17901E-13  1.49491E-17  0.00000E+00
  1.385E+02  8.74478E-01 -1.95253E-14 -1.92983E-13 -6.40417E-14 -3.13952E-13  3.02185E-17  0.00000E+00
  1.390E+02  8.77355E-01 -1.86931E-14 -1.89716E-13 -6.29213E-14 -3.10009E-13  1.52728E-17  0.00000E+00
  1.395E+02  8.80203E-01 -1.78798E-14 -1.86498E-13 -6.18144E-14 -3.06071E-13  0.00000E+00  0.00000E+00
  1.400E+02  8.83022E-01 -1.70851E-14 -1.83330E-13 -6.07209E-14 -3.02140E-13  3.12210E-17  0.00000E+00
  1.405E+02  8.85812E-01 -1.63088E-14 -1.80212E-13 -5.96404E-14 -2.98215E-13  3.15692E-17  0.00000E+00
  1.410E+02  8.88573E-01 -1.55505E-14 -1.77142E-13 -5.85729E-14 -2.94295E-13  0.00000E+00  0.00000E+00
  1.415E+02  8.91304E-01 -1.48099E-14 -1.74121E-13 -5.75181E-14 -2.90381E-13  3.22874E-17  0.00000E+00
  1.420E+02  8.94005E-01 -1.40864E-14 -1.71148E-13 -5.64757E-14 -2.86472E-13  3.26575E-17  0.00000E+00
  1.425E+02  8.96677E-01 -1.33796E-14 -1.68223E-13 -5.54456E-14 -2.82569E-13  1.65176E-17  0.00000E+00
  1.430E+02  8.99318E-01 -1.26890E-14 -1.65344E-13 -5.44276E-14 -2.78671E-13  3.34204E-17  0.00000E+00
  1.435E+02  9.01928E-01 -1.20143E-14 -1.62512E-13 -5.34214E-14 -2.74779E-13  8.45335E-18  0.00000E+00
  1.440E+02  9.04508E-01 -1.13559E-14 -1.59727E-13 -5.24268E-14 -2.70892E-13  4.27675E-17  0.00000E+00
  1.445E+02  9.07058E-01 -1.07136E-14 -1.56988E-13 -5.14437E-14 -2.67010E-13  2.59667E-17  0.00000E+00
  1.450E+02  9.09576E-01 -1.00864E-14 -1.54296E-13 -5.04718E-14 -2.63133E-13  0.00000E+00  0.00000E+00
  1.455E+02  9.12063E-01 -9.47368E-15 -1.51648E-13 -4.95110E-14 -2.59261E-13  3.54624E-17  0.00000E+00
  1.460E+02  9.14519E-01 -8.87546E-15 -1.49045E-13 -4.85610E-14 -2.55394E-13  1.79473E-17  0.00000E+00
  1.465E+02  9.16943E-01 -8.29160E-15 -1.46487E-13 -4.76217E-14 -2.51532E-13  2.72511E-17  0.00000E+00
  1.470E+02  9.19335E-01 -7.72197E-15 -1.43974E-13 -4.66928E-14 -2.47674E-13  2.75872E-17  0.00000E+00
  1.475E+02  9.21696E-01 -7.16633E-15 -1.41505E-13 -4.57742E-14 -2.43821E-13  9.30975E-18  0.00000E+00
  1.480E+02  9.24024E-01 -6.62434E-15 -1.39080E-13 -4.48656E-14 -2.39973E-13  3.77031E-17  0.00000E+00
  1.485E+02  9.26320E-01 -6.09561E-15 -1.36699E-13 -4.39670E-14 -2.36130E-13  2.86315E-17  0.00000E+00
  1.490E+02  9.28584E-01 -5.57978E-15 -1.34361E-13 -4.30781E-14 -2.32291E-13  0.00000E+00  0.00000E+00
  1.495E+02  9.30815E-01 -5.07660E-15 -1.32065E-13 -4.21987E-14 -2.28456E-13  2.44651E-17  0.00000E+00
  1.500E+02  9.33013E-01 -4.58591E-15 -1.29812E-13 -4.13286E-14 -2.24626E-13  1.48652E-17  0.00000E+00
  1.505E+02  9.35178E-01 -4.10759E-15 -1.27601E-13 -4.04676E-14 -2.20800E-13  1.00363E-17  0.00000E+00
  1.510E+02  9.37310E-01 -3.64149E-15 -1.25433E-13 -3.96157E-14 -2.16978E-13  3.04931E-17  0.00000E+00
  1.515E+02  9.39409E-01 -3.18737E-15 -1.23307E-13 -3.87726E-14 -2.13161E-13  5.14718E-18  0.00000E+00
  1.520E+02  9.41474E-01 -2.74492E-15 -1.21223E-13 -3.79380E-14 -2.09347E-13  1.30329E-17  0.00000E+00
  1.525E+02  9.43505E-01 -2.31380E-15 -1.19179E-13 -3.71120E-14 -2.05537E-13  1.05601E-17  0.00000E+00
  1.530E+02  9.45503E-01 -1.89377E-15 -1.17177E-13 -3.62941E-14 -2.01731E-13  8.02191E-18  0.00000E+00
  1.535E+02  9.47467E-01 -1.48467E-15 -1.15215E-13 -3.54844E-14 -1.97929E-13  1.35418E-17  0.00000E+00
  1.540E+02  9.49397E-01 -1.08640E-15 -1.13294E-13 -3.46827E-14 -1.94131E-13  5.48642E-18  0.00000E+00
  1.545E+02  9.51293E-01 -6.98881E-16 -1.11413E-13 -3.38886E-14 -1.90336E-13  1.25031E-17  0.00000E+00
  1.550E+02  9.53154E-01 -3.21934E-16 -1.09573E-13 -3.31022E-14 -1.86545E-13  4.92478E-18  0.00000E+00
  1.555E+02  9.54981E-01  4.46962E-17 -1.07773E-13 -3.23232E-14 -1.82758E-13  1.72796E-17  0.00000E+00
  1.560E+02  9.56773E-01  4.01306E-16 -1.06013E-13 -3.15514E-14 -1.78974E-13  2.16503E-18  0.00000E+00
  1.565E+02  9.58530E-01  7.48143E-16 -1.04292E-13 -3.07868E-14 -1.75193E-13  2.19266E-17  0.00000E+00
  1.570E+02  9.60252E-01  1.08536E-15 -1.02609E-13 -3.00290E-14 -1.71416E-13  1.92448E-17  0.00000E+00
  1.575E+02  9.61940E-01  1.41301E-15 -1.00966E-13 -2.92781E-14 -1.67642E-13  2.09877E-17  0.00000E+00
  1.580E+02  9.63592E-01  1.73115E-15 -9.93622E-14 -2.85337E-14 -1.63871E-13  3.94686E-17  0.00000E+00
  1.585E+02  9.65209E-01  2.03988E-15 -9.77971E-14 -2.77957E-14 -1.60103E-13  9.22231E-18  0.00000E+00
  1.590E+02  9.66790E-01  2.33943E-15 -9.62707E-14 -2.70641E-14 -1.56338E-13  3.73487E-17  0.00000E+00
  1.595E+02  9.68336E-01  2.63004E-15 -9.47826E-14 -2.63385E-14 -1.52576E-13  4.41125E-17  0.00000E+00
  1.600E+02  9.69846E-01  2.91196E-15 -9.33324E-14 -2.56189E-14 -1.48817E-13  2.55165E-17  0.00000E+00
  1.605E+02  9.71321E-01  3.18534E-15 -9.19200E-14 -2.49052E-14 -1.45061E-13  6.45678E-17  2.15498E-17
  1.610E+02  9.72759E-01  3.45021E-15 -9.05452E-14 -2.41970E-14 -1.41307E-13  3.92077E-17  0.00000E+00
  1.615E+02  9.74162E-01  3.70659E-15 -8.92083E-14 -2.34944E-14 -1.37556E-13  3.96753E-17  2.14793E-17
  1.620E+02  9.75528E-01  3.95452E-15 -8.79091E-14 -2.27971E-14 -1.33808E-13  8.69765E-17  0.00000E+00
  1.625E+02  9.76858E-01  4.19417E-15 -8.66475E-14 -2.21050E-14 -1.30062E-13  6.76836E-18  0.00000E+00
  1.630E+02  9.78152E-01  4.42577E-15 -8.54231E-14 -2.14179E-14 -1.26319E-13  8.89988E-17  2.13811E-17
  1.635E+02  9.79410E-01  4.64956E-15 -8.42355E-14 -2.07357E-14 -1.22578E-13  7.61587E-17  2.13503E-17
  1.640E+02  9.80631E-01  4.86568E-15 -8.30846E-14 -2.00583E-14 -1.18840E-13  1.40012E-17  2.13205E-17
  1.645E+02  9.81815E-01  5.07416E-15 -8.19702E-14 -1.93854E-14 -1.15103E-13  1.06159E-16  2.12917E-17
  1.650E+02  9.82963E-01  5.27495E-15 -8.08927E-14 -1.87169E-14 -1.11369E-13  2.86132E-17  4.25276E-17
  1.655E+02  9.84074E-01  5.46808E-15 -7.98519E-14 -1.80527E-14 -1.07637E-13  7.22861E-17  6.37106E-17
  1.660E+02  9.85148E-01  5.65364E-15 -7.88478E-14 -1.73927E-14 -1.03907E-13  1.46061E-16  0.00000E+00
  1.665E+02  9.86185E-01  5.83184E-15 -7.78801E-14 -1.67366E-14 -1.00179E-13  2.95063E-17  1.05930E-16
  1.670E+02  9.87185E-01  6.00293E-15 -7.69482E-14 -1.60843E-14 -9.64523E-14  8.93880E-17  1.05809E-16
  1.675E+02  9.88148E-01  6.16703E-15 -7.60522E-14 -1.54358E-14 -9.27279E-14  1.05284E-16  6.34161E-17
  1.680E+02  9.89074E-01  6.32417E-15 -7.51919E-14 -1.47908E-14 -8.90052E-14  3.03607E-17  1.26699E-16
  1.685E+02  9.89962E-01  6.47427E-15 -7.43675E-14 -1.41492E-14 -8.52841E-14  1.53173E-16  1.05476E-16
  1.690E+02  9.90814E-01  6.61730E-15 -7.35792E-14 -1.35108E-14 -8.15646E-14  9.27053E-17  1.26450E-16
  1.695E+02  9.91627E-01  6.75329E-15 -7.28268E-14 -1.28755E-14 -7.78467E-14  6.23238E-17  1.68444E-16
  1.700E+02  9.92404E-01  6.88245E-15 -7.21102E-14 -1.22432E-14 -7.41302E-14  1.72779E-16  6.31113E-17
  1.705E+02  9.93143E-01  7.00499E-15 -7.14288E-14 -1.16138E-14 -7.04151E-14  7.91473E-17  1.47137E-16
  1.710E+02  9.93844E-01  7.12108E-15 -7.07826E-14 -1.09869E-14 -6.67014E-14  1.11632E-16  1.68023E-16
  1.715E+02  9.94508E-01  7.23073E-15 -7.01714E-14 -1.03627E-14 -6.29889E-14  1.44549E-16  2.09872E-17
  1.720E+02  9.95134E-01  7.33382E-15 -6.95954E-14 -9.74077E-15 -5.92775E-14  1.61696E-17  2.72641E-16
  1.725E+02  9.95722E-01  7.43025E-15 -6.90550E-14 -9.12112E-15 -5.55673E-14  1.46458E-16  1.46709E-16
  1.730E+02  9.96273E-01  7.52002E-15 -6.85502E-14 -8.50358E-15 -5.18581E-14  9.82267E-17  1.04727E-16
  1.735E+02  9.96786E-01  7.60328E-15 -6.80806E-14 -7.88800E-15 -4.81499E-14  3.29270E-17  2.93068E-16
  1.740E+02  9.97261E-01  7.68028E-15 -6.76460E-14 -7.27424E-15 -4.44426E-14  1.65501E-16  4.18445E-17
  1.745E+02  9.97698E-01  7.75119E-15 -6.72458E-14 -6.66217E-15 -4.07361E-14  1.16415E-16  2.71855E-16
  1.750E+02  9.98097E-01  7.81604E-15 -6.68803E-14 -6.05163E-15 -3.70304E-14  1.50347E-16  3.34441E-16
  1.755E+02  9.98459E-01  7.87469E-15 -6.65495E-14 -5.44248E-15 -3.33254E-14  1.84506E-16  2.08941E-17
  1.760E+02  9.98782E-01  7.92694E-15 -6.62539E-14 -4.83460E-15 -2.96210E-14  3.36692E-17  4.59503E-16
  1.765E+02  9.99067E-01  7.97271E-15 -6.59937E-14 -4.22783E-15 -2.59172E-14  1.85779E-16  4.38476E-16
  1.770E+02  9.99315E-01  8.01206E-15 -6.57687E-14 -3.62204E-15 -2.22138E-14  1.69363E-16  2.50488E-16
  1.775E+02  9.99524E-01  8.04534E-15 -6.55784E-14 -3.01708E-15 -1.85109E-14  5.09298E-17  9.59980E-16
  1.780E+02  9.99695E-01  8.07275E-15 -6.54222E-14 -2.41283E-15 -1.48083E-14  1.36078E-16  6.67683E-16
  1.785E+02  9.99829E-01  8.09450E-15 -6.53001E-14 -1.80914E-15 -1.11060E-14  1.53323E-16  1.02224E-15
  1.790E+02  9.99924E-01  8.11040E-15 -6.52121E-14 -1.20586E-15 -7.40389E-15  5.11644E-17  3.44185E-15
  1.795E+02  9.99981E-01  8.12015E-15 -6.51589E-14 -6.02864E-16 -3.70191E-15  3.75457E-16  3.12875E-15
  1.800E+02  1.00000E+00  8.12368E-15 -6.51410E-14 -8.45995E-30 -5.19504E-29  5.99160E-15  1.30973E-11
