 #  Spin polarization functions (in cm)      MU=(1-cos(TH))/2
 #  Z =  47,   projectile: electron
 #  Kinetic energy = 4.95000E+06 eV
 #
 # TH (deg)      MU            U            S            T      1-U^2-T^2-S^2
 #------------------------------------------------------------------------------
  0.000E+00  0.00000E+00  0.00000E+00  0.00000E+00  1.00000E+00  0.00000E+00
  1.000E-04  7.61557E-13  1.58202E-06  8.18617E-12  1.00000E+00  1.11022E-16
  1.250E-04  1.18994E-12  1.97752E-06  1.02327E-11  1.00000E+00  0.00000E+00
  1.500E-04  1.71346E-12  2.37303E-06  1.22792E-11  1.00000E+00  0.00000E+00
  1.750E-04  2.33225E-12  2.76853E-06  1.43257E-11  1.00000E+00  0.00000E+00
  2.000E-04  3.04617E-12  3.16404E-06  1.63721E-11  1.00000E+00  0.00000E+00
  2.250E-04  3.85530E-12  3.55954E-06  1.84186E-11  1.00000E+00  2.22045E-16
  2.500E-04  4.75964E-12  3.95505E-06  2.04650E-11  1.00000E+00 -2.22045E-16
  2.750E-04  5.75917E-12  4.35055E-06  2.25114E-11  1.00000E+00  0.00000E+00
  3.000E-04  6.85391E-12  4.74606E-06  2.45577E-11  1.00000E+00  2.22045E-16
  3.250E-04  8.04379E-12  5.14156E-06  2.66040E-11  1.00000E+00  0.00000E+00
  3.500E-04  9.32893E-12  5.53707E-06  2.86503E-11  1.00000E+00 -2.22045E-16
  3.750E-04  1.07092E-11  5.93257E-06  3.06965E-11  1.00000E+00  0.00000E+00
  4.000E-04  1.21847E-11  6.32808E-06  3.27426E-11  1.00000E+00 -2.22045E-16
  4.250E-04  1.37554E-11  6.72358E-06  3.47887E-11  1.00000E+00  1.11022E-16
  4.500E-04  1.54213E-11  7.11909E-06  3.68348E-11  1.00000E+00 -2.22045E-16
  4.750E-04  1.71823E-11  7.51459E-06  3.88808E-11  1.00000E+00  1.11022E-16
  5.000E-04  1.90386E-11  7.91010E-06  4.09267E-11  1.00000E+00  2.22045E-16
  5.250E-04  2.09900E-11  8.30560E-06  4.29726E-11  1.00000E+00 -2.22045E-16
  5.500E-04  2.30367E-11  8.70111E-06  4.50184E-11  1.00000E+00  0.00000E+00
  5.750E-04  2.51785E-11  9.09661E-06  4.70642E-11  1.00000E+00  3.33067E-16
  6.000E-04  2.74156E-11  9.49212E-06  4.91098E-11  1.00000E+00  0.00000E+00
  6.250E-04  2.97478E-11  9.88762E-06  5.11554E-11  1.00000E+00  0.00000E+00
  6.500E-04  3.21752E-11  1.02831E-05  5.32009E-11  1.00000E+00  2.22045E-16
  6.750E-04  3.46979E-11  1.06786E-05  5.52463E-11  1.00000E+00  0.00000E+00
  7.000E-04  3.73157E-11  1.10741E-05  5.72917E-11  1.00000E+00  0.00000E+00
  7.250E-04  4.00286E-11  1.14696E-05  5.93369E-11  1.00000E+00 -2.22045E-16
  7.500E-04  4.28368E-11  1.18651E-05  6.13821E-11  1.00000E+00  0.00000E+00
  7.750E-04  4.57402E-11  1.22607E-05  6.34271E-11  1.00000E+00  1.11022E-16
  8.000E-04  4.87388E-11  1.26562E-05  6.54721E-11  1.00000E+00  1.11022E-16
  8.250E-04  5.18325E-11  1.30517E-05  6.75169E-11  1.00000E+00  2.22045E-16
  8.500E-04  5.50215E-11  1.34472E-05  6.95617E-11  1.00000E+00  1.11022E-16
  8.750E-04  5.83057E-11  1.38427E-05  7.16063E-11  1.00000E+00  2.22045E-16
  9.000E-04  6.16850E-11  1.42382E-05  7.36509E-11  1.00000E+00 -2.22045E-16
  9.250E-04  6.51595E-11  1.46337E-05  7.56953E-11  1.00000E+00 -2.22045E-16
  9.500E-04  6.87293E-11  1.50292E-05  7.77396E-11  1.00000E+00 -2.22045E-16
  9.750E-04  7.23943E-11  1.54247E-05  7.97838E-11  1.00000E+00 -2.22045E-16
  1.000E-03  7.61544E-11  1.58202E-05  8.18278E-11  1.00000E+00  0.00000E+00
  1.250E-03  1.18991E-10  1.97753E-05  1.02261E-10  1.00000E+00 -2.22045E-16
  1.500E-03  1.71347E-10  2.37303E-05  1.22678E-10  1.00000E+00  1.11022E-16
  1.750E-03  2.33223E-10  2.76854E-05  1.43078E-10  1.00000E+00  0.00000E+00
  2.000E-03  3.04617E-10  3.16404E-05  1.63456E-10  1.00000E+00  1.11022E-16
  2.250E-03  3.85531E-10  3.55955E-05  1.83810E-10  1.00000E+00 -2.22045E-16
  2.500E-03  4.75965E-10  3.95505E-05  2.04138E-10  1.00000E+00  1.11022E-16
  2.750E-03  5.75917E-10  4.35056E-05  2.24439E-10  1.00000E+00 -2.22045E-16
  3.000E-03  6.85389E-10  4.74606E-05  2.44710E-10  1.00000E+00 -2.22045E-16
  3.250E-03  8.04380E-10  5.14157E-05  2.64949E-10  1.00000E+00 -2.22045E-16
  3.500E-03  9.32891E-10  5.53707E-05  2.85156E-10  1.00000E+00  0.00000E+00
  3.750E-03  1.07092E-09  5.93258E-05  3.05329E-10  1.00000E+00  2.22045E-16
  4.000E-03  1.21847E-09  6.32808E-05  3.25469E-10  1.00000E+00 -2.22045E-16
  4.250E-03  1.37554E-09  6.72359E-05  3.45573E-10  1.00000E+00 -2.22045E-16
  4.500E-03  1.54213E-09  7.11909E-05  3.65643E-10  1.00000E+00  2.22045E-16
  4.750E-03  1.71823E-09  7.51460E-05  3.85679E-10  1.00000E+00  0.00000E+00
  5.000E-03  1.90386E-09  7.91011E-05  4.05681E-10  1.00000E+00 -2.22045E-16
  5.250E-03  2.09900E-09  8.30561E-05  4.25651E-10  1.00000E+00  1.11022E-16
  5.500E-03  2.30367E-09  8.70112E-05  4.45590E-10  1.00000E+00 -2.22045E-16
  5.750E-03  2.51785E-09  9.09662E-05  4.65499E-10  1.00000E+00  1.11022E-16
  6.000E-03  2.74156E-09  9.49213E-05  4.85382E-10  1.00000E+00 -2.22045E-16
  6.250E-03  2.97478E-09  9.88764E-05  5.05240E-10  1.00000E+00  0.00000E+00
  6.500E-03  3.21752E-09  1.02831E-04  5.25077E-10  1.00000E+00  1.11022E-16
  6.750E-03  3.46978E-09  1.06786E-04  5.44896E-10  1.00000E+00  0.00000E+00
  7.000E-03  3.73156E-09  1.10742E-04  5.64700E-10  1.00000E+00 -2.22045E-16
  7.250E-03  4.00286E-09  1.14697E-04  5.84493E-10  1.00000E+00 -2.22045E-16
  7.500E-03  4.28368E-09  1.18652E-04  6.04280E-10  1.00000E+00  0.00000E+00
  7.750E-03  4.57402E-09  1.22607E-04  6.24066E-10  1.00000E+00 -2.22045E-16
  8.000E-03  4.87388E-09  1.26562E-04  6.43854E-10  1.00000E+00  1.11022E-16
  8.250E-03  5.18326E-09  1.30517E-04  6.63651E-10  1.00000E+00  0.00000E+00
  8.500E-03  5.50215E-09  1.34472E-04  6.83462E-10  1.00000E+00  0.00000E+00
  8.750E-03  5.83057E-09  1.38427E-04  7.03292E-10  1.00000E+00  1.11022E-16
  9.000E-03  6.16850E-09  1.42382E-04  7.23147E-10  1.00000E+00  0.00000E+00
  9.250E-03  6.51596E-09  1.46337E-04  7.43034E-10  1.00000E+00  0.00000E+00
  9.500E-03  6.87293E-09  1.50292E-04  7.62959E-10  1.00000E+00  1.11022E-16
  9.750E-03  7.23942E-09  1.54247E-04  7.82929E-10  1.00000E+00  2.22045E-16
  1.000E-02  7.61544E-09  1.58202E-04  8.02949E-10  1.00000E+00 -2.22045E-16
  1.250E-02  1.18991E-08  1.97753E-04  1.00743E-09  1.00000E+00  2.22045E-16
  1.500E-02  1.71347E-08  2.37304E-04  1.22406E-09  1.00000E+00  2.22045E-16
  1.750E-02  2.33223E-08  2.76854E-04  1.45727E-09  1.00000E+00  2.22045E-16
  2.000E-02  3.04617E-08  3.16405E-04  1.70784E-09  1.00000E+00  0.00000E+00
  2.250E-02  3.85531E-08  3.55956E-04  1.97321E-09  1.00000E+00  0.00000E+00
  2.500E-02  4.75965E-08  3.95506E-04  2.24950E-09  1.00000E+00  1.11022E-16
  2.750E-02  5.75917E-08  4.35057E-04  2.53432E-09  1.00000E+00  0.00000E+00
  3.000E-02  6.85389E-08  4.74608E-04  2.82872E-09  1.00000E+00  1.11022E-16
  3.250E-02  8.04380E-08  5.14159E-04  3.13700E-09  1.00000E+00  0.00000E+00
  3.500E-02  9.32891E-08  5.53710E-04  3.46444E-09  1.00000E+00  0.00000E+00
  3.750E-02  1.07092E-07  5.93260E-04  3.81418E-09  1.00000E+00  0.00000E+00
  4.000E-02  1.21847E-07  6.32811E-04  4.18529E-09  1.00000E+00  0.00000E+00
  4.250E-02  1.37554E-07  6.72362E-04  4.57334E-09  1.00000E+00  0.00000E+00
  4.500E-02  1.54213E-07  7.11913E-04  4.97328E-09  1.00000E+00  1.11022E-16
  4.750E-02  1.71823E-07  7.51464E-04  5.38286E-09  1.00000E+00  0.00000E+00
  5.000E-02  1.90386E-07  7.91015E-04  5.80447E-09  1.00000E+00  1.11022E-16
  5.250E-02  2.09900E-07  8.30566E-04  6.24406E-09  1.00000E+00  4.44089E-16
  5.500E-02  2.30367E-07  8.70117E-04  6.70767E-09  1.00000E+00  2.22045E-16
  5.750E-02  2.51785E-07  9.09668E-04  7.19769E-09  1.00000E+00  0.00000E+00
  6.000E-02  2.74156E-07  9.49219E-04  7.71140E-09  1.00000E+00  0.00000E+00
  6.250E-02  2.97478E-07  9.88770E-04  8.24272E-09  1.00000E+00  0.00000E+00
  6.500E-02  3.21752E-07  1.02832E-03  8.78633E-09  9.99999E-01  1.11022E-16
  6.750E-02  3.46978E-07  1.06787E-03  9.34138E-09  9.99999E-01  1.11022E-16
  7.000E-02  3.73156E-07  1.10742E-03  9.91252E-09  9.99999E-01  2.22045E-16
  7.250E-02  4.00286E-07  1.14697E-03  1.05072E-08  9.99999E-01  0.00000E+00
  7.500E-02  4.28368E-07  1.18653E-03  1.11310E-08  9.99999E-01 -2.22045E-16
  7.750E-02  4.57402E-07  1.22608E-03  1.17843E-08  9.99999E-01 -4.44089E-16
  8.000E-02  4.87388E-07  1.26563E-03  1.24617E-08  9.99999E-01  1.11022E-16
  8.250E-02  5.18325E-07  1.30518E-03  1.31561E-08  9.99999E-01  3.33067E-16
  8.500E-02  5.50215E-07  1.34473E-03  1.38633E-08  9.99999E-01  0.00000E+00
  8.750E-02  5.83057E-07  1.38428E-03  1.45858E-08  9.99999E-01 -2.22045E-16
  9.000E-02  6.16850E-07  1.42383E-03  1.53309E-08  9.99999E-01  1.11022E-16
  9.250E-02  6.51596E-07  1.46339E-03  1.61069E-08  9.99999E-01  1.11022E-16
  9.500E-02  6.87293E-07  1.50294E-03  1.69172E-08  9.99999E-01  0.00000E+00
  9.750E-02  7.23942E-07  1.54249E-03  1.77579E-08  9.99999E-01  1.11022E-16
  1.000E-01  7.61543E-07  1.58204E-03  1.86205E-08  9.99999E-01  1.11022E-16
  1.250E-01  1.18991E-06  1.97756E-03  2.84744E-08  9.99998E-01  2.22045E-16
  1.500E-01  1.71347E-06  2.37309E-03  4.08282E-08  9.99997E-01  0.00000E+00
  1.750E-01  2.33223E-06  2.76862E-03  5.56607E-08  9.99996E-01  0.00000E+00
  2.000E-01  3.04617E-06  3.16415E-03  7.25719E-08  9.99995E-01 -2.22045E-16
  2.250E-01  3.85531E-06  3.55970E-03  9.14973E-08  9.99994E-01  0.00000E+00
  2.500E-01  4.75964E-06  3.95525E-03  1.12493E-07  9.99992E-01  0.00000E+00
  2.750E-01  5.75916E-06  4.35080E-03  1.35292E-07  9.99991E-01 -2.22045E-16
  3.000E-01  6.85388E-06  4.74636E-03  1.60144E-07  9.99989E-01 -2.22045E-16
  3.250E-01  8.04378E-06  5.14192E-03  1.87034E-07  9.99987E-01 -2.22045E-16
  3.500E-01  9.32888E-06  5.53749E-03  2.15734E-07  9.99985E-01  2.22045E-16
  3.750E-01  1.07092E-05  5.93306E-03  2.46870E-07  9.99982E-01  3.33067E-16
  4.000E-01  1.21846E-05  6.32864E-03  2.80137E-07  9.99980E-01  0.00000E+00
  4.250E-01  1.37553E-05  6.72423E-03  3.14560E-07  9.99977E-01  0.00000E+00
  4.500E-01  1.54212E-05  7.11982E-03  3.51227E-07  9.99975E-01  1.11022E-16
  4.750E-01  1.71822E-05  7.51542E-03  3.89981E-07  9.99972E-01  1.11022E-16
  5.000E-01  1.90385E-05  7.91102E-03  4.29577E-07  9.99969E-01 -2.22045E-16
  5.250E-01  2.09899E-05  8.30664E-03  4.71107E-07  9.99965E-01 -4.44089E-16
  5.500E-01  2.30365E-05  8.70225E-03  5.14322E-07  9.99962E-01  2.22045E-16
  5.750E-01  2.51783E-05  9.09788E-03  5.58339E-07  9.99959E-01  0.00000E+00
  6.000E-01  2.74153E-05  9.49351E-03  6.04691E-07  9.99955E-01  2.22045E-16
  6.250E-01  2.97475E-05  9.88915E-03  6.52421E-07  9.99951E-01  0.00000E+00
  6.500E-01  3.21749E-05  1.02848E-02  7.00263E-07  9.99947E-01 -4.44089E-16
  6.750E-01  3.46974E-05  1.06804E-02  7.50983E-07  9.99943E-01  1.11022E-16
  7.000E-01  3.73152E-05  1.10761E-02  8.03369E-07  9.99939E-01 -2.22045E-16
  7.250E-01  4.00281E-05  1.14718E-02  8.55917E-07  9.99934E-01 -2.22045E-16
  7.500E-01  4.28362E-05  1.18674E-02  9.11483E-07  9.99930E-01  4.44089E-16
  7.750E-01  4.57395E-05  1.22631E-02  9.69008E-07  9.99925E-01 -2.22045E-16
  8.000E-01  4.87380E-05  1.26588E-02  1.02660E-06  9.99920E-01 -2.22045E-16
  8.250E-01  5.18317E-05  1.30545E-02  1.08767E-06  9.99915E-01 -4.44089E-16
  8.500E-01  5.50205E-05  1.34502E-02  1.15039E-06  9.99910E-01 -2.22045E-16
  8.750E-01  5.83045E-05  1.38459E-02  1.21294E-06  9.99904E-01 -2.22045E-16
  9.000E-01  6.16838E-05  1.42416E-02  1.27980E-06  9.99899E-01  0.00000E+00
  9.250E-01  6.51582E-05  1.46373E-02  1.34852E-06  9.99893E-01 -2.22045E-16
  9.500E-01  6.87277E-05  1.50330E-02  1.41679E-06  9.99887E-01 -2.22045E-16
  9.750E-01  7.23925E-05  1.54287E-02  1.48922E-06  9.99881E-01  0.00000E+00
  1.000E+00  7.61524E-05  1.58244E-02  1.56255E-06  9.99875E-01 -4.44089E-16
  1.100E+00  9.21439E-05  1.74074E-02  1.87422E-06  9.99848E-01 -2.22045E-16
  1.200E+00  1.09658E-04  1.89904E-02  2.21283E-06  9.99820E-01  0.00000E+00
  1.300E+00  1.28695E-04  2.05735E-02  2.57568E-06  9.99788E-01  2.22045E-16
  1.400E+00  1.49255E-04  2.21567E-02  2.96015E-06  9.99755E-01  4.44089E-16
  1.500E+00  1.71338E-04  2.37399E-02  3.36620E-06  9.99718E-01  2.22045E-16
  1.600E+00  1.94942E-04  2.53233E-02  3.79118E-06  9.99679E-01 -2.22045E-16
  1.700E+00  2.20070E-04  2.69067E-02  4.23586E-06  9.99638E-01  4.44089E-16
  1.800E+00  2.46720E-04  2.84901E-02  4.69879E-06  9.99594E-01 -2.22045E-16
  1.900E+00  2.74892E-04  3.00737E-02  5.18107E-06  9.99548E-01  0.00000E+00
  2.000E+00  3.04586E-04  3.16572E-02  5.68109E-06  9.99499E-01 -2.22045E-16
  2.100E+00  3.35803E-04  3.32409E-02  6.20076E-06  9.99447E-01  2.22045E-16
  2.200E+00  3.68542E-04  3.48246E-02  6.73633E-06  9.99393E-01  1.11022E-16
  2.300E+00  4.02802E-04  3.64083E-02  7.28954E-06  9.99337E-01  2.22045E-16
  2.400E+00  4.38585E-04  3.79921E-02  7.86099E-06  9.99278E-01 -2.22045E-16
  2.500E+00  4.75889E-04  3.95760E-02  8.45036E-06  9.99217E-01  3.33067E-16
  2.600E+00  5.14715E-04  4.11598E-02  9.05583E-06  9.99153E-01  0.00000E+00
  2.700E+00  5.55063E-04  4.27437E-02  9.67690E-06  9.99086E-01  2.22045E-16
  2.800E+00  5.96931E-04  4.43277E-02  1.03113E-05  9.99017E-01  0.00000E+00
  2.900E+00  6.40321E-04  4.59116E-02  1.09611E-05  9.98946E-01  4.44089E-16
  3.000E+00  6.85233E-04  4.74956E-02  1.16249E-05  9.98871E-01  3.33067E-16
  3.100E+00  7.31665E-04  4.90796E-02  1.23007E-05  9.98795E-01  0.00000E+00
  3.200E+00  7.79618E-04  5.06636E-02  1.29884E-05  9.98716E-01  2.22045E-16
  3.300E+00  8.29092E-04  5.22476E-02  1.36881E-05  9.98634E-01 -2.22045E-16
  3.400E+00  8.80086E-04  5.38316E-02  1.43975E-05  9.98550E-01  3.33067E-16
  3.500E+00  9.32601E-04  5.54156E-02  1.51161E-05  9.98463E-01  1.11022E-16
  3.600E+00  9.86636E-04  5.69996E-02  1.58443E-05  9.98374E-01 -2.22045E-16
  3.700E+00  1.04219E-03  5.85837E-02  1.65779E-05  9.98283E-01  1.11022E-16
  3.800E+00  1.09927E-03  6.01677E-02  1.73187E-05  9.98188E-01 -2.22045E-16
  3.900E+00  1.15786E-03  6.17516E-02  1.80672E-05  9.98092E-01 -2.22045E-16
  4.000E+00  1.21797E-03  6.33356E-02  1.88191E-05  9.97992E-01  0.00000E+00
  4.100E+00  1.27961E-03  6.49195E-02  1.95738E-05  9.97891E-01  0.00000E+00
  4.200E+00  1.34276E-03  6.65035E-02  2.03330E-05  9.97786E-01  1.11022E-16
  4.300E+00  1.40743E-03  6.80873E-02  2.10941E-05  9.97679E-01 -2.22045E-16
  4.400E+00  1.47362E-03  6.96712E-02  2.18582E-05  9.97570E-01  0.00000E+00
  4.500E+00  1.54133E-03  7.12550E-02  2.26231E-05  9.97458E-01  1.11022E-16
  4.600E+00  1.61056E-03  7.28388E-02  2.33843E-05  9.97344E-01  2.22045E-16
  4.700E+00  1.68131E-03  7.44225E-02  2.41443E-05  9.97227E-01  0.00000E+00
  4.800E+00  1.75357E-03  7.60062E-02  2.49050E-05  9.97107E-01 -2.22045E-16
  4.900E+00  1.82735E-03  7.75898E-02  2.56636E-05  9.96985E-01  1.11022E-16
  5.000E+00  1.90265E-03  7.91733E-02  2.64198E-05  9.96861E-01 -4.44089E-16
  5.100E+00  1.97947E-03  8.07568E-02  2.71707E-05  9.96734E-01  1.11022E-16
  5.200E+00  2.05780E-03  8.23402E-02  2.79115E-05  9.96604E-01  0.00000E+00
  5.300E+00  2.13765E-03  8.39236E-02  2.86477E-05  9.96472E-01  0.00000E+00
  5.400E+00  2.21902E-03  8.55069E-02  2.93804E-05  9.96338E-01  2.22045E-16
  5.500E+00  2.30190E-03  8.70901E-02  3.01044E-05  9.96200E-01 -2.22045E-16
  5.600E+00  2.38630E-03  8.86732E-02  3.08211E-05  9.96061E-01  1.11022E-16
  5.700E+00  2.47222E-03  9.02562E-02  3.15274E-05  9.95919E-01  1.11022E-16
  5.800E+00  2.55965E-03  9.18391E-02  3.22182E-05  9.95774E-01  3.33067E-16
  5.900E+00  2.64859E-03  9.34220E-02  3.29018E-05  9.95627E-01  2.22045E-16
  6.000E+00  2.73905E-03  9.50047E-02  3.35790E-05  9.95477E-01  0.00000E+00
  6.100E+00  2.83103E-03  9.65873E-02  3.42403E-05  9.95325E-01  1.11022E-16
  6.200E+00  2.92452E-03  9.81699E-02  3.48921E-05  9.95170E-01  2.22045E-16
  6.300E+00  3.01952E-03  9.97523E-02  3.55307E-05  9.95012E-01  1.11022E-16
  6.400E+00  3.11604E-03  1.01335E-01  3.61445E-05  9.94852E-01  0.00000E+00
  6.500E+00  3.21407E-03  1.02917E-01  3.67515E-05  9.94690E-01  1.11022E-16
  6.600E+00  3.31362E-03  1.04499E-01  3.73486E-05  9.94525E-01 -2.22045E-16
  6.700E+00  3.41468E-03  1.06081E-01  3.79154E-05  9.94358E-01  2.22045E-16
  6.800E+00  3.51725E-03  1.07662E-01  3.84828E-05  9.94188E-01  1.11022E-16
  6.900E+00  3.62133E-03  1.09244E-01  3.90260E-05  9.94015E-01 -4.44089E-16
  7.000E+00  3.72692E-03  1.10826E-01  3.95250E-05  9.93840E-01 -2.22045E-16
  7.100E+00  3.83403E-03  1.12407E-01  4.00568E-05  9.93662E-01 -2.22045E-16
  7.200E+00  3.94265E-03  1.13988E-01  4.05129E-05  9.93482E-01 -2.22045E-16
  7.300E+00  4.05278E-03  1.15569E-01  4.09957E-05  9.93299E-01  0.00000E+00
  7.400E+00  4.16442E-03  1.17150E-01  4.14417E-05  9.93114E-01  2.22045E-16
  7.500E+00  4.27757E-03  1.18731E-01  4.18525E-05  9.92927E-01  2.22045E-16
  7.600E+00  4.39223E-03  1.20311E-01  4.22617E-05  9.92736E-01 -2.22045E-16
  7.700E+00  4.50840E-03  1.21891E-01  4.26271E-05  9.92543E-01  3.33067E-16
  7.800E+00  4.62608E-03  1.23472E-01  4.29800E-05  9.92348E-01  1.11022E-16
  7.900E+00  4.74527E-03  1.25052E-01  4.33146E-05  9.92150E-01  0.00000E+00
  8.000E+00  4.86597E-03  1.26631E-01  4.36169E-05  9.91950E-01  1.11022E-16
  8.100E+00  4.98817E-03  1.28211E-01  4.38935E-05  9.91747E-01  0.00000E+00
  8.200E+00  5.11188E-03  1.29790E-01  4.41418E-05  9.91541E-01 -2.22045E-16
  8.300E+00  5.23711E-03  1.31370E-01  4.43609E-05  9.91333E-01 -2.22045E-16
  8.400E+00  5.36383E-03  1.32949E-01  4.45582E-05  9.91123E-01  0.00000E+00
  8.500E+00  5.49207E-03  1.34527E-01  4.47318E-05  9.90910E-01  1.11022E-16
  8.600E+00  5.62181E-03  1.36106E-01  4.48747E-05  9.90694E-01  0.00000E+00
  8.700E+00  5.75306E-03  1.37684E-01  4.49846E-05  9.90476E-01  2.22045E-16
  8.800E+00  5.88581E-03  1.39262E-01  4.50608E-05  9.90256E-01  2.22045E-16
  8.900E+00  6.02007E-03  1.40840E-01  4.51053E-05  9.90032E-01  2.22045E-16
  9.000E+00  6.15583E-03  1.42418E-01  4.51219E-05  9.89807E-01  3.33067E-16
  9.100E+00  6.29310E-03  1.43995E-01  4.51099E-05  9.89578E-01  0.00000E+00
  9.200E+00  6.43187E-03  1.45573E-01  4.50636E-05  9.89348E-01 -2.22045E-16
  9.300E+00  6.57214E-03  1.47149E-01  4.49795E-05  9.89114E-01  0.00000E+00
  9.400E+00  6.71392E-03  1.48726E-01  4.48587E-05  9.88878E-01  2.22045E-16
  9.500E+00  6.85720E-03  1.50303E-01  4.47049E-05  9.88640E-01  1.11022E-16
  9.600E+00  7.00198E-03  1.51879E-01  4.45211E-05  9.88399E-01  0.00000E+00
  9.700E+00  7.14827E-03  1.53455E-01  4.43061E-05  9.88156E-01 -2.22045E-16
  9.800E+00  7.29605E-03  1.55030E-01  4.40544E-05  9.87910E-01 -4.44089E-16
  9.900E+00  7.44534E-03  1.56606E-01  4.37615E-05  9.87661E-01 -2.22045E-16
  1.000E+01  7.59612E-03  1.58181E-01  4.34285E-05  9.87410E-01  2.22045E-16
  1.025E+01  7.97965E-03  1.62117E-01  4.24412E-05  9.86772E-01  1.11022E-16
  1.050E+01  8.37255E-03  1.66052E-01  4.12140E-05  9.86117E-01  0.00000E+00
  1.075E+01  8.77480E-03  1.69984E-01  3.97304E-05  9.85447E-01 -2.22045E-16
  1.100E+01  9.18641E-03  1.73915E-01  3.80113E-05  9.84761E-01 -2.22045E-16
  1.125E+01  9.60736E-03  1.77843E-01  3.60117E-05  9.84059E-01  0.00000E+00
  1.150E+01  1.00376E-02  1.81770E-01  3.37525E-05  9.83341E-01  2.22045E-16
  1.175E+01  1.04773E-02  1.85694E-01  3.12024E-05  9.82608E-01  2.22045E-16
  1.200E+01  1.09262E-02  1.89616E-01  2.83672E-05  9.81858E-01 -2.22045E-16
  1.225E+01  1.13844E-02  1.93536E-01  2.52449E-05  9.81093E-01  1.11022E-16
  1.250E+01  1.18520E-02  1.97453E-01  2.17997E-05  9.80312E-01  2.22045E-16
  1.275E+01  1.23288E-02  2.01367E-01  1.80541E-05  9.79516E-01  2.22045E-16
  1.300E+01  1.28150E-02  2.05279E-01  1.39717E-05  9.78703E-01  1.11022E-16
  1.325E+01  1.33104E-02  2.09189E-01  9.58012E-06  9.77875E-01  2.22045E-16
  1.350E+01  1.38150E-02  2.13096E-01  4.85911E-06  9.77031E-01 -2.22045E-16
  1.375E+01  1.43290E-02  2.17000E-01 -2.06416E-07  9.76172E-01  1.11022E-16
  1.400E+01  1.48521E-02  2.20901E-01 -5.60146E-06  9.75296E-01  2.22045E-16
  1.425E+01  1.53845E-02  2.24799E-01 -1.13547E-05  9.74405E-01 -2.22045E-16
  1.450E+01  1.59262E-02  2.28694E-01 -1.74313E-05  9.73498E-01  1.11022E-16
  1.475E+01  1.64770E-02  2.32586E-01 -2.38689E-05  9.72576E-01  0.00000E+00
  1.500E+01  1.70371E-02  2.36475E-01 -3.06681E-05  9.71638E-01  0.00000E+00
  1.525E+01  1.76063E-02  2.40361E-01 -3.78311E-05  9.70684E-01 -2.22045E-16
  1.550E+01  1.81848E-02  2.44243E-01 -4.53801E-05  9.69714E-01  2.22045E-16
  1.575E+01  1.87724E-02  2.48122E-01 -5.32842E-05  9.68729E-01  3.33067E-16
  1.600E+01  1.93692E-02  2.51997E-01 -6.15952E-05  9.67728E-01 -2.22045E-16
  1.625E+01  1.99751E-02  2.55870E-01 -7.02951E-05  9.66711E-01  1.11022E-16
  1.650E+01  2.05901E-02  2.59738E-01 -7.94005E-05  9.65679E-01 -4.44089E-16
  1.675E+01  2.12143E-02  2.63603E-01 -8.89135E-05  9.64631E-01  2.22045E-16
  1.700E+01  2.18476E-02  2.67464E-01 -9.88051E-05  9.63568E-01 -4.44089E-16
  1.725E+01  2.24900E-02  2.71321E-01 -1.09134E-04  9.62489E-01  0.00000E+00
  1.750E+01  2.31415E-02  2.75175E-01 -1.19841E-04  9.61394E-01  1.11022E-16
  1.775E+01  2.38021E-02  2.79024E-01 -1.30989E-04  9.60284E-01  0.00000E+00
  1.800E+01  2.44717E-02  2.82869E-01 -1.42518E-04  9.59158E-01  0.00000E+00
  1.825E+01  2.51504E-02  2.86710E-01 -1.54462E-04  9.58017E-01  1.11022E-16
  1.850E+01  2.58382E-02  2.90548E-01 -1.66833E-04  9.56860E-01  2.22045E-16
  1.875E+01  2.65349E-02  2.94381E-01 -1.79624E-04  9.55688E-01  2.22045E-16
  1.900E+01  2.72407E-02  2.98209E-01 -1.92853E-04  9.54500E-01  1.11022E-16
  1.925E+01  2.79555E-02  3.02034E-01 -2.06507E-04  9.53297E-01  0.00000E+00
  1.950E+01  2.86793E-02  3.05853E-01 -2.20611E-04  9.52079E-01  0.00000E+00
  1.975E+01  2.94120E-02  3.09669E-01 -2.35170E-04  9.50845E-01  2.22045E-16
  2.000E+01  3.01537E-02  3.13479E-01 -2.50189E-04  9.49595E-01 -2.22045E-16
  2.025E+01  3.09043E-02  3.17285E-01 -2.65662E-04  9.48330E-01  0.00000E+00
  2.050E+01  3.16639E-02  3.21086E-01 -2.81584E-04  9.47050E-01 -4.44089E-16
  2.075E+01  3.24324E-02  3.24883E-01 -2.97963E-04  9.45754E-01  0.00000E+00
  2.100E+01  3.32098E-02  3.28674E-01 -3.14801E-04  9.44443E-01  0.00000E+00
  2.125E+01  3.39961E-02  3.32461E-01 -3.32090E-04  9.43117E-01  0.00000E+00
  2.150E+01  3.47912E-02  3.36242E-01 -3.49825E-04  9.41775E-01 -4.44089E-16
  2.175E+01  3.55952E-02  3.40019E-01 -3.68002E-04  9.40419E-01  0.00000E+00
  2.200E+01  3.64081E-02  3.43790E-01 -3.86640E-04  9.39046E-01  0.00000E+00
  2.225E+01  3.72297E-02  3.47556E-01 -4.05743E-04  9.37659E-01  0.00000E+00
  2.250E+01  3.80602E-02  3.51317E-01 -4.25313E-04  9.36256E-01  0.00000E+00
  2.275E+01  3.88995E-02  3.55072E-01 -4.45357E-04  9.34839E-01  0.00000E+00
  2.300E+01  3.97476E-02  3.58822E-01 -4.65881E-04  9.33406E-01 -2.22045E-16
  2.325E+01  4.06044E-02  3.62567E-01 -4.86901E-04  9.31958E-01  2.22045E-16
  2.350E+01  4.14700E-02  3.66306E-01 -5.08417E-04  9.30494E-01 -4.44089E-16
  2.375E+01  4.23443E-02  3.70039E-01 -5.30426E-04  9.29016E-01 -2.22045E-16
  2.400E+01  4.32273E-02  3.73766E-01 -5.52922E-04  9.27523E-01  2.22045E-16
  2.425E+01  4.41190E-02  3.77488E-01 -5.75902E-04  9.26014E-01  3.33067E-16
  2.450E+01  4.50194E-02  3.81204E-01 -5.99371E-04  9.24491E-01  0.00000E+00
  2.475E+01  4.59284E-02  3.84913E-01 -6.23316E-04  9.22952E-01 -2.22045E-16
  2.500E+01  4.68461E-02  3.88617E-01 -6.47733E-04  9.21399E-01  0.00000E+00
  2.550E+01  4.87074E-02  3.96007E-01 -6.97984E-04  9.18247E-01 -4.44089E-16
  2.600E+01  5.06030E-02  4.03372E-01 -7.50175E-04  9.15036E-01  0.00000E+00
  2.650E+01  5.25328E-02  4.10711E-01 -8.04364E-04  9.11765E-01  3.33067E-16
  2.700E+01  5.44967E-02  4.18024E-01 -8.60616E-04  9.08435E-01  2.22045E-16
  2.750E+01  5.64946E-02  4.25311E-01 -9.18936E-04  9.05047E-01  0.00000E+00
  2.800E+01  5.85262E-02  4.32571E-01 -9.79282E-04  9.01599E-01  2.22045E-16
  2.850E+01  6.05914E-02  4.39803E-01 -1.04159E-03  8.98094E-01 -2.22045E-16
  2.900E+01  6.26901E-02  4.47008E-01 -1.10585E-03  8.94529E-01 -2.22045E-16
  2.950E+01  6.48222E-02  4.54184E-01 -1.17209E-03  8.90907E-01  1.11022E-16
  3.000E+01  6.69873E-02  4.61330E-01 -1.24039E-03  8.87228E-01  2.22045E-16
  3.050E+01  6.91854E-02  4.68447E-01 -1.31082E-03  8.83490E-01  0.00000E+00
  3.100E+01  7.14163E-02  4.75534E-01 -1.38337E-03  8.79696E-01  1.11022E-16
  3.150E+01  7.36799E-02  4.82590E-01 -1.45801E-03  8.75845E-01  0.00000E+00
  3.200E+01  7.59760E-02  4.89615E-01 -1.53462E-03  8.71937E-01  1.11022E-16
  3.250E+01  7.83043E-02  4.96609E-01 -1.61321E-03  8.67973E-01  0.00000E+00
  3.300E+01  8.06647E-02  5.03570E-01 -1.69380E-03  8.63953E-01  2.22045E-16
  3.350E+01  8.30571E-02  5.10499E-01 -1.77649E-03  8.59877E-01  0.00000E+00
  3.400E+01  8.54812E-02  5.17394E-01 -1.86137E-03  8.55745E-01  0.00000E+00
  3.450E+01  8.79369E-02  5.24255E-01 -1.94835E-03  8.51559E-01  0.00000E+00
  3.500E+01  9.04240E-02  5.31083E-01 -2.03752E-03  8.47318E-01  0.00000E+00
  3.550E+01  9.29422E-02  5.37875E-01 -2.12860E-03  8.43022E-01  0.00000E+00
  3.600E+01  9.54915E-02  5.44633E-01 -2.22176E-03  8.38671E-01  0.00000E+00
  3.650E+01  9.80716E-02  5.51355E-01 -2.31679E-03  8.34267E-01  3.33067E-16
  3.700E+01  1.00682E-01  5.58041E-01 -2.41404E-03  8.29810E-01  0.00000E+00
  3.750E+01  1.03323E-01  5.64691E-01 -2.51344E-03  8.25299E-01  0.00000E+00
  3.800E+01  1.05995E-01  5.71303E-01 -2.61504E-03  8.20735E-01  1.11022E-16
  3.850E+01  1.08696E-01  5.77877E-01 -2.71874E-03  8.16119E-01  0.00000E+00
  3.900E+01  1.11427E-01  5.84414E-01 -2.82441E-03  8.11451E-01  0.00000E+00
  3.950E+01  1.14188E-01  5.90912E-01 -2.93210E-03  8.06731E-01  2.22045E-16
  4.000E+01  1.16978E-01  5.97372E-01 -3.04179E-03  8.01959E-01 -4.44089E-16
  4.050E+01  1.19797E-01  6.03792E-01 -3.15365E-03  7.97136E-01  0.00000E+00
  4.100E+01  1.22645E-01  6.10172E-01 -3.26767E-03  7.92262E-01  0.00000E+00
  4.150E+01  1.25522E-01  6.16512E-01 -3.38388E-03  7.87338E-01  0.00000E+00
  4.200E+01  1.28428E-01  6.22811E-01 -3.50219E-03  7.82364E-01  0.00000E+00
  4.250E+01  1.31361E-01  6.29069E-01 -3.62248E-03  7.77341E-01  1.11022E-16
  4.300E+01  1.34323E-01  6.35286E-01 -3.74480E-03  7.72268E-01  0.00000E+00
  4.350E+01  1.37313E-01  6.41461E-01 -3.86913E-03  7.67146E-01 -2.22045E-16
  4.400E+01  1.40330E-01  6.47594E-01 -3.99562E-03  7.61975E-01  0.00000E+00
  4.450E+01  1.43375E-01  6.53683E-01 -4.12429E-03  7.56757E-01  2.22045E-16
  4.500E+01  1.46447E-01  6.59729E-01 -4.25513E-03  7.51491E-01 -2.22045E-16
  4.550E+01  1.49545E-01  6.65732E-01 -4.38807E-03  7.46178E-01  0.00000E+00
  4.600E+01  1.52671E-01  6.71690E-01 -4.52303E-03  7.40818E-01 -2.22045E-16
  4.650E+01  1.55823E-01  6.77605E-01 -4.66000E-03  7.35412E-01  1.11022E-16
  4.700E+01  1.59001E-01  6.83474E-01 -4.79902E-03  7.29959E-01  0.00000E+00
  4.750E+01  1.62205E-01  6.89299E-01 -4.94017E-03  7.24461E-01  0.00000E+00
  4.800E+01  1.65435E-01  6.95077E-01 -5.08352E-03  7.18917E-01  0.00000E+00
  4.850E+01  1.68690E-01  7.00809E-01 -5.22902E-03  7.13329E-01 -2.22045E-16
  4.900E+01  1.71970E-01  7.06495E-01 -5.37664E-03  7.07697E-01  0.00000E+00
  4.950E+01  1.75276E-01  7.12135E-01 -5.52630E-03  7.02021E-01 -4.44089E-16
  5.000E+01  1.78606E-01  7.17727E-01 -5.67799E-03  6.96301E-01  4.44089E-16
  5.050E+01  1.81961E-01  7.23272E-01 -5.83174E-03  6.90538E-01  0.00000E+00
  5.100E+01  1.85340E-01  7.28769E-01 -5.98763E-03  6.84733E-01 -2.22045E-16
  5.150E+01  1.88743E-01  7.34218E-01 -6.14571E-03  6.78886E-01  2.22045E-16
  5.200E+01  1.92169E-01  7.39618E-01 -6.30595E-03  6.72997E-01 -2.22045E-16
  5.250E+01  1.95619E-01  7.44969E-01 -6.46833E-03  6.67067E-01  2.22045E-16
  5.300E+01  1.99092E-01  7.50271E-01 -6.63278E-03  6.61097E-01  0.00000E+00
  5.350E+01  2.02589E-01  7.55524E-01 -6.79929E-03  6.55086E-01  0.00000E+00
  5.400E+01  2.06107E-01  7.60727E-01 -6.96789E-03  6.49034E-01  0.00000E+00
  5.450E+01  2.09649E-01  7.65880E-01 -7.13862E-03  6.42944E-01  0.00000E+00
  5.500E+01  2.13212E-01  7.70982E-01 -7.31154E-03  6.36815E-01 -2.22045E-16
  5.550E+01  2.16797E-01  7.76032E-01 -7.48665E-03  6.30648E-01  2.22045E-16
  5.600E+01  2.20404E-01  7.81032E-01 -7.66391E-03  6.24444E-01  1.11022E-16
  5.650E+01  2.24032E-01  7.85980E-01 -7.84329E-03  6.18202E-01  0.00000E+00
  5.700E+01  2.27680E-01  7.90877E-01 -8.02476E-03  6.11922E-01  0.00000E+00
  5.750E+01  2.31350E-01  7.95722E-01 -8.20835E-03  6.05606E-01  0.00000E+00
  5.800E+01  2.35040E-01  8.00515E-01 -8.39411E-03  5.99254E-01  0.00000E+00
  5.850E+01  2.38751E-01  8.05254E-01 -8.58209E-03  5.92868E-01 -4.44089E-16
  5.900E+01  2.42481E-01  8.09941E-01 -8.77227E-03  5.86446E-01  0.00000E+00
  5.950E+01  2.46231E-01  8.14574E-01 -8.96464E-03  5.79991E-01  2.22045E-16
  6.000E+01  2.50000E-01  8.19153E-01 -9.15916E-03  5.73501E-01  2.22045E-16
  6.050E+01  2.53788E-01  8.23680E-01 -9.35583E-03  5.66978E-01  1.11022E-16
  6.100E+01  2.57595E-01  8.28152E-01 -9.55467E-03  5.60421E-01 -4.44089E-16
  6.150E+01  2.61421E-01  8.32571E-01 -9.75572E-03  5.53833E-01  0.00000E+00
  6.200E+01  2.65264E-01  8.36935E-01 -9.95901E-03  5.47212E-01  2.22045E-16
  6.250E+01  2.69126E-01  8.41243E-01 -1.01646E-02  5.40562E-01  0.00000E+00
  6.300E+01  2.73005E-01  8.45497E-01 -1.03723E-02  5.33880E-01  0.00000E+00
  6.350E+01  2.76901E-01  8.49695E-01 -1.05823E-02  5.27169E-01 -2.22045E-16
  6.400E+01  2.80814E-01  8.53838E-01 -1.07945E-02  5.20427E-01  2.22045E-16
  6.450E+01  2.84744E-01  8.57926E-01 -1.10089E-02  5.13655E-01  0.00000E+00
  6.500E+01  2.88691E-01  8.61958E-01 -1.12256E-02  5.06855E-01  1.11022E-16
  6.550E+01  2.92653E-01  8.65934E-01 -1.14446E-02  5.00027E-01  6.66134E-16
  6.600E+01  2.96632E-01  8.69853E-01 -1.16659E-02  4.93173E-01  0.00000E+00
  6.650E+01  3.00625E-01  8.73716E-01 -1.18895E-02  4.86292E-01  0.00000E+00
  6.700E+01  3.04634E-01  8.77521E-01 -1.21153E-02  4.79384E-01  0.00000E+00
  6.750E+01  3.08658E-01  8.81271E-01 -1.23434E-02  4.72450E-01  4.44089E-16
  6.800E+01  3.12697E-01  8.84964E-01 -1.25738E-02  4.65490E-01  1.11022E-16
  6.850E+01  3.16749E-01  8.88600E-01 -1.28067E-02  4.58505E-01  2.22045E-16
  6.900E+01  3.20816E-01  8.92178E-01 -1.30419E-02  4.51496E-01  0.00000E+00
  6.950E+01  3.24896E-01  8.95698E-01 -1.32795E-02  4.44465E-01 -2.22045E-16
  7.000E+01  3.28990E-01  8.99160E-01 -1.35193E-02  4.37412E-01  0.00000E+00
  7.050E+01  3.33097E-01  9.02564E-01 -1.37614E-02  4.30336E-01 -4.44089E-16
  7.100E+01  3.37216E-01  9.05911E-01 -1.40057E-02  4.23237E-01 -2.22045E-16
  7.150E+01  3.41348E-01  9.09201E-01 -1.42533E-02  4.16114E-01  2.22045E-16
  7.200E+01  3.45492E-01  9.12433E-01 -1.45036E-02  4.08970E-01 -4.44089E-16
  7.250E+01  3.49647E-01  9.15604E-01 -1.47548E-02  4.01811E-01 -4.44089E-16
  7.300E+01  3.53814E-01  9.18716E-01 -1.50086E-02  3.94633E-01  2.22045E-16
  7.350E+01  3.57992E-01  9.21771E-01 -1.52657E-02  3.87434E-01  0.00000E+00
  7.400E+01  3.62181E-01  9.24768E-01 -1.55254E-02  3.80215E-01  1.11022E-16
  7.450E+01  3.66381E-01  9.27706E-01 -1.57874E-02  3.72978E-01  4.44089E-16
  7.500E+01  3.70590E-01  9.30585E-01 -1.60518E-02  3.65723E-01  2.22045E-16
  7.550E+01  3.74810E-01  9.33405E-01 -1.63186E-02  3.58454E-01  0.00000E+00
  7.600E+01  3.79039E-01  9.36165E-01 -1.65880E-02  3.51169E-01  2.22045E-16
  7.650E+01  3.83277E-01  9.38866E-01 -1.68600E-02  3.43869E-01  0.00000E+00
  7.700E+01  3.87524E-01  9.41509E-01 -1.71347E-02  3.36553E-01  1.11022E-16
  7.750E+01  3.91780E-01  9.44092E-01 -1.74121E-02  3.29222E-01  2.22045E-16
  7.800E+01  3.96044E-01  9.46616E-01 -1.76921E-02  3.21878E-01  0.00000E+00
  7.850E+01  4.00316E-01  9.49081E-01 -1.79747E-02  3.14520E-01  3.33067E-16
  7.900E+01  4.04596E-01  9.51486E-01 -1.82599E-02  3.07151E-01 -2.22045E-16
  7.950E+01  4.08882E-01  9.53831E-01 -1.85479E-02  2.99770E-01  0.00000E+00
  8.000E+01  4.13176E-01  9.56117E-01 -1.88385E-02  2.92378E-01  3.33067E-16
  8.050E+01  4.17476E-01  9.58344E-01 -1.91320E-02  2.84976E-01  4.44089E-16
  8.100E+01  4.21783E-01  9.60511E-01 -1.94282E-02  2.77563E-01  1.11022E-16
  8.150E+01  4.26095E-01  9.62619E-01 -1.97273E-02  2.70140E-01  2.22045E-16
  8.200E+01  4.30413E-01  9.64667E-01 -2.00293E-02  2.62708E-01  0.00000E+00
  8.250E+01  4.34737E-01  9.66656E-01 -2.03340E-02  2.55269E-01  0.00000E+00
  8.300E+01  4.39065E-01  9.68586E-01 -2.06415E-02  2.47822E-01  1.11022E-16
  8.350E+01  4.43398E-01  9.70455E-01 -2.09520E-02  2.40369E-01  5.55112E-16
  8.400E+01  4.47736E-01  9.72266E-01 -2.12654E-02  2.32909E-01  0.00000E+00
  8.450E+01  4.52077E-01  9.74017E-01 -2.15818E-02  2.25444E-01 -2.22045E-16
  8.500E+01  4.56422E-01  9.75709E-01 -2.19013E-02  2.17973E-01  0.00000E+00
  8.550E+01  4.60770E-01  9.77342E-01 -2.22238E-02  2.10497E-01  0.00000E+00
  8.600E+01  4.65122E-01  9.78915E-01 -2.25493E-02  2.03018E-01  0.00000E+00
  8.650E+01  4.69476E-01  9.80430E-01 -2.28778E-02  1.95536E-01  0.00000E+00
  8.700E+01  4.73832E-01  9.81885E-01 -2.32095E-02  1.88052E-01  1.11022E-16
  8.750E+01  4.78190E-01  9.83281E-01 -2.35443E-02  1.80567E-01  0.00000E+00
  8.800E+01  4.82550E-01  9.84618E-01 -2.38823E-02  1.73079E-01  1.11022E-16
  8.850E+01  4.86912E-01  9.85897E-01 -2.42236E-02  1.65591E-01 -2.22045E-16
  8.900E+01  4.91274E-01  9.87117E-01 -2.45683E-02  1.58102E-01  1.11022E-16
  8.950E+01  4.95637E-01  9.88279E-01 -2.49162E-02  1.50615E-01  1.11022E-16
  9.000E+01  5.00000E-01  9.89381E-01 -2.52674E-02  1.43129E-01  0.00000E+00
  9.050E+01  5.04363E-01  9.90426E-01 -2.56219E-02  1.35645E-01  2.22045E-16
  9.100E+01  5.08726E-01  9.91413E-01 -2.59798E-02  1.28164E-01  0.00000E+00
  9.150E+01  5.13088E-01  9.92341E-01 -2.63412E-02  1.20686E-01  2.22045E-16
  9.200E+01  5.17450E-01  9.93212E-01 -2.67062E-02  1.13212E-01  0.00000E+00
  9.250E+01  5.21810E-01  9.94025E-01 -2.70748E-02  1.05742E-01  0.00000E+00
  9.300E+01  5.26168E-01  9.94781E-01 -2.74469E-02  9.82768E-02  1.11022E-16
  9.350E+01  5.30524E-01  9.95479E-01 -2.78227E-02  9.08182E-02  0.00000E+00
  9.400E+01  5.34878E-01  9.96120E-01 -2.82021E-02  8.33664E-02  0.00000E+00
  9.450E+01  5.39230E-01  9.96704E-01 -2.85851E-02  7.59221E-02 -2.22045E-16
  9.500E+01  5.43578E-01  9.97231E-01 -2.89720E-02  6.84855E-02  1.11022E-16
  9.550E+01  5.47923E-01  9.97702E-01 -2.93628E-02  6.10570E-02  2.22045E-16
  9.600E+01  5.52264E-01  9.98117E-01 -2.97576E-02  5.36373E-02  2.22045E-16
  9.650E+01  5.56602E-01  9.98476E-01 -3.01563E-02  4.62275E-02  4.44089E-16
  9.700E+01  5.60935E-01  9.98779E-01 -3.05589E-02  3.88283E-02 -6.66134E-16
  9.750E+01  5.65263E-01  9.99026E-01 -3.09655E-02  3.14408E-02  0.00000E+00
  9.800E+01  5.69587E-01  9.99218E-01 -3.13762E-02  2.40654E-02  0.00000E+00
  9.850E+01  5.73905E-01  9.99355E-01 -3.17911E-02  1.67024E-02  1.11022E-16
  9.900E+01  5.78217E-01  9.99437E-01 -3.22102E-02  9.35231E-03  4.44089E-16
  9.950E+01  5.82524E-01  9.99465E-01 -3.26338E-02  2.01569E-03 -2.22045E-16
  1.000E+02  5.86824E-01  9.99439E-01 -3.30617E-02 -5.30652E-03  0.00000E+00
  1.005E+02  5.91118E-01  9.99359E-01 -3.34940E-02 -1.26133E-02 -2.22045E-16
  1.010E+02  5.95404E-01  9.99226E-01 -3.39307E-02 -1.99038E-02  3.33067E-16
  1.015E+02  5.99684E-01  9.99040E-01 -3.43719E-02 -2.71774E-02 -2.22045E-16
  1.020E+02  6.03956E-01  9.98800E-01 -3.48178E-02 -3.44336E-02 -2.22045E-16
  1.025E+02  6.08220E-01  9.98509E-01 -3.52683E-02 -4.16722E-02 -2.22045E-16
  1.030E+02  6.12476E-01  9.98165E-01 -3.57238E-02 -4.88925E-02 -4.44089E-16
  1.035E+02  6.16723E-01  9.97770E-01 -3.61842E-02 -5.60936E-02  4.44089E-16
  1.040E+02  6.20961E-01  9.97323E-01 -3.66494E-02 -6.32746E-02 -4.44089E-16
  1.045E+02  6.25190E-01  9.96826E-01 -3.71197E-02 -7.04344E-02 -2.22045E-16
  1.050E+02  6.29410E-01  9.96278E-01 -3.75949E-02 -7.75724E-02  0.00000E+00
  1.055E+02  6.33619E-01  9.95680E-01 -3.80753E-02 -8.46881E-02  1.11022E-16
  1.060E+02  6.37819E-01  9.95032E-01 -3.85610E-02 -9.17812E-02  0.00000E+00
  1.065E+02  6.42008E-01  9.94336E-01 -3.90521E-02 -9.88510E-02  2.22045E-16
  1.070E+02  6.46186E-01  9.93590E-01 -3.95488E-02 -1.05897E-01 -2.22045E-16
  1.075E+02  6.50353E-01  9.92797E-01 -4.00510E-02 -1.12918E-01  0.00000E+00
  1.080E+02  6.54508E-01  9.91956E-01 -4.05589E-02 -1.19912E-01  0.00000E+00
  1.085E+02  6.58652E-01  9.91067E-01 -4.10722E-02 -1.26880E-01 -2.22045E-16
  1.090E+02  6.62784E-01  9.90132E-01 -4.15915E-02 -1.33820E-01  3.33067E-16
  1.095E+02  6.66903E-01  9.89151E-01 -4.21167E-02 -1.40733E-01  1.11022E-16
  1.100E+02  6.71010E-01  9.88125E-01 -4.26481E-02 -1.47617E-01  4.44089E-16
  1.105E+02  6.75104E-01  9.87053E-01 -4.31857E-02 -1.54472E-01  0.00000E+00
  1.110E+02  6.79184E-01  9.85937E-01 -4.37297E-02 -1.61297E-01 -4.44089E-16
  1.115E+02  6.83251E-01  9.84776E-01 -4.42800E-02 -1.68091E-01 -2.22045E-16
  1.120E+02  6.87303E-01  9.83573E-01 -4.48367E-02 -1.74852E-01  1.11022E-16
  1.125E+02  6.91342E-01  9.82327E-01 -4.54000E-02 -1.81581E-01  0.00000E+00
  1.130E+02  6.95366E-01  9.81040E-01 -4.59700E-02 -1.88277E-01  2.22045E-16
  1.135E+02  6.99375E-01  9.79710E-01 -4.65471E-02 -1.94939E-01  0.00000E+00
  1.140E+02  7.03368E-01  9.78340E-01 -4.71314E-02 -2.01566E-01 -2.22045E-16
  1.145E+02  7.07347E-01  9.76930E-01 -4.77229E-02 -2.08158E-01  2.22045E-16
  1.150E+02  7.11309E-01  9.75481E-01 -4.83217E-02 -2.14714E-01  1.11022E-16
  1.155E+02  7.15256E-01  9.73993E-01 -4.89279E-02 -2.21231E-01 -2.22045E-16
  1.160E+02  7.19186E-01  9.72468E-01 -4.95415E-02 -2.27710E-01  2.22045E-16
  1.165E+02  7.23099E-01  9.70905E-01 -5.01629E-02 -2.34151E-01 -4.44089E-16
  1.170E+02  7.26995E-01  9.69307E-01 -5.07924E-02 -2.40551E-01  2.22045E-16
  1.175E+02  7.30874E-01  9.67672E-01 -5.14302E-02 -2.46912E-01  4.44089E-16
  1.180E+02  7.34736E-01  9.66003E-01 -5.20764E-02 -2.53232E-01 -4.44089E-16
  1.185E+02  7.38579E-01  9.64300E-01 -5.27309E-02 -2.59509E-01 -4.44089E-16
  1.190E+02  7.42405E-01  9.62564E-01 -5.33940E-02 -2.65743E-01 -2.22045E-16
  1.195E+02  7.46212E-01  9.60797E-01 -5.40658E-02 -2.71932E-01 -2.22045E-16
  1.200E+02  7.50000E-01  9.58998E-01 -5.47465E-02 -2.78076E-01 -2.22045E-16
  1.205E+02  7.53769E-01  9.57169E-01 -5.54366E-02 -2.84174E-01 -6.66134E-16
  1.210E+02  7.57519E-01  9.55310E-01 -5.61363E-02 -2.90226E-01  0.00000E+00
  1.215E+02  7.61249E-01  9.53423E-01 -5.68458E-02 -2.96231E-01 -2.22045E-16
  1.220E+02  7.64960E-01  9.51509E-01 -5.75652E-02 -3.02187E-01  0.00000E+00
  1.225E+02  7.68650E-01  9.49569E-01 -5.82944E-02 -3.08093E-01  1.11022E-16
  1.230E+02  7.72320E-01  9.47603E-01 -5.90339E-02 -3.13947E-01  0.00000E+00
  1.235E+02  7.75968E-01  9.45614E-01 -5.97837E-02 -3.19750E-01 -4.44089E-16
  1.240E+02  7.79596E-01  9.43602E-01 -6.05445E-02 -3.25500E-01  0.00000E+00
  1.245E+02  7.83203E-01  9.41567E-01 -6.13166E-02 -3.31197E-01 -2.22045E-16
  1.250E+02  7.86788E-01  9.39512E-01 -6.21002E-02 -3.36839E-01  0.00000E+00
  1.255E+02  7.90351E-01  9.37437E-01 -6.28955E-02 -3.42426E-01 -2.22045E-16
  1.260E+02  7.93893E-01  9.35344E-01 -6.37025E-02 -3.47955E-01  4.44089E-16
  1.265E+02  7.97411E-01  9.33235E-01 -6.45214E-02 -3.53425E-01  0.00000E+00
  1.270E+02  8.00908E-01  9.31110E-01 -6.53526E-02 -3.58836E-01  2.22045E-16
  1.275E+02  8.04381E-01  9.28971E-01 -6.61967E-02 -3.64186E-01 -2.22045E-16
  1.280E+02  8.07831E-01  9.26818E-01 -6.70542E-02 -3.69475E-01  0.00000E+00
  1.285E+02  8.11257E-01  9.24654E-01 -6.79254E-02 -3.74701E-01 -4.44089E-16
  1.290E+02  8.14660E-01  9.22480E-01 -6.88104E-02 -3.79863E-01 -2.22045E-16
  1.295E+02  8.18039E-01  9.20297E-01 -6.97095E-02 -3.84960E-01  1.11022E-16
  1.300E+02  8.21394E-01  9.18108E-01 -7.06228E-02 -3.89988E-01 -2.22045E-16
  1.305E+02  8.24724E-01  9.15913E-01 -7.15508E-02 -3.94947E-01  0.00000E+00
  1.310E+02  8.28030E-01  9.13715E-01 -7.24941E-02 -3.99836E-01  3.33067E-16
  1.315E+02  8.31310E-01  9.11515E-01 -7.34534E-02 -4.04655E-01  2.22045E-16
  1.320E+02  8.34565E-01  9.09314E-01 -7.44291E-02 -4.09401E-01  2.22045E-16
  1.325E+02  8.37795E-01  9.07114E-01 -7.54215E-02 -4.14073E-01 -4.44089E-16
  1.330E+02  8.40999E-01  9.04917E-01 -7.64308E-02 -4.18668E-01  4.44089E-16
  1.335E+02  8.44177E-01  9.02726E-01 -7.74573E-02 -4.23185E-01  3.33067E-16
  1.340E+02  8.47329E-01  9.00543E-01 -7.85015E-02 -4.27621E-01  1.11022E-16
  1.345E+02  8.50455E-01  8.98369E-01 -7.95641E-02 -4.31975E-01  0.00000E+00
  1.350E+02  8.53553E-01  8.96206E-01 -8.06460E-02 -4.36247E-01  0.00000E+00
  1.355E+02  8.56625E-01  8.94056E-01 -8.17479E-02 -4.40433E-01  2.22045E-16
  1.360E+02  8.59670E-01  8.91921E-01 -8.28700E-02 -4.44533E-01 -2.22045E-16
  1.365E+02  8.62687E-01  8.89804E-01 -8.40129E-02 -4.48543E-01 -2.22045E-16
  1.370E+02  8.65677E-01  8.87708E-01 -8.51766E-02 -4.52460E-01  2.22045E-16
  1.375E+02  8.68639E-01  8.85635E-01 -8.63620E-02 -4.56282E-01  1.11022E-16
  1.380E+02  8.71572E-01  8.83587E-01 -8.75698E-02 -4.60006E-01  1.11022E-16
  1.385E+02  8.74478E-01  8.81567E-01 -8.88010E-02 -4.63632E-01  0.00000E+00
  1.390E+02  8.77355E-01  8.79576E-01 -9.00567E-02 -4.67157E-01 -2.22045E-16
  1.395E+02  8.80203E-01  8.77619E-01 -9.13375E-02 -4.70577E-01  2.22045E-16
  1.400E+02  8.83022E-01  8.75697E-01 -9.26439E-02 -4.73891E-01  0.00000E+00
  1.405E+02  8.85812E-01  8.73815E-01 -9.39761E-02 -4.77092E-01 -4.44089E-16
  1.410E+02  8.88573E-01  8.71975E-01 -9.53349E-02 -4.80178E-01  1.11022E-16
  1.415E+02  8.91304E-01  8.70181E-01 -9.67211E-02 -4.83145E-01  0.00000E+00
  1.420E+02  8.94005E-01  8.68436E-01 -9.81361E-02 -4.85992E-01  0.00000E+00
  1.425E+02  8.96677E-01  8.66742E-01 -9.95815E-02 -4.88715E-01 -2.22045E-16
  1.430E+02  8.99318E-01  8.65101E-01 -1.01059E-01 -4.91312E-01 -4.44089E-16
  1.435E+02  9.01928E-01  8.63519E-01 -1.02568E-01 -4.93776E-01  2.22045E-16
  1.440E+02  9.04508E-01  8.62001E-01 -1.04110E-01 -4.96100E-01 -4.44089E-16
  1.445E+02  9.07058E-01  8.60552E-01 -1.05682E-01 -4.98278E-01  0.00000E+00
  1.450E+02  9.09576E-01  8.59173E-01 -1.07289E-01 -5.00310E-01  0.00000E+00
  1.455E+02  9.12063E-01  8.57868E-01 -1.08935E-01 -5.02192E-01  2.22045E-16
  1.460E+02  9.14519E-01  8.56639E-01 -1.10619E-01 -5.03917E-01 -2.22045E-16
  1.465E+02  9.16943E-01  8.55494E-01 -1.12341E-01 -5.05479E-01  1.11022E-16
  1.470E+02  9.19335E-01  8.54438E-01 -1.14102E-01 -5.06869E-01  4.44089E-16
  1.475E+02  9.21696E-01  8.53476E-01 -1.15903E-01 -5.08081E-01  0.00000E+00
  1.480E+02  9.24024E-01  8.52611E-01 -1.17747E-01 -5.09106E-01 -2.22045E-16
  1.485E+02  9.26320E-01  8.51850E-01 -1.19634E-01 -5.09941E-01  2.22045E-16
  1.490E+02  9.28584E-01  8.51195E-01 -1.21568E-01 -5.10576E-01  2.22045E-16
  1.495E+02  9.30815E-01  8.50653E-01 -1.23549E-01 -5.11004E-01  0.00000E+00
  1.500E+02  9.33013E-01  8.50229E-01 -1.25580E-01 -5.11214E-01  2.22045E-16
  1.505E+02  9.35178E-01  8.49930E-01 -1.27660E-01 -5.11196E-01 -2.22045E-16
  1.510E+02  9.37310E-01  8.49763E-01 -1.29791E-01 -5.10938E-01  2.22045E-16
  1.515E+02  9.39409E-01  8.49733E-01 -1.31976E-01 -5.10428E-01  3.33067E-16
  1.520E+02  9.41474E-01  8.49846E-01 -1.34216E-01 -5.09655E-01  0.00000E+00
  1.525E+02  9.43505E-01  8.50107E-01 -1.36513E-01 -5.08608E-01  0.00000E+00
  1.530E+02  9.45503E-01  8.50524E-01 -1.38871E-01 -5.07272E-01  2.22045E-16
  1.535E+02  9.47467E-01  8.51102E-01 -1.41290E-01 -5.05631E-01 -2.22045E-16
  1.540E+02  9.49397E-01  8.51849E-01 -1.43773E-01 -5.03669E-01 -2.22045E-16
  1.545E+02  9.51293E-01  8.52774E-01 -1.46320E-01 -5.01366E-01 -2.22045E-16
  1.550E+02  9.53154E-01  8.53882E-01 -1.48934E-01 -4.98702E-01  1.11022E-16
  1.555E+02  9.54981E-01  8.55182E-01 -1.51616E-01 -4.95658E-01  2.22045E-16
  1.560E+02  9.56773E-01  8.56678E-01 -1.54370E-01 -4.92212E-01  2.22045E-16
  1.565E+02  9.58530E-01  8.58377E-01 -1.57199E-01 -4.88342E-01  2.22045E-16
  1.570E+02  9.60252E-01  8.60286E-01 -1.60103E-01 -4.84020E-01  0.00000E+00
  1.575E+02  9.61940E-01  8.62412E-01 -1.63085E-01 -4.79217E-01  0.00000E+00
  1.580E+02  9.63592E-01  8.64762E-01 -1.66145E-01 -4.73900E-01  2.22045E-16
  1.585E+02  9.65209E-01  8.67344E-01 -1.69285E-01 -4.68035E-01  1.11022E-16
  1.590E+02  9.66790E-01  8.70161E-01 -1.72507E-01 -4.61586E-01 -4.44089E-16
  1.595E+02  9.68336E-01  8.73217E-01 -1.75812E-01 -4.54514E-01  0.00000E+00
  1.600E+02  9.69846E-01  8.76514E-01 -1.79202E-01 -4.46777E-01  3.33067E-16
  1.605E+02  9.71321E-01  8.80055E-01 -1.82678E-01 -4.38329E-01  2.22045E-16
  1.610E+02  9.72759E-01  8.83841E-01 -1.86240E-01 -4.29116E-01  2.22045E-16
  1.615E+02  9.74162E-01  8.87871E-01 -1.89885E-01 -4.19080E-01  4.44089E-16
  1.620E+02  9.75528E-01  8.92144E-01 -1.93612E-01 -4.08158E-01  4.44089E-16
  1.625E+02  9.76858E-01  8.96652E-01 -1.97419E-01 -3.96285E-01  0.00000E+00
  1.630E+02  9.78152E-01  9.01383E-01 -2.01302E-01 -3.83389E-01  2.22045E-16
  1.635E+02  9.79410E-01  9.06321E-01 -2.05259E-01 -3.69392E-01 -2.22045E-16
  1.640E+02  9.80631E-01  9.11447E-01 -2.09284E-01 -3.54210E-01 -2.22045E-16
  1.645E+02  9.81815E-01  9.16735E-01 -2.13366E-01 -3.37746E-01  2.22045E-16
  1.650E+02  9.82963E-01  9.22151E-01 -2.17495E-01 -3.19896E-01  0.00000E+00
  1.655E+02  9.84074E-01  9.27653E-01 -2.21654E-01 -3.00547E-01  0.00000E+00
  1.660E+02  9.85148E-01  9.33187E-01 -2.25826E-01 -2.79580E-01  2.22045E-16
  1.665E+02  9.86185E-01  9.38681E-01 -2.29991E-01 -2.56869E-01  0.00000E+00
  1.670E+02  9.87185E-01  9.44051E-01 -2.34123E-01 -2.32279E-01  0.00000E+00
  1.675E+02  9.88148E-01  9.49193E-01 -2.38191E-01 -2.05664E-01  0.00000E+00
  1.680E+02  9.89074E-01  9.53981E-01 -2.42153E-01 -1.76867E-01  3.33067E-16
  1.685E+02  9.89962E-01  9.58263E-01 -2.45959E-01 -1.45725E-01 -4.44089E-16
  1.690E+02  9.90814E-01  9.61856E-01 -2.49548E-01 -1.12068E-01  0.00000E+00
  1.695E+02  9.91627E-01  9.64537E-01 -2.52851E-01 -7.57248E-02 -2.22045E-16
  1.700E+02  9.92404E-01  9.66043E-01 -2.55785E-01 -3.65336E-02  1.11022E-16
  1.705E+02  9.93143E-01  9.66061E-01 -2.58253E-01  5.65962E-03  0.00000E+00
  1.710E+02  9.93844E-01  9.64223E-01 -2.60142E-01  5.09928E-02 -6.66134E-16
  1.715E+02  9.94508E-01  9.60103E-01 -2.61315E-01  9.95793E-02 -2.22045E-16
  1.720E+02  9.95134E-01  9.53210E-01 -2.61613E-01  1.51493E-01 -4.44089E-16
  1.725E+02  9.95722E-01  9.42979E-01 -2.60857E-01  2.06747E-01  0.00000E+00
  1.730E+02  9.96273E-01  9.28780E-01 -2.58844E-01  2.65270E-01  0.00000E+00
  1.735E+02  9.96786E-01  9.09914E-01 -2.55355E-01  3.26879E-01 -4.44089E-16
  1.740E+02  9.97261E-01  8.85632E-01 -2.50158E-01  3.91249E-01  1.11022E-16
  1.745E+02  9.97698E-01  8.55151E-01 -2.43006E-01  4.57892E-01  2.22045E-16
  1.750E+02  9.98097E-01  8.17682E-01 -2.33650E-01  5.26122E-01  0.00000E+00
  1.755E+02  9.98459E-01  7.72478E-01 -2.21849E-01  5.95030E-01  4.44089E-16
  1.760E+02  9.98782E-01  7.18892E-01 -2.07396E-01  6.63462E-01 -4.44089E-16
  1.765E+02  9.99067E-01  6.56446E-01 -1.90137E-01  7.30018E-01 -2.22045E-16
  1.770E+02  9.99315E-01  5.84914E-01 -1.70004E-01  7.93079E-01  2.22045E-16
  1.775E+02  9.99524E-01  5.04405E-01 -1.47035E-01  8.50856E-01  2.22045E-16
  1.780E+02  9.99695E-01  4.15423E-01 -1.21390E-01  9.01492E-01  0.00000E+00
  1.785E+02  9.99829E-01  3.18914E-01 -9.33678E-02  9.43174E-01  1.11022E-16
  1.790E+02  9.99924E-01  2.16265E-01 -6.34039E-02  9.74274E-01 -2.22045E-16
  1.795E+02  9.99981E-01  1.09262E-01 -3.20606E-02  9.93496E-01  0.00000E+00
  1.800E+02  1.00000E+00  1.53869E-15 -4.51631E-16  1.00000E+00  0.00000E+00
