 #  Scattering amplitudes (in cm)      MU=(1-cos(TH))/2
 #  Z =  79,   projectile: electron
 #  Kinetic energy = 5.05000E+06 eV
 #
 # TH (deg)      MU          Re(F)        Im(F)        Re(G)        Im(G)        ERRF         ERRG 
 #-----------------------------------------------------------------------------------------------------------------
  0.000E+00  0.00000E+00  1.09191E-06  1.73648E-07  0.00000E+00  0.00000E+00  2.73494E-09  0.00000E+00
  1.000E-04  7.61557E-13  1.09190E-06  1.73648E-07  8.65310E-13  1.37621E-13  2.73431E-09  7.95653E-09
  1.250E-04  1.18994E-12  1.09190E-06  1.73648E-07  1.08164E-12  1.72026E-13  2.73396E-09  7.95602E-09
  1.500E-04  1.71346E-12  1.09190E-06  1.73648E-07  1.29796E-12  2.06431E-13  2.73352E-09  7.95540E-09
  1.750E-04  2.33225E-12  1.09190E-06  1.73648E-07  1.51429E-12  2.40836E-13  2.73301E-09  7.95466E-09
  2.000E-04  3.04617E-12  1.09190E-06  1.73648E-07  1.73061E-12  2.75241E-13  2.73242E-09  7.95381E-09
  2.250E-04  3.85530E-12  1.09189E-06  1.73648E-07  1.94693E-12  3.09646E-13  2.73175E-09  7.95284E-09
  2.500E-04  4.75964E-12  1.09189E-06  1.73648E-07  2.16325E-12  3.44051E-13  2.73100E-09  7.95177E-09
  2.750E-04  5.75917E-12  1.09189E-06  1.73648E-07  2.37957E-12  3.78456E-13  2.73018E-09  7.95058E-09
  3.000E-04  6.85391E-12  1.09188E-06  1.73648E-07  2.59588E-12  4.12861E-13  2.72927E-09  7.94927E-09
  3.250E-04  8.04379E-12  1.09188E-06  1.73648E-07  2.81219E-12  4.47266E-13  2.72829E-09  7.94785E-09
  3.500E-04  9.32893E-12  1.09187E-06  1.73648E-07  3.02850E-12  4.81671E-13  2.72722E-09  7.94632E-09
  3.750E-04  1.07092E-11  1.09187E-06  1.73648E-07  3.24481E-12  5.16076E-13  2.72608E-09  7.94468E-09
  4.000E-04  1.21847E-11  1.09186E-06  1.73648E-07  3.46112E-12  5.50481E-13  2.72486E-09  7.94292E-09
  4.250E-04  1.37554E-11  1.09186E-06  1.73648E-07  3.67742E-12  5.84885E-13  2.72356E-09  7.94105E-09
  4.500E-04  1.54213E-11  1.09185E-06  1.73648E-07  3.89371E-12  6.19290E-13  2.72219E-09  7.93907E-09
  4.750E-04  1.71823E-11  1.09185E-06  1.73648E-07  4.11001E-12  6.53695E-13  2.72073E-09  7.93697E-09
  5.000E-04  1.90386E-11  1.09184E-06  1.73647E-07  4.32630E-12  6.88099E-13  2.71920E-09  7.93476E-09
  5.250E-04  2.09900E-11  1.09183E-06  1.73647E-07  4.54259E-12  7.22504E-13  2.71759E-09  7.93244E-09
  5.500E-04  2.30367E-11  1.09183E-06  1.73647E-07  4.75887E-12  7.56908E-13  2.71590E-09  7.93001E-09
  5.750E-04  2.51785E-11  1.09182E-06  1.73647E-07  4.97515E-12  7.91313E-13  2.71413E-09  7.92746E-09
  6.000E-04  2.74156E-11  1.09181E-06  1.73647E-07  5.19142E-12  8.25717E-13  2.71229E-09  7.92480E-09
  6.250E-04  2.97478E-11  1.09180E-06  1.73647E-07  5.40769E-12  8.60121E-13  2.71037E-09  7.92203E-09
  6.500E-04  3.21752E-11  1.09180E-06  1.73647E-07  5.62395E-12  8.94526E-13  2.70836E-09  7.91914E-09
  6.750E-04  3.46979E-11  1.09179E-06  1.73647E-07  5.84021E-12  9.28930E-13  2.70629E-09  7.91614E-09
  7.000E-04  3.73157E-11  1.09178E-06  1.73646E-07  6.05647E-12  9.63334E-13  2.70413E-09  7.91303E-09
  7.250E-04  4.00286E-11  1.09177E-06  1.73646E-07  6.27272E-12  9.97738E-13  2.70190E-09  7.90981E-09
  7.500E-04  4.28368E-11  1.09176E-06  1.73646E-07  6.48896E-12  1.03214E-12  2.69959E-09  7.90648E-09
  7.750E-04  4.57402E-11  1.09175E-06  1.73646E-07  6.70520E-12  1.06655E-12  2.69720E-09  7.90303E-09
  8.000E-04  4.87388E-11  1.09174E-06  1.73646E-07  6.92143E-12  1.10095E-12  2.69473E-09  7.89947E-09
  8.250E-04  5.18325E-11  1.09173E-06  1.73646E-07  7.13765E-12  1.13535E-12  2.69219E-09  7.89580E-09
  8.500E-04  5.50215E-11  1.09172E-06  1.73645E-07  7.35387E-12  1.16976E-12  2.68957E-09  7.89202E-09
  8.750E-04  5.83057E-11  1.09170E-06  1.73645E-07  7.57008E-12  1.20416E-12  2.68687E-09  7.88813E-09
  9.000E-04  6.16850E-11  1.09169E-06  1.73645E-07  7.78628E-12  1.23856E-12  2.68410E-09  7.88412E-09
  9.250E-04  6.51595E-11  1.09168E-06  1.73645E-07  8.00248E-12  1.27297E-12  2.68125E-09  7.88001E-09
  9.500E-04  6.87293E-11  1.09167E-06  1.73645E-07  8.21867E-12  1.30737E-12  2.67833E-09  7.87578E-09
  9.750E-04  7.23943E-11  1.09166E-06  1.73645E-07  8.43485E-12  1.34177E-12  2.67532E-09  7.87144E-09
  1.000E-03  7.61544E-11  1.09164E-06  1.73644E-07  8.65103E-12  1.37617E-12  2.67224E-09  7.86699E-09
  1.250E-03  1.18991E-10  1.09149E-06  1.73642E-07  1.08123E-11  1.72020E-12  2.63729E-09  7.81641E-09
  1.500E-03  1.71347E-10  1.09131E-06  1.73639E-07  1.29726E-11  2.06420E-12  2.59486E-09  7.75487E-09
  1.750E-03  2.33223E-10  1.09110E-06  1.73636E-07  1.51318E-11  2.40819E-12  2.54515E-09  7.68255E-09
  2.000E-03  3.04617E-10  1.09085E-06  1.73632E-07  1.72895E-11  2.75216E-12  2.48837E-09  7.59965E-09
  2.250E-03  3.85531E-10  1.09057E-06  1.73628E-07  1.94457E-11  3.09610E-12  2.42474E-09  7.50640E-09
  2.500E-03  4.75965E-10  1.09026E-06  1.73623E-07  2.16002E-11  3.44001E-12  2.35454E-09  7.40306E-09
  2.750E-03  5.75917E-10  1.08991E-06  1.73618E-07  2.37526E-11  3.78390E-12  2.27808E-09  7.28991E-09
  3.000E-03  6.85389E-10  1.08954E-06  1.73612E-07  2.59030E-11  4.12775E-12  2.19565E-09  7.16726E-09
  3.250E-03  8.04380E-10  1.08912E-06  1.73605E-07  2.80510E-11  4.47157E-12  2.10762E-09  7.03546E-09
  3.500E-03  9.32891E-10  1.08868E-06  1.73599E-07  3.01965E-11  4.81534E-12  2.01435E-09  6.89486E-09
  3.750E-03  1.07092E-09  1.08821E-06  1.73591E-07  3.23393E-11  5.15908E-12  1.91623E-09  6.74584E-09
  4.000E-03  1.21847E-09  1.08770E-06  1.73583E-07  3.44791E-11  5.50277E-12  1.81368E-09  6.58882E-09
  4.250E-03  1.37554E-09  1.08716E-06  1.73575E-07  3.66159E-11  5.84641E-12  1.70711E-09  6.42422E-09
  4.500E-03  1.54213E-09  1.08659E-06  1.73566E-07  3.87495E-11  6.19000E-12  1.59697E-09  6.25249E-09
  4.750E-03  1.71823E-09  1.08599E-06  1.73557E-07  4.08795E-11  6.53353E-12  1.48371E-09  6.07408E-09
  5.000E-03  1.90386E-09  1.08535E-06  1.73547E-07  4.30059E-11  6.87701E-12  1.36781E-09  5.88949E-09
  5.250E-03  2.09900E-09  1.08469E-06  1.73536E-07  4.51285E-11  7.22043E-12  1.24974E-09  5.69919E-09
  5.500E-03  2.30367E-09  1.08399E-06  1.73526E-07  4.72471E-11  7.56378E-12  1.12999E-09  5.50370E-09
  5.750E-03  2.51785E-09  1.08326E-06  1.73514E-07  4.93615E-11  7.90707E-12  1.00904E-09  5.30354E-09
  6.000E-03  2.74156E-09  1.08250E-06  1.73502E-07  5.14716E-11  8.25029E-12  8.87388E-10  5.09923E-09
  6.250E-03  2.97478E-09  1.08171E-06  1.73490E-07  5.35771E-11  8.59344E-12  7.65525E-10  4.89130E-09
  6.500E-03  3.21752E-09  1.08089E-06  1.73477E-07  5.56779E-11  8.93651E-12  6.43942E-10  4.68029E-09
  6.750E-03  3.46978E-09  1.08004E-06  1.73463E-07  5.77738E-11  9.27950E-12  5.23128E-10  4.46675E-09
  7.000E-03  3.73156E-09  1.07916E-06  1.73450E-07  5.98647E-11  9.62241E-12  4.03562E-10  4.25123E-09
  7.250E-03  4.00286E-09  1.07825E-06  1.73435E-07  6.19504E-11  9.96524E-12  2.85717E-10  4.03426E-09
  7.500E-03  4.28368E-09  1.07731E-06  1.73420E-07  6.40307E-11  1.03080E-11  1.70055E-10  3.81639E-09
  7.750E-03  4.57402E-09  1.07634E-06  1.73405E-07  6.61054E-11  1.06506E-11  5.70274E-11  3.59818E-09
  8.000E-03  4.87388E-09  1.07534E-06  1.73389E-07  6.81744E-11  1.09932E-11  5.29306E-11  3.38014E-09
  8.250E-03  5.18326E-09  1.07431E-06  1.73372E-07  7.02376E-11  1.13357E-11  1.59402E-10  3.16282E-09
  8.500E-03  5.50215E-09  1.07325E-06  1.73355E-07  7.22947E-11  1.16780E-11  2.61984E-10  2.94673E-09
  8.750E-03  5.83057E-09  1.07216E-06  1.73338E-07  7.43457E-11  1.20203E-11  3.60297E-10  2.73239E-09
  9.000E-03  6.16850E-09  1.07105E-06  1.73320E-07  7.63903E-11  1.23624E-11  4.53982E-10  2.52030E-09
  9.250E-03  6.51596E-09  1.06990E-06  1.73302E-07  7.84284E-11  1.27045E-11  5.42703E-10  2.31095E-09
  9.500E-03  6.87293E-09  1.06873E-06  1.73283E-07  8.04599E-11  1.30464E-11  6.26151E-10  2.10480E-09
  9.750E-03  7.23942E-09  1.06753E-06  1.73263E-07  8.24846E-11  1.33883E-11  7.04038E-10  1.90233E-09
  1.000E-02  7.61544E-09  1.06630E-06  1.73243E-07  8.45024E-11  1.37300E-11  7.76110E-10  1.70396E-09
  1.250E-02  1.18991E-08  1.05259E-06  1.73017E-07  1.04270E-10  1.71400E-11  1.14155E-09  2.84909E-11
  1.500E-02  1.71347E-08  1.03645E-06  1.72742E-07  1.23205E-10  2.05353E-11  8.67964E-10  9.19167E-10
  1.750E-02  2.33223E-08  1.01820E-06  1.72418E-07  1.41209E-10  2.39130E-11  1.79872E-10  1.10404E-09
  2.000E-02  3.04617E-08  9.98175E-07  1.72048E-07  1.58207E-10  2.72704E-11  5.32785E-10  7.25234E-10
  2.250E-02  3.85531E-08  9.76691E-07  1.71631E-07  1.74152E-10  3.06049E-11  9.05068E-10  1.15499E-10
  2.500E-02  4.75965E-08  9.54069E-07  1.71169E-07  1.89020E-10  3.39140E-11  7.69278E-10  3.95423E-10
  2.750E-02  5.75917E-08  9.30601E-07  1.70664E-07  2.02808E-10  3.71952E-11  2.26362E-10  5.99453E-10
  3.000E-02  6.85389E-08  9.06555E-07  1.70116E-07  2.15528E-10  4.04463E-11  4.17107E-10  4.66937E-10
  3.250E-02  8.04380E-08  8.82168E-07  1.69527E-07  2.27208E-10  4.36652E-11  8.13446E-10  1.25228E-10
  3.500E-02  9.32891E-08  8.57646E-07  1.68899E-07  2.37884E-10  4.68498E-11  7.55802E-10  2.24051E-10
  3.750E-02  1.07092E-07  8.33161E-07  1.68232E-07  2.47599E-10  4.99982E-11  2.84173E-10  4.07783E-10
  4.000E-02  1.21847E-07  8.08860E-07  1.67530E-07  2.56402E-10  5.31087E-11  3.39206E-10  3.57635E-10
  4.250E-02  1.37554E-07  7.84861E-07  1.66792E-07  2.64345E-10  5.61796E-11  7.72148E-10  1.28781E-10
  4.500E-02  1.54213E-07  7.61258E-07  1.66022E-07  2.71477E-10  5.92095E-11  7.77335E-10  1.41504E-10
  4.750E-02  1.71823E-07  7.38123E-07  1.65220E-07  2.77851E-10  6.21970E-11  3.51180E-10  3.10169E-10
  5.000E-02  1.90386E-07  7.15514E-07  1.64388E-07  2.83516E-10  6.51409E-11  2.73133E-10  3.00028E-10
  5.250E-02  2.09900E-07  6.93471E-07  1.63528E-07  2.88520E-10  6.80400E-11  7.51462E-10  1.32435E-10
  5.500E-02  2.30367E-07  6.72021E-07  1.62641E-07  2.92910E-10  7.08935E-11  8.16642E-10  9.19682E-11
  5.750E-02  2.51785E-07  6.51184E-07  1.61729E-07  2.96729E-10  7.37005E-11  4.26775E-10  2.50961E-10
  6.000E-02  2.74156E-07  6.30968E-07  1.60794E-07  3.00019E-10  7.64603E-11  2.08160E-10  2.65278E-10
  6.250E-02  2.97478E-07  6.11378E-07  1.59837E-07  3.02816E-10  7.91722E-11  7.38318E-10  1.36795E-10
  6.500E-02  3.21752E-07  5.92411E-07  1.58860E-07  3.05159E-10  8.18357E-11  8.65584E-10  5.75349E-11
  6.750E-02  3.46978E-07  5.74061E-07  1.57864E-07  3.07080E-10  8.44505E-11  5.10446E-10  2.10374E-10
  7.000E-02  3.73156E-07  5.56320E-07  1.56851E-07  3.08611E-10  8.70161E-11  1.38963E-10  2.42147E-10
  7.250E-02  4.00286E-07  5.39174E-07  1.55821E-07  3.09782E-10  8.95325E-11  7.25707E-10  1.41701E-10
  7.500E-02  4.28368E-07  5.22611E-07  1.54778E-07  3.10620E-10  9.19994E-11  9.19392E-10  3.09829E-11
  7.750E-02  4.57402E-07  5.06616E-07  1.53721E-07  3.11151E-10  9.44169E-11  6.01566E-10  1.79829E-10
  8.000E-02  4.87388E-07  4.91174E-07  1.52652E-07  3.11398E-10  9.67849E-11  6.25640E-11  2.25426E-10
  8.250E-02  5.18325E-07  4.76268E-07  1.51572E-07  3.11383E-10  9.91035E-11  7.09229E-10  1.46906E-10
  8.500E-02  5.50215E-07  4.61881E-07  1.50483E-07  3.11128E-10  1.01373E-10  9.74699E-10  8.93875E-12
  8.750E-02  5.83057E-07  4.47998E-07  1.49385E-07  3.10652E-10  1.03593E-10  6.99318E-10  1.55072E-10
  9.000E-02  6.16850E-07  4.34601E-07  1.48280E-07  3.09972E-10  1.05765E-10  2.28062E-11  2.12381E-10
  9.250E-02  6.51596E-07  4.21673E-07  1.47169E-07  3.09106E-10  1.07888E-10  6.85756E-10  1.52173E-10
  9.500E-02  6.87293E-07  4.09199E-07  1.46052E-07  3.08070E-10  1.09964E-10  1.02874E-09  1.03304E-11
  9.750E-02  7.23942E-07  3.97163E-07  1.44931E-07  3.06876E-10  1.11991E-10  8.02644E-10  1.33782E-10
  1.000E-01  7.61543E-07  3.85548E-07  1.43807E-07  3.05541E-10  1.13972E-10  1.18164E-10  2.01430E-10
  1.250E-01  1.18991E-06  2.89456E-07  1.32542E-07  2.86738E-10  1.31306E-10  1.15891E-09  5.90222E-11
  1.500E-01  1.71347E-06  2.21479E-07  1.21631E-07  2.63279E-10  1.44596E-10  7.45440E-10  1.53279E-10
  1.750E-01  2.33223E-06  1.72613E-07  1.11407E-07  2.39390E-10  1.54517E-10  1.14258E-09  1.21853E-10
  2.000E-01  3.04617E-06  1.36766E-07  1.02007E-07  2.16770E-10  1.61692E-10  1.52482E-09  9.40161E-11
  2.250E-01  3.85531E-06  1.09852E-07  9.34498E-08  1.95877E-10  1.66645E-10  6.83093E-10  1.60452E-10
  2.500E-01  4.75964E-06  8.91547E-08  8.56938E-08  1.76635E-10  1.69794E-10  2.21567E-09  2.18747E-11
  2.750E-01  5.75916E-06  7.28721E-08  7.86728E-08  1.58813E-10  1.71472E-10  2.46865E-10  1.69370E-10
  3.000E-01  6.85388E-06  5.98081E-08  7.23139E-08  1.42191E-10  1.71942E-10  2.54524E-09  5.34108E-11
  3.250E-01  8.04378E-06  4.91611E-08  6.65477E-08  1.26618E-10  1.71419E-10  1.52150E-09  1.47003E-10
  3.500E-01  9.32888E-06  4.03833E-08  6.13115E-08  1.12010E-10  1.70081E-10  2.28013E-09  1.19870E-10
  3.750E-01  1.07092E-05  3.30894E-08  5.65505E-08  9.83335E-11  1.68080E-10  2.88041E-09  9.60544E-11
  4.000E-01  1.21846E-05  2.69982E-08  5.22172E-08  8.55799E-11  1.65548E-10  1.28732E-09  1.65558E-10
  4.250E-01  1.37553E-05  2.18970E-08  4.82698E-08  7.37468E-11  1.62600E-10  3.95646E-09  2.41005E-11
  4.500E-01  1.54212E-05  1.76187E-08  4.46718E-08  6.28270E-11  1.59332E-10  3.93011E-10  1.80600E-10
  4.750E-01  1.71822E-05  1.40286E-08  4.13903E-08  5.28021E-11  1.55831E-10  4.35130E-09  5.63263E-11
  5.000E-01  1.90385E-05  1.10154E-08  3.83958E-08  4.36410E-11  1.52167E-10  2.50168E-09  1.60027E-10
  5.250E-01  2.09899E-05  8.48649E-09  3.56616E-08  3.53008E-11  1.48398E-10  3.75505E-09  1.29548E-10
  5.500E-01  2.30365E-05  6.36401E-09  3.31632E-08  2.77300E-11  1.44574E-10  4.58300E-09  1.05924E-10
  5.750E-01  2.51783E-05  4.58228E-09  3.08782E-08  2.08709E-11  1.40733E-10  2.06571E-09  1.80133E-10
  6.000E-01  2.74153E-05  3.08602E-09  2.87863E-08  1.46631E-11  1.36904E-10  6.08067E-09  2.76896E-11
  6.250E-01  2.97475E-05  1.82874E-09  2.68689E-08  9.04610E-12  1.33110E-10  5.39111E-10  1.96555E-10
  6.500E-01  3.21749E-05  7.71451E-10  2.51092E-08  3.96113E-12  1.29369E-10  6.47871E-09  5.96859E-11
  6.750E-01  3.46974E-05 -1.18437E-10  2.34919E-08 -6.47299E-13  1.25693E-10  3.60328E-09  1.73948E-10
  7.000E-01  3.73152E-05 -8.68102E-10  2.20032E-08 -4.83047E-12  1.22089E-10  5.44763E-09  1.38696E-10
  7.250E-01  4.00281E-05 -1.50015E-09  2.06308E-08 -8.63491E-12  1.18563E-10  6.46841E-09  1.15352E-10
  7.500E-01  4.28362E-05 -2.03336E-09  1.93636E-08 -1.21023E-11  1.15118E-10  2.95850E-09  1.92924E-10
  7.750E-01  4.57395E-05 -2.48328E-09  1.81914E-08 -1.52694E-11  1.11756E-10  8.41035E-09  3.12882E-11
  8.000E-01  4.87380E-05 -2.86282E-09  1.71056E-08 -1.81686E-11  1.08475E-10  6.64570E-10  2.10452E-10
  8.250E-01  5.18317E-05 -3.18268E-09  1.60980E-08 -2.08280E-11  1.05277E-10  8.80856E-09  6.21745E-11
  8.500E-01  5.50205E-05 -3.45172E-09  1.51616E-08 -2.32718E-11  1.02158E-10  4.77174E-09  1.86408E-10
  8.750E-01  5.83045E-05 -3.67733E-09  1.42901E-08 -2.55210E-11  9.91189E-11  7.31204E-09  1.46517E-10
  9.000E-01  6.16838E-05 -3.86567E-09  1.34778E-08 -2.75938E-11  9.61564E-11  8.49716E-09  1.24173E-10
  9.250E-01  6.51582E-05 -4.02187E-09  1.27197E-08 -2.95056E-11  9.32689E-11  3.96185E-09  2.04436E-10
  9.500E-01  6.87277E-05 -4.15027E-09  1.20112E-08 -3.12699E-11  9.04547E-11  1.09348E-08  3.49645E-11
  9.750E-01  7.23925E-05 -4.25450E-09  1.13483E-08 -3.28984E-11  8.77120E-11  7.64311E-10  2.23389E-10
  1.000E+00  7.61524E-05 -4.33768E-09  1.07274E-08 -3.44013E-11  8.50391E-11  5.12654E-13  9.57752E-13
  1.100E+00  9.21439E-05 -4.50731E-09  8.60244E-09 -3.93207E-11  7.50153E-11  8.24409E-14  3.04700E-13
  1.200E+00  1.09658E-04 -4.49700E-09  6.93735E-09 -4.27976E-11  6.59962E-11  3.91868E-13  2.94337E-13
  1.300E+00  1.28695E-04 -4.37851E-09  5.61858E-09 -4.51432E-11  5.79057E-11  3.20119E-13  4.48738E-13
  1.400E+00  1.49255E-04 -4.19684E-09  4.56526E-09 -4.65999E-11  5.06699E-11  4.95568E-14  2.20787E-13
  1.500E+00  1.71338E-04 -3.98123E-09  3.71794E-09 -4.73649E-11  4.42133E-11  1.70804E-13  9.21665E-14
  1.600E+00  1.94942E-04 -3.75077E-09  3.03187E-09 -4.75997E-11  3.84582E-11  2.04147E-13  2.38391E-13
  1.700E+00  2.20070E-04 -3.51772E-09  2.47292E-09 -4.74339E-11  3.33283E-11  8.13862E-14  1.65302E-13
  1.800E+00  2.46720E-04 -3.28967E-09  2.01482E-09 -4.69701E-11  2.87511E-11  6.69587E-14  1.00078E-14
  1.900E+00  2.74892E-04 -3.07111E-09  1.63722E-09 -4.62874E-11  2.46599E-11  1.29293E-13  1.31391E-13
  2.000E+00  3.04586E-04 -2.86442E-09  1.32429E-09 -4.54462E-11  2.09952E-11  8.19334E-14  1.23807E-13
  2.100E+00  3.35803E-04 -2.67065E-09  1.06365E-09 -4.44924E-11  1.77048E-11  1.40436E-14  2.57838E-14
  2.200E+00  3.68542E-04 -2.49001E-09  8.45588E-10 -4.34601E-11  1.47435E-11  7.84345E-14  6.86872E-14
  2.300E+00  4.02802E-04 -2.32220E-09  6.62400E-10 -4.23753E-11  1.20723E-11  7.11435E-14  9.06229E-14
  2.400E+00  4.38585E-04 -2.16663E-09  5.07975E-10 -4.12574E-11  9.65792E-12  1.24343E-14  3.94007E-14
  2.500E+00  4.75889E-04 -2.02259E-09  3.77414E-10 -4.01209E-11  7.47157E-12  4.37385E-14  3.14007E-14
  2.600E+00  5.14715E-04 -1.88926E-09  2.66766E-10 -3.89769E-11  5.48864E-12  5.63901E-14  6.42836E-14
  2.700E+00  5.55063E-04 -1.76587E-09  1.72824E-10 -3.78340E-11  3.68781E-12  2.44705E-14  4.22546E-14
  2.800E+00  5.96931E-04 -1.65162E-09  9.29639E-11 -3.66985E-11  2.05061E-12  2.03175E-14  7.57544E-15
  2.900E+00  6.40321E-04 -1.54580E-09  2.50260E-11 -3.55754E-11  5.60863E-13  4.15434E-14  4.28702E-14
  3.000E+00  6.85233E-04 -1.44773E-09 -3.27783E-11 -3.44686E-11 -7.95592E-13  2.80167E-14  3.90566E-14
  3.100E+00  7.31665E-04 -1.35676E-09 -8.19389E-11 -3.33810E-11 -2.03128E-12  4.23503E-15  6.55819E-15
  3.200E+00  7.79618E-04 -1.27232E-09 -1.23704E-10 -3.23148E-11 -3.15729E-12  2.88447E-14  2.67442E-14
  3.300E+00  8.29092E-04 -1.19389E-09 -1.59125E-10 -3.12716E-11 -4.18354E-12  2.70694E-14  3.32751E-14
  3.400E+00  8.80086E-04 -1.12097E-09 -1.89090E-10 -3.02526E-11 -5.11887E-12  4.93146E-15  1.36325E-14
  3.500E+00  9.32601E-04 -1.05313E-09 -2.14352E-10 -2.92587E-11 -5.97123E-12  1.79823E-14  1.30052E-14
  3.600E+00  9.86636E-04 -9.89950E-10 -2.35556E-10 -2.82905E-11 -6.74781E-12  2.34733E-14  2.64055E-14
  3.700E+00  1.04219E-03 -9.31075E-10 -2.53252E-10 -2.73482E-11 -7.45506E-12  1.06921E-14  1.70282E-14
  3.800E+00  1.09927E-03 -8.76165E-10 -2.67909E-10 -2.64320E-11 -8.09884E-12  9.10927E-15  4.02941E-15
  3.900E+00  1.15786E-03 -8.24913E-10 -2.79935E-10 -2.55418E-11 -8.68447E-12  1.85906E-14  1.90975E-14
  4.000E+00  1.21797E-03 -7.77037E-10 -2.89679E-10 -2.46773E-11 -9.21677E-12  1.28663E-14  1.71276E-14
  4.100E+00  1.27961E-03 -7.32283E-10 -2.97442E-10 -2.38383E-11 -9.70014E-12  2.38112E-15  2.73300E-15
  4.200E+00  1.34276E-03 -6.90413E-10 -3.03487E-10 -2.30243E-11 -1.01386E-11  1.38035E-14  1.24389E-14
  4.300E+00  1.40743E-03 -6.51214E-10 -3.08040E-10 -2.22350E-11 -1.05357E-11  1.31532E-14  1.55148E-14
  4.400E+00  1.47362E-03 -6.14489E-10 -3.11298E-10 -2.14698E-11 -1.08949E-11  2.80918E-15  6.37176E-15
  4.500E+00  1.54133E-03 -5.80056E-10 -3.13433E-10 -2.07281E-11 -1.12191E-11  8.58484E-15  6.77126E-15
  4.600E+00  1.61056E-03 -5.47751E-10 -3.14594E-10 -2.00094E-11 -1.15112E-11  1.17975E-14  1.33201E-14
  4.700E+00  1.68131E-03 -5.17420E-10 -3.14912E-10 -1.93130E-11 -1.17737E-11  5.39923E-15  8.43671E-15
  4.800E+00  1.75357E-03 -4.88924E-10 -3.14501E-10 -1.86383E-11 -1.20089E-11  4.70138E-15  2.40679E-15
  4.900E+00  1.82735E-03 -4.62134E-10 -3.13459E-10 -1.79846E-11 -1.22190E-11  9.76552E-15  9.72271E-15
  5.000E+00  1.90265E-03 -4.36932E-10 -3.11875E-10 -1.73514E-11 -1.24058E-11  6.48705E-15  8.85366E-15
  5.100E+00  1.97947E-03 -4.13208E-10 -3.09823E-10 -1.67380E-11 -1.25713E-11  1.10748E-15  1.21446E-15
  5.200E+00  2.05780E-03 -3.90861E-10 -3.07372E-10 -1.61437E-11 -1.27170E-11  7.18456E-15  6.71050E-15
  5.300E+00  2.13765E-03 -3.69800E-10 -3.04580E-10 -1.55680E-11 -1.28444E-11  7.55003E-15  8.69808E-15
  5.400E+00  2.21902E-03 -3.49938E-10 -3.01498E-10 -1.50102E-11 -1.29550E-11  1.47804E-15  3.24038E-15
  5.500E+00  2.30190E-03 -3.31195E-10 -2.98172E-10 -1.44697E-11 -1.30501E-11  4.98278E-15  3.64084E-15
  5.600E+00  2.38630E-03 -3.13500E-10 -2.94640E-10 -1.39460E-11 -1.31307E-11  6.74661E-15  7.14287E-15
  5.700E+00  2.47222E-03 -2.96784E-10 -2.90938E-10 -1.34384E-11 -1.31980E-11  2.75721E-15  4.59219E-15
  5.800E+00  2.55965E-03 -2.80984E-10 -2.87096E-10 -1.29465E-11 -1.32530E-11  2.55454E-15  9.32907E-16
  5.900E+00  2.64859E-03 -2.66043E-10 -2.83142E-10 -1.24696E-11 -1.32965E-11  5.75607E-15  5.51722E-15
  6.000E+00  2.73905E-03 -2.51906E-10 -2.79098E-10 -1.20073E-11 -1.33296E-11  3.97274E-15  5.00396E-15
  6.100E+00  2.83103E-03 -2.38523E-10 -2.74985E-10 -1.15591E-11 -1.33529E-11  6.72152E-16  9.46403E-16
  6.200E+00  2.92452E-03 -2.25848E-10 -2.70821E-10 -1.11244E-11 -1.33671E-11  4.55138E-15  3.86486E-15
  6.300E+00  3.01952E-03 -2.13838E-10 -2.66623E-10 -1.07029E-11 -1.33730E-11  4.40507E-15  4.92114E-15
  6.400E+00  3.11604E-03 -2.02453E-10 -2.62403E-10 -1.02939E-11 -1.33711E-11  6.96433E-16  1.90588E-15
  6.500E+00  3.21407E-03 -1.91656E-10 -2.58175E-10 -9.89723E-12 -1.33621E-11  3.28930E-15  2.30776E-15
  6.600E+00  3.31362E-03 -1.81411E-10 -2.53948E-10 -9.51231E-12 -1.33465E-11  4.16935E-15  4.11531E-15
  6.700E+00  3.41468E-03 -1.71686E-10 -2.49732E-10 -9.13877E-12 -1.33247E-11  1.90271E-15  2.86257E-15
  6.800E+00  3.51725E-03 -1.62452E-10 -2.45535E-10 -8.77622E-12 -1.32972E-11  1.69217E-15  6.73170E-16
  6.900E+00  3.62133E-03 -1.53679E-10 -2.41364E-10 -8.42430E-12 -1.32644E-11  3.43424E-15  3.10315E-15
  7.000E+00  3.72692E-03 -1.45342E-10 -2.37225E-10 -8.08262E-12 -1.32268E-11  2.53733E-15  3.25066E-15
  7.100E+00  3.83403E-03 -1.37416E-10 -2.33123E-10 -7.75086E-12 -1.31847E-11  4.92975E-16  3.85041E-16
  7.200E+00  3.94265E-03 -1.29877E-10 -2.29063E-10 -7.42866E-12 -1.31385E-11  2.66922E-15  2.31965E-15
  7.300E+00  4.05278E-03 -1.22706E-10 -2.25047E-10 -7.11572E-12 -1.30884E-11  2.46198E-15  2.98220E-15
  7.400E+00  4.16442E-03 -1.15880E-10 -2.21080E-10 -6.81171E-12 -1.30347E-11  3.88296E-16  1.20243E-15
  7.500E+00  4.27757E-03 -1.09382E-10 -2.17164E-10 -6.51635E-12 -1.29778E-11  2.01490E-15  1.30733E-15
  7.600E+00  4.39223E-03 -1.03194E-10 -2.13302E-10 -6.22935E-12 -1.29179E-11  2.51266E-15  2.54442E-15
  7.700E+00  4.50840E-03 -9.72988E-11 -2.09494E-10 -5.95043E-12 -1.28552E-11  1.01437E-15  1.69475E-15
  7.800E+00  4.62608E-03 -9.16813E-11 -2.05744E-10 -5.67932E-12 -1.27900E-11  1.27856E-15  4.44328E-16
  7.900E+00  4.74527E-03 -8.63269E-11 -2.02051E-10 -5.41578E-12 -1.27224E-11  2.32153E-15  2.10234E-15
  8.000E+00  4.86597E-03 -8.12216E-11 -1.98416E-10 -5.15955E-12 -1.26527E-11  1.43482E-15  1.86786E-15
  8.100E+00  4.98817E-03 -7.63528E-11 -1.94841E-10 -4.91040E-12 -1.25810E-11  4.84217E-16  1.76198E-16
  8.200E+00  5.11188E-03 -7.17081E-11 -1.91326E-10 -4.66811E-12 -1.25075E-11  1.78395E-15  1.43169E-15
  8.300E+00  5.23711E-03 -6.72763E-11 -1.87870E-10 -4.43245E-12 -1.24323E-11  1.68910E-15  1.61982E-15
  8.400E+00  5.36383E-03 -6.30465E-11 -1.84475E-10 -4.20322E-12 -1.23556E-11  2.99680E-16  9.26414E-16
  8.500E+00  5.49207E-03 -5.90086E-11 -1.81139E-10 -3.98022E-12 -1.22776E-11  1.31632E-15  9.04099E-16
  8.600E+00  5.62181E-03 -5.51530E-11 -1.77863E-10 -3.76324E-12 -1.21984E-11  1.76120E-15  1.66130E-15
  8.700E+00  5.75306E-03 -5.14708E-11 -1.74646E-10 -3.55210E-12 -1.21180E-11  6.50828E-16  9.63170E-16
  8.800E+00  5.88581E-03 -4.79534E-11 -1.71489E-10 -3.34662E-12 -1.20367E-11  8.17443E-16  2.97075E-16
  8.900E+00  6.02007E-03 -4.45928E-11 -1.68390E-10 -3.14663E-12 -1.19544E-11  1.42002E-15  1.20930E-15
  9.000E+00  6.15583E-03 -4.13815E-11 -1.65348E-10 -2.95196E-12 -1.18714E-11  9.10827E-16  1.18174E-15
  9.100E+00  6.29310E-03 -3.83123E-11 -1.62364E-10 -2.76245E-12 -1.17876E-11  3.81627E-16  9.24078E-17
  9.200E+00  6.43187E-03 -3.53783E-11 -1.59437E-10 -2.57793E-12 -1.17032E-11  1.28542E-15  9.03463E-16
  9.300E+00  6.57214E-03 -3.25733E-11 -1.56565E-10 -2.39827E-12 -1.16183E-11  1.09506E-15  1.06022E-15
  9.400E+00  6.71392E-03 -2.98910E-11 -1.53748E-10 -2.22332E-12 -1.15329E-11  0.00000E+00  4.53712E-16
  9.500E+00  6.85720E-03 -2.73259E-11 -1.50985E-10 -2.05293E-12 -1.14471E-11  8.93063E-16  5.28453E-16
  9.600E+00  7.00198E-03 -2.48725E-11 -1.48276E-10 -1.88698E-12 -1.13610E-11  1.10215E-15  1.01359E-15
  9.700E+00  7.14827E-03 -2.25256E-11 -1.45620E-10 -1.72532E-12 -1.12747E-11  3.53467E-16  6.47907E-16
  9.800E+00  7.29605E-03 -2.02804E-11 -1.43015E-10 -1.56785E-12 -1.11881E-11  5.10071E-16  1.98222E-16
  9.900E+00  7.44534E-03 -1.81322E-11 -1.40460E-10 -1.41443E-12 -1.11013E-11  9.99144E-16  8.15229E-16
  1.000E+01  7.59612E-03 -1.60766E-11 -1.37956E-10 -1.26495E-12 -1.10145E-11  5.76782E-16  7.60428E-16
  1.025E+01  7.97965E-03 -1.13162E-11 -1.31908E-10 -9.07744E-13 -1.07972E-11  8.97254E-16  7.76717E-16
  1.050E+01  8.37255E-03 -7.04980E-12 -1.26151E-10 -5.72803E-13 -1.05802E-11  6.40505E-16  3.52259E-16
  1.075E+01  8.77480E-03 -3.22508E-12 -1.20673E-10 -2.58596E-13 -1.03641E-11  1.35629E-16  1.22737E-16
  1.100E+01  9.18641E-03  2.04186E-13 -1.15460E-10  3.62800E-14 -1.01492E-11  3.65457E-16  4.30042E-16
  1.125E+01  9.60736E-03  3.27888E-12 -1.10498E-10  3.13115E-13 -9.93610E-12  5.97156E-16  4.46724E-16
  1.150E+01  1.00376E-02  6.03514E-12 -1.05774E-10  5.73100E-13 -9.72499E-12  4.65833E-16  2.34723E-16
  1.175E+01  1.04773E-02  8.50511E-12 -1.01277E-10  8.17333E-13 -9.51617E-12  1.50661E-16  4.08090E-17
  1.200E+01  1.09262E-02  1.07173E-11 -9.69943E-11  1.04683E-12 -9.30989E-12  2.40471E-16  2.21329E-16
  1.225E+01  1.13844E-02  1.26973E-11 -9.29147E-11  1.26252E-12 -9.10631E-12  3.91836E-16  2.99317E-16
  1.250E+01  1.18520E-02  1.44676E-11 -8.90276E-11  1.46528E-12 -8.90560E-12  3.09558E-16  1.19567E-16
  1.275E+01  1.23288E-02  1.60486E-11 -8.53229E-11  1.65591E-12 -8.70787E-12  4.24572E-17  0.00000E+00
  1.300E+01  1.28150E-02  1.74585E-11 -8.17910E-11  1.83515E-12 -8.51322E-12  2.44764E-16  1.32190E-16
  1.325E+01  1.33104E-02  1.87135E-11 -7.84226E-11  2.00371E-12 -8.32171E-12  2.74576E-16  8.46830E-17
  1.350E+01  1.38150E-02  1.98283E-11 -7.52093E-11  2.16222E-12 -8.13340E-12  3.01949E-16  0.00000E+00
  1.375E+01  1.43290E-02  2.08160E-11 -7.21429E-11  2.31128E-12 -7.94833E-12  0.00000E+00  7.83579E-17
  1.400E+01  1.48521E-02  2.16884E-11 -6.92156E-11  2.45145E-12 -7.76651E-12  1.05054E-16  7.54500E-17
  1.425E+01  1.53845E-02  2.24562E-11 -6.64202E-11  2.58325E-12 -7.58796E-12  1.35051E-16  1.09044E-16
  1.450E+01  1.59262E-02  2.31290E-11 -6.37500E-11  2.70716E-12 -7.41268E-12  1.30291E-16  7.00851E-17
  1.475E+01  1.64770E-02  2.37156E-11 -6.11983E-11  2.82364E-12 -7.24064E-12  3.14436E-16  6.76079E-17
  1.500E+01  1.70371E-02  2.42237E-11 -5.87592E-11  2.93310E-12 -7.07185E-12  1.82227E-16  0.00000E+00
  1.525E+01  1.76063E-02  2.46605E-11 -5.64269E-11  3.03595E-12 -6.90626E-12  1.76109E-16  6.30193E-17
  1.550E+01  1.81848E-02  2.50326E-11 -5.41960E-11  3.13255E-12 -6.74385E-12  1.70290E-16  6.08922E-17
  1.575E+01  1.87724E-02  2.53456E-11 -5.20612E-11  3.22325E-12 -6.58459E-12  1.64749E-16  0.00000E+00
  1.600E+01  1.93692E-02  2.56051E-11 -5.00180E-11  3.30838E-12 -6.42844E-12  5.31562E-17  5.69379E-17
  1.625E+01  1.99751E-02  2.58157E-11 -4.80616E-11  3.38823E-12 -6.27535E-12  1.02956E-16  5.50984E-17
  1.650E+01  2.05901E-02  2.59819E-11 -4.61878E-11  3.46309E-12 -6.12528E-12  0.00000E+00  0.00000E+00
  1.675E+01  2.12143E-02  2.61077E-11 -4.43925E-11  3.53323E-12 -5.97819E-12  0.00000E+00  3.10005E-16
  1.700E+01  2.18476E-02  2.61967E-11 -4.26719E-11  3.59891E-12 -5.83402E-12  0.00000E+00  1.00133E-16
  1.725E+01  2.24900E-02  2.62523E-11 -4.10224E-11  3.66035E-12 -5.69272E-12  0.00000E+00  1.94142E-16
  1.750E+01  2.31415E-02  2.62776E-11 -3.94405E-11  3.71779E-12 -5.55425E-12  8.83032E-17  9.41420E-17
  1.775E+01  2.38021E-02  2.62752E-11 -3.79231E-11  3.77142E-12 -5.41856E-12  0.00000E+00  0.00000E+00
  1.800E+01  2.44717E-02  2.62477E-11 -3.64671E-11  3.82146E-12 -5.28558E-12  0.00000E+00  8.86524E-17
  1.825E+01  2.51504E-02  2.61974E-11 -3.50695E-11  3.86807E-12 -5.15527E-12  1.61880E-16  0.00000E+00
  1.850E+01  2.58382E-02  2.61265E-11 -3.37277E-11  3.91145E-12 -5.02759E-12  0.00000E+00  0.00000E+00
  1.875E+01  2.65349E-02  2.60369E-11 -3.24391E-11  3.95175E-12 -4.90246E-12  0.00000E+00  2.43726E-16
  1.900E+01  2.72407E-02  2.59303E-11 -3.12012E-11  3.98913E-12 -4.77985E-12  7.44446E-17  7.89685E-17
  1.925E+01  2.79555E-02  2.58084E-11 -3.00118E-11  4.02374E-12 -4.65970E-12  1.44898E-16  1.53570E-16
  1.950E+01  2.86793E-02  2.56727E-11 -2.88685E-11  4.05571E-12 -4.54196E-12  1.41062E-16  0.00000E+00
  1.975E+01  2.94120E-02  2.55246E-11 -2.77694E-11  4.08518E-12 -4.42658E-12  0.00000E+00  1.45338E-16
  2.000E+01  3.01537E-02  2.53652E-11 -2.67125E-11  4.11228E-12 -4.31350E-12  1.33825E-16  1.41457E-16
  2.025E+01  3.09043E-02  2.51957E-11 -2.56958E-11  4.13711E-12 -4.20269E-12  1.30410E-16  0.00000E+00
  2.050E+01  3.16639E-02  2.50173E-11 -2.47177E-11  4.15980E-12 -4.09409E-12  1.27121E-16  2.68250E-16
  2.075E+01  3.24324E-02  2.48308E-11 -2.37764E-11  4.18044E-12 -3.98766E-12  0.00000E+00  0.00000E+00
  2.100E+01  3.32098E-02  2.46371E-11 -2.28704E-11  4.19914E-12 -3.88334E-12  1.20899E-16  0.00000E+00
  2.125E+01  3.39961E-02  2.44371E-11 -2.19980E-11  4.21599E-12 -3.78110E-12  1.17954E-16  0.00000E+00
  2.150E+01  3.47912E-02  2.42315E-11 -2.11579E-11  4.23109E-12 -3.68088E-12  1.15114E-16  1.21001E-16
  2.175E+01  3.55952E-02  2.40210E-11 -2.03488E-11  4.24451E-12 -3.58264E-12  0.00000E+00  1.18007E-16
  2.200E+01  3.64081E-02  2.38062E-11 -1.95692E-11  4.25633E-12 -3.48634E-12  0.00000E+00  0.00000E+00
  2.225E+01  3.72297E-02  2.35877E-11 -1.88179E-11  4.26665E-12 -3.39194E-12  1.07172E-16  0.00000E+00
  2.250E+01  3.80602E-02  2.33661E-11 -1.80939E-11  4.27551E-12 -3.29939E-12  0.00000E+00  1.09630E-16
  2.275E+01  3.88995E-02  2.31417E-11 -1.73959E-11  4.28301E-12 -3.20865E-12  0.00000E+00  0.00000E+00
  2.300E+01  3.97476E-02  2.29152E-11 -1.67229E-11  4.28919E-12 -3.11969E-12  0.00000E+00  0.00000E+00
  2.325E+01  4.06044E-02  2.26868E-11 -1.60738E-11  4.29413E-12 -3.03246E-12  9.77799E-17  1.02072E-16
  2.350E+01  4.14700E-02  2.24569E-11 -1.54477E-11  4.29789E-12 -2.94693E-12  0.00000E+00  0.00000E+00
  2.375E+01  4.23443E-02  2.22260E-11 -1.48437E-11  4.30051E-12 -2.86306E-12  0.00000E+00  0.00000E+00
  2.400E+01  4.32273E-02  2.19943E-11 -1.42609E-11  4.30206E-12 -2.78081E-12  0.00000E+00  9.52319E-17
  2.425E+01  4.41190E-02  2.17620E-11 -1.36984E-11  4.30258E-12 -2.70014E-12  0.00000E+00  0.00000E+00
  2.450E+01  4.50194E-02  2.15296E-11 -1.31555E-11  4.30213E-12 -2.62103E-12  0.00000E+00  1.82054E-16
  2.475E+01  4.59284E-02  2.12972E-11 -1.26313E-11  4.30074E-12 -2.54344E-12  0.00000E+00  1.78045E-16
  2.500E+01  4.68461E-02  2.10650E-11 -1.21252E-11  4.29847E-12 -2.46733E-12  0.00000E+00  3.48320E-16
  2.550E+01  4.87074E-02  2.06021E-11 -1.11643E-11  4.29144E-12 -2.31944E-12  0.00000E+00  1.66741E-16
  2.600E+01  5.06030E-02  2.01423E-11 -1.02676E-11  4.28135E-12 -2.17711E-12  0.00000E+00  0.00000E+00
  2.650E+01  5.25328E-02  1.96869E-11 -9.43025E-12  4.26848E-12 -2.04011E-12  0.00000E+00  0.00000E+00
  2.700E+01  5.44967E-02  1.92368E-11 -8.64797E-12  4.25309E-12 -1.90821E-12  0.00000E+00  0.00000E+00
  2.750E+01  5.64946E-02  1.87928E-11 -7.91674E-12  4.23543E-12 -1.78119E-12  0.00000E+00  0.00000E+00
  2.800E+01  5.85262E-02  1.83556E-11 -7.23288E-12  4.21569E-12 -1.65885E-12  0.00000E+00  0.00000E+00
  2.850E+01  6.05914E-02  1.79256E-11 -6.59303E-12  4.19410E-12 -1.54099E-12  0.00000E+00  0.00000E+00
  2.900E+01  6.26901E-02  1.75033E-11 -5.99410E-12  4.17081E-12 -1.42743E-12  0.00000E+00  0.00000E+00
  2.950E+01  6.48222E-02  1.70889E-11 -5.43324E-12  4.14600E-12 -1.31798E-12  0.00000E+00  0.00000E+00
  3.000E+01  6.69873E-02  1.66828E-11 -4.90785E-12  4.11982E-12 -1.21249E-12  0.00000E+00  0.00000E+00
  3.050E+01  6.91854E-02  1.62850E-11 -4.41552E-12  4.09240E-12 -1.11079E-12  0.00000E+00  1.12080E-16
  3.100E+01  7.14163E-02  1.58957E-11 -3.95402E-12  4.06387E-12 -1.01273E-12  0.00000E+00  0.00000E+00
  3.150E+01  7.36799E-02  1.55150E-11 -3.52128E-12  4.03436E-12 -9.18167E-13  0.00000E+00  0.00000E+00
  3.200E+01  7.59760E-02  1.51428E-11 -3.11542E-12  4.00395E-12 -8.26954E-13  0.00000E+00  0.00000E+00
  3.250E+01  7.83043E-02  1.47792E-11 -2.73466E-12  3.97276E-12 -7.38964E-13  0.00000E+00  0.00000E+00
  3.300E+01  8.06647E-02  1.44241E-11 -2.37739E-12  3.94087E-12 -6.54071E-13  0.00000E+00  0.00000E+00
  3.350E+01  8.30571E-02  1.40774E-11 -2.04211E-12  3.90836E-12 -5.72154E-13  0.00000E+00  0.00000E+00
  3.400E+01  8.54812E-02  1.37390E-11 -1.72740E-12  3.87531E-12 -4.93099E-13  0.00000E+00  0.00000E+00
  3.450E+01  8.79369E-02  1.34088E-11 -1.43200E-12  3.84179E-12 -4.16797E-13  0.00000E+00  0.00000E+00
  3.500E+01  9.04240E-02  1.30867E-11 -1.15466E-12  3.80786E-12 -3.43144E-13  0.00000E+00  0.00000E+00
  3.550E+01  9.29422E-02  1.27726E-11 -8.94299E-13  3.77359E-12 -2.72039E-13  0.00000E+00  0.00000E+00
  3.600E+01  9.54915E-02  1.24663E-11 -6.49826E-13  3.73901E-12 -2.03389E-13  0.00000E+00  0.00000E+00
  3.650E+01  9.80716E-02  1.21677E-11 -4.20313E-13  3.70419E-12 -1.37101E-13  0.00000E+00  0.00000E+00
  3.700E+01  1.00682E-01  1.18766E-11 -2.04829E-13  3.66917E-12 -7.30901E-14  0.00000E+00  0.00000E+00
  3.750E+01  1.03323E-01  1.15928E-11 -2.55917E-15  3.63399E-12 -1.12721E-14  0.00000E+00  0.00000E+00
  3.800E+01  1.05995E-01  1.13162E-11  1.87301E-13  3.59870E-12  4.84317E-14  0.00000E+00  0.00000E+00
  3.850E+01  1.08696E-01  1.10466E-11  3.65482E-13  3.56331E-12  1.06097E-13  0.00000E+00  0.00000E+00
  3.900E+01  1.11427E-01  1.07839E-11  5.32675E-13  3.52788E-12  1.61797E-13  0.00000E+00  0.00000E+00
  3.950E+01  1.14188E-01  1.05279E-11  6.89528E-13  3.49243E-12  2.15602E-13  0.00000E+00  0.00000E+00
  4.000E+01  1.16978E-01  1.02784E-11  8.36632E-13  3.45698E-12  2.67576E-13  0.00000E+00  0.00000E+00
  4.050E+01  1.19797E-01  1.00353E-11  9.74548E-13  3.42156E-12  3.17785E-13  0.00000E+00  0.00000E+00
  4.100E+01  1.22645E-01  9.79840E-12  1.10380E-12  3.38620E-12  3.66289E-13  0.00000E+00  0.00000E+00
  4.150E+01  1.25522E-01  9.56752E-12  1.22487E-12  3.35092E-12  4.13147E-13  0.00000E+00  0.00000E+00
  4.200E+01  1.28428E-01  9.34253E-12  1.33824E-12  3.31573E-12  4.58414E-13  0.00000E+00  0.00000E+00
  4.250E+01  1.31361E-01  9.12328E-12  1.44434E-12  3.28065E-12  5.02146E-13  0.00000E+00  0.00000E+00
  4.300E+01  1.34323E-01  8.90960E-12  1.54359E-12  3.24571E-12  5.44392E-13  0.00000E+00  0.00000E+00
  4.350E+01  1.37313E-01  8.70135E-12  1.63634E-12  3.21091E-12  5.85203E-13  0.00000E+00  0.00000E+00
  4.400E+01  1.40330E-01  8.49838E-12  1.72297E-12  3.17628E-12  6.24627E-13  0.00000E+00  0.00000E+00
  4.450E+01  1.43375E-01  8.30055E-12  1.80381E-12  3.14181E-12  6.62708E-13  0.00000E+00  0.00000E+00
  4.500E+01  1.46447E-01  8.10772E-12  1.87918E-12  3.10753E-12  6.99491E-13  0.00000E+00  0.00000E+00
  4.550E+01  1.49545E-01  7.91976E-12  1.94937E-12  3.07344E-12  7.35018E-13  0.00000E+00  0.00000E+00
  4.600E+01  1.52671E-01  7.73653E-12  2.01468E-12  3.03956E-12  7.69329E-13  0.00000E+00  0.00000E+00
  4.650E+01  1.55823E-01  7.55791E-12  2.07536E-12  3.00589E-12  8.02463E-13  0.00000E+00  0.00000E+00
  4.700E+01  1.59001E-01  7.38375E-12  2.13167E-12  2.97245E-12  8.34458E-13  0.00000E+00  0.00000E+00
  4.750E+01  1.62205E-01  7.21395E-12  2.18384E-12  2.93923E-12  8.65350E-13  0.00000E+00  0.00000E+00
  4.800E+01  1.65435E-01  7.04839E-12  2.23209E-12  2.90624E-12  8.95172E-13  0.00000E+00  0.00000E+00
  4.850E+01  1.68690E-01  6.88694E-12  2.27662E-12  2.87349E-12  9.23959E-13  0.00000E+00  0.00000E+00
  4.900E+01  1.71970E-01  6.72949E-12  2.31763E-12  2.84099E-12  9.51742E-13  0.00000E+00  0.00000E+00
  4.950E+01  1.75276E-01  6.57594E-12  2.35533E-12  2.80874E-12  9.78553E-13  0.00000E+00  0.00000E+00
  5.000E+01  1.78606E-01  6.42617E-12  2.38988E-12  2.77675E-12  1.00442E-12  0.00000E+00  0.00000E+00
  5.050E+01  1.81961E-01  6.28008E-12  2.42144E-12  2.74501E-12  1.02937E-12  0.00000E+00  0.00000E+00
  5.100E+01  1.85340E-01  6.13758E-12  2.45018E-12  2.71353E-12  1.05344E-12  0.00000E+00  0.00000E+00
  5.150E+01  1.88743E-01  5.99856E-12  2.47624E-12  2.68232E-12  1.07665E-12  0.00000E+00  0.00000E+00
  5.200E+01  1.92169E-01  5.86293E-12  2.49975E-12  2.65137E-12  1.09902E-12  0.00000E+00  0.00000E+00
  5.250E+01  1.95619E-01  5.73059E-12  2.52086E-12  2.62069E-12  1.12058E-12  0.00000E+00  0.00000E+00
  5.300E+01  1.99092E-01  5.60146E-12  2.53970E-12  2.59028E-12  1.14136E-12  0.00000E+00  0.00000E+00
  5.350E+01  2.02589E-01  5.47545E-12  2.55637E-12  2.56014E-12  1.16137E-12  0.00000E+00  0.00000E+00
  5.400E+01  2.06107E-01  5.35247E-12  2.57101E-12  2.53027E-12  1.18064E-12  0.00000E+00  0.00000E+00
  5.450E+01  2.09649E-01  5.23244E-12  2.58370E-12  2.50068E-12  1.19920E-12  0.00000E+00  0.00000E+00
  5.500E+01  2.13212E-01  5.11529E-12  2.59456E-12  2.47136E-12  1.21705E-12  0.00000E+00  0.00000E+00
  5.550E+01  2.16797E-01  5.00093E-12  2.60367E-12  2.44231E-12  1.23423E-12  0.00000E+00  0.00000E+00
  5.600E+01  2.20404E-01  4.88929E-12  2.61112E-12  2.41354E-12  1.25075E-12  0.00000E+00  0.00000E+00
  5.650E+01  2.24032E-01  4.78030E-12  2.61702E-12  2.38504E-12  1.26662E-12  0.00000E+00  0.00000E+00
  5.700E+01  2.27680E-01  4.67388E-12  2.62144E-12  2.35681E-12  1.28188E-12  0.00000E+00  0.00000E+00
  5.750E+01  2.31350E-01  4.56997E-12  2.62445E-12  2.32886E-12  1.29653E-12  0.00000E+00  0.00000E+00
  5.800E+01  2.35040E-01  4.46851E-12  2.62613E-12  2.30118E-12  1.31059E-12  0.00000E+00  0.00000E+00
  5.850E+01  2.38751E-01  4.36942E-12  2.62656E-12  2.27378E-12  1.32408E-12  0.00000E+00  0.00000E+00
  5.900E+01  2.42481E-01  4.27265E-12  2.62578E-12  2.24664E-12  1.33701E-12  0.00000E+00  0.00000E+00
  5.950E+01  2.46231E-01  4.17813E-12  2.62388E-12  2.21978E-12  1.34940E-12  0.00000E+00  0.00000E+00
  6.000E+01  2.50000E-01  4.08580E-12  2.62090E-12  2.19318E-12  1.36127E-12  0.00000E+00  0.00000E+00
  6.050E+01  2.53788E-01  3.99562E-12  2.61692E-12  2.16685E-12  1.37262E-12  0.00000E+00  0.00000E+00
  6.100E+01  2.57595E-01  3.90751E-12  2.61198E-12  2.14079E-12  1.38348E-12  0.00000E+00  0.00000E+00
  6.150E+01  2.61421E-01  3.82143E-12  2.60613E-12  2.11500E-12  1.39385E-12  0.00000E+00  0.00000E+00
  6.200E+01  2.65264E-01  3.73733E-12  2.59942E-12  2.08947E-12  1.40375E-12  0.00000E+00  0.00000E+00
  6.250E+01  2.69126E-01  3.65516E-12  2.59190E-12  2.06420E-12  1.41319E-12  0.00000E+00  0.00000E+00
  6.300E+01  2.73005E-01  3.57486E-12  2.58362E-12  2.03919E-12  1.42218E-12  0.00000E+00  0.00000E+00
  6.350E+01  2.76901E-01  3.49638E-12  2.57460E-12  2.01444E-12  1.43074E-12  0.00000E+00  0.00000E+00
  6.400E+01  2.80814E-01  3.41969E-12  2.56491E-12  1.98995E-12  1.43888E-12  0.00000E+00  0.00000E+00
  6.450E+01  2.84744E-01  3.34474E-12  2.55458E-12  1.96572E-12  1.44660E-12  0.00000E+00  0.00000E+00
  6.500E+01  2.88691E-01  3.27147E-12  2.54364E-12  1.94174E-12  1.45392E-12  0.00000E+00  0.00000E+00
  6.550E+01  2.92653E-01  3.19986E-12  2.53212E-12  1.91801E-12  1.46085E-12  0.00000E+00  0.00000E+00
  6.600E+01  2.96632E-01  3.12985E-12  2.52005E-12  1.89454E-12  1.46739E-12  0.00000E+00  0.00000E+00
  6.650E+01  3.00625E-01  3.06142E-12  2.50748E-12  1.87131E-12  1.47357E-12  0.00000E+00  0.00000E+00
  6.700E+01  3.04634E-01  2.99451E-12  2.49442E-12  1.84833E-12  1.47938E-12  0.00000E+00  0.00000E+00
  6.750E+01  3.08658E-01  2.92909E-12  2.48092E-12  1.82560E-12  1.48484E-12  0.00000E+00  0.00000E+00
  6.800E+01  3.12697E-01  2.86512E-12  2.46700E-12  1.80310E-12  1.48995E-12  0.00000E+00  0.00000E+00
  6.850E+01  3.16749E-01  2.80258E-12  2.45268E-12  1.78085E-12  1.49473E-12  0.00000E+00  0.00000E+00
  6.900E+01  3.20816E-01  2.74142E-12  2.43799E-12  1.75884E-12  1.49919E-12  0.00000E+00  0.00000E+00
  6.950E+01  3.24896E-01  2.68161E-12  2.42295E-12  1.73707E-12  1.50332E-12  0.00000E+00  0.00000E+00
  7.000E+01  3.28990E-01  2.62311E-12  2.40757E-12  1.71553E-12  1.50714E-12  0.00000E+00  0.00000E+00
  7.050E+01  3.33097E-01  2.56590E-12  2.39188E-12  1.69422E-12  1.51066E-12  0.00000E+00  0.00000E+00
  7.100E+01  3.37216E-01  2.50994E-12  2.37592E-12  1.67315E-12  1.51389E-12  0.00000E+00  0.00000E+00
  7.150E+01  3.41348E-01  2.45521E-12  2.35971E-12  1.65230E-12  1.51682E-12  0.00000E+00  0.00000E+00
  7.200E+01  3.45492E-01  2.40167E-12  2.34324E-12  1.63168E-12  1.51948E-12  0.00000E+00  0.00000E+00
  7.250E+01  3.49647E-01  2.34929E-12  2.32653E-12  1.61129E-12  1.52186E-12  0.00000E+00  0.00000E+00
  7.300E+01  3.53814E-01  2.29806E-12  2.30961E-12  1.59112E-12  1.52397E-12  0.00000E+00  0.00000E+00
  7.350E+01  3.57992E-01  2.24793E-12  2.29249E-12  1.57117E-12  1.52582E-12  0.00000E+00  0.00000E+00
  7.400E+01  3.62181E-01  2.19889E-12  2.27521E-12  1.55144E-12  1.52742E-12  0.00000E+00  0.00000E+00
  7.450E+01  3.66381E-01  2.15091E-12  2.25775E-12  1.53192E-12  1.52877E-12  0.00000E+00  0.00000E+00
  7.500E+01  3.70590E-01  2.10396E-12  2.24015E-12  1.51262E-12  1.52987E-12  0.00000E+00  0.00000E+00
  7.550E+01  3.74810E-01  2.05802E-12  2.22240E-12  1.49354E-12  1.53074E-12  0.00000E+00  0.00000E+00
  7.600E+01  3.79039E-01  2.01307E-12  2.20452E-12  1.47466E-12  1.53138E-12  0.00000E+00  0.00000E+00
  7.650E+01  3.83277E-01  1.96908E-12  2.18653E-12  1.45599E-12  1.53179E-12  0.00000E+00  0.00000E+00
  7.700E+01  3.87524E-01  1.92603E-12  2.16844E-12  1.43753E-12  1.53198E-12  0.00000E+00  0.00000E+00
  7.750E+01  3.91780E-01  1.88390E-12  2.15026E-12  1.41928E-12  1.53195E-12  0.00000E+00  0.00000E+00
  7.800E+01  3.96044E-01  1.84266E-12  2.13200E-12  1.40123E-12  1.53172E-12  0.00000E+00  0.00000E+00
  7.850E+01  4.00316E-01  1.80231E-12  2.11367E-12  1.38337E-12  1.53128E-12  0.00000E+00  0.00000E+00
  7.900E+01  4.04596E-01  1.76281E-12  2.09528E-12  1.36572E-12  1.53063E-12  0.00000E+00  0.00000E+00
  7.950E+01  4.08882E-01  1.72415E-12  2.07684E-12  1.34826E-12  1.52980E-12  0.00000E+00  0.00000E+00
  8.000E+01  4.13176E-01  1.68630E-12  2.05835E-12  1.33100E-12  1.52877E-12  0.00000E+00  0.00000E+00
  8.050E+01  4.17476E-01  1.64926E-12  2.03982E-12  1.31394E-12  1.52755E-12  0.00000E+00  0.00000E+00
  8.100E+01  4.21783E-01  1.61300E-12  2.02128E-12  1.29706E-12  1.52616E-12  0.00000E+00  0.00000E+00
  8.150E+01  4.26095E-01  1.57750E-12  2.00271E-12  1.28037E-12  1.52458E-12  0.00000E+00  0.00000E+00
  8.200E+01  4.30413E-01  1.54275E-12  1.98413E-12  1.26387E-12  1.52283E-12  0.00000E+00  0.00000E+00
  8.250E+01  4.34737E-01  1.50873E-12  1.96555E-12  1.24756E-12  1.52091E-12  0.00000E+00  0.00000E+00
  8.300E+01  4.39065E-01  1.47542E-12  1.94696E-12  1.23143E-12  1.51882E-12  0.00000E+00  0.00000E+00
  8.350E+01  4.43398E-01  1.44281E-12  1.92839E-12  1.21548E-12  1.51657E-12  0.00000E+00  0.00000E+00
  8.400E+01  4.47736E-01  1.41088E-12  1.90983E-12  1.19971E-12  1.51417E-12  0.00000E+00  0.00000E+00
  8.450E+01  4.52077E-01  1.37962E-12  1.89128E-12  1.18412E-12  1.51160E-12  0.00000E+00  0.00000E+00
  8.500E+01  4.56422E-01  1.34901E-12  1.87277E-12  1.16870E-12  1.50889E-12  0.00000E+00  0.00000E+00
  8.550E+01  4.60770E-01  1.31904E-12  1.85428E-12  1.15346E-12  1.50602E-12  0.00000E+00  0.00000E+00
  8.600E+01  4.65122E-01  1.28970E-12  1.83583E-12  1.13839E-12  1.50302E-12  0.00000E+00  0.00000E+00
  8.650E+01  4.69476E-01  1.26096E-12  1.81742E-12  1.12350E-12  1.49987E-12  0.00000E+00  0.00000E+00
  8.700E+01  4.73832E-01  1.23283E-12  1.79905E-12  1.10877E-12  1.49658E-12  0.00000E+00  0.00000E+00
  8.750E+01  4.78190E-01  1.20527E-12  1.78073E-12  1.09421E-12  1.49315E-12  0.00000E+00  0.00000E+00
  8.800E+01  4.82550E-01  1.17829E-12  1.76246E-12  1.07982E-12  1.48960E-12  0.00000E+00  0.00000E+00
  8.850E+01  4.86912E-01  1.15187E-12  1.74425E-12  1.06559E-12  1.48591E-12  0.00000E+00  0.00000E+00
  8.900E+01  4.91274E-01  1.12599E-12  1.72609E-12  1.05152E-12  1.48210E-12  0.00000E+00  0.00000E+00
  8.950E+01  4.95637E-01  1.10065E-12  1.70801E-12  1.03761E-12  1.47816E-12  0.00000E+00  0.00000E+00
  9.000E+01  5.00000E-01  1.07583E-12  1.68998E-12  1.02386E-12  1.47411E-12  0.00000E+00  0.00000E+00
  9.050E+01  5.04363E-01  1.05152E-12  1.67203E-12  1.01027E-12  1.46993E-12  0.00000E+00  0.00000E+00
  9.100E+01  5.08726E-01  1.02772E-12  1.65415E-12  9.96837E-13  1.46564E-12  0.00000E+00  0.00000E+00
  9.150E+01  5.13088E-01  1.00441E-12  1.63634E-12  9.83556E-13  1.46123E-12  0.00000E+00  0.00000E+00
  9.200E+01  5.17450E-01  9.81575E-13  1.61862E-12  9.70428E-13  1.45672E-12  0.00000E+00  0.00000E+00
  9.250E+01  5.21810E-01  9.59212E-13  1.60097E-12  9.57451E-13  1.45210E-12  0.00000E+00  0.00000E+00
  9.300E+01  5.26168E-01  9.37310E-13  1.58341E-12  9.44624E-13  1.44737E-12  0.00000E+00  0.00000E+00
  9.350E+01  5.30524E-01  9.15858E-13  1.56593E-12  9.31944E-13  1.44253E-12  0.00000E+00  0.00000E+00
  9.400E+01  5.34878E-01  8.94847E-13  1.54854E-12  9.19411E-13  1.43760E-12  0.00000E+00  0.00000E+00
  9.450E+01  5.39230E-01  8.74267E-13  1.53124E-12  9.07022E-13  1.43256E-12  0.00000E+00  0.00000E+00
  9.500E+01  5.43578E-01  8.54110E-13  1.51403E-12  8.94777E-13  1.42743E-12  0.00000E+00  0.00000E+00
  9.550E+01  5.47923E-01  8.34367E-13  1.49692E-12  8.82673E-13  1.42221E-12  0.00000E+00  0.00000E+00
  9.600E+01  5.52264E-01  8.15029E-13  1.47990E-12  8.70710E-13  1.41689E-12  0.00000E+00  0.00000E+00
  9.650E+01  5.56602E-01  7.96087E-13  1.46297E-12  8.58886E-13  1.41148E-12  0.00000E+00  0.00000E+00
  9.700E+01  5.60935E-01  7.77534E-13  1.44615E-12  8.47199E-13  1.40598E-12  0.00000E+00  0.00000E+00
  9.750E+01  5.65263E-01  7.59361E-13  1.42942E-12  8.35648E-13  1.40040E-12  0.00000E+00  0.00000E+00
  9.800E+01  5.69587E-01  7.41561E-13  1.41280E-12  8.24231E-13  1.39473E-12  0.00000E+00  0.00000E+00
  9.850E+01  5.73905E-01  7.24125E-13  1.39628E-12  8.12948E-13  1.38897E-12  0.00000E+00  0.00000E+00
  9.900E+01  5.78217E-01  7.07046E-13  1.37986E-12  8.01796E-13  1.38314E-12  0.00000E+00  0.00000E+00
  9.950E+01  5.82524E-01  6.90318E-13  1.36354E-12  7.90775E-13  1.37722E-12  0.00000E+00  0.00000E+00
  1.000E+02  5.86824E-01  6.73931E-13  1.34733E-12  7.79883E-13  1.37123E-12  0.00000E+00  0.00000E+00
  1.005E+02  5.91118E-01  6.57881E-13  1.33123E-12  7.69118E-13  1.36516E-12  0.00000E+00  0.00000E+00
  1.010E+02  5.95404E-01  6.42159E-13  1.31524E-12  7.58479E-13  1.35902E-12  0.00000E+00  0.00000E+00
  1.015E+02  5.99684E-01  6.26759E-13  1.29935E-12  7.47966E-13  1.35280E-12  0.00000E+00  0.00000E+00
  1.020E+02  6.03956E-01  6.11675E-13  1.28357E-12  7.37575E-13  1.34651E-12  0.00000E+00  0.00000E+00
  1.025E+02  6.08220E-01  5.96899E-13  1.26791E-12  7.27308E-13  1.34016E-12  0.00000E+00  0.00000E+00
  1.030E+02  6.12476E-01  5.82427E-13  1.25235E-12  7.17161E-13  1.33373E-12  0.00000E+00  0.00000E+00
  1.035E+02  6.16723E-01  5.68250E-13  1.23691E-12  7.07134E-13  1.32724E-12  0.00000E+00  0.00000E+00
  1.040E+02  6.20961E-01  5.54364E-13  1.22158E-12  6.97225E-13  1.32068E-12  0.00000E+00  0.00000E+00
  1.045E+02  6.25190E-01  5.40763E-13  1.20636E-12  6.87433E-13  1.31405E-12  0.00000E+00  0.00000E+00
  1.050E+02  6.29410E-01  5.27441E-13  1.19125E-12  6.77757E-13  1.30737E-12  0.00000E+00  0.00000E+00
  1.055E+02  6.33619E-01  5.14392E-13  1.17625E-12  6.68196E-13  1.30062E-12  0.00000E+00  0.00000E+00
  1.060E+02  6.37819E-01  5.01611E-13  1.16137E-12  6.58749E-13  1.29381E-12  0.00000E+00  0.00000E+00
  1.065E+02  6.42008E-01  4.89091E-13  1.14661E-12  6.49413E-13  1.28694E-12  0.00000E+00  0.00000E+00
  1.070E+02  6.46186E-01  4.76829E-13  1.13196E-12  6.40189E-13  1.28002E-12  0.00000E+00  0.00000E+00
  1.075E+02  6.50353E-01  4.64819E-13  1.11742E-12  6.31074E-13  1.27304E-12  0.00000E+00  0.00000E+00
  1.080E+02  6.54508E-01  4.53056E-13  1.10300E-12  6.22068E-13  1.26600E-12  0.00000E+00  0.00000E+00
  1.085E+02  6.58652E-01  4.41534E-13  1.08869E-12  6.13170E-13  1.25891E-12  0.00000E+00  0.00000E+00
  1.090E+02  6.62784E-01  4.30249E-13  1.07450E-12  6.04378E-13  1.25176E-12  0.00000E+00  0.00000E+00
  1.095E+02  6.66903E-01  4.19197E-13  1.06042E-12  5.95691E-13  1.24457E-12  0.00000E+00  0.00000E+00
  1.100E+02  6.71010E-01  4.08372E-13  1.04646E-12  5.87108E-13  1.23732E-12  0.00000E+00  0.00000E+00
  1.105E+02  6.75104E-01  3.97771E-13  1.03262E-12  5.78627E-13  1.23002E-12  0.00000E+00  0.00000E+00
  1.110E+02  6.79184E-01  3.87388E-13  1.01889E-12  5.70249E-13  1.22268E-12  0.00000E+00  0.00000E+00
  1.115E+02  6.83251E-01  3.77219E-13  1.00528E-12  5.61971E-13  1.21529E-12  0.00000E+00  0.00000E+00
  1.120E+02  6.87303E-01  3.67260E-13  9.91780E-13  5.53793E-13  1.20785E-12  0.00000E+00  0.00000E+00
  1.125E+02  6.91342E-01  3.57507E-13  9.78399E-13  5.45713E-13  1.20036E-12  0.00000E+00  0.00000E+00
  1.130E+02  6.95366E-01  3.47956E-13  9.65133E-13  5.37731E-13  1.19283E-12  0.00000E+00  0.00000E+00
  1.135E+02  6.99375E-01  3.38603E-13  9.51984E-13  5.29845E-13  1.18526E-12  0.00000E+00  0.00000E+00
  1.140E+02  7.03368E-01  3.29443E-13  9.38951E-13  5.22054E-13  1.17764E-12  0.00000E+00  0.00000E+00
  1.145E+02  7.07347E-01  3.20473E-13  9.26034E-13  5.14358E-13  1.16999E-12  0.00000E+00  0.00000E+00
  1.150E+02  7.11309E-01  3.11690E-13  9.13233E-13  5.06754E-13  1.16229E-12  0.00000E+00  0.00000E+00
  1.155E+02  7.15256E-01  3.03089E-13  9.00546E-13  4.99243E-13  1.15455E-12  0.00000E+00  0.00000E+00
  1.160E+02  7.19186E-01  2.94667E-13  8.87975E-13  4.91822E-13  1.14677E-12  0.00000E+00  0.00000E+00
  1.165E+02  7.23099E-01  2.86420E-13  8.75519E-13  4.84492E-13  1.13895E-12  0.00000E+00  0.00000E+00
  1.170E+02  7.26995E-01  2.78346E-13  8.63178E-13  4.77251E-13  1.13110E-12  0.00000E+00  0.00000E+00
  1.175E+02  7.30874E-01  2.70440E-13  8.50952E-13  4.70098E-13  1.12320E-12  0.00000E+00  0.00000E+00
  1.180E+02  7.34736E-01  2.62699E-13  8.38842E-13  4.63032E-13  1.11528E-12  0.00000E+00  0.00000E+00
  1.185E+02  7.38579E-01  2.55120E-13  8.26845E-13  4.56052E-13  1.10731E-12  0.00000E+00  0.00000E+00
  1.190E+02  7.42405E-01  2.47699E-13  8.14963E-13  4.49158E-13  1.09932E-12  0.00000E+00  0.00000E+00
  1.195E+02  7.46212E-01  2.40435E-13  8.03195E-13  4.42347E-13  1.09129E-12  0.00000E+00  0.00000E+00
  1.200E+02  7.50000E-01  2.33323E-13  7.91540E-13  4.35620E-13  1.08322E-12  0.00000E+00  0.00000E+00
  1.205E+02  7.53769E-01  2.26360E-13  7.79999E-13  4.28974E-13  1.07512E-12  0.00000E+00  0.00000E+00
  1.210E+02  7.57519E-01  2.19544E-13  7.68572E-13  4.22411E-13  1.06699E-12  0.00000E+00  0.00000E+00
  1.215E+02  7.61249E-01  2.12872E-13  7.57258E-13  4.15927E-13  1.05883E-12  0.00000E+00  0.00000E+00
  1.220E+02  7.64960E-01  2.06341E-13  7.46057E-13  4.09523E-13  1.05064E-12  0.00000E+00  0.00000E+00
  1.225E+02  7.68650E-01  1.99948E-13  7.34968E-13  4.03197E-13  1.04242E-12  0.00000E+00  0.00000E+00
  1.230E+02  7.72320E-01  1.93690E-13  7.23991E-13  3.96950E-13  1.03418E-12  0.00000E+00  0.00000E+00
  1.235E+02  7.75968E-01  1.87565E-13  7.13126E-13  3.90778E-13  1.02590E-12  0.00000E+00  0.00000E+00
  1.240E+02  7.79596E-01  1.81570E-13  7.02373E-13  3.84683E-13  1.01759E-12  0.00000E+00  0.00000E+00
  1.245E+02  7.83203E-01  1.75703E-13  6.91732E-13  3.78662E-13  1.00926E-12  0.00000E+00  0.00000E+00
  1.250E+02  7.86788E-01  1.69961E-13  6.81202E-13  3.72716E-13  1.00090E-12  0.00000E+00  0.00000E+00
  1.255E+02  7.90351E-01  1.64342E-13  6.70782E-13  3.66842E-13  9.92513E-13  0.00000E+00  0.00000E+00
  1.260E+02  7.93893E-01  1.58842E-13  6.60473E-13  3.61041E-13  9.84102E-13  0.00000E+00  0.00000E+00
  1.265E+02  7.97411E-01  1.53461E-13  6.50274E-13  3.55311E-13  9.75665E-13  0.00000E+00  0.00000E+00
  1.270E+02  8.00908E-01  1.48195E-13  6.40184E-13  3.49652E-13  9.67204E-13  0.00000E+00  0.00000E+00
  1.275E+02  8.04381E-01  1.43043E-13  6.30204E-13  3.44062E-13  9.58719E-13  0.00000E+00  0.00000E+00
  1.280E+02  8.07831E-01  1.38002E-13  6.20334E-13  3.38542E-13  9.50211E-13  0.00000E+00  0.00000E+00
  1.285E+02  8.11257E-01  1.33069E-13  6.10572E-13  3.33089E-13  9.41679E-13  0.00000E+00  0.00000E+00
  1.290E+02  8.14660E-01  1.28244E-13  6.00919E-13  3.27703E-13  9.33125E-13  0.00000E+00  0.00000E+00
  1.295E+02  8.18039E-01  1.23523E-13  5.91375E-13  3.22384E-13  9.24549E-13  0.00000E+00  0.00000E+00
  1.300E+02  8.21394E-01  1.18904E-13  5.81937E-13  3.17130E-13  9.15952E-13  0.00000E+00  0.00000E+00
  1.305E+02  8.24724E-01  1.14386E-13  5.72607E-13  3.11941E-13  9.07333E-13  0.00000E+00  0.00000E+00
  1.310E+02  8.28030E-01  1.09967E-13  5.63384E-13  3.06816E-13  8.98694E-13  0.00000E+00  0.00000E+00
  1.315E+02  8.31310E-01  1.05645E-13  5.54268E-13  3.01754E-13  8.90034E-13  0.00000E+00  0.00000E+00
  1.320E+02  8.34565E-01  1.01417E-13  5.45259E-13  2.96754E-13  8.81355E-13  0.00000E+00  0.00000E+00
  1.325E+02  8.37795E-01  9.72827E-14  5.36356E-13  2.91816E-13  8.72657E-13  0.00000E+00  0.00000E+00
  1.330E+02  8.40999E-01  9.32392E-14  5.27559E-13  2.86938E-13  8.63940E-13  0.00000E+00  0.00000E+00
  1.335E+02  8.44177E-01  8.92851E-14  5.18867E-13  2.82120E-13  8.55204E-13  0.00000E+00  0.00000E+00
  1.340E+02  8.47329E-01  8.54186E-14  5.10279E-13  2.77361E-13  8.46450E-13  0.00000E+00  0.00000E+00
  1.345E+02  8.50455E-01  8.16380E-14  5.01796E-13  2.72661E-13  8.37679E-13  0.00000E+00  0.00000E+00
  1.350E+02  8.53553E-01  7.79415E-14  4.93418E-13  2.68018E-13  8.28890E-13  0.00000E+00  0.00000E+00
  1.355E+02  8.56625E-01  7.43276E-14  4.85145E-13  2.63432E-13  8.20084E-13  0.00000E+00  0.00000E+00
  1.360E+02  8.59670E-01  7.07947E-14  4.76975E-13  2.58902E-13  8.11262E-13  0.00000E+00  0.00000E+00
  1.365E+02  8.62687E-01  6.73411E-14  4.68909E-13  2.54427E-13  8.02424E-13  0.00000E+00  0.00000E+00
  1.370E+02  8.65677E-01  6.39653E-14  4.60945E-13  2.50007E-13  7.93570E-13  0.00000E+00  0.00000E+00
  1.375E+02  8.68639E-01  6.06659E-14  4.53083E-13  2.45641E-13  7.84700E-13  0.00000E+00  0.00000E+00
  1.380E+02  8.71572E-01  5.74413E-14  4.45324E-13  2.41328E-13  7.75816E-13  0.00000E+00  0.00000E+00
  1.385E+02  8.74478E-01  5.42900E-14  4.37667E-13  2.37067E-13  7.66916E-13  0.00000E+00  0.00000E+00
  1.390E+02  8.77355E-01  5.12105E-14  4.30112E-13  2.32857E-13  7.58002E-13  0.00000E+00  0.00000E+00
  1.395E+02  8.80203E-01  4.82015E-14  4.22659E-13  2.28699E-13  7.49075E-13  0.00000E+00  0.00000E+00
  1.400E+02  8.83022E-01  4.52617E-14  4.15307E-13  2.24590E-13  7.40133E-13  0.00000E+00  0.00000E+00
  1.405E+02  8.85812E-01  4.23897E-14  4.08055E-13  2.20531E-13  7.31178E-13  0.00000E+00  0.00000E+00
  1.410E+02  8.88573E-01  3.95842E-14  4.00903E-13  2.16521E-13  7.22209E-13  0.00000E+00  0.00000E+00
  1.415E+02  8.91304E-01  3.68439E-14  3.93850E-13  2.12559E-13  7.13228E-13  0.00000E+00  0.00000E+00
  1.420E+02  8.94005E-01  3.41674E-14  3.86897E-13  2.08644E-13  7.04234E-13  0.00000E+00  0.00000E+00
  1.425E+02  8.96677E-01  3.15534E-14  3.80045E-13  2.04775E-13  6.95228E-13  0.00000E+00  0.00000E+00
  1.430E+02  8.99318E-01  2.90010E-14  3.73292E-13  2.00953E-13  6.86210E-13  0.00000E+00  0.00000E+00
  1.435E+02  9.01928E-01  2.65090E-14  3.66639E-13  1.97175E-13  6.77180E-13  0.00000E+00  0.00000E+00
  1.440E+02  9.04508E-01  2.40761E-14  3.60082E-13  1.93442E-13  6.68139E-13  1.51812E-17  0.00000E+00
  1.445E+02  9.07058E-01  2.17007E-14  3.53623E-13  1.89753E-13  6.59086E-13  0.00000E+00  0.00000E+00
  1.450E+02  9.09576E-01  1.93825E-14  3.47261E-13  1.86107E-13  6.50023E-13  1.55773E-17  0.00000E+00
  1.455E+02  9.12063E-01  1.71200E-14  3.40998E-13  1.82503E-13  6.40949E-13  7.89084E-18  0.00000E+00
  1.460E+02  9.14519E-01  1.49122E-14  3.34833E-13  1.78941E-13  6.31864E-13  2.39855E-17  0.00000E+00
  1.465E+02  9.16943E-01  1.27579E-14  3.28765E-13  1.75421E-13  6.22770E-13  1.62033E-17  0.00000E+00
  1.470E+02  9.19335E-01  1.06561E-14  3.22794E-13  1.71940E-13  6.13665E-13  1.23155E-17  0.00000E+00
  1.475E+02  9.21696E-01  8.60589E-15  3.16917E-13  1.68499E-13  6.04551E-13  2.49638E-17  0.00000E+00
  1.480E+02  9.24024E-01  6.60638E-15  3.11137E-13  1.65098E-13  5.95427E-13  1.68688E-17  0.00000E+00
  1.485E+02  9.26320E-01  4.65653E-15  3.05452E-13  1.61735E-13  5.86294E-13  2.99243E-17  0.00000E+00
  1.490E+02  9.28584E-01  2.75534E-15  2.99864E-13  1.58409E-13  5.77152E-13  1.73347E-17  0.00000E+00
  1.495E+02  9.30815E-01  9.01855E-16  2.94371E-13  1.55121E-13  5.68001E-13  2.69107E-17  0.00000E+00
  1.500E+02  9.33013E-01 -9.04803E-16  2.88973E-13  1.51869E-13  5.58842E-13  1.89320E-17  0.00000E+00
  1.505E+02  9.35178E-01 -2.66548E-15  2.83670E-13  1.48652E-13  5.49674E-13  3.04877E-17  0.00000E+00
  1.510E+02  9.37310E-01 -4.38100E-15  2.78461E-13  1.45471E-13  5.40499E-13  1.37398E-17  0.00000E+00
  1.515E+02  9.39409E-01 -6.05220E-15  2.73345E-13  1.42325E-13  5.31315E-13  2.78655E-17  0.00000E+00
  1.520E+02  9.41474E-01 -7.67993E-15  2.68323E-13  1.39212E-13  5.22123E-13  1.41290E-17  0.00000E+00
  1.525E+02  9.43505E-01 -9.26503E-15  2.63395E-13  1.36132E-13  5.12924E-13  2.86568E-17  0.00000E+00
  1.530E+02  9.45503E-01 -1.08083E-14  2.58561E-13  1.33085E-13  5.03718E-13  1.93746E-17  0.00000E+00
  1.535E+02  9.47467E-01 -1.23105E-14  2.53821E-13  1.30070E-13  4.94504E-13  4.91220E-17  0.00000E+00
  1.540E+02  9.49397E-01 -1.37724E-14  2.49173E-13  1.27086E-13  4.85284E-13  9.96351E-18  0.00000E+00
  1.545E+02  9.51293E-01 -1.51946E-14  2.44617E-13  1.24133E-13  4.76056E-13  5.05230E-17  0.00000E+00
  1.550E+02  9.53154E-01 -1.65779E-14  2.40154E-13  1.21210E-13  4.66823E-13  1.02476E-17  0.00000E+00
  1.555E+02  9.54981E-01 -1.79229E-14  2.35783E-13  1.18316E-13  4.57582E-13  4.15700E-17  0.00000E+00
  1.560E+02  9.56773E-01 -1.92305E-14  2.31503E-13  1.15451E-13  4.48336E-13  1.05391E-17  0.00000E+00
  1.565E+02  9.58530E-01 -2.05012E-14  2.27316E-13  1.12614E-13  4.39083E-13  5.34368E-17  0.00000E+00
  1.570E+02  9.60252E-01 -2.17357E-14  2.23221E-13  1.09805E-13  4.29824E-13  1.08372E-17  0.00000E+00
  1.575E+02  9.61940E-01 -2.29347E-14  2.19217E-13  1.07023E-13  4.20560E-13  0.00000E+00  0.00000E+00
  1.580E+02  9.63592E-01 -2.40986E-14  2.15304E-13  1.04267E-13  4.11290E-13  0.00000E+00  0.00000E+00
  1.585E+02  9.65209E-01 -2.52282E-14  2.11481E-13  1.01536E-13  4.02015E-13  2.25901E-17  0.00000E+00
  1.590E+02  9.66790E-01 -2.63239E-14  2.07749E-13  9.88313E-14  3.92734E-13  2.29002E-17  0.00000E+00
  1.595E+02  9.68336E-01 -2.73864E-14  2.04108E-13  9.61505E-14  3.83449E-13  2.32121E-17  0.00000E+00
  1.600E+02  9.69846E-01 -2.84162E-14  2.00557E-13  9.34937E-14  3.74158E-13  2.35257E-17  0.00000E+00
  1.605E+02  9.71321E-01 -2.94140E-14  1.97097E-13  9.08601E-14  3.64863E-13  2.38404E-17  0.00000E+00
  1.610E+02  9.72759E-01 -3.03801E-14  1.93726E-13  8.82491E-14  3.55562E-13  2.41561E-17  0.00000E+00
  1.615E+02  9.74162E-01 -3.13150E-14  1.90446E-13  8.56602E-14  3.46258E-13  2.44723E-17  0.00000E+00
  1.620E+02  9.75528E-01 -3.22193E-14  1.87254E-13  8.30928E-14  3.36949E-13  2.47888E-17  0.00000E+00
  1.625E+02  9.76858E-01 -3.30934E-14  1.84152E-13  8.05462E-14  3.27636E-13  2.51050E-17  0.00000E+00
  1.630E+02  9.78152E-01 -3.39378E-14  1.81138E-13  7.80200E-14  3.18318E-13  2.54206E-17  0.00000E+00
  1.635E+02  9.79410E-01 -3.47530E-14  1.78215E-13  7.55133E-14  3.08997E-13  2.57350E-17  0.00000E+00
  1.640E+02  9.80631E-01 -3.55394E-14  1.75381E-13  7.30258E-14  2.99672E-13  2.60478E-17  0.00000E+00
  1.645E+02  9.81815E-01 -3.62974E-14  1.72635E-13  7.05567E-14  2.90344E-13  0.00000E+00  0.00000E+00
  1.650E+02  9.82963E-01 -3.70274E-14  1.69979E-13  6.81055E-14  2.81011E-13  2.66665E-17  0.00000E+00
  1.655E+02  9.84074E-01 -3.77297E-14  1.67410E-13  6.56717E-14  2.71676E-13  0.00000E+00  0.00000E+00
  1.660E+02  9.85148E-01 -3.84047E-14  1.64929E-13  6.32545E-14  2.62337E-13  2.72732E-17  0.00000E+00
  1.665E+02  9.86185E-01 -3.90529E-14  1.62536E-13  6.08534E-14  2.52995E-13  2.75707E-17  0.00000E+00
  1.670E+02  9.87185E-01 -3.96745E-14  1.60232E-13  5.84679E-14  2.43650E-13  2.78634E-17  0.00000E+00
  1.675E+02  9.88148E-01 -4.02700E-14  1.58016E-13  5.60974E-14  2.34302E-13  5.63017E-17  0.00000E+00
  1.680E+02  9.89074E-01 -4.08396E-14  1.55889E-13  5.37412E-14  2.24951E-13  0.00000E+00  0.00000E+00
  1.685E+02  9.89962E-01 -4.13836E-14  1.53849E-13  5.13988E-14  2.15598E-13  0.00000E+00  0.00000E+00
  1.690E+02  9.90814E-01 -4.19024E-14  1.51896E-13  4.90696E-14  2.06242E-13  0.00000E+00  0.00000E+00
  1.695E+02  9.91627E-01 -4.23960E-14  1.50030E-13  4.67530E-14  1.96883E-13  0.00000E+00  0.00000E+00
  1.700E+02  9.92404E-01 -4.28650E-14  1.48252E-13  4.44485E-14  1.87523E-13  0.00000E+00  3.28066E-17
  1.705E+02  9.93143E-01 -4.33094E-14  1.46561E-13  4.21554E-14  1.78160E-13  0.00000E+00  0.00000E+00
  1.710E+02  9.93844E-01 -4.37297E-14  1.44958E-13  3.98733E-14  1.68795E-13  0.00000E+00  6.54888E-17
  1.715E+02  9.94508E-01 -4.41260E-14  1.43443E-13  3.76014E-14  1.59428E-13  0.00000E+00  0.00000E+00
  1.720E+02  9.95134E-01 -4.44986E-14  1.42014E-13  3.53393E-14  1.50059E-13  0.00000E+00  9.80665E-17
  1.725E+02  9.95722E-01 -4.48475E-14  1.40673E-13  3.30863E-14  1.40689E-13  0.00000E+00  0.00000E+00
  1.730E+02  9.96273E-01 -4.51729E-14  1.39417E-13  3.08419E-14  1.31317E-13  0.00000E+00  9.79197E-17
  1.735E+02  9.96786E-01 -4.54751E-14  1.38248E-13  2.86055E-14  1.21943E-13  6.19955E-17  0.00000E+00
  1.740E+02  9.97261E-01 -4.57543E-14  1.37166E-13  2.63765E-14  1.12568E-13  0.00000E+00  1.30390E-16
  1.745E+02  9.97698E-01 -4.60106E-14  1.36171E-13  2.41544E-14  1.03192E-13  6.26574E-17  6.51578E-17
  1.750E+02  9.98097E-01 -4.62442E-14  1.35264E-13  2.19385E-14  9.38148E-14  6.29506E-17  9.76855E-17
  1.755E+02  9.98459E-01 -4.64552E-14  1.34444E-13  1.97284E-14  8.44363E-14  6.32178E-17  2.27825E-16
  1.760E+02  9.98782E-01 -4.66437E-14  1.33709E-13  1.75234E-14  7.50569E-14  6.34588E-17  1.62663E-16
  1.765E+02  9.99067E-01 -4.68096E-14  1.33060E-13  1.53230E-14  6.56767E-14  6.36732E-17  2.92684E-16
  1.770E+02  9.99315E-01 -4.69533E-14  1.32497E-13  1.31266E-14  5.62957E-14  6.38604E-17  2.27569E-16
  1.775E+02  9.99524E-01 -4.70746E-14  1.32021E-13  1.09336E-14  4.69140E-14  6.40196E-17  5.52517E-16
  1.780E+02  9.99695E-01 -4.71739E-14  1.31632E-13  8.74347E-15  3.75318E-14  0.00000E+00  6.82368E-16
  1.785E+02  9.99829E-01 -4.72511E-14  1.31331E-13  6.55561E-15  2.81492E-14  1.28502E-16  1.20206E-15
  1.790E+02  9.99924E-01 -4.73063E-14  1.31117E-13  4.36946E-15  1.87663E-14  6.43229E-17  2.07898E-15
  1.795E+02  9.99981E-01 -4.73396E-14  1.30989E-13  2.18445E-15  9.38320E-15  1.28732E-16  6.07406E-15
  1.800E+02  1.00000E+00 -4.73501E-14  1.30947E-13  3.06539E-29  1.31679E-28  1.41636E-15  1.00311E-11
