 #  Spin polarization functions (in cm)      MU=(1-cos(TH))/2
 #  Z =  79,   projectile: electron
 #  Kinetic energy = 5.05000E+06 eV
 #
 # TH (deg)      MU            U            S            T      1-U^2-T^2-S^2
 #------------------------------------------------------------------------------
  0.000E+00  0.00000E+00  0.00000E+00  0.00000E+00  1.00000E+00  0.00000E+00
  1.000E-04  7.61557E-13  1.58496E-06  1.44586E-11  1.00000E+00 -2.22045E-16
  1.250E-04  1.18994E-12  1.98120E-06  1.80732E-11  1.00000E+00  1.11022E-16
  1.500E-04  1.71346E-12  2.37744E-06  2.16878E-11  1.00000E+00  0.00000E+00
  1.750E-04  2.33225E-12  2.77368E-06  2.53025E-11  1.00000E+00  1.11022E-16
  2.000E-04  3.04617E-12  3.16992E-06  2.89171E-11  1.00000E+00  2.22045E-16
  2.250E-04  3.85530E-12  3.56616E-06  3.25317E-11  1.00000E+00  3.33067E-16
  2.500E-04  4.75964E-12  3.96240E-06  3.61463E-11  1.00000E+00  2.22045E-16
  2.750E-04  5.75917E-12  4.35864E-06  3.97609E-11  1.00000E+00  2.22045E-16
  3.000E-04  6.85391E-12  4.75488E-06  4.33754E-11  1.00000E+00  0.00000E+00
  3.250E-04  8.04379E-12  5.15112E-06  4.69900E-11  1.00000E+00  0.00000E+00
  3.500E-04  9.32893E-12  5.54735E-06  5.06045E-11  1.00000E+00  2.22045E-16
  3.750E-04  1.07092E-11  5.94359E-06  5.42191E-11  1.00000E+00  1.11022E-16
  4.000E-04  1.21847E-11  6.33983E-06  5.78336E-11  1.00000E+00  0.00000E+00
  4.250E-04  1.37554E-11  6.73607E-06  6.14481E-11  1.00000E+00  3.33067E-16
  4.500E-04  1.54213E-11  7.13231E-06  6.50625E-11  1.00000E+00  1.11022E-16
  4.750E-04  1.71823E-11  7.52855E-06  6.86770E-11  1.00000E+00  0.00000E+00
  5.000E-04  1.90386E-11  7.92479E-06  7.22914E-11  1.00000E+00  1.11022E-16
  5.250E-04  2.09900E-11  8.32103E-06  7.59058E-11  1.00000E+00  1.11022E-16
  5.500E-04  2.30367E-11  8.71727E-06  7.95202E-11  1.00000E+00  1.11022E-16
  5.750E-04  2.51785E-11  9.11351E-06  8.31345E-11  1.00000E+00  0.00000E+00
  6.000E-04  2.74156E-11  9.50975E-06  8.67488E-11  1.00000E+00 -2.22045E-16
  6.250E-04  2.97478E-11  9.90599E-06  9.03631E-11  1.00000E+00 -2.22045E-16
  6.500E-04  3.21752E-11  1.03022E-05  9.39774E-11  1.00000E+00  0.00000E+00
  6.750E-04  3.46979E-11  1.06985E-05  9.75916E-11  1.00000E+00  1.11022E-16
  7.000E-04  3.73157E-11  1.10947E-05  1.01206E-10  1.00000E+00  1.11022E-16
  7.250E-04  4.00286E-11  1.14909E-05  1.04820E-10  1.00000E+00  0.00000E+00
  7.500E-04  4.28368E-11  1.18872E-05  1.08434E-10  1.00000E+00  1.11022E-16
  7.750E-04  4.57402E-11  1.22834E-05  1.12048E-10  1.00000E+00  0.00000E+00
  8.000E-04  4.87388E-11  1.26797E-05  1.15662E-10  1.00000E+00  3.33067E-16
  8.250E-04  5.18325E-11  1.30759E-05  1.19276E-10  1.00000E+00  3.33067E-16
  8.500E-04  5.50215E-11  1.34721E-05  1.22890E-10  1.00000E+00  2.22045E-16
  8.750E-04  5.83057E-11  1.38684E-05  1.26504E-10  1.00000E+00  0.00000E+00
  9.000E-04  6.16850E-11  1.42646E-05  1.30118E-10  1.00000E+00  3.33067E-16
  9.250E-04  6.51595E-11  1.46609E-05  1.33732E-10  1.00000E+00 -2.22045E-16
  9.500E-04  6.87293E-11  1.50571E-05  1.37346E-10  1.00000E+00  0.00000E+00
  9.750E-04  7.23943E-11  1.54533E-05  1.40960E-10  1.00000E+00  2.22045E-16
  1.000E-03  7.61544E-11  1.58496E-05  1.44573E-10  1.00000E+00  0.00000E+00
  1.250E-03  1.18991E-10  1.98120E-05  1.80708E-10  1.00000E+00  0.00000E+00
  1.500E-03  1.71347E-10  2.37744E-05  2.16837E-10  1.00000E+00 -2.22045E-16
  1.750E-03  2.33223E-10  2.77368E-05  2.52960E-10  1.00000E+00 -2.22045E-16
  2.000E-03  3.04617E-10  3.16992E-05  2.89075E-10  1.00000E+00  3.33067E-16
  2.250E-03  3.85531E-10  3.56616E-05  3.25182E-10  1.00000E+00  2.22045E-16
  2.500E-03  4.75965E-10  3.96240E-05  3.61280E-10  1.00000E+00  1.11022E-16
  2.750E-03  5.75917E-10  4.35864E-05  3.97370E-10  1.00000E+00  1.11022E-16
  3.000E-03  6.85389E-10  4.75488E-05  4.33449E-10  1.00000E+00 -2.22045E-16
  3.250E-03  8.04380E-10  5.15112E-05  4.69520E-10  1.00000E+00  2.22045E-16
  3.500E-03  9.32891E-10  5.54736E-05  5.05580E-10  1.00000E+00  1.11022E-16
  3.750E-03  1.07092E-09  5.94360E-05  5.41632E-10  1.00000E+00 -2.22045E-16
  4.000E-03  1.21847E-09  6.33984E-05  5.77674E-10  1.00000E+00 -2.22045E-16
  4.250E-03  1.37554E-09  6.73608E-05  6.13708E-10  1.00000E+00 -2.22045E-16
  4.500E-03  1.54213E-09  7.13232E-05  6.49735E-10  1.00000E+00  2.22045E-16
  4.750E-03  1.71823E-09  7.52856E-05  6.85756E-10  1.00000E+00  1.11022E-16
  5.000E-03  1.90386E-09  7.92480E-05  7.21772E-10  1.00000E+00 -2.22045E-16
  5.250E-03  2.09900E-09  8.32104E-05  7.57784E-10  1.00000E+00  1.11022E-16
  5.500E-03  2.30367E-09  8.71728E-05  7.93795E-10  1.00000E+00  0.00000E+00
  5.750E-03  2.51785E-09  9.11352E-05  8.29806E-10  1.00000E+00  2.22045E-16
  6.000E-03  2.74156E-09  9.50976E-05  8.65820E-10  1.00000E+00  1.11022E-16
  6.250E-03  2.97478E-09  9.90600E-05  9.01840E-10  1.00000E+00 -2.22045E-16
  6.500E-03  3.21752E-09  1.03022E-04  9.37868E-10  1.00000E+00 -2.22045E-16
  6.750E-03  3.46978E-09  1.06985E-04  9.73907E-10  1.00000E+00  1.11022E-16
  7.000E-03  3.73156E-09  1.10947E-04  1.00996E-09  1.00000E+00  3.33067E-16
  7.250E-03  4.00286E-09  1.14910E-04  1.04603E-09  1.00000E+00  0.00000E+00
  7.500E-03  4.28368E-09  1.18872E-04  1.08213E-09  1.00000E+00  0.00000E+00
  7.750E-03  4.57402E-09  1.22834E-04  1.11825E-09  1.00000E+00  0.00000E+00
  8.000E-03  4.87388E-09  1.26797E-04  1.15440E-09  1.00000E+00 -2.22045E-16
  8.250E-03  5.18326E-09  1.30759E-04  1.19058E-09  1.00000E+00 -2.22045E-16
  8.500E-03  5.50215E-09  1.34722E-04  1.22681E-09  1.00000E+00  1.11022E-16
  8.750E-03  5.83057E-09  1.38684E-04  1.26307E-09  1.00000E+00  3.33067E-16
  9.000E-03  6.16850E-09  1.42646E-04  1.29939E-09  1.00000E+00  0.00000E+00
  9.250E-03  6.51596E-09  1.46609E-04  1.33577E-09  1.00000E+00 -2.22045E-16
  9.500E-03  6.87293E-09  1.50571E-04  1.37220E-09  1.00000E+00 -2.22045E-16
  9.750E-03  7.23942E-09  1.54534E-04  1.40870E-09  1.00000E+00  2.22045E-16
  1.000E-02  7.61544E-09  1.58496E-04  1.44527E-09  1.00000E+00  2.22045E-16
  1.250E-02  1.18991E-08  1.98120E-04  1.81622E-09  1.00000E+00  3.33067E-16
  1.500E-02  1.71347E-08  2.37744E-04  2.20101E-09  1.00000E+00  0.00000E+00
  1.750E-02  2.33223E-08  2.77368E-04  2.60510E-09  1.00000E+00 -2.22045E-16
  2.000E-02  3.04617E-08  3.16992E-04  3.03191E-09  1.00000E+00 -2.22045E-16
  2.250E-02  3.85531E-08  3.56617E-04  3.48234E-09  1.00000E+00 -2.22045E-16
  2.500E-02  4.75965E-08  3.96241E-04  3.95522E-09  1.00000E+00 -2.22045E-16
  2.750E-02  5.75917E-08  4.35865E-04  4.44875E-09  1.00000E+00  1.11022E-16
  3.000E-02  6.85389E-08  4.75489E-04  4.96217E-09  1.00000E+00  1.11022E-16
  3.250E-02  8.04380E-08  5.15113E-04  5.49685E-09  1.00000E+00  1.11022E-16
  3.500E-02  9.32891E-08  5.54737E-04  6.05624E-09  1.00000E+00  2.22045E-16
  3.750E-02  1.07092E-07  5.94362E-04  6.64466E-09  1.00000E+00 -2.22045E-16
  4.000E-02  1.21847E-07  6.33986E-04  7.26560E-09  1.00000E+00  1.11022E-16
  4.250E-02  1.37554E-07  6.73610E-04  7.92030E-09  1.00000E+00  0.00000E+00
  4.500E-02  1.54213E-07  7.13234E-04  8.60749E-09  1.00000E+00 -2.22045E-16
  4.750E-02  1.71823E-07  7.52859E-04  9.32445E-09  1.00000E+00  2.22045E-16
  5.000E-02  1.90386E-07  7.92483E-04  1.00689E-08  1.00000E+00 -2.22045E-16
  5.250E-02  2.09900E-07  8.32108E-04  1.08406E-08  1.00000E+00  4.44089E-16
  5.500E-02  2.30367E-07  8.71732E-04  1.16421E-08  1.00000E+00 -2.22045E-16
  5.750E-02  2.51785E-07  9.11357E-04  1.24776E-08  1.00000E+00  0.00000E+00
  6.000E-02  2.74156E-07  9.50981E-04  1.33510E-08  1.00000E+00 -4.44089E-16
  6.250E-02  2.97478E-07  9.90606E-04  1.42638E-08  1.00000E+00  0.00000E+00
  6.500E-02  3.21752E-07  1.03023E-03  1.52145E-08  9.99999E-01  0.00000E+00
  6.750E-02  3.46978E-07  1.06985E-03  1.61995E-08  9.99999E-01  0.00000E+00
  7.000E-02  3.73156E-07  1.10948E-03  1.72151E-08  9.99999E-01 -2.22045E-16
  7.250E-02  4.00286E-07  1.14910E-03  1.82602E-08  9.99999E-01  2.22045E-16
  7.500E-02  4.28368E-07  1.18873E-03  1.93373E-08  9.99999E-01  1.11022E-16
  7.750E-02  4.57402E-07  1.22835E-03  2.04514E-08  9.99999E-01  2.22045E-16
  8.000E-02  4.87388E-07  1.26798E-03  2.16077E-08  9.99999E-01  0.00000E+00
  8.250E-02  5.18325E-07  1.30760E-03  2.28085E-08  9.99999E-01  1.11022E-16
  8.500E-02  5.50215E-07  1.34723E-03  2.40518E-08  9.99999E-01 -2.22045E-16
  8.750E-02  5.83057E-07  1.38685E-03  2.53323E-08  9.99999E-01  1.11022E-16
  9.000E-02  6.16850E-07  1.42648E-03  2.66442E-08  9.99999E-01  1.11022E-16
  9.250E-02  6.51596E-07  1.46610E-03  2.79848E-08  9.99999E-01 -2.22045E-16
  9.500E-02  6.87293E-07  1.50573E-03  2.93563E-08  9.99999E-01 -2.22045E-16
  9.750E-02  7.23942E-07  1.54535E-03  3.07648E-08  9.99999E-01  1.11022E-16
  1.000E-01  7.61543E-07  1.58498E-03  3.22176E-08  9.99999E-01  3.33067E-16
  1.250E-01  1.18991E-06  1.98123E-03  4.89023E-08  9.99998E-01 -2.22045E-16
  1.500E-01  1.71347E-06  2.37750E-03  6.92955E-08  9.99997E-01  1.11022E-16
  1.750E-01  2.33223E-06  2.77376E-03  9.31271E-08  9.99996E-01  0.00000E+00
  2.000E-01  3.04617E-06  3.17004E-03  1.20170E-07  9.99995E-01 -2.22045E-16
  2.250E-01  3.85531E-06  3.56632E-03  1.50407E-07  9.99994E-01  2.22045E-16
  2.500E-01  4.75964E-06  3.96260E-03  1.83981E-07  9.99992E-01  0.00000E+00
  2.750E-01  5.75916E-06  4.35890E-03  2.20847E-07  9.99990E-01  0.00000E+00
  3.000E-01  6.85388E-06  4.75519E-03  2.60811E-07  9.99989E-01  0.00000E+00
  3.250E-01  8.04378E-06  5.15150E-03  3.03781E-07  9.99987E-01 -2.22045E-16
  3.500E-01  9.32888E-06  5.54782E-03  3.49819E-07  9.99985E-01  1.11022E-16
  3.750E-01  1.07092E-05  5.94414E-03  3.98666E-07  9.99982E-01  0.00000E+00
  4.000E-01  1.21846E-05  6.34047E-03  4.49909E-07  9.99980E-01  2.22045E-16
  4.250E-01  1.37553E-05  6.73681E-03  5.03137E-07  9.99977E-01 -2.22045E-16
  4.500E-01  1.54212E-05  7.13316E-03  5.58370E-07  9.99975E-01  0.00000E+00
  4.750E-01  1.71822E-05  7.52951E-03  6.15911E-07  9.99972E-01  0.00000E+00
  5.000E-01  1.90385E-05  7.92588E-03  6.75521E-07  9.99969E-01  0.00000E+00
  5.250E-01  2.09899E-05  8.32225E-03  7.36959E-07  9.99965E-01 -2.22045E-16
  5.500E-01  2.30365E-05  8.71863E-03  8.00429E-07  9.99962E-01  1.11022E-16
  5.750E-01  2.51783E-05  9.11502E-03  8.66383E-07  9.99958E-01  1.11022E-16
  6.000E-01  2.74153E-05  9.51141E-03  9.35061E-07  9.99955E-01  0.00000E+00
  6.250E-01  2.97475E-05  9.90781E-03  1.00667E-06  9.99951E-01  0.00000E+00
  6.500E-01  3.21749E-05  1.03042E-02  1.08106E-06  9.99947E-01 -2.22045E-16
  6.750E-01  3.46974E-05  1.07006E-02  1.15840E-06  9.99943E-01  1.11022E-16
  7.000E-01  3.73152E-05  1.10971E-02  1.23907E-06  9.99938E-01  0.00000E+00
  7.250E-01  4.00281E-05  1.14935E-02  1.32311E-06  9.99934E-01  1.11022E-16
  7.500E-01  4.28362E-05  1.18899E-02  1.40994E-06  9.99929E-01  1.11022E-16
  7.750E-01  4.57395E-05  1.22864E-02  1.49940E-06  9.99925E-01 -2.22045E-16
  8.000E-01  4.87380E-05  1.26828E-02  1.59192E-06  9.99920E-01  0.00000E+00
  8.250E-01  5.18317E-05  1.30793E-02  1.68800E-06  9.99914E-01  0.00000E+00
  8.500E-01  5.50205E-05  1.34757E-02  1.78705E-06  9.99909E-01  0.00000E+00
  8.750E-01  5.83045E-05  1.38722E-02  1.88826E-06  9.99904E-01  1.11022E-16
  9.000E-01  6.16838E-05  1.42686E-02  1.99153E-06  9.99898E-01 -2.22045E-16
  9.250E-01  6.51582E-05  1.46651E-02  2.09763E-06  9.99892E-01  1.11022E-16
  9.500E-01  6.87277E-05  1.50616E-02  2.20678E-06  9.99887E-01  1.11022E-16
  9.750E-01  7.23925E-05  1.54581E-02  2.31826E-06  9.99881E-01  0.00000E+00
  1.000E+00  7.61524E-05  1.58546E-02  2.43121E-06  9.99874E-01 -2.22045E-16
  1.100E+00  9.21439E-05  1.74407E-02  2.90421E-06  9.99848E-01 -2.22045E-16
  1.200E+00  1.09658E-04  1.90268E-02  3.40918E-06  9.99819E-01  2.22045E-16
  1.300E+00  1.28695E-04  2.06131E-02  3.94870E-06  9.99788E-01  1.11022E-16
  1.400E+00  1.49255E-04  2.21995E-02  4.52758E-06  9.99754E-01 -2.22045E-16
  1.500E+00  1.71338E-04  2.37859E-02  5.15048E-06  9.99717E-01 -2.22045E-16
  1.600E+00  1.94942E-04  2.53725E-02  5.82192E-06  9.99678E-01 -2.22045E-16
  1.700E+00  2.20070E-04  2.69591E-02  6.54341E-06  9.99637E-01  0.00000E+00
  1.800E+00  2.46720E-04  2.85458E-02  7.31893E-06  9.99592E-01  4.44089E-16
  1.900E+00  2.74892E-04  3.01326E-02  8.15073E-06  9.99546E-01 -2.22045E-16
  2.000E+00  3.04586E-04  3.17194E-02  9.03653E-06  9.99497E-01  0.00000E+00
  2.100E+00  3.35803E-04  3.33063E-02  9.97778E-06  9.99445E-01 -2.22045E-16
  2.200E+00  3.68542E-04  3.48933E-02  1.09764E-05  9.99391E-01 -2.22045E-16
  2.300E+00  4.02802E-04  3.64803E-02  1.20294E-05  9.99334E-01  0.00000E+00
  2.400E+00  4.38585E-04  3.80674E-02  1.31370E-05  9.99275E-01  0.00000E+00
  2.500E+00  4.75889E-04  3.96546E-02  1.43011E-05  9.99213E-01  0.00000E+00
  2.600E+00  5.14715E-04  4.12418E-02  1.55191E-05  9.99149E-01  3.33067E-16
  2.700E+00  5.55063E-04  4.28291E-02  1.67924E-05  9.99082E-01 -2.22045E-16
  2.800E+00  5.96931E-04  4.44164E-02  1.81224E-05  9.99013E-01  0.00000E+00
  2.900E+00  6.40321E-04  4.60037E-02  1.95078E-05  9.98941E-01  1.11022E-16
  3.000E+00  6.85233E-04  4.75911E-02  2.09496E-05  9.98867E-01  2.22045E-16
  3.100E+00  7.31665E-04  4.91785E-02  2.24489E-05  9.98790E-01 -2.22045E-16
  3.200E+00  7.79618E-04  5.07660E-02  2.40062E-05  9.98711E-01  1.11022E-16
  3.300E+00  8.29092E-04  5.23535E-02  2.56224E-05  9.98629E-01  0.00000E+00
  3.400E+00  8.80086E-04  5.39410E-02  2.72976E-05  9.98544E-01  0.00000E+00
  3.500E+00  9.32601E-04  5.55286E-02  2.90335E-05  9.98457E-01 -2.22045E-16
  3.600E+00  9.86636E-04  5.71161E-02  3.08300E-05  9.98368E-01  0.00000E+00
  3.700E+00  1.04219E-03  5.87038E-02  3.26870E-05  9.98275E-01 -4.44089E-16
  3.800E+00  1.09927E-03  6.02914E-02  3.46076E-05  9.98181E-01 -2.22045E-16
  3.900E+00  1.15786E-03  6.18790E-02  3.65898E-05  9.98084E-01 -2.22045E-16
  4.000E+00  1.21797E-03  6.34667E-02  3.86333E-05  9.97984E-01  0.00000E+00
  4.100E+00  1.27961E-03  6.50543E-02  4.07428E-05  9.97882E-01  3.33067E-16
  4.200E+00  1.34276E-03  6.66420E-02  4.29138E-05  9.97777E-01  1.11022E-16
  4.300E+00  1.40743E-03  6.82297E-02  4.51469E-05  9.97670E-01  2.22045E-16
  4.400E+00  1.47362E-03  6.98174E-02  4.74486E-05  9.97560E-01 -2.22045E-16
  4.500E+00  1.54133E-03  7.14051E-02  4.98112E-05  9.97447E-01 -4.44089E-16
  4.600E+00  1.61056E-03  7.29928E-02  5.22355E-05  9.97332E-01  0.00000E+00
  4.700E+00  1.68131E-03  7.45804E-02  5.47304E-05  9.97215E-01  1.11022E-16
  4.800E+00  1.75357E-03  7.61681E-02  5.72842E-05  9.97095E-01 -2.22045E-16
  4.900E+00  1.82735E-03  7.77558E-02  5.99005E-05  9.96972E-01  0.00000E+00
  5.000E+00  1.90265E-03  7.93434E-02  6.25893E-05  9.96847E-01 -2.22045E-16
  5.100E+00  1.97947E-03  8.09310E-02  6.53342E-05  9.96720E-01  0.00000E+00
  5.200E+00  2.05780E-03  8.25186E-02  6.81396E-05  9.96590E-01 -2.22045E-16
  5.300E+00  2.13765E-03  8.41062E-02  7.10187E-05  9.96457E-01  0.00000E+00
  5.400E+00  2.21902E-03  8.56938E-02  7.39514E-05  9.96322E-01  0.00000E+00
  5.500E+00  2.30190E-03  8.72813E-02  7.69448E-05  9.96184E-01  1.11022E-16
  5.600E+00  2.38630E-03  8.88688E-02  8.00139E-05  9.96043E-01  0.00000E+00
  5.700E+00  2.47222E-03  9.04562E-02  8.31320E-05  9.95900E-01  0.00000E+00
  5.800E+00  2.55965E-03  9.20437E-02  8.63081E-05  9.95755E-01 -2.22045E-16
  5.900E+00  2.64859E-03  9.36310E-02  8.95614E-05  9.95607E-01  3.33067E-16
  6.000E+00  2.73905E-03  9.52184E-02  9.28590E-05  9.95456E-01 -2.22045E-16
  6.100E+00  2.83103E-03  9.68056E-02  9.62143E-05  9.95303E-01 -2.22045E-16
  6.200E+00  2.92452E-03  9.83929E-02  9.96500E-05  9.95148E-01  1.11022E-16
  6.300E+00  3.01952E-03  9.99801E-02  1.03121E-04  9.94989E-01 -4.44089E-16
  6.400E+00  3.11604E-03  1.01567E-01  1.06649E-04  9.94829E-01 -2.22045E-16
  6.500E+00  3.21407E-03  1.03154E-01  1.10262E-04  9.94665E-01  1.11022E-16
  6.600E+00  3.31362E-03  1.04741E-01  1.13897E-04  9.94500E-01  1.11022E-16
  6.700E+00  3.41468E-03  1.06328E-01  1.17597E-04  9.94331E-01  2.22045E-16
  6.800E+00  3.51725E-03  1.07915E-01  1.21383E-04  9.94160E-01 -2.22045E-16
  6.900E+00  3.62133E-03  1.09502E-01  1.25170E-04  9.93987E-01  2.22045E-16
  7.000E+00  3.72692E-03  1.11089E-01  1.29045E-04  9.93811E-01  2.22045E-16
  7.100E+00  3.83403E-03  1.12675E-01  1.32977E-04  9.93632E-01  4.44089E-16
  7.200E+00  3.94265E-03  1.14262E-01  1.36923E-04  9.93451E-01  1.11022E-16
  7.300E+00  4.05278E-03  1.15848E-01  1.40953E-04  9.93267E-01  2.22045E-16
  7.400E+00  4.16442E-03  1.17435E-01  1.45038E-04  9.93081E-01  3.33067E-16
  7.500E+00  4.27757E-03  1.19021E-01  1.49126E-04  9.92892E-01 -4.44089E-16
  7.600E+00  4.39223E-03  1.20607E-01  1.53309E-04  9.92700E-01  3.33067E-16
  7.700E+00  4.50840E-03  1.22193E-01  1.57523E-04  9.92506E-01  0.00000E+00
  7.800E+00  4.62608E-03  1.23779E-01  1.61760E-04  9.92310E-01 -2.22045E-16
  7.900E+00  4.74527E-03  1.25365E-01  1.66083E-04  9.92111E-01  1.11022E-16
  8.000E+00  4.86597E-03  1.26951E-01  1.70426E-04  9.91909E-01 -2.22045E-16
  8.100E+00  4.98817E-03  1.28537E-01  1.74798E-04  9.91705E-01  0.00000E+00
  8.200E+00  5.11188E-03  1.30122E-01  1.79238E-04  9.91498E-01  0.00000E+00
  8.300E+00  5.23711E-03  1.31708E-01  1.83702E-04  9.91289E-01  1.11022E-16
  8.400E+00  5.36383E-03  1.33293E-01  1.88199E-04  9.91077E-01  0.00000E+00
  8.500E+00  5.49207E-03  1.34878E-01  1.92756E-04  9.90862E-01 -2.22045E-16
  8.600E+00  5.62181E-03  1.36463E-01  1.97336E-04  9.90645E-01 -2.22045E-16
  8.700E+00  5.75306E-03  1.38048E-01  2.01941E-04  9.90425E-01 -2.22045E-16
  8.800E+00  5.88581E-03  1.39633E-01  2.06595E-04  9.90203E-01 -2.22045E-16
  8.900E+00  6.02007E-03  1.41218E-01  2.11276E-04  9.89979E-01  2.22045E-16
  9.000E+00  6.15583E-03  1.42802E-01  2.15986E-04  9.89751E-01 -2.22045E-16
  9.100E+00  6.29310E-03  1.44387E-01  2.20743E-04  9.89521E-01  2.22045E-16
  9.200E+00  6.43187E-03  1.45971E-01  2.25521E-04  9.89289E-01  0.00000E+00
  9.300E+00  6.57214E-03  1.47555E-01  2.30317E-04  9.89054E-01  0.00000E+00
  9.400E+00  6.71392E-03  1.49139E-01  2.35149E-04  9.88816E-01  1.11022E-16
  9.500E+00  6.85720E-03  1.50723E-01  2.40004E-04  9.88576E-01  0.00000E+00
  9.600E+00  7.00198E-03  1.52307E-01  2.44882E-04  9.88333E-01 -2.22045E-16
  9.700E+00  7.14827E-03  1.53890E-01  2.49795E-04  9.88088E-01  0.00000E+00
  9.800E+00  7.29605E-03  1.55473E-01  2.54723E-04  9.87840E-01  0.00000E+00
  9.900E+00  7.44534E-03  1.57056E-01  2.59663E-04  9.87590E-01  1.11022E-16
  1.000E+01  7.59612E-03  1.58639E-01  2.64626E-04  9.87337E-01  0.00000E+00
  1.025E+01  7.97965E-03  1.62596E-01  2.77124E-04  9.86693E-01  3.33067E-16
  1.050E+01  8.37255E-03  1.66551E-01  2.89718E-04  9.86033E-01 -2.22045E-16
  1.075E+01  8.77480E-03  1.70505E-01  3.02379E-04  9.85357E-01  1.11022E-16
  1.100E+01  9.18641E-03  1.74458E-01  3.15103E-04  9.84665E-01  0.00000E+00
  1.125E+01  9.60736E-03  1.78410E-01  3.27830E-04  9.83956E-01 -2.22045E-16
  1.150E+01  1.00376E-02  1.82360E-01  3.40596E-04  9.83232E-01  1.11022E-16
  1.175E+01  1.04773E-02  1.86308E-01  3.53336E-04  9.82491E-01  1.11022E-16
  1.200E+01  1.09262E-02  1.90255E-01  3.66046E-04  9.81735E-01  2.22045E-16
  1.225E+01  1.13844E-02  1.94200E-01  3.78698E-04  9.80962E-01  3.33067E-16
  1.250E+01  1.18520E-02  1.98144E-01  3.91252E-04  9.80173E-01 -2.22045E-16
  1.275E+01  1.23288E-02  2.02086E-01  4.03745E-04  9.79368E-01 -2.22045E-16
  1.300E+01  1.28150E-02  2.06026E-01  4.16089E-04  9.78546E-01 -2.22045E-16
  1.325E+01  1.33104E-02  2.09964E-01  4.28308E-04  9.77709E-01  1.11022E-16
  1.350E+01  1.38150E-02  2.13900E-01  4.40344E-04  9.76855E-01  2.22045E-16
  1.375E+01  1.43290E-02  2.17834E-01  4.52193E-04  9.75986E-01  1.11022E-16
  1.400E+01  1.48521E-02  2.21766E-01  4.63873E-04  9.75100E-01 -2.22045E-16
  1.425E+01  1.53845E-02  2.25696E-01  4.75279E-04  9.74198E-01  0.00000E+00
  1.450E+01  1.59262E-02  2.29624E-01  4.86453E-04  9.73279E-01 -2.22045E-16
  1.475E+01  1.64770E-02  2.33549E-01  4.97307E-04  9.72345E-01  0.00000E+00
  1.500E+01  1.70371E-02  2.37472E-01  5.07897E-04  9.71394E-01  1.11022E-16
  1.525E+01  1.76063E-02  2.41393E-01  5.18199E-04  9.70427E-01  4.44089E-16
  1.550E+01  1.81848E-02  2.45311E-01  5.28120E-04  9.69444E-01 -2.22045E-16
  1.575E+01  1.87724E-02  2.49226E-01  5.37720E-04  9.68445E-01  1.11022E-16
  1.600E+01  1.93692E-02  2.53139E-01  5.46865E-04  9.67430E-01  1.11022E-16
  1.625E+01  1.99751E-02  2.57049E-01  5.55699E-04  9.66398E-01  0.00000E+00
  1.650E+01  2.05901E-02  2.60956E-01  5.64090E-04  9.65350E-01  1.11022E-16
  1.675E+01  2.12143E-02  2.64860E-01  5.72034E-04  9.64287E-01  0.00000E+00
  1.700E+01  2.18476E-02  2.68762E-01  5.79547E-04  9.63207E-01  1.11022E-16
  1.725E+01  2.24900E-02  2.72660E-01  5.86483E-04  9.62110E-01  0.00000E+00
  1.750E+01  2.31415E-02  2.76555E-01  5.93103E-04  9.60998E-01  2.22045E-16
  1.775E+01  2.38021E-02  2.80447E-01  5.99059E-04  9.59869E-01  0.00000E+00
  1.800E+01  2.44717E-02  2.84335E-01  6.04473E-04  9.58725E-01 -2.22045E-16
  1.825E+01  2.51504E-02  2.88220E-01  6.09448E-04  9.57564E-01  0.00000E+00
  1.850E+01  2.58382E-02  2.92102E-01  6.13670E-04  9.56387E-01  2.22045E-16
  1.875E+01  2.65349E-02  2.95980E-01  6.17456E-04  9.55194E-01  2.22045E-16
  1.900E+01  2.72407E-02  2.99855E-01  6.20550E-04  9.53985E-01 -2.22045E-16
  1.925E+01  2.79555E-02  3.03726E-01  6.23060E-04  9.52759E-01  0.00000E+00
  1.950E+01  2.86793E-02  3.07593E-01  6.24848E-04  9.51518E-01  3.33067E-16
  1.975E+01  2.94120E-02  3.11456E-01  6.26088E-04  9.50260E-01  1.11022E-16
  2.000E+01  3.01537E-02  3.15315E-01  6.26627E-04  9.48987E-01 -2.22045E-16
  2.025E+01  3.09043E-02  3.19171E-01  6.26504E-04  9.47697E-01  0.00000E+00
  2.050E+01  3.16639E-02  3.23022E-01  6.25626E-04  9.46391E-01  0.00000E+00
  2.075E+01  3.24324E-02  3.26869E-01  6.24036E-04  9.45069E-01 -2.22045E-16
  2.100E+01  3.32098E-02  3.30712E-01  6.21764E-04  9.43732E-01  0.00000E+00
  2.125E+01  3.39961E-02  3.34550E-01  6.18725E-04  9.42378E-01  0.00000E+00
  2.150E+01  3.47912E-02  3.38384E-01  6.14898E-04  9.41008E-01  2.22045E-16
  2.175E+01  3.55952E-02  3.42214E-01  6.10226E-04  9.39622E-01  2.22045E-16
  2.200E+01  3.64081E-02  3.46039E-01  6.04779E-04  9.38220E-01 -2.22045E-16
  2.225E+01  3.72297E-02  3.49859E-01  5.98560E-04  9.36802E-01 -4.44089E-16
  2.250E+01  3.80602E-02  3.53675E-01  5.91513E-04  9.35368E-01  0.00000E+00
  2.275E+01  3.88995E-02  3.57485E-01  5.83603E-04  9.33919E-01  2.22045E-16
  2.300E+01  3.97476E-02  3.61291E-01  5.74824E-04  9.32453E-01  0.00000E+00
  2.325E+01  4.06044E-02  3.65092E-01  5.65250E-04  9.30971E-01  0.00000E+00
  2.350E+01  4.14700E-02  3.68888E-01  5.54863E-04  9.29474E-01  1.11022E-16
  2.375E+01  4.23443E-02  3.72678E-01  5.43599E-04  9.27960E-01  0.00000E+00
  2.400E+01  4.32273E-02  3.76464E-01  5.31410E-04  9.26431E-01  2.22045E-16
  2.425E+01  4.41190E-02  3.80243E-01  5.18310E-04  9.24886E-01  1.11022E-16
  2.450E+01  4.50194E-02  3.84018E-01  5.04351E-04  9.23325E-01  0.00000E+00
  2.475E+01  4.59284E-02  3.87787E-01  4.89490E-04  9.21749E-01  2.22045E-16
  2.500E+01  4.68461E-02  3.91551E-01  4.73649E-04  9.20156E-01  0.00000E+00
  2.550E+01  4.87074E-02  3.99061E-01  4.38966E-04  9.16924E-01 -4.44089E-16
  2.600E+01  5.06030E-02  4.06547E-01  4.00535E-04  9.13630E-01 -2.22045E-16
  2.650E+01  5.25328E-02  4.14010E-01  3.58106E-04  9.10272E-01  1.11022E-16
  2.700E+01  5.44967E-02  4.21448E-01  3.11867E-04  9.06852E-01  1.11022E-16
  2.750E+01  5.64946E-02  4.28861E-01  2.61743E-04  9.03370E-01  0.00000E+00
  2.800E+01  5.85262E-02  4.36248E-01  2.07469E-04  8.99826E-01  2.22045E-16
  2.850E+01  6.05914E-02  4.43609E-01  1.49160E-04  8.96220E-01  1.11022E-16
  2.900E+01  6.26901E-02  4.50942E-01  8.63668E-05  8.92553E-01  1.11022E-16
  2.950E+01  6.48222E-02  4.58248E-01  1.94090E-05  8.88824E-01  1.11022E-16
  3.000E+01  6.69873E-02  4.65525E-01 -5.18348E-05  8.85035E-01 -4.44089E-16
  3.050E+01  6.91854E-02  4.72773E-01 -1.27257E-04  8.81184E-01  4.44089E-16
  3.100E+01  7.14163E-02  4.79991E-01 -2.06690E-04  8.77273E-01  2.22045E-16
  3.150E+01  7.36799E-02  4.87179E-01 -2.90651E-04  8.73302E-01  2.22045E-16
  3.200E+01  7.59760E-02  4.94336E-01 -3.78842E-04  8.69271E-01 -2.22045E-16
  3.250E+01  7.83043E-02  5.01461E-01 -4.71831E-04  8.65180E-01  0.00000E+00
  3.300E+01  8.06647E-02  5.08555E-01 -5.69265E-04  8.61029E-01  2.22045E-16
  3.350E+01  8.30571E-02  5.15615E-01 -6.70996E-04  8.56820E-01  2.22045E-16
  3.400E+01  8.54812E-02  5.22642E-01 -7.77246E-04  8.52552E-01  2.22045E-16
  3.450E+01  8.79369E-02  5.29635E-01 -8.87248E-04  8.48225E-01  1.11022E-16
  3.500E+01  9.04240E-02  5.36594E-01 -1.00237E-03  8.43840E-01  0.00000E+00
  3.550E+01  9.29422E-02  5.43517E-01 -1.12126E-03  8.39397E-01 -2.22045E-16
  3.600E+01  9.54915E-02  5.50404E-01 -1.24579E-03  8.34897E-01  0.00000E+00
  3.650E+01  9.80716E-02  5.57256E-01 -1.37412E-03  8.30340E-01  3.33067E-16
  3.700E+01  1.00682E-01  5.64070E-01 -1.50754E-03  8.25725E-01 -2.22045E-16
  3.750E+01  1.03323E-01  5.70847E-01 -1.64466E-03  8.21055E-01 -2.22045E-16
  3.800E+01  1.05995E-01  5.77586E-01 -1.78632E-03  8.16328E-01 -2.22045E-16
  3.850E+01  1.08696E-01  5.84286E-01 -1.93233E-03  8.11545E-01 -2.22045E-16
  3.900E+01  1.11427E-01  5.90948E-01 -2.08296E-03  8.06707E-01  0.00000E+00
  3.950E+01  1.14188E-01  5.97569E-01 -2.23851E-03  8.01814E-01  2.22045E-16
  4.000E+01  1.16978E-01  6.04151E-01 -2.39851E-03  7.96867E-01  0.00000E+00
  4.050E+01  1.19797E-01  6.10691E-01 -2.56300E-03  7.91865E-01  0.00000E+00
  4.100E+01  1.22645E-01  6.17191E-01 -2.73154E-03  7.86809E-01  0.00000E+00
  4.150E+01  1.25522E-01  6.23648E-01 -2.90428E-03  7.81700E-01  0.00000E+00
  4.200E+01  1.28428E-01  6.30063E-01 -3.08145E-03  7.76538E-01  4.44089E-16
  4.250E+01  1.31361E-01  6.36436E-01 -3.26322E-03  7.71323E-01  0.00000E+00
  4.300E+01  1.34323E-01  6.42765E-01 -3.44980E-03  7.66055E-01  2.22045E-16
  4.350E+01  1.37313E-01  6.49051E-01 -3.64088E-03  7.60736E-01 -2.22045E-16
  4.400E+01  1.40330E-01  6.55292E-01 -3.83626E-03  7.55366E-01  0.00000E+00
  4.450E+01  1.43375E-01  6.61488E-01 -4.03567E-03  7.49945E-01  0.00000E+00
  4.500E+01  1.46447E-01  6.67639E-01 -4.23914E-03  7.44473E-01  2.22045E-16
  4.550E+01  1.49545E-01  6.73745E-01 -4.44697E-03  7.38951E-01  0.00000E+00
  4.600E+01  1.52671E-01  6.79804E-01 -4.65936E-03  7.33379E-01  1.11022E-16
  4.650E+01  1.55823E-01  6.85817E-01 -4.87645E-03  7.27758E-01  2.22045E-16
  4.700E+01  1.59001E-01  6.91782E-01 -5.09801E-03  7.22088E-01  2.22045E-16
  4.750E+01  1.62205E-01  6.97700E-01 -5.32374E-03  7.16370E-01  1.11022E-16
  4.800E+01  1.65435E-01  7.03570E-01 -5.55342E-03  7.10605E-01  3.33067E-16
  4.850E+01  1.68690E-01  7.09391E-01 -5.78706E-03  7.04791E-01  1.11022E-16
  4.900E+01  1.71970E-01  7.15164E-01 -6.02494E-03  6.98931E-01  2.22045E-16
  4.950E+01  1.75276E-01  7.20887E-01 -6.26731E-03  6.93024E-01  0.00000E+00
  5.000E+01  1.78606E-01  7.26561E-01 -6.51428E-03  6.87071E-01  1.11022E-16
  5.050E+01  1.81961E-01  7.32184E-01 -6.76567E-03  6.81073E-01  4.44089E-16
  5.100E+01  1.85340E-01  7.37757E-01 -7.02115E-03  6.75030E-01  2.22045E-16
  5.150E+01  1.88743E-01  7.43279E-01 -7.28050E-03  6.68942E-01  0.00000E+00
  5.200E+01  1.92169E-01  7.48750E-01 -7.54371E-03  6.62810E-01  1.11022E-16
  5.250E+01  1.95619E-01  7.54169E-01 -7.81104E-03  6.56634E-01 -2.22045E-16
  5.300E+01  1.99092E-01  7.59536E-01 -8.08277E-03  6.50415E-01 -2.22045E-16
  5.350E+01  2.02589E-01  7.64850E-01 -8.35904E-03  6.44154E-01  0.00000E+00
  5.400E+01  2.06107E-01  7.70111E-01 -8.63968E-03  6.37851E-01  2.22045E-16
  5.450E+01  2.09649E-01  7.75320E-01 -8.92438E-03  6.31506E-01  0.00000E+00
  5.500E+01  2.13212E-01  7.80474E-01 -9.21287E-03  6.25120E-01  0.00000E+00
  5.550E+01  2.16797E-01  7.85575E-01 -9.50513E-03  6.18693E-01  0.00000E+00
  5.600E+01  2.20404E-01  7.90622E-01 -9.80140E-03  6.12227E-01  1.11022E-16
  5.650E+01  2.24032E-01  7.95613E-01 -1.01020E-02  6.05720E-01  2.22045E-16
  5.700E+01  2.27680E-01  8.00550E-01 -1.04071E-02  5.99175E-01  2.22045E-16
  5.750E+01  2.31350E-01  8.05432E-01 -1.07165E-02  5.92592E-01  2.22045E-16
  5.800E+01  2.35040E-01  8.10257E-01 -1.10300E-02  5.85971E-01  0.00000E+00
  5.850E+01  2.38751E-01  8.15027E-01 -1.13473E-02  5.79312E-01  0.00000E+00
  5.900E+01  2.42481E-01  8.19741E-01 -1.16682E-02  5.72616E-01  4.44089E-16
  5.950E+01  2.46231E-01  8.24398E-01 -1.19931E-02  5.65883E-01  0.00000E+00
  6.000E+01  2.50000E-01  8.28998E-01 -1.23222E-02  5.59115E-01  0.00000E+00
  6.050E+01  2.53788E-01  8.33541E-01 -1.26558E-02  5.52312E-01  0.00000E+00
  6.100E+01  2.57595E-01  8.38027E-01 -1.29938E-02  5.45474E-01  2.22045E-16
  6.150E+01  2.61421E-01  8.42454E-01 -1.33360E-02  5.38603E-01  4.44089E-16
  6.200E+01  2.65264E-01  8.46824E-01 -1.36818E-02  5.31697E-01 -2.22045E-16
  6.250E+01  2.69126E-01  8.51136E-01 -1.40313E-02  5.24758E-01 -4.44089E-16
  6.300E+01  2.73005E-01  8.55389E-01 -1.43846E-02  5.17787E-01 -4.44089E-16
  6.350E+01  2.76901E-01  8.59583E-01 -1.47421E-02  5.10784E-01  2.22045E-16
  6.400E+01  2.80814E-01  8.63718E-01 -1.51041E-02  5.03749E-01  0.00000E+00
  6.450E+01  2.84744E-01  8.67794E-01 -1.54707E-02  4.96684E-01  0.00000E+00
  6.500E+01  2.88691E-01  8.71809E-01 -1.58415E-02  4.89589E-01  2.22045E-16
  6.550E+01  2.92653E-01  8.75766E-01 -1.62161E-02  4.82464E-01 -2.22045E-16
  6.600E+01  2.96632E-01  8.79662E-01 -1.65941E-02  4.75310E-01  0.00000E+00
  6.650E+01  3.00625E-01  8.83498E-01 -1.69758E-02  4.68127E-01 -2.22045E-16
  6.700E+01  3.04634E-01  8.87274E-01 -1.73617E-02  4.60916E-01 -4.44089E-16
  6.750E+01  3.08658E-01  8.90989E-01 -1.77524E-02  4.53678E-01  0.00000E+00
  6.800E+01  3.12697E-01  8.94643E-01 -1.81479E-02  4.46413E-01  3.33067E-16
  6.850E+01  3.16749E-01  8.98235E-01 -1.85479E-02  4.39123E-01 -2.22045E-16
  6.900E+01  3.20816E-01  9.01767E-01 -1.89515E-02  4.31807E-01 -2.22045E-16
  6.950E+01  3.24896E-01  9.05237E-01 -1.93581E-02  4.24466E-01  0.00000E+00
  7.000E+01  3.28990E-01  9.08646E-01 -1.97682E-02  4.17098E-01 -2.22045E-16
  7.050E+01  3.33097E-01  9.11994E-01 -2.01829E-02  4.09708E-01 -2.22045E-16
  7.100E+01  3.37216E-01  9.15278E-01 -2.06033E-02  4.02295E-01  0.00000E+00
  7.150E+01  3.41348E-01  9.18500E-01 -2.10291E-02  3.94861E-01 -2.22045E-16
  7.200E+01  3.45492E-01  9.21659E-01 -2.14585E-02  3.87406E-01 -2.22045E-16
  7.250E+01  3.49647E-01  9.24758E-01 -2.18905E-02  3.79926E-01  2.22045E-16
  7.300E+01  3.53814E-01  9.27794E-01 -2.23256E-02  3.72424E-01  0.00000E+00
  7.350E+01  3.57992E-01  9.30767E-01 -2.27658E-02  3.64903E-01  2.22045E-16
  7.400E+01  3.62181E-01  9.33676E-01 -2.32117E-02  3.57365E-01  0.00000E+00
  7.450E+01  3.66381E-01  9.36523E-01 -2.36627E-02  3.49808E-01 -2.22045E-16
  7.500E+01  3.70590E-01  9.39306E-01 -2.41176E-02  3.42232E-01 -2.22045E-16
  7.550E+01  3.74810E-01  9.42027E-01 -2.45760E-02  3.34637E-01  0.00000E+00
  7.600E+01  3.79039E-01  9.44684E-01 -2.50382E-02  3.27024E-01  1.11022E-16
  7.650E+01  3.83277E-01  9.47278E-01 -2.55049E-02  3.19395E-01  4.44089E-16
  7.700E+01  3.87524E-01  9.49809E-01 -2.59765E-02  3.11751E-01 -4.44089E-16
  7.750E+01  3.91780E-01  9.52275E-01 -2.64531E-02  3.04092E-01  1.11022E-16
  7.800E+01  3.96044E-01  9.54678E-01 -2.69344E-02  2.96419E-01 -2.22045E-16
  7.850E+01  4.00316E-01  9.57017E-01 -2.74202E-02  2.88731E-01  0.00000E+00
  7.900E+01  4.04596E-01  9.59293E-01 -2.79101E-02  2.81030E-01  1.11022E-16
  7.950E+01  4.08882E-01  9.61505E-01 -2.84043E-02  2.73315E-01  0.00000E+00
  8.000E+01  4.13176E-01  9.63653E-01 -2.89030E-02  2.65589E-01  1.11022E-16
  8.050E+01  4.17476E-01  9.65737E-01 -2.94067E-02  2.57851E-01  4.44089E-16
  8.100E+01  4.21783E-01  9.67757E-01 -2.99154E-02  2.50102E-01  2.22045E-16
  8.150E+01  4.26095E-01  9.69713E-01 -3.04290E-02  2.42344E-01  0.00000E+00
  8.200E+01  4.30413E-01  9.71605E-01 -3.09474E-02  2.34575E-01  0.00000E+00
  8.250E+01  4.34737E-01  9.73433E-01 -3.14704E-02  2.26798E-01  2.22045E-16
  8.300E+01  4.39065E-01  9.75197E-01 -3.19980E-02  2.19012E-01  3.33067E-16
  8.350E+01  4.43398E-01  9.76898E-01 -3.25304E-02  2.11218E-01  3.33067E-16
  8.400E+01  4.47736E-01  9.78534E-01 -3.30679E-02  2.03417E-01  1.11022E-16
  8.450E+01  4.52077E-01  9.80106E-01 -3.36106E-02  1.95610E-01  4.44089E-16
  8.500E+01  4.56422E-01  9.81614E-01 -3.41585E-02  1.87798E-01  2.22045E-16
  8.550E+01  4.60770E-01  9.83058E-01 -3.47116E-02  1.79980E-01  1.11022E-16
  8.600E+01  4.65122E-01  9.84438E-01 -3.52696E-02  1.72158E-01  3.33067E-16
  8.650E+01  4.69476E-01  9.85754E-01 -3.58327E-02  1.64332E-01  0.00000E+00
  8.700E+01  4.73832E-01  9.87007E-01 -3.64008E-02  1.56502E-01  1.11022E-16
  8.750E+01  4.78190E-01  9.88195E-01 -3.69743E-02  1.48670E-01 -4.44089E-16
  8.800E+01  4.82550E-01  9.89320E-01 -3.75533E-02  1.40836E-01  0.00000E+00
  8.850E+01  4.86912E-01  9.90382E-01 -3.81379E-02  1.33001E-01 -4.44089E-16
  8.900E+01  4.91274E-01  9.91380E-01 -3.87281E-02  1.25166E-01  0.00000E+00
  8.950E+01  4.95637E-01  9.92314E-01 -3.93237E-02  1.17330E-01  3.33067E-16
  9.000E+01  5.00000E-01  9.93185E-01 -3.99248E-02  1.09496E-01  2.22045E-16
  9.050E+01  5.04363E-01  9.93993E-01 -4.05314E-02  1.01662E-01  3.33067E-16
  9.100E+01  5.08726E-01  9.94738E-01 -4.11436E-02  9.38303E-02  1.11022E-16
  9.150E+01  5.13088E-01  9.95419E-01 -4.17618E-02  8.60015E-02  2.22045E-16
  9.200E+01  5.17450E-01  9.96038E-01 -4.23860E-02  7.81764E-02  0.00000E+00
  9.250E+01  5.21810E-01  9.96594E-01 -4.30162E-02  7.03554E-02 -6.66134E-16
  9.300E+01  5.26168E-01  9.97087E-01 -4.36525E-02  6.25390E-02 -2.22045E-16
  9.350E+01  5.30524E-01  9.97518E-01 -4.42947E-02  5.47278E-02  1.11022E-16
  9.400E+01  5.34878E-01  9.97887E-01 -4.49429E-02  4.69224E-02  3.33067E-16
  9.450E+01  5.39230E-01  9.98193E-01 -4.55972E-02  3.91235E-02  0.00000E+00
  9.500E+01  5.43578E-01  9.98438E-01 -4.62580E-02  3.13322E-02 -4.44089E-16
  9.550E+01  5.47923E-01  9.98621E-01 -4.69253E-02  2.35490E-02  0.00000E+00
  9.600E+01  5.52264E-01  9.98742E-01 -4.75993E-02  1.57747E-02  0.00000E+00
  9.650E+01  5.56602E-01  9.98802E-01 -4.82799E-02  8.00985E-03  1.11022E-16
  9.700E+01  5.60935E-01  9.98800E-01 -4.89670E-02  2.54800E-04  2.22045E-16
  9.750E+01  5.65263E-01  9.98738E-01 -4.96608E-02 -7.48980E-03 -2.22045E-16
  9.800E+01  5.69587E-01  9.98615E-01 -5.03613E-02 -1.52232E-02  1.11022E-16
  9.850E+01  5.73905E-01  9.98432E-01 -5.10688E-02 -2.29445E-02  4.44089E-16
  9.900E+01  5.78217E-01  9.98188E-01 -5.17836E-02 -3.06529E-02  3.33067E-16
  9.950E+01  5.82524E-01  9.97884E-01 -5.25056E-02 -3.83476E-02  1.11022E-16
  1.000E+02  5.86824E-01  9.97521E-01 -5.32350E-02 -4.60282E-02  3.33067E-16
  1.005E+02  5.91118E-01  9.97098E-01 -5.39718E-02 -5.36942E-02 -2.22045E-16
  1.010E+02  5.95404E-01  9.96616E-01 -5.47158E-02 -6.13450E-02  2.22045E-16
  1.015E+02  5.99684E-01  9.96075E-01 -5.54674E-02 -6.89799E-02 -2.22045E-16
  1.020E+02  6.03956E-01  9.95475E-01 -5.62268E-02 -7.65980E-02  0.00000E+00
  1.025E+02  6.08220E-01  9.94818E-01 -5.69941E-02 -8.41985E-02  1.11022E-16
  1.030E+02  6.12476E-01  9.94102E-01 -5.77695E-02 -9.17805E-02 -2.22045E-16
  1.035E+02  6.16723E-01  9.93329E-01 -5.85532E-02 -9.93435E-02 -4.44089E-16
  1.040E+02  6.20961E-01  9.92499E-01 -5.93451E-02 -1.06887E-01  2.22045E-16
  1.045E+02  6.25190E-01  9.91611E-01 -6.01452E-02 -1.14411E-01  3.33067E-16
  1.050E+02  6.29410E-01  9.90667E-01 -6.09538E-02 -1.21914E-01 -4.44089E-16
  1.055E+02  6.33619E-01  9.89667E-01 -6.17710E-02 -1.29395E-01  0.00000E+00
  1.060E+02  6.37819E-01  9.88611E-01 -6.25971E-02 -1.36854E-01  1.11022E-16
  1.065E+02  6.42008E-01  9.87500E-01 -6.34324E-02 -1.44289E-01  3.33067E-16
  1.070E+02  6.46186E-01  9.86334E-01 -6.42769E-02 -1.51701E-01 -4.44089E-16
  1.075E+02  6.50353E-01  9.85114E-01 -6.51307E-02 -1.59088E-01 -4.44089E-16
  1.080E+02  6.54508E-01  9.83839E-01 -6.59938E-02 -1.66451E-01  0.00000E+00
  1.085E+02  6.58652E-01  9.82510E-01 -6.68666E-02 -1.73788E-01  0.00000E+00
  1.090E+02  6.62784E-01  9.81129E-01 -6.77489E-02 -1.81098E-01  2.22045E-16
  1.095E+02  6.66903E-01  9.79694E-01 -6.86415E-02 -1.88381E-01  1.11022E-16
  1.100E+02  6.71010E-01  9.78208E-01 -6.95443E-02 -1.95636E-01  0.00000E+00
  1.105E+02  6.75104E-01  9.76669E-01 -7.04577E-02 -2.02862E-01  1.11022E-16
  1.110E+02  6.79184E-01  9.75080E-01 -7.13816E-02 -2.10058E-01 -4.44089E-16
  1.115E+02  6.83251E-01  9.73439E-01 -7.23162E-02 -2.17224E-01 -6.66134E-16
  1.120E+02  6.87303E-01  9.71749E-01 -7.32617E-02 -2.24360E-01  2.22045E-16
  1.125E+02  6.91342E-01  9.70008E-01 -7.42183E-02 -2.31465E-01 -2.22045E-16
  1.130E+02  6.95366E-01  9.68219E-01 -7.51864E-02 -2.38537E-01 -2.22045E-16
  1.135E+02  6.99375E-01  9.66381E-01 -7.61663E-02 -2.45575E-01  1.11022E-16
  1.140E+02  7.03368E-01  9.64495E-01 -7.71582E-02 -2.52580E-01 -2.22045E-16
  1.145E+02  7.07347E-01  9.62562E-01 -7.81623E-02 -2.59550E-01  1.11022E-16
  1.150E+02  7.11309E-01  9.60582E-01 -7.91787E-02 -2.66484E-01  3.33067E-16
  1.155E+02  7.15256E-01  9.58555E-01 -8.02076E-02 -2.73383E-01 -2.22045E-16
  1.160E+02  7.19186E-01  9.56484E-01 -8.12493E-02 -2.80245E-01  0.00000E+00
  1.165E+02  7.23099E-01  9.54367E-01 -8.23042E-02 -2.87070E-01  4.44089E-16
  1.170E+02  7.26995E-01  9.52207E-01 -8.33727E-02 -2.93856E-01 -2.22045E-16
  1.175E+02  7.30874E-01  9.50003E-01 -8.44551E-02 -3.00602E-01  1.11022E-16
  1.180E+02  7.34736E-01  9.47757E-01 -8.55517E-02 -3.07308E-01  3.33067E-16
  1.185E+02  7.38579E-01  9.45468E-01 -8.66625E-02 -3.13974E-01  0.00000E+00
  1.190E+02  7.42405E-01  9.43139E-01 -8.77879E-02 -3.20598E-01  1.11022E-16
  1.195E+02  7.46212E-01  9.40768E-01 -8.89282E-02 -3.27180E-01  1.11022E-16
  1.200E+02  7.50000E-01  9.38359E-01 -9.00838E-02 -3.33719E-01  0.00000E+00
  1.205E+02  7.53769E-01  9.35910E-01 -9.12552E-02 -3.40213E-01  1.11022E-16
  1.210E+02  7.57519E-01  9.33424E-01 -9.24428E-02 -3.46662E-01 -6.66134E-16
  1.215E+02  7.61249E-01  9.30900E-01 -9.36470E-02 -3.53066E-01  0.00000E+00
  1.220E+02  7.64960E-01  9.28340E-01 -9.48680E-02 -3.59422E-01  1.11022E-16
  1.225E+02  7.68650E-01  9.25745E-01 -9.61061E-02 -3.65732E-01  0.00000E+00
  1.230E+02  7.72320E-01  9.23115E-01 -9.73616E-02 -3.71993E-01  1.11022E-16
  1.235E+02  7.75968E-01  9.20452E-01 -9.86352E-02 -3.78205E-01  0.00000E+00
  1.240E+02  7.79596E-01  9.17756E-01 -9.99273E-02 -3.84367E-01 -2.22045E-16
  1.245E+02  7.83203E-01  9.15029E-01 -1.01239E-01 -3.90477E-01  0.00000E+00
  1.250E+02  7.86788E-01  9.12272E-01 -1.02569E-01 -3.96534E-01  1.11022E-16
  1.255E+02  7.90351E-01  9.09485E-01 -1.03920E-01 -4.02539E-01  0.00000E+00
  1.260E+02  7.93893E-01  9.06670E-01 -1.05291E-01 -4.08490E-01  0.00000E+00
  1.265E+02  7.97411E-01  9.03827E-01 -1.06683E-01 -4.14386E-01  0.00000E+00
  1.270E+02  8.00908E-01  9.00958E-01 -1.08096E-01 -4.20226E-01  0.00000E+00
  1.275E+02  8.04381E-01  8.98064E-01 -1.09531E-01 -4.26009E-01 -2.22045E-16
  1.280E+02  8.07831E-01  8.95147E-01 -1.10989E-01 -4.31733E-01  3.33067E-16
  1.285E+02  8.11257E-01  8.92207E-01 -1.12470E-01 -4.37398E-01  2.22045E-16
  1.290E+02  8.14660E-01  8.89246E-01 -1.13975E-01 -4.43002E-01 -2.22045E-16
  1.295E+02  8.18039E-01  8.86265E-01 -1.15505E-01 -4.48545E-01  0.00000E+00
  1.300E+02  8.21394E-01  8.83266E-01 -1.17059E-01 -4.54025E-01  0.00000E+00
  1.305E+02  8.24724E-01  8.80248E-01 -1.18639E-01 -4.59442E-01 -2.22045E-16
  1.310E+02  8.28030E-01  8.77216E-01 -1.20246E-01 -4.64794E-01  1.11022E-16
  1.315E+02  8.31310E-01  8.74169E-01 -1.21880E-01 -4.70079E-01  1.11022E-16
  1.320E+02  8.34565E-01  8.71109E-01 -1.23542E-01 -4.75296E-01 -2.22045E-16
  1.325E+02  8.37795E-01  8.68039E-01 -1.25233E-01 -4.80443E-01 -6.66134E-16
  1.330E+02  8.40999E-01  8.64958E-01 -1.26954E-01 -4.85520E-01 -2.22045E-16
  1.335E+02  8.44177E-01  8.61870E-01 -1.28705E-01 -4.90526E-01  2.22045E-16
  1.340E+02  8.47329E-01  8.58774E-01 -1.30487E-01 -4.95459E-01  0.00000E+00
  1.345E+02  8.50455E-01  8.55675E-01 -1.32301E-01 -5.00317E-01 -4.44089E-16
  1.350E+02  8.53553E-01  8.52572E-01 -1.34149E-01 -5.05098E-01  2.22045E-16
  1.355E+02  8.56625E-01  8.49470E-01 -1.36032E-01 -5.09801E-01  4.44089E-16
  1.360E+02  8.59670E-01  8.46368E-01 -1.37950E-01 -5.14423E-01  0.00000E+00
  1.365E+02  8.62687E-01  8.43270E-01 -1.39904E-01 -5.18963E-01  0.00000E+00
  1.370E+02  8.65677E-01  8.40176E-01 -1.41895E-01 -5.23421E-01  0.00000E+00
  1.375E+02  8.68639E-01  8.37089E-01 -1.43925E-01 -5.27794E-01  3.33067E-16
  1.380E+02  8.71572E-01  8.34012E-01 -1.45995E-01 -5.32080E-01  1.11022E-16
  1.385E+02  8.74478E-01  8.30946E-01 -1.48107E-01 -5.36277E-01 -2.22045E-16
  1.390E+02  8.77355E-01  8.27895E-01 -1.50261E-01 -5.40380E-01  2.22045E-16
  1.395E+02  8.80203E-01  8.24861E-01 -1.52459E-01 -5.44390E-01 -2.22045E-16
  1.400E+02  8.83022E-01  8.21847E-01 -1.54702E-01 -5.48302E-01  2.22045E-16
  1.405E+02  8.85812E-01  8.18853E-01 -1.56992E-01 -5.52117E-01 -4.44089E-16
  1.410E+02  8.88573E-01  8.15883E-01 -1.59330E-01 -5.55831E-01  0.00000E+00
  1.415E+02  8.91304E-01  8.12940E-01 -1.61718E-01 -5.59442E-01  0.00000E+00
  1.420E+02  8.94005E-01  8.10027E-01 -1.64158E-01 -5.62946E-01  0.00000E+00
  1.425E+02  8.96677E-01  8.07149E-01 -1.66651E-01 -5.66338E-01  0.00000E+00
  1.430E+02  8.99318E-01  8.04307E-01 -1.69201E-01 -5.69615E-01  0.00000E+00
  1.435E+02  9.01928E-01  8.01506E-01 -1.71807E-01 -5.72775E-01  1.11022E-16
  1.440E+02  9.04508E-01  7.98746E-01 -1.74472E-01 -5.75816E-01  4.44089E-16
  1.445E+02  9.07058E-01  7.96031E-01 -1.77199E-01 -5.78736E-01  0.00000E+00
  1.450E+02  9.09576E-01  7.93366E-01 -1.79989E-01 -5.81528E-01 -2.22045E-16
  1.455E+02  9.12063E-01  7.90756E-01 -1.82845E-01 -5.84185E-01  0.00000E+00
  1.460E+02  9.14519E-01  7.88206E-01 -1.85770E-01 -5.86704E-01 -4.44089E-16
  1.465E+02  9.16943E-01  7.85718E-01 -1.88766E-01 -5.89080E-01 -2.22045E-16
  1.470E+02  9.19335E-01  7.83295E-01 -1.91835E-01 -5.91311E-01  0.00000E+00
  1.475E+02  9.21696E-01  7.80942E-01 -1.94981E-01 -5.93391E-01  2.22045E-16
  1.480E+02  9.24024E-01  7.78664E-01 -1.98205E-01 -5.95313E-01  2.22045E-16
  1.485E+02  9.26320E-01  7.76466E-01 -2.01511E-01 -5.97070E-01 -2.22045E-16
  1.490E+02  9.28584E-01  7.74355E-01 -2.04903E-01 -5.98656E-01  1.11022E-16
  1.495E+02  9.30815E-01  7.72335E-01 -2.08383E-01 -6.00063E-01  0.00000E+00
  1.500E+02  9.33013E-01  7.70411E-01 -2.11956E-01 -6.01283E-01  3.33067E-16
  1.505E+02  9.35178E-01  7.68589E-01 -2.15625E-01 -6.02309E-01  0.00000E+00
  1.510E+02  9.37310E-01  7.66874E-01 -2.19393E-01 -6.03134E-01  1.11022E-16
  1.515E+02  9.39409E-01  7.65272E-01 -2.23264E-01 -6.03748E-01  1.11022E-16
  1.520E+02  9.41474E-01  7.63791E-01 -2.27242E-01 -6.04140E-01 -2.22045E-16
  1.525E+02  9.43505E-01  7.62437E-01 -2.31333E-01 -6.04297E-01  0.00000E+00
  1.530E+02  9.45503E-01  7.61218E-01 -2.35540E-01 -6.04208E-01 -2.22045E-16
  1.535E+02  9.47467E-01  7.60142E-01 -2.39868E-01 -6.03861E-01  0.00000E+00
  1.540E+02  9.49397E-01  7.59214E-01 -2.44323E-01 -6.03241E-01  0.00000E+00
  1.545E+02  9.51293E-01  7.58443E-01 -2.48909E-01 -6.02336E-01 -2.22045E-16
  1.550E+02  9.53154E-01  7.57836E-01 -2.53631E-01 -6.01129E-01 -2.22045E-16
  1.555E+02  9.54981E-01  7.57403E-01 -2.58495E-01 -5.99601E-01  0.00000E+00
  1.560E+02  9.56773E-01  7.57152E-01 -2.63506E-01 -5.97733E-01 -2.22045E-16
  1.565E+02  9.58530E-01  7.57094E-01 -2.68672E-01 -5.95503E-01  1.11022E-16
  1.570E+02  9.60252E-01  7.57238E-01 -2.73998E-01 -5.92887E-01  1.11022E-16
  1.575E+02  9.61940E-01  7.57593E-01 -2.79491E-01 -5.89863E-01  2.22045E-16
  1.580E+02  9.63592E-01  7.58167E-01 -2.85156E-01 -5.86403E-01 -2.22045E-16
  1.585E+02  9.65209E-01  7.58971E-01 -2.91000E-01 -5.82479E-01  2.22045E-16
  1.590E+02  9.66790E-01  7.60016E-01 -2.97030E-01 -5.78057E-01  2.22045E-16
  1.595E+02  9.68336E-01  7.61311E-01 -3.03253E-01 -5.73099E-01  0.00000E+00
  1.600E+02  9.69846E-01  7.62869E-01 -3.09676E-01 -5.67567E-01 -2.22045E-16
  1.605E+02  9.71321E-01  7.64699E-01 -3.16305E-01 -5.61415E-01  0.00000E+00
  1.610E+02  9.72759E-01  7.66810E-01 -3.23147E-01 -5.54597E-01  3.33067E-16
  1.615E+02  9.74162E-01  7.69212E-01 -3.30208E-01 -5.47061E-01 -2.22045E-16
  1.620E+02  9.75528E-01  7.71911E-01 -3.37493E-01 -5.38751E-01  0.00000E+00
  1.625E+02  9.76858E-01  7.74915E-01 -3.45006E-01 -5.29602E-01 -2.22045E-16
  1.630E+02  9.78152E-01  7.78231E-01 -3.52752E-01 -5.19540E-01  0.00000E+00
  1.635E+02  9.79410E-01  7.81865E-01 -3.60734E-01 -5.08486E-01  3.33067E-16
  1.640E+02  9.80631E-01  7.85818E-01 -3.68951E-01 -4.96351E-01  0.00000E+00
  1.645E+02  9.81815E-01  7.90088E-01 -3.77403E-01 -4.83041E-01  0.00000E+00
  1.650E+02  9.82963E-01  7.94667E-01 -3.86084E-01 -4.68449E-01  0.00000E+00
  1.655E+02  9.84074E-01  7.99542E-01 -3.94986E-01 -4.52458E-01  4.44089E-16
  1.660E+02  9.85148E-01  8.04697E-01 -4.04095E-01 -4.34937E-01  0.00000E+00
  1.665E+02  9.86185E-01  8.10104E-01 -4.13393E-01 -4.15738E-01  0.00000E+00
  1.670E+02  9.87185E-01  8.15727E-01 -4.22852E-01 -3.94697E-01 -2.22045E-16
  1.675E+02  9.88148E-01  8.21514E-01 -4.32436E-01 -3.71636E-01  1.11022E-16
  1.680E+02  9.89074E-01  8.27396E-01 -4.42097E-01 -3.46361E-01  1.11022E-16
  1.685E+02  9.89962E-01  8.33283E-01 -4.51770E-01 -3.18659E-01  1.11022E-16
  1.690E+02  9.90814E-01  8.39056E-01 -4.61376E-01 -2.88300E-01 -2.22045E-16
  1.695E+02  9.91627E-01  8.44568E-01 -4.70810E-01 -2.55034E-01  0.00000E+00
  1.700E+02  9.92404E-01  8.49633E-01 -4.79940E-01 -2.18589E-01 -2.22045E-16
  1.705E+02  9.93143E-01  8.54015E-01 -4.88603E-01 -1.78679E-01  2.22045E-16
  1.710E+02  9.93844E-01  8.57421E-01 -4.96590E-01 -1.35011E-01  2.22045E-16
  1.715E+02  9.94508E-01  8.59487E-01 -5.03649E-01 -8.72927E-02  4.44089E-16
  1.720E+02  9.95134E-01  8.59767E-01 -5.09469E-01 -3.52488E-02  4.44089E-16
  1.725E+02  9.95722E-01  8.57720E-01 -5.13673E-01  2.13643E-02  2.22045E-16
  1.730E+02  9.96273E-01  8.52699E-01 -5.15809E-01  8.27347E-02 -2.22045E-16
  1.735E+02  9.96786E-01  8.43940E-01 -5.15341E-01  1.48960E-01  2.22045E-16
  1.740E+02  9.97261E-01  8.30552E-01 -5.11648E-01  2.19999E-01  4.44089E-16
  1.745E+02  9.97698E-01  8.11526E-01 -5.04024E-01  2.95611E-01 -2.22045E-16
  1.750E+02  9.98097E-01  7.85751E-01 -4.91691E-01  3.75281E-01  2.22045E-16
  1.755E+02  9.98459E-01  7.52052E-01 -4.73832E-01  4.58149E-01  0.00000E+00
  1.760E+02  9.98782E-01  7.09264E-01 -4.49633E-01  5.42932E-01  0.00000E+00
  1.765E+02  9.99067E-01  6.56321E-01 -4.18352E-01  6.27873E-01 -2.22045E-16
  1.770E+02  9.99315E-01  5.92398E-01 -3.79410E-01  7.10713E-01  0.00000E+00
  1.775E+02  9.99524E-01  5.17066E-01 -3.32507E-01  7.88722E-01  2.22045E-16
  1.780E+02  9.99695E-01  4.30464E-01 -2.77737E-01  8.58815E-01 -2.22045E-16
  1.785E+02  9.99829E-01  3.33445E-01 -2.15698E-01  9.17763E-01  0.00000E+00
  1.790E+02  9.99924E-01  2.27655E-01 -1.47537E-01  9.62500E-01  1.11022E-16
  1.795E+02  9.99981E-01  1.15502E-01 -7.49367E-02  9.90477E-01  1.11022E-16
  1.800E+02  1.00000E+00  1.62889E-15 -1.05719E-15  1.00000E+00  0.00000E+00
