 #  Scattering amplitudes (in cm)      MU=(1-cos(TH))/2
 #  Z =  47,   projectile: electron
 #  Kinetic energy = 5.90000E+06 eV
 #
 # TH (deg)      MU          Re(F)        Im(F)        Re(G)        Im(G)        ERRF         ERRG 
 #-----------------------------------------------------------------------------------------------------------------
  0.000E+00  0.00000E+00  1.06433E-06  1.11455E-07  0.00000E+00  0.00000E+00  3.51768E-09  0.00000E+00
  1.000E-04  7.61557E-13  1.06432E-06  1.11455E-07  8.54769E-13  8.95138E-14  3.51637E-09  2.80083E-07
  1.250E-04  1.18994E-12  1.06432E-06  1.11455E-07  1.06846E-12  1.11892E-13  3.51564E-09  2.80054E-07
  1.500E-04  1.71346E-12  1.06432E-06  1.11455E-07  1.28215E-12  1.34271E-13  3.51474E-09  2.80019E-07
  1.750E-04  2.33225E-12  1.06431E-06  1.11455E-07  1.49583E-12  1.56649E-13  3.51367E-09  2.79977E-07
  2.000E-04  3.04617E-12  1.06431E-06  1.11455E-07  1.70952E-12  1.79027E-13  3.51245E-09  2.79929E-07
  2.250E-04  3.85530E-12  1.06430E-06  1.11455E-07  1.92320E-12  2.01406E-13  3.51106E-09  2.79874E-07
  2.500E-04  4.75964E-12  1.06430E-06  1.11455E-07  2.13687E-12  2.23784E-13  3.50950E-09  2.79813E-07
  2.750E-04  5.75917E-12  1.06429E-06  1.11455E-07  2.35055E-12  2.46162E-13  3.50779E-09  2.79745E-07
  3.000E-04  6.85391E-12  1.06428E-06  1.11455E-07  2.56422E-12  2.68541E-13  3.50591E-09  2.79671E-07
  3.250E-04  8.04379E-12  1.06428E-06  1.11455E-07  2.77788E-12  2.90919E-13  3.50386E-09  2.79591E-07
  3.500E-04  9.32893E-12  1.06427E-06  1.11455E-07  2.99154E-12  3.13297E-13  3.50166E-09  2.79504E-07
  3.750E-04  1.07092E-11  1.06426E-06  1.11455E-07  3.20520E-12  3.35675E-13  3.49929E-09  2.79411E-07
  4.000E-04  1.21847E-11  1.06425E-06  1.11454E-07  3.41885E-12  3.58053E-13  3.49676E-09  2.79311E-07
  4.250E-04  1.37554E-11  1.06424E-06  1.11454E-07  3.63249E-12  3.80431E-13  3.49407E-09  2.79205E-07
  4.500E-04  1.54213E-11  1.06423E-06  1.11454E-07  3.84613E-12  4.02809E-13  3.49121E-09  2.79093E-07
  4.750E-04  1.71823E-11  1.06422E-06  1.11454E-07  4.05977E-12  4.25187E-13  3.48820E-09  2.78974E-07
  5.000E-04  1.90386E-11  1.06421E-06  1.11454E-07  4.27339E-12  4.47565E-13  3.48502E-09  2.78849E-07
  5.250E-04  2.09900E-11  1.06420E-06  1.11454E-07  4.48701E-12  4.69943E-13  3.48168E-09  2.78717E-07
  5.500E-04  2.30367E-11  1.06419E-06  1.11454E-07  4.70062E-12  4.92320E-13  3.47818E-09  2.78579E-07
  5.750E-04  2.51785E-11  1.06417E-06  1.11454E-07  4.91423E-12  5.14698E-13  3.47452E-09  2.78435E-07
  6.000E-04  2.74156E-11  1.06416E-06  1.11454E-07  5.12782E-12  5.37076E-13  3.47069E-09  2.78284E-07
  6.250E-04  2.97478E-11  1.06414E-06  1.11453E-07  5.34141E-12  5.59453E-13  3.46671E-09  2.78127E-07
  6.500E-04  3.21752E-11  1.06413E-06  1.11453E-07  5.55499E-12  5.81831E-13  3.46257E-09  2.77963E-07
  6.750E-04  3.46979E-11  1.06411E-06  1.11453E-07  5.76856E-12  6.04208E-13  3.45827E-09  2.77793E-07
  7.000E-04  3.73157E-11  1.06410E-06  1.11453E-07  5.98212E-12  6.26585E-13  3.45380E-09  2.77617E-07
  7.250E-04  4.00286E-11  1.06408E-06  1.11453E-07  6.19567E-12  6.48962E-13  3.44918E-09  2.77435E-07
  7.500E-04  4.28368E-11  1.06406E-06  1.11453E-07  6.40921E-12  6.71339E-13  3.44440E-09  2.77246E-07
  7.750E-04  4.57402E-11  1.06405E-06  1.11453E-07  6.62274E-12  6.93716E-13  3.43946E-09  2.77051E-07
  8.000E-04  4.87388E-11  1.06403E-06  1.11452E-07  6.83625E-12  7.16093E-13  3.43436E-09  2.76850E-07
  8.250E-04  5.18325E-11  1.06401E-06  1.11452E-07  7.04976E-12  7.38470E-13  3.42910E-09  2.76642E-07
  8.500E-04  5.50215E-11  1.06399E-06  1.11452E-07  7.26326E-12  7.60847E-13  3.42369E-09  2.76428E-07
  8.750E-04  5.83057E-11  1.06397E-06  1.11452E-07  7.47674E-12  7.83223E-13  3.41812E-09  2.76208E-07
  9.000E-04  6.16850E-11  1.06395E-06  1.11452E-07  7.69021E-12  8.05600E-13  3.41239E-09  2.75981E-07
  9.250E-04  6.51595E-11  1.06393E-06  1.11452E-07  7.90367E-12  8.27976E-13  3.40651E-09  2.75748E-07
  9.500E-04  6.87293E-11  1.06390E-06  1.11451E-07  8.11711E-12  8.50352E-13  3.40047E-09  2.75509E-07
  9.750E-04  7.23943E-11  1.06388E-06  1.11451E-07  8.33054E-12  8.72729E-13  3.39427E-09  2.75264E-07
  1.000E-03  7.61544E-11  1.06386E-06  1.11451E-07  8.54396E-12  8.95105E-13  3.38792E-09  2.75013E-07
  1.250E-03  1.18991E-10  1.06359E-06  1.11449E-07  1.06773E-11  1.11886E-12  3.31596E-09  2.72158E-07
  1.500E-03  1.71347E-10  1.06327E-06  1.11446E-07  1.28089E-11  1.34259E-12  3.22902E-09  2.68695E-07
  1.750E-03  2.33223E-10  1.06289E-06  1.11442E-07  1.49384E-11  1.56631E-12  3.12768E-09  2.64640E-07
  2.000E-03  3.04617E-10  1.06246E-06  1.11438E-07  1.70654E-11  1.79001E-12  3.01262E-09  2.60010E-07
  2.250E-03  3.85531E-10  1.06196E-06  1.11434E-07  1.91896E-11  2.01368E-12  2.88464E-09  2.54825E-07
  2.500E-03  4.75965E-10  1.06141E-06  1.11429E-07  2.13107E-11  2.23732E-12  2.74459E-09  2.49110E-07
  2.750E-03  5.75917E-10  1.06080E-06  1.11424E-07  2.34283E-11  2.46093E-12  2.59342E-09  2.42888E-07
  3.000E-03  6.85389E-10  1.06013E-06  1.11418E-07  2.55421E-11  2.68451E-12  2.43215E-09  2.36188E-07
  3.250E-03  8.04380E-10  1.05941E-06  1.11411E-07  2.76517E-11  2.90805E-12  2.26185E-09  2.29038E-07
  3.500E-03  9.32891E-10  1.05863E-06  1.11404E-07  2.97568E-11  3.13155E-12  2.08368E-09  2.21470E-07
  3.750E-03  1.07092E-09  1.05779E-06  1.11397E-07  3.18571E-11  3.35501E-12  1.89882E-09  2.13517E-07
  4.000E-03  1.21847E-09  1.05690E-06  1.11389E-07  3.39523E-11  3.57841E-12  1.70850E-09  2.05213E-07
  4.250E-03  1.37554E-09  1.05595E-06  1.11380E-07  3.60420E-11  3.80177E-12  1.51399E-09  1.96594E-07
  4.500E-03  1.54213E-09  1.05495E-06  1.11371E-07  3.81259E-11  4.02508E-12  1.31656E-09  1.87696E-07
  4.750E-03  1.71823E-09  1.05390E-06  1.11361E-07  4.02038E-11  4.24833E-12  1.11751E-09  1.78557E-07
  5.000E-03  1.90386E-09  1.05279E-06  1.11351E-07  4.22753E-11  4.47152E-12  9.18153E-10  1.69216E-07
  5.250E-03  2.09900E-09  1.05163E-06  1.11341E-07  4.43400E-11  4.69464E-12  7.19771E-10  1.59712E-07
  5.500E-03  2.30367E-09  1.05041E-06  1.11329E-07  4.63978E-11  4.91771E-12  5.23644E-10  1.50083E-07
  5.750E-03  2.51785E-09  1.04914E-06  1.11318E-07  4.84483E-11  5.14070E-12  3.31028E-10  1.40370E-07
  6.000E-03  2.74156E-09  1.04783E-06  1.11306E-07  5.04913E-11  5.36362E-12  1.43140E-10  1.30611E-07
  6.250E-03  2.97478E-09  1.04646E-06  1.11293E-07  5.25264E-11  5.58647E-12  3.88407E-11  1.20846E-07
  6.500E-03  3.21752E-09  1.04504E-06  1.11280E-07  5.45533E-11  5.80924E-12  2.13790E-10  1.11112E-07
  6.750E-03  3.46978E-09  1.04357E-06  1.11266E-07  5.65719E-11  6.03193E-12  3.80641E-10  1.01448E-07
  7.000E-03  3.73156E-09  1.04205E-06  1.11252E-07  5.85819E-11  6.25453E-12  5.38396E-10  9.18913E-08
  7.250E-03  4.00286E-09  1.04049E-06  1.11237E-07  6.05829E-11  6.47705E-12  6.86128E-10  8.24767E-08
  7.500E-03  4.28368E-09  1.03887E-06  1.11222E-07  6.25748E-11  6.69948E-12  8.22993E-10  7.32392E-08
  7.750E-03  4.57402E-09  1.03721E-06  1.11206E-07  6.45573E-11  6.92182E-12  9.48233E-10  6.42120E-08
  8.000E-03  4.87388E-09  1.03551E-06  1.11190E-07  6.65301E-11  7.14406E-12  1.06118E-09  5.54266E-08
  8.250E-03  5.18326E-09  1.03376E-06  1.11173E-07  6.84931E-11  7.36620E-12  1.16127E-09  4.69129E-08
  8.500E-03  5.50215E-09  1.03196E-06  1.11156E-07  7.04460E-11  7.58824E-12  1.24803E-09  3.86989E-08
  8.750E-03  5.83057E-09  1.03012E-06  1.11138E-07  7.23886E-11  7.81017E-12  1.32108E-09  3.08106E-08
  9.000E-03  6.16850E-09  1.02823E-06  1.11120E-07  7.43207E-11  8.03200E-12  1.38018E-09  2.32719E-08
  9.250E-03  6.51596E-09  1.02631E-06  1.11101E-07  7.62421E-11  8.25371E-12  1.42516E-09  1.61045E-08
  9.500E-03  6.87293E-09  1.02434E-06  1.11082E-07  7.81526E-11  8.47532E-12  1.45598E-09  9.32768E-09
  9.750E-03  7.23942E-09  1.02233E-06  1.11062E-07  8.00520E-11  8.69680E-12  1.47270E-09  2.95851E-09
  1.000E-02  7.61544E-09  1.02028E-06  1.11042E-07  8.19401E-11  8.91817E-12  1.47548E-09  2.98848E-09
  1.250E-02  1.18991E-08  9.97786E-07  1.10811E-07  1.00167E-10  1.11246E-11  8.42836E-10  3.78251E-08
  1.500E-02  1.71347E-08  9.72214E-07  1.10532E-07  1.17119E-10  1.33159E-11  3.78989E-10  3.23915E-08
  1.750E-02  2.33223E-08  9.44399E-07  1.10206E-07  1.32730E-10  1.54894E-11  1.15841E-09  6.26980E-09
  2.000E-02  3.04617E-08  9.15112E-07  1.09834E-07  1.46987E-10  1.76424E-11  9.09947E-10  1.62680E-08
  2.250E-02  3.85531E-08  8.85026E-07  1.09417E-07  1.59924E-10  1.97724E-11  9.03287E-11  2.06436E-08
  2.500E-02  4.75965E-08  8.54693E-07  1.08958E-07  1.71603E-10  2.18772E-11  9.70729E-10  8.30840E-09
  2.750E-02  5.75917E-08  8.24547E-07  1.08459E-07  1.82106E-10  2.39546E-11  9.93980E-10  7.89968E-09
  3.000E-02  6.85389E-08  7.94910E-07  1.07921E-07  1.91520E-10  2.60027E-11  1.61364E-10  1.49466E-08
  3.250E-02  8.04380E-08  7.66007E-07  1.07347E-07  1.99936E-10  2.80196E-11  8.01661E-10  8.98536E-09
  3.500E-02  9.32891E-08  7.37982E-07  1.06738E-07  2.07439E-10  3.00038E-11  1.06528E-09  3.30312E-09
  3.750E-02  1.07092E-07  7.10922E-07  1.06096E-07  2.14106E-10  3.19538E-11  4.02206E-10  1.13019E-08
  4.000E-02  1.21847E-07  6.84865E-07  1.05425E-07  2.20009E-10  3.38683E-11  6.16203E-10  9.14659E-09
  4.250E-02  1.37554E-07  6.59819E-07  1.04725E-07  2.25211E-10  3.57461E-11  1.10667E-09  2.67721E-10
  4.500E-02  1.54213E-07  6.35771E-07  1.03998E-07  2.29768E-10  3.75864E-11  6.34649E-10  8.53294E-09
  4.750E-02  1.71823E-07  6.12694E-07  1.03248E-07  2.33730E-10  3.93881E-11  4.02216E-10  8.99124E-09
  5.000E-02  1.90386E-07  5.90553E-07  1.02475E-07  2.37140E-10  4.11507E-11  1.10614E-09  1.93746E-09
  5.250E-02  2.09900E-07  5.69310E-07  1.01681E-07  2.40041E-10  4.28736E-11  8.52651E-10  6.20113E-09
  5.500E-02  2.30367E-07  5.48924E-07  1.00868E-07  2.42467E-10  4.45562E-11  1.57590E-10  8.58383E-09
  5.750E-02  2.51785E-07  5.29358E-07  1.00038E-07  2.44452E-10  4.61984E-11  1.05498E-09  3.60429E-09
  6.000E-02  2.74156E-07  5.10572E-07  9.91933E-08  2.46028E-10  4.77997E-11  1.04651E-09  4.12166E-09
  6.250E-02  2.97478E-07  4.92531E-07  9.83342E-08  2.47224E-10  4.93602E-11  1.14141E-10  7.95271E-09
  6.500E-02  3.21752E-07  4.75201E-07  9.74628E-08  2.48067E-10  5.08797E-11  9.47133E-10  4.86182E-09
  6.750E-02  3.46978E-07  4.58551E-07  9.65806E-08  2.48582E-10  5.23583E-11  1.20465E-09  2.21540E-09
  7.000E-02  3.73156E-07  4.42552E-07  9.56888E-08  2.48794E-10  5.37962E-11  4.05358E-10  7.11609E-09
  7.250E-02  4.00286E-07  4.27174E-07  9.47889E-08  2.48726E-10  5.51935E-11  7.79201E-10  5.76865E-09
  7.500E-02  4.28368E-07  4.12393E-07  9.38820E-08  2.48399E-10  5.65505E-11  1.31470E-09  4.54924E-10
  7.750E-02  4.57402E-07  3.98183E-07  9.29695E-08  2.47835E-10  5.78676E-11  7.04929E-10  6.09194E-09
  8.000E-02  4.87388E-07  3.84522E-07  9.20525E-08  2.47053E-10  5.91451E-11  5.50985E-10  6.35044E-09
  8.250E-02  5.18325E-07  3.71388E-07  9.11320E-08  2.46071E-10  6.03835E-11  1.36438E-09  1.15835E-09
  8.500E-02  5.50215E-07  3.58761E-07  9.02091E-08  2.44908E-10  6.15833E-11  9.98619E-10  4.90284E-09
  8.750E-02  5.83057E-07  3.46620E-07  8.92848E-08  2.43579E-10  6.27450E-11  2.66068E-10  6.61807E-09
  9.000E-02  6.16850E-07  3.34946E-07  8.83599E-08  2.42101E-10  6.38692E-11  1.34266E-09  2.60575E-09
  9.250E-02  6.51596E-07  3.23722E-07  8.74354E-08  2.40488E-10  6.49566E-11  1.26964E-09  3.57859E-09
  9.500E-02  6.87293E-07  3.12931E-07  8.65120E-08  2.38754E-10  6.60077E-11  6.76671E-11  6.57810E-09
  9.750E-02  7.23942E-07  3.02555E-07  8.55906E-08  2.36912E-10  6.70232E-11  1.24090E-09  3.85861E-09
  1.000E-01  7.61543E-07  2.92579E-07  8.46719E-08  2.34975E-10  6.80039E-11  1.49951E-09  2.15735E-09
  1.250E-01  1.18991E-06  2.11715E-07  7.57585E-08  2.12540E-10  7.60569E-11  1.57729E-09  3.63305E-09
  1.500E-01  1.71347E-06  1.57061E-07  6.76133E-08  1.89209E-10  8.14559E-11  1.45975E-09  4.90295E-09
  1.750E-01  2.33223E-06  1.19805E-07  6.04124E-08  1.68383E-10  8.49114E-11  1.07780E-09  5.86339E-09
  2.000E-01  3.04617E-06  9.39514E-08  5.41582E-08  1.50910E-10  8.69958E-11  4.05395E-10  6.39942E-09
  2.250E-01  3.85531E-06  7.55299E-08  4.87651E-08  1.36486E-10  8.81250E-11  5.31813E-10  6.43898E-09
  2.500E-01  4.75964E-06  6.19781E-08  4.41154E-08  1.24442E-10  8.85809E-11  1.66299E-09  5.96751E-09
  2.750E-01  5.75916E-06  5.16705E-08  4.00892E-08  1.14121E-10  8.85467E-11  2.88496E-09  5.02030E-09
  3.000E-01  6.85388E-06  4.35848E-08  3.65796E-08  1.05014E-10  8.81406E-11  4.07437E-09  3.66911E-09
  3.250E-01  8.04378E-06  3.70763E-08  3.34976E-08  9.67769E-11  8.74411E-11  5.09793E-09  2.01170E-09
  3.500E-01  9.32888E-06  3.17322E-08  3.07717E-08  8.91991E-11  8.65049E-11  5.82209E-09  1.65155E-10
  3.750E-01  1.07092E-05  2.72806E-08  2.83454E-08  8.21636E-11  8.53764E-11  6.12405E-09  1.73939E-09
  4.000E-01  1.21846E-05  2.35355E-08  2.61744E-08  7.56099E-11  8.40937E-11  5.90439E-09  3.56270E-09
  4.250E-01  1.37553E-05  2.03633E-08  2.42235E-08  6.95078E-11  8.26906E-11  5.10039E-09  5.16532E-09
  4.500E-01  1.54212E-05  1.76639E-08  2.24646E-08  6.38406E-11  8.11977E-11  3.69823E-09  6.41736E-09
  4.750E-01  1.71822E-05  1.53591E-08  2.08743E-08  5.85945E-11  7.96419E-11  1.74207E-09  7.20917E-09
  5.000E-01  1.90385E-05  1.33858E-08  1.94333E-08  5.37544E-11  7.80468E-11  6.62173E-10  7.46177E-09
  5.250E-01  2.09899E-05  1.16924E-08  1.81249E-08  4.93016E-11  7.64322E-11  3.34935E-09  7.13547E-09
  5.500E-01  2.30365E-05  1.02357E-08  1.69347E-08  4.52145E-11  7.48147E-11  6.10472E-09  6.23553E-09
  5.750E-01  2.51783E-05  8.97948E-09  1.58503E-08  4.14684E-11  7.32073E-11  8.68010E-09  4.81398E-09
  6.000E-01  2.74153E-05  7.89337E-09  1.48605E-08  3.80374E-11  7.16202E-11  1.08153E-08  2.96725E-09
  6.250E-01  2.97475E-05  6.95168E-09  1.39554E-08  3.48953E-11  7.00612E-11  1.22627E-08  8.29705E-10
  6.500E-01  3.21749E-05  6.13279E-09  1.31264E-08  3.20160E-11  6.85356E-11  1.28134E-08  1.43637E-09
  6.750E-01  3.46974E-05  5.41847E-09  1.23656E-08  2.93748E-11  6.70472E-11  1.23205E-08  3.65350E-09
  7.000E-01  3.73152E-05  4.79336E-09  1.16662E-08  2.69482E-11  6.55982E-11  1.07195E-08  5.64330E-09
  7.250E-01  4.00281E-05  4.24455E-09  1.10220E-08  2.47149E-11  6.41899E-11  8.04121E-09  7.24116E-09
  7.500E-01  4.28362E-05  3.76114E-09  1.04275E-08  2.26552E-11  6.28225E-11  4.41711E-09  8.31000E-09
  7.750E-01  4.57395E-05  3.33398E-09  9.87799E-09  2.07514E-11  6.14958E-11  7.56457E-11  8.75203E-09
  8.000E-01  4.87380E-05  2.95532E-09  9.36901E-09  1.89877E-11  6.02091E-11  4.67098E-09  8.51748E-09
  8.250E-01  5.18317E-05  2.61865E-09  8.89675E-09  1.73501E-11  5.89613E-11  9.44851E-09  7.60953E-09
  8.500E-01  5.50205E-05  2.31842E-09  8.45779E-09  1.58262E-11  5.77512E-11  1.38495E-08  6.08512E-09
  8.750E-01  5.83045E-05  2.04996E-09  8.04908E-09  1.44049E-11  5.65775E-11  1.74670E-08  4.05134E-09
  9.000E-01  6.16838E-05  1.80928E-09  7.66792E-09  1.30767E-11  5.54386E-11  1.99310E-08  1.65788E-09
  9.250E-01  6.51582E-05  1.59299E-09  7.31188E-09  1.18329E-11  5.43333E-11  2.09429E-08  9.14117E-10
  9.500E-01  6.87277E-05  1.39818E-09  6.97878E-09  1.06662E-11  5.32601E-11  2.03074E-08  3.46593E-09
  9.750E-01  7.23925E-05  1.22235E-09  6.66670E-09  9.56988E-12  5.22177E-11  1.79558E-08  5.79666E-09
  1.000E+00  7.61524E-05  1.06336E-09  6.37389E-09  8.53821E-12  5.12048E-11  2.40359E-12  1.13759E-11
  1.100E+00  9.21439E-05  5.62113E-10  5.36646E-09  4.96321E-12  4.74243E-11  1.98747E-13  1.19193E-11
  1.200E+00  1.09658E-04  2.18130E-10  4.56694E-09  2.09871E-12  4.40292E-11  1.64261E-12  2.12336E-12
  1.300E+00  1.28695E-04 -2.07134E-11  3.92229E-09 -2.20574E-13  4.09667E-11  1.13129E-12  5.11053E-12
  1.400E+00  1.49255E-04 -1.87202E-10  3.39563E-09 -2.10994E-12  3.81954E-11  2.19694E-13  4.86005E-12
  1.500E+00  1.71338E-04 -3.02872E-10  2.96055E-09 -3.65449E-12  3.56813E-11  9.55114E-13  4.30724E-13
  1.600E+00  1.94942E-04 -3.82344E-10  2.59764E-09 -4.91968E-12  3.33957E-11  6.07977E-13  2.72592E-12
  1.700E+00  2.20070E-04 -4.35786E-10  2.29235E-09 -5.95710E-12  3.13138E-11  2.00835E-13  2.31576E-12
  1.800E+00  2.46720E-04 -4.70392E-10  2.03355E-09 -6.80804E-12  2.94136E-11  6.12565E-13  5.48771E-14
  1.900E+00  2.74892E-04 -4.91314E-10  1.81262E-09 -7.50574E-12  2.76756E-11  3.52644E-13  1.61600E-12
  2.000E+00  3.04586E-04 -5.02283E-10  1.62280E-09 -8.07715E-12  2.60824E-11  1.75369E-13  1.21361E-12
  2.100E+00  3.35803E-04 -5.06016E-10  1.45875E-09 -8.54411E-12  2.46188E-11  4.18746E-13  1.94593E-13
  2.200E+00  3.68542E-04 -5.04506E-10  1.31617E-09 -8.92441E-12  2.32711E-11  2.13502E-13  1.02730E-12
  2.300E+00  4.02802E-04 -4.99222E-10  1.19161E-09 -9.23256E-12  2.20273E-11  1.51185E-13  6.74443E-13
  2.400E+00  4.38585E-04 -4.91252E-10  1.08227E-09 -9.48044E-12  2.08768E-11  2.98371E-13  2.21600E-13
  2.500E+00  4.75889E-04 -4.81404E-10  9.85866E-10 -9.67777E-12  1.98102E-11  1.31846E-13  6.85776E-13
  2.600E+00  5.14715E-04 -4.70278E-10  9.00501E-10 -9.83259E-12  1.88193E-11  1.30433E-13  3.87929E-13
  2.700E+00  5.55063E-04 -4.58323E-10  8.24616E-10 -9.95154E-12  1.78969E-11  2.19507E-13  2.10608E-13
  2.800E+00  5.96931E-04 -4.45871E-10  7.56908E-10 -1.00401E-11  1.70365E-11  8.11060E-14  4.74004E-13
  2.900E+00  6.40321E-04 -4.33173E-10  6.96289E-10 -1.01029E-11  1.62324E-11  1.12587E-13  2.26224E-13
  3.000E+00  6.85233E-04 -4.20411E-10  6.41840E-10 -1.01438E-11  1.54796E-11  1.64949E-13  1.87806E-13
  3.100E+00  7.31665E-04 -4.07722E-10  5.92784E-10 -1.01660E-11  1.47736E-11  4.83692E-14  3.36125E-13
  3.200E+00  7.79618E-04 -3.95204E-10  5.48461E-10 -1.01721E-11  1.41105E-11  9.72428E-14  1.30532E-13
  3.300E+00  8.29092E-04 -3.82930E-10  5.08305E-10 -1.01646E-11  1.34866E-11  1.25916E-13  1.62703E-13
  3.400E+00  8.80086E-04 -3.70949E-10  4.71834E-10 -1.01455E-11  1.28988E-11  2.71177E-14  2.43202E-13
  3.500E+00  9.32601E-04 -3.59296E-10  4.38629E-10 -1.01162E-11  1.23442E-11  8.43594E-14  7.24613E-14
  3.600E+00  9.86636E-04 -3.47994E-10  4.08329E-10 -1.00784E-11  1.18203E-11  9.73587E-14  1.38941E-13
  3.700E+00  1.04219E-03 -3.37054E-10  3.80622E-10 -1.00332E-11  1.13247E-11  1.25560E-14  1.78215E-13
  3.800E+00  1.09927E-03 -3.26485E-10  3.55234E-10 -9.98168E-12  1.08554E-11  7.32774E-14  3.65958E-14
  3.900E+00  1.15786E-03 -3.16285E-10  3.31926E-10 -9.92479E-12  1.04105E-11  7.52012E-14  1.17959E-13
  4.000E+00  1.21797E-03 -3.06453E-10  3.10489E-10 -9.86330E-12  9.98827E-12  3.24659E-15  1.31732E-13
  4.100E+00  1.27961E-03 -2.96982E-10  2.90739E-10 -9.79791E-12  9.58713E-12  6.36026E-14  1.39431E-14
  4.200E+00  1.34276E-03 -2.87864E-10  2.72513E-10 -9.72922E-12  9.20567E-12  5.85999E-14  9.97202E-14
  4.300E+00  1.40743E-03 -2.79090E-10  2.55666E-10 -9.65775E-12  8.84258E-12  3.92336E-15  9.78847E-14
  4.400E+00  1.47362E-03 -2.70650E-10  2.40072E-10 -9.58396E-12  8.49669E-12  5.54488E-14  3.86366E-16
  4.500E+00  1.54133E-03 -2.62532E-10  2.25616E-10 -9.50825E-12  8.16689E-12  4.57328E-14  8.42399E-14
  4.600E+00  1.61056E-03 -2.54724E-10  2.12197E-10 -9.43097E-12  7.85218E-12  8.79565E-15  7.28741E-14
  4.700E+00  1.68131E-03 -2.47216E-10  1.99725E-10 -9.35244E-12  7.55164E-12  4.77096E-14  8.95086E-15
  4.800E+00  1.75357E-03 -2.39995E-10  1.88118E-10 -9.27291E-12  7.26442E-12  3.54034E-14  7.02175E-14
  4.900E+00  1.82735E-03 -2.33049E-10  1.77303E-10 -9.19263E-12  6.98974E-12  1.11735E-14  5.42969E-14
  5.000E+00  1.90265E-03 -2.26368E-10  1.67215E-10 -9.11180E-12  6.72686E-12  4.19335E-14  1.39944E-14
  5.100E+00  1.97947E-03 -2.19941E-10  1.57795E-10 -9.03062E-12  6.47512E-12  2.74692E-14  5.97693E-14
  5.200E+00  2.05780E-03 -2.13755E-10  1.48988E-10 -8.94924E-12  6.23389E-12  1.33302E-14  4.02702E-14
  5.300E+00  2.13765E-03 -2.07802E-10  1.40747E-10 -8.86780E-12  6.00259E-12  3.61517E-14  1.67905E-14
  5.400E+00  2.21902E-03 -2.02072E-10  1.33028E-10 -8.78643E-12  5.78068E-12  2.06945E-14  4.98887E-14
  5.500E+00  2.30190E-03 -1.96553E-10  1.25790E-10 -8.70523E-12  5.56765E-12  1.37069E-14  2.94231E-14
  5.600E+00  2.38630E-03 -1.91238E-10  1.18999E-10 -8.62431E-12  5.36305E-12  3.09060E-14  1.84355E-14
  5.700E+00  2.47222E-03 -1.86118E-10  1.12620E-10 -8.54375E-12  5.16643E-12  1.52760E-14  4.18341E-14
  5.800E+00  2.55965E-03 -1.81183E-10  1.06623E-10 -8.46361E-12  4.97738E-12  1.42374E-14  2.11238E-14
  5.900E+00  2.64859E-03 -1.76426E-10  1.00982E-10 -8.38398E-12  4.79553E-12  2.71102E-14  1.83817E-14
  6.000E+00  2.73905E-03 -1.71839E-10  9.56705E-11 -8.30489E-12  4.62051E-12  1.10118E-14  3.47040E-14
  6.100E+00  2.83103E-03 -1.67415E-10  9.06659E-11 -8.22640E-12  4.45199E-12  1.41365E-14  1.44938E-14
  6.200E+00  2.92452E-03 -1.63146E-10  8.59470E-11 -8.14855E-12  4.28966E-12  2.34468E-14  1.82469E-14
  6.300E+00  3.01952E-03 -1.59027E-10  8.14942E-11 -8.07138E-12  4.13321E-12  7.90966E-15  2.90018E-14
  6.400E+00  3.11604E-03 -1.55050E-10  7.72897E-11 -7.99492E-12  3.98238E-12  1.39892E-14  9.72190E-15
  6.500E+00  3.21407E-03 -1.51209E-10  7.33172E-11 -7.91919E-12  3.83689E-12  1.98493E-14  1.69200E-14
  6.600E+00  3.31362E-03 -1.47500E-10  6.95612E-11 -7.84422E-12  3.69651E-12  5.00643E-15  2.41794E-14
  6.700E+00  3.41468E-03 -1.43915E-10  6.60080E-11 -7.77002E-12  3.56101E-12  1.35054E-14  6.06729E-15
  6.800E+00  3.51725E-03 -1.40450E-10  6.26445E-11 -7.69661E-12  3.43015E-12  1.72282E-14  1.60692E-14
  6.900E+00  3.62133E-03 -1.37100E-10  5.94587E-11 -7.62400E-12  3.30375E-12  2.85899E-15  1.96130E-14
  7.000E+00  3.72692E-03 -1.33861E-10  5.64396E-11 -7.55219E-12  3.18159E-12  1.31893E-14  3.29927E-15
  7.100E+00  3.83403E-03 -1.30727E-10  5.35768E-11 -7.48121E-12  3.06351E-12  1.41638E-14  1.48604E-14
  7.200E+00  3.94265E-03 -1.27694E-10  5.08610E-11 -7.41105E-12  2.94931E-12  9.17820E-16  1.61414E-14
  7.300E+00  4.05278E-03 -1.24758E-10  4.82831E-11 -7.34171E-12  2.83885E-12  1.26222E-14  1.10130E-15
  7.400E+00  4.16442E-03 -1.21916E-10  4.58350E-11 -7.27319E-12  2.73196E-12  1.20303E-14  1.35232E-14
  7.500E+00  4.27757E-03 -1.19163E-10  4.35091E-11 -7.20550E-12  2.62850E-12  1.20689E-16  1.26367E-14
  7.600E+00  4.39223E-03 -1.16497E-10  4.12982E-11 -7.13864E-12  2.52831E-12  1.13963E-14  5.07203E-16
  7.700E+00  4.50840E-03 -1.13912E-10  3.91957E-11 -7.07259E-12  2.43129E-12  1.05258E-14  1.19758E-14
  7.800E+00  4.62608E-03 -1.11408E-10  3.71953E-11 -7.00737E-12  2.33728E-12  1.67180E-15  1.07025E-14
  7.900E+00  4.74527E-03 -1.08979E-10  3.52914E-11 -6.94295E-12  2.24618E-12  1.04263E-14  1.40598E-15
  8.000E+00  4.86597E-03 -1.06624E-10  3.34786E-11 -6.87935E-12  2.15787E-12  8.68131E-15  1.07342E-14
  8.100E+00  4.98817E-03 -1.04339E-10  3.17517E-11 -6.81655E-12  2.07225E-12  2.47760E-15  8.23866E-15
  8.200E+00  5.11188E-03 -1.02122E-10  3.01061E-11 -6.75454E-12  1.98920E-12  9.86798E-15  2.49729E-15
  8.300E+00  5.23711E-03 -9.99706E-11  2.85373E-11 -6.69332E-12  1.90863E-12  6.68075E-15  8.89747E-15
  8.400E+00  5.36383E-03 -9.78818E-11  2.70413E-11 -6.63288E-12  1.83045E-12  2.68482E-15  6.61517E-15
  8.500E+00  5.49207E-03 -9.58535E-11  2.56141E-11 -6.57321E-12  1.75456E-12  8.98660E-15  2.82499E-15
  8.600E+00  5.62181E-03 -9.38834E-11  2.42522E-11 -6.51431E-12  1.68089E-12  5.66767E-15  8.47182E-15
  8.700E+00  5.75306E-03 -9.19695E-11  2.29520E-11 -6.45616E-12  1.60935E-12  3.21457E-15  4.81045E-15
  8.800E+00  5.88581E-03 -9.01097E-11  2.17105E-11 -6.39876E-12  1.53986E-12  7.67764E-15  3.19557E-15
  8.900E+00  6.02007E-03 -8.83019E-11  2.05245E-11 -6.34209E-12  1.47236E-12  4.26337E-15  7.16360E-15
  9.000E+00  6.15583E-03 -8.65445E-11  1.93913E-11 -6.28616E-12  1.40676E-12  3.50091E-15  3.77019E-15
  9.100E+00  6.29310E-03 -8.48355E-11  1.83082E-11 -6.23094E-12  1.34300E-12  6.84651E-15  2.63282E-15
  9.200E+00  6.43187E-03 -8.31733E-11  1.72727E-11 -6.17643E-12  1.28102E-12  2.86984E-15  6.00744E-15
  9.300E+00  6.57214E-03 -8.15563E-11  1.62824E-11 -6.12262E-12  1.22075E-12  3.89936E-15  2.35042E-15
  9.400E+00  6.71392E-03 -7.99828E-11  1.53352E-11 -6.06950E-12  1.16214E-12  6.25759E-15  2.95655E-15
  9.500E+00  6.85720E-03 -7.84514E-11  1.44288E-11 -6.01706E-12  1.10513E-12  2.24071E-15  4.98276E-15
  9.600E+00  7.00198E-03 -7.69606E-11  1.35613E-11 -5.96530E-12  1.04966E-12  3.94844E-15  2.04524E-15
  9.700E+00  7.14827E-03 -7.55090E-11  1.27309E-11 -5.91419E-12  9.95686E-13  5.72776E-15  3.08048E-15
  9.800E+00  7.29605E-03 -7.40954E-11  1.19358E-11 -5.86374E-12  9.43155E-13  1.54268E-15  3.92141E-15
  9.900E+00  7.44534E-03 -7.27184E-11  1.11742E-11 -5.81392E-12  8.92020E-13  3.70932E-15  1.32948E-15
  1.000E+01  7.59612E-03 -7.13768E-11  1.04448E-11 -5.76474E-12  8.42234E-13  4.84587E-15  2.89422E-15
  1.025E+01  7.97965E-03 -6.81704E-11  8.75159E-12 -5.64450E-12  7.23390E-13  4.73696E-15  1.23816E-15
  1.050E+01  8.37255E-03 -6.51612E-11  7.22830E-12 -5.52800E-12  6.12072E-13  3.65740E-15  1.30944E-16
  1.075E+01  8.77480E-03 -6.23338E-11  5.85633E-12 -5.41511E-12  5.07703E-13  2.20830E-15  1.24777E-15
  1.100E+01  9.18641E-03 -5.96743E-11  4.61945E-12 -5.30568E-12  4.09758E-13  4.43706E-16  2.14254E-15
  1.125E+01  9.60736E-03 -5.71699E-11  3.50336E-12 -5.19959E-12  3.17760E-13  1.48371E-15  1.59132E-15
  1.150E+01  1.00376E-02 -5.48093E-11  2.49551E-12 -5.09671E-12  2.31278E-13  1.41897E-15  1.52112E-15
  1.175E+01  1.04773E-02 -5.25818E-11  1.58480E-12 -4.99691E-12  1.49917E-13  2.52265E-15  1.66332E-15
  1.200E+01  1.09262E-02 -5.04779E-11  7.61439E-13 -4.90007E-12  7.33158E-14  2.23118E-15  3.98228E-16
  1.225E+01  1.13844E-02 -4.84889E-11  1.67178E-14 -4.80607E-12  1.14590E-15  1.60479E-15  1.90852E-16
  1.250E+01  1.18520E-02 -4.66067E-11 -6.57086E-13 -4.71482E-12 -6.68947E-14  1.71146E-15  5.49260E-16
  1.275E+01  1.23288E-02 -4.48241E-11 -1.26685E-12 -4.62619E-12 -1.31083E-13  3.28807E-16  7.03115E-16
  1.300E+01  1.28150E-02 -4.31344E-11 -1.81870E-12 -4.54010E-12 -1.91673E-13  1.58051E-16  8.44467E-16
  1.325E+01  1.33104E-02 -4.15314E-11 -2.31810E-12 -4.45643E-12 -2.48898E-13  9.12348E-16  3.24798E-16
  1.350E+01  1.38150E-02 -4.00093E-11 -2.76997E-12 -4.37511E-12 -3.02975E-13  1.31759E-15  1.56266E-16
  1.375E+01  1.43290E-02 -3.85631E-11 -3.17870E-12 -4.29604E-12 -3.54101E-13  1.26944E-15  3.00938E-16
  1.400E+01  1.48521E-02 -3.71878E-11 -3.54823E-12 -4.21914E-12 -4.02462E-13  1.22388E-15  0.00000E+00
  1.425E+01  1.53845E-02 -3.58791E-11 -3.88210E-12 -4.14433E-12 -4.48226E-13  9.18335E-16  2.79575E-16
  1.450E+01  1.59262E-02 -3.46328E-11 -4.18351E-12 -4.07152E-12 -4.91551E-13  5.06577E-16  1.34862E-16
  1.475E+01  1.64770E-02 -3.34451E-11 -4.45535E-12 -4.00066E-12 -5.32582E-13  1.22330E-16  1.30188E-16
  1.500E+01  1.70371E-02 -3.23126E-11 -4.70021E-12 -3.93166E-12 -5.71455E-13  2.36463E-16  1.25748E-16
  1.525E+01  1.76063E-02 -3.12319E-11 -4.92044E-12 -3.86445E-12 -6.08296E-13  3.43007E-16  1.21528E-16
  1.550E+01  1.81848E-02 -3.02000E-11 -5.11819E-12 -3.79899E-12 -6.43222E-13  5.53146E-16  1.17514E-16
  1.575E+01  1.87724E-02 -2.92141E-11 -5.29537E-12 -3.73519E-12 -6.76341E-13  2.14200E-16  3.41075E-16
  1.600E+01  1.93692E-02 -2.82716E-11 -5.45375E-12 -3.67301E-12 -7.07754E-13  2.07475E-16  6.60300E-16
  1.625E+01  1.99751E-02 -2.73701E-11 -5.59492E-12 -3.61238E-12 -7.37558E-13  0.00000E+00  2.13155E-16
  1.650E+01  2.05901E-02 -2.65073E-11 -5.72032E-12 -3.55326E-12 -7.65839E-13  0.00000E+00  0.00000E+00
  1.675E+01  2.12143E-02 -2.56811E-11 -5.83128E-12 -3.49559E-12 -7.92680E-13  0.00000E+00  6.00598E-16
  1.700E+01  2.18476E-02 -2.48894E-11 -5.92899E-12 -3.43932E-12 -8.18160E-13  3.67023E-16  0.00000E+00
  1.725E+01  2.24900E-02 -2.41305E-11 -6.01456E-12 -3.38441E-12 -8.42349E-13  1.78171E-16  0.00000E+00
  1.750E+01  2.31415E-02 -2.34027E-11 -6.08899E-12 -3.33080E-12 -8.65316E-13  1.73061E-16  1.82839E-16
  1.775E+01  2.38021E-02 -2.27042E-11 -6.15319E-12 -3.27846E-12 -8.87124E-13  0.00000E+00  5.32628E-16
  1.800E+01  2.44717E-02 -2.20336E-11 -6.20800E-12 -3.22735E-12 -9.07832E-13  3.26962E-16  8.62347E-16
  1.825E+01  2.51504E-02 -2.13896E-11 -6.25419E-12 -3.17742E-12 -9.27498E-13  4.76964E-16  8.38032E-16
  1.850E+01  2.58382E-02 -2.07706E-11 -6.29246E-12 -3.12864E-12 -9.46173E-13  6.18715E-16  8.14714E-16
  1.875E+01  2.65349E-02 -2.01756E-11 -6.32346E-12 -3.08097E-12 -9.63906E-13  3.01087E-16  1.58467E-16
  1.900E+01  2.72407E-02 -1.96033E-11 -6.34778E-12 -3.03437E-12 -9.80745E-13  0.00000E+00  4.62512E-16
  1.925E+01  2.79555E-02 -1.90526E-11 -6.36596E-12 -2.98881E-12 -9.96733E-13  1.42758E-16  3.00086E-16
  1.950E+01  2.86793E-02 -1.85225E-11 -6.37851E-12 -2.94427E-12 -1.01191E-12  1.39092E-16  2.92152E-16
  1.975E+01  2.94120E-02 -1.80119E-11 -6.38588E-12 -2.90069E-12 -1.02632E-12  2.71132E-16  4.26785E-16
  2.000E+01  3.01537E-02 -1.75201E-11 -6.38850E-12 -2.85807E-12 -1.03999E-12  3.96522E-16  2.77184E-16
  2.025E+01  3.09043E-02 -1.70461E-11 -6.38676E-12 -2.81637E-12 -1.05297E-12  3.86727E-16  1.35060E-16
  2.050E+01  3.16639E-02 -1.65890E-11 -6.38101E-12 -2.77555E-12 -1.06528E-12  2.51529E-16  1.31658E-16
  2.075E+01  3.24324E-02 -1.61482E-11 -6.37158E-12 -2.73560E-12 -1.07695E-12  1.22735E-16  2.56763E-16
  2.100E+01  3.32098E-02 -1.57229E-11 -6.35879E-12 -2.69649E-12 -1.08802E-12  2.39630E-16  2.50447E-16
  2.125E+01  3.39961E-02 -1.53124E-11 -6.34291E-12 -2.65820E-12 -1.09851E-12  2.33999E-16  4.88712E-16
  2.150E+01  3.47912E-02 -1.49160E-11 -6.32420E-12 -2.62069E-12 -1.10845E-12  3.42850E-16  2.38481E-16
  2.175E+01  3.55952E-02 -1.45331E-11 -6.30289E-12 -2.58395E-12 -1.11786E-12  3.34986E-16  3.49218E-16
  2.200E+01  3.64081E-02 -1.41632E-11 -6.27922E-12 -2.54796E-12 -1.12676E-12  3.27393E-16  2.27338E-16
  2.225E+01  3.72297E-02 -1.38056E-11 -6.25339E-12 -2.51270E-12 -1.13519E-12  4.26747E-16  1.11026E-16
  2.250E+01  3.80602E-02 -1.34599E-11 -6.22559E-12 -2.47813E-12 -1.14315E-12  2.08650E-16  1.08473E-16
  2.275E+01  3.88995E-02 -1.31256E-11 -6.19599E-12 -2.44426E-12 -1.15068E-12  1.02042E-16  1.06005E-16
  2.300E+01  3.97476E-02 -1.28022E-11 -6.16475E-12 -2.41104E-12 -1.15778E-12  3.99340E-16  4.14473E-16
  2.325E+01  4.06044E-02 -1.24892E-11 -6.13204E-12 -2.37848E-12 -1.16449E-12  1.95400E-16  3.03930E-16
  2.350E+01  4.14700E-02 -1.21862E-11 -6.09797E-12 -2.34654E-12 -1.17080E-12  1.91268E-16  3.96308E-16
  2.375E+01  4.23443E-02 -1.18928E-11 -6.06269E-12 -2.31522E-12 -1.17675E-12  0.00000E+00  0.00000E+00
  2.400E+01  4.32273E-02 -1.16086E-11 -6.02632E-12 -2.28450E-12 -1.18235E-12  3.66793E-16  3.79291E-16
  2.425E+01  4.41190E-02 -1.13333E-11 -5.98895E-12 -2.25435E-12 -1.18760E-12  1.79646E-16  3.71183E-16
  2.450E+01  4.50194E-02 -1.10665E-11 -5.95070E-12 -2.22478E-12 -1.19254E-12  1.76012E-16  9.08321E-16
  2.475E+01  4.59284E-02 -1.08079E-11 -5.91166E-12 -2.19575E-12 -1.19716E-12  0.00000E+00  1.77858E-16
  2.500E+01  4.68461E-02 -1.05571E-11 -5.87191E-12 -2.16726E-12 -1.20148E-12  1.69075E-16  5.22504E-16
  2.550E+01  4.87074E-02 -1.00779E-11 -5.79063E-12 -2.11183E-12 -1.20929E-12  0.00000E+00  1.67119E-16
  2.600E+01  5.06030E-02 -9.62667E-12 -5.70744E-12 -2.05838E-12 -1.21604E-12  0.00000E+00  0.00000E+00
  2.650E+01  5.25328E-02 -9.20139E-12 -5.62283E-12 -2.00683E-12 -1.22183E-12  3.01241E-16  1.54227E-16
  2.700E+01  5.44967E-02 -8.80019E-12 -5.53725E-12 -1.95706E-12 -1.22672E-12  1.45157E-16  2.96649E-16
  2.750E+01  5.64946E-02 -8.42136E-12 -5.45106E-12 -1.90901E-12 -1.23079E-12  1.39996E-16  0.00000E+00
  2.800E+01  5.85262E-02 -8.06333E-12 -5.36456E-12 -1.86259E-12 -1.23410E-12  1.35117E-16  1.37478E-16
  2.850E+01  6.05914E-02 -7.72469E-12 -5.27804E-12 -1.81772E-12 -1.23671E-12  1.30498E-16  0.00000E+00
  2.900E+01  6.26901E-02 -7.40410E-12 -5.19171E-12 -1.77432E-12 -1.23867E-12  1.26123E-16  3.83287E-16
  2.950E+01  6.48222E-02 -7.10039E-12 -5.10578E-12 -1.73235E-12 -1.24004E-12  0.00000E+00  1.23281E-16
  3.000E+01  6.69873E-02 -6.81244E-12 -5.02042E-12 -1.69172E-12 -1.24085E-12  3.54111E-16  1.19028E-16
  3.050E+01  6.91854E-02 -6.53922E-12 -4.93576E-12 -1.65238E-12 -1.24114E-12  1.14297E-16  0.00000E+00
  3.100E+01  7.14163E-02 -6.27982E-12 -4.85193E-12 -1.61428E-12 -1.24096E-12  2.21485E-16  2.22299E-16
  3.150E+01  7.36799E-02 -6.03334E-12 -4.76902E-12 -1.57735E-12 -1.24034E-12  1.07361E-16  1.07497E-16
  3.200E+01  7.59760E-02 -5.79899E-12 -4.68712E-12 -1.54156E-12 -1.23932E-12  1.04141E-16  1.04019E-16
  3.250E+01  7.83043E-02 -5.57603E-12 -4.60629E-12 -1.50685E-12 -1.23792E-12  3.03221E-16  1.00705E-16
  3.300E+01  8.06647E-02 -5.36378E-12 -4.52659E-12 -1.47318E-12 -1.23616E-12  9.81492E-17  0.00000E+00
  3.350E+01  8.30571E-02 -5.16159E-12 -4.44806E-12 -1.44051E-12 -1.23408E-12  9.53590E-17  9.45313E-17
  3.400E+01  8.54812E-02 -4.96887E-12 -4.37074E-12 -1.40879E-12 -1.23170E-12  9.26953E-17  1.83306E-16
  3.450E+01  8.79369E-02 -4.78508E-12 -4.29466E-12 -1.37799E-12 -1.22905E-12  9.01505E-17  8.89033E-17
  3.500E+01  9.04240E-02 -4.60969E-12 -4.21984E-12 -1.34807E-12 -1.22613E-12  1.75436E-16  0.00000E+00
  3.550E+01  9.29422E-02 -4.44225E-12 -4.14628E-12 -1.31900E-12 -1.22297E-12  0.00000E+00  1.67519E-16
  3.600E+01  9.54915E-02 -4.28229E-12 -4.07399E-12 -1.29074E-12 -1.21959E-12  1.66329E-16  8.13524E-17
  3.650E+01  9.80716E-02 -4.12942E-12 -4.00299E-12 -1.26327E-12 -1.21600E-12  1.62065E-16  1.58094E-16
  3.700E+01  1.00682E-01 -3.98323E-12 -3.93326E-12 -1.23655E-12 -1.21223E-12  0.00000E+00  0.00000E+00
  3.750E+01  1.03323E-01 -3.84338E-12 -3.86481E-12 -1.21055E-12 -1.20827E-12  0.00000E+00  4.48315E-16
  3.800E+01  1.05995E-01 -3.70952E-12 -3.79763E-12 -1.18526E-12 -1.20415E-12  1.50305E-16  1.45374E-16
  3.850E+01  1.08696E-01 -3.58133E-12 -3.73170E-12 -1.16064E-12 -1.19988E-12  0.00000E+00  2.82944E-16
  3.900E+01  1.11427E-01 -3.45853E-12 -3.66702E-12 -1.13667E-12 -1.19547E-12  0.00000E+00  0.00000E+00
  3.950E+01  1.14188E-01 -3.34083E-12 -3.60356E-12 -1.11333E-12 -1.19093E-12  1.39915E-16  0.00000E+00
  4.000E+01  1.16978E-01 -3.22797E-12 -3.54132E-12 -1.09059E-12 -1.18627E-12  0.00000E+00  2.61330E-16
  4.050E+01  1.19797E-01 -3.11971E-12 -3.48028E-12 -1.06844E-12 -1.18149E-12  0.00000E+00  1.27336E-16
  4.100E+01  1.22645E-01 -3.01583E-12 -3.42042E-12 -1.04684E-12 -1.17662E-12  1.30694E-16  2.48268E-16
  4.150E+01  1.25522E-01 -2.91609E-12 -3.36173E-12 -1.02580E-12 -1.17165E-12  1.27851E-16  2.42102E-16
  4.200E+01  1.28428E-01 -2.82031E-12 -3.30418E-12 -1.00528E-12 -1.16659E-12  0.00000E+00  0.00000E+00
  4.250E+01  1.31361E-01 -2.72829E-12 -3.24775E-12 -9.85265E-13 -1.16145E-12  1.22479E-16  0.00000E+00
  4.300E+01  1.34323E-01 -2.63984E-12 -3.19243E-12 -9.65744E-13 -1.15624E-12  1.19941E-16  1.12464E-16
  4.350E+01  1.37313E-01 -2.55481E-12 -3.13819E-12 -9.46699E-13 -1.15096E-12  0.00000E+00  2.19610E-16
  4.400E+01  1.40330E-01 -2.47302E-12 -3.08501E-12 -9.28114E-13 -1.14562E-12  0.00000E+00  1.07240E-16
  4.450E+01  1.43375E-01 -2.39434E-12 -3.03288E-12 -9.09974E-13 -1.14022E-12  1.12860E-16  0.00000E+00
  4.500E+01  1.46447E-01 -2.31861E-12 -2.98177E-12 -8.92265E-13 -1.13477E-12  0.00000E+00  3.07126E-16
  4.550E+01  1.49545E-01 -2.24570E-12 -2.93166E-12 -8.74974E-13 -1.12928E-12  0.00000E+00  1.00067E-16
  4.600E+01  1.52671E-01 -2.17549E-12 -2.88253E-12 -8.58088E-13 -1.12374E-12  1.06501E-16  9.78375E-17
  4.650E+01  1.55823E-01 -2.10785E-12 -2.83436E-12 -8.41594E-13 -1.11817E-12  0.00000E+00  1.91365E-16
  4.700E+01  1.59001E-01 -2.04266E-12 -2.78712E-12 -8.25480E-13 -1.11256E-12  0.00000E+00  1.87198E-16
  4.750E+01  1.62205E-01 -1.97983E-12 -2.74081E-12 -8.09734E-13 -1.10691E-12  1.00774E-16  0.00000E+00
  4.800E+01  1.65435E-01 -1.91925E-12 -2.69540E-12 -7.94346E-13 -1.10125E-12  0.00000E+00  1.79268E-16
  4.850E+01  1.68690E-01 -1.86083E-12 -2.65087E-12 -7.79305E-13 -1.09555E-12  0.00000E+00  3.50989E-16
  4.900E+01  1.71970E-01 -1.80446E-12 -2.60720E-12 -7.64601E-13 -1.08984E-12  9.56012E-17  0.00000E+00
  4.950E+01  1.75276E-01 -1.75006E-12 -2.56438E-12 -7.50224E-13 -1.08411E-12  0.00000E+00  8.41513E-17
  5.000E+01  1.78606E-01 -1.69756E-12 -2.52237E-12 -7.36164E-13 -1.07836E-12  0.00000E+00  2.47313E-16
  5.050E+01  1.81961E-01 -1.64686E-12 -2.48117E-12 -7.22412E-13 -1.07260E-12  0.00000E+00  0.00000E+00
  5.100E+01  1.85340E-01 -1.59790E-12 -2.44076E-12 -7.08959E-13 -1.06683E-12  8.94568E-17  7.91672E-17
  5.150E+01  1.88743E-01 -1.55061E-12 -2.40112E-12 -6.95798E-13 -1.06105E-12  0.00000E+00  1.55213E-16
  5.200E+01  1.92169E-01 -1.50491E-12 -2.36224E-12 -6.82920E-13 -1.05526E-12  0.00000E+00  7.60926E-17
  5.250E+01  1.95619E-01 -1.46075E-12 -2.32409E-12 -6.70316E-13 -1.04947E-12  8.53417E-17  0.00000E+00
  5.300E+01  1.99092E-01 -1.41806E-12 -2.28666E-12 -6.57980E-13 -1.04368E-12  0.00000E+00  0.00000E+00
  5.350E+01  2.02589E-01 -1.37678E-12 -2.24993E-12 -6.45904E-13 -1.03788E-12  0.00000E+00  2.87262E-16
  5.400E+01  2.06107E-01 -1.33686E-12 -2.21389E-12 -6.34082E-13 -1.03208E-12  8.15981E-17  7.04724E-17
  5.450E+01  2.09649E-01 -1.29824E-12 -2.17852E-12 -6.22505E-13 -1.02629E-12  0.00000E+00  6.91680E-17
  5.500E+01  2.13212E-01 -1.26088E-12 -2.14381E-12 -6.11168E-13 -1.02050E-12  0.00000E+00  1.35802E-16
  5.550E+01  2.16797E-01 -1.22473E-12 -2.10974E-12 -6.00065E-13 -1.01471E-12  7.81865E-17  6.66694E-17
  5.600E+01  2.20404E-01 -1.18973E-12 -2.07630E-12 -5.89189E-13 -1.00893E-12  0.00000E+00  0.00000E+00
  5.650E+01  2.24032E-01 -1.15585E-12 -2.04348E-12 -5.78534E-13 -1.00315E-12  0.00000E+00  6.43093E-17
  5.700E+01  2.27680E-01 -1.12304E-12 -2.01125E-12 -5.68095E-13 -9.97382E-13  7.50726E-17  1.26356E-16
  5.750E+01  2.31350E-01 -1.09127E-12 -1.97961E-12 -5.57866E-13 -9.91622E-13  0.00000E+00  1.24155E-16
  5.800E+01  2.35040E-01 -1.06049E-12 -1.94855E-12 -5.47842E-13 -9.85872E-13  0.00000E+00  6.10071E-17
  5.850E+01  2.38751E-01 -1.03067E-12 -1.91804E-12 -5.38018E-13 -9.80132E-13  0.00000E+00  5.99655E-17
  5.900E+01  2.42481E-01 -1.00178E-12 -1.88809E-12 -5.28388E-13 -9.74404E-13  0.00000E+00  5.89517E-17
  5.950E+01  2.46231E-01 -9.73772E-13 -1.85867E-12 -5.18948E-13 -9.68687E-13  0.00000E+00  0.00000E+00
  6.000E+01  2.50000E-01 -9.46626E-13 -1.82978E-12 -5.09693E-13 -9.62983E-13  0.00000E+00  5.70038E-17
  6.050E+01  2.53788E-01 -9.20306E-13 -1.80140E-12 -5.00618E-13 -9.57292E-13  6.88051E-17  0.00000E+00
  6.100E+01  2.57595E-01 -8.94785E-13 -1.77352E-12 -4.91720E-13 -9.51615E-13  0.00000E+00  0.00000E+00
  6.150E+01  2.61421E-01 -8.70033E-13 -1.74613E-12 -4.82994E-13 -9.45953E-13  0.00000E+00  5.42681E-17
  6.200E+01  2.65264E-01 -8.46024E-13 -1.71922E-12 -4.74435E-13 -9.40305E-13  6.64896E-17  0.00000E+00
  6.250E+01  2.69126E-01 -8.22733E-13 -1.69278E-12 -4.66040E-13 -9.34673E-13  0.00000E+00  5.25589E-17
  6.300E+01  2.73005E-01 -8.00135E-13 -1.66681E-12 -4.57806E-13 -9.29057E-13  0.00000E+00  5.17364E-17
  6.350E+01  2.76901E-01 -7.78204E-13 -1.64128E-12 -4.49727E-13 -9.23458E-13  6.43671E-17  1.01869E-16
  6.400E+01  2.80814E-01 -7.56919E-13 -1.61620E-12 -4.41801E-13 -9.17874E-13  0.00000E+00  1.50457E-16
  6.450E+01  2.84744E-01 -7.36256E-13 -1.59154E-12 -4.34024E-13 -9.12308E-13  0.00000E+00  4.93894E-17
  6.500E+01  2.88691E-01 -7.16196E-13 -1.56730E-12 -4.26392E-13 -9.06760E-13  0.00000E+00  4.86451E-17
  6.550E+01  2.92653E-01 -6.96719E-13 -1.54348E-12 -4.18903E-13 -9.01229E-13  0.00000E+00  9.58377E-17
  6.600E+01  2.96632E-01 -6.77805E-13 -1.52006E-12 -4.11553E-13 -8.95716E-13  0.00000E+00  4.72100E-17
  6.650E+01  3.00625E-01 -6.59436E-13 -1.49704E-12 -4.04338E-13 -8.90221E-13  0.00000E+00  0.00000E+00
  6.700E+01  3.04634E-01 -6.41594E-13 -1.47440E-12 -3.97257E-13 -8.84745E-13  0.00000E+00  0.00000E+00
  6.750E+01  3.08658E-01 -6.24260E-13 -1.45215E-12 -3.90305E-13 -8.79287E-13  0.00000E+00  4.51832E-17
  6.800E+01  3.12697E-01 -6.07417E-13 -1.43026E-12 -3.83480E-13 -8.73848E-13  0.00000E+00  0.00000E+00
  6.850E+01  3.16749E-01 -5.91050E-13 -1.40874E-12 -3.76780E-13 -8.68428E-13  5.84872E-17  0.00000E+00
  6.900E+01  3.20816E-01 -5.75146E-13 -1.38757E-12 -3.70201E-13 -8.63028E-13  0.00000E+00  0.00000E+00
  6.950E+01  3.24896E-01 -5.59689E-13 -1.36675E-12 -3.63741E-13 -8.57646E-13  0.00000E+00  0.00000E+00
  7.000E+01  3.28990E-01 -5.44665E-13 -1.34628E-12 -3.57397E-13 -8.52284E-13  5.70315E-17  0.00000E+00
  7.050E+01  3.33097E-01 -5.30060E-13 -1.32614E-12 -3.51168E-13 -8.46942E-13  0.00000E+00  0.00000E+00
  7.100E+01  3.37216E-01 -5.15859E-13 -1.30633E-12 -3.45049E-13 -8.41619E-13  0.00000E+00  0.00000E+00
  7.150E+01  3.41348E-01 -5.02048E-13 -1.28683E-12 -3.39040E-13 -8.36316E-13  5.56994E-17  0.00000E+00
  7.200E+01  3.45492E-01 -4.88616E-13 -1.26765E-12 -3.33137E-13 -8.31032E-13  0.00000E+00  0.00000E+00
  7.250E+01  3.49647E-01 -4.75559E-13 -1.24878E-12 -3.27339E-13 -8.25768E-13  0.00000E+00  0.00000E+00
  7.300E+01  3.53814E-01 -4.62860E-13 -1.23022E-12 -3.21643E-13 -8.20524E-13  0.00000E+00  0.00000E+00
  7.350E+01  3.57992E-01 -4.50505E-13 -1.21195E-12 -3.16048E-13 -8.15300E-13  0.00000E+00  0.00000E+00
  7.400E+01  3.62181E-01 -4.38484E-13 -1.19396E-12 -3.10550E-13 -8.10096E-13  0.00000E+00  0.00000E+00
  7.450E+01  3.66381E-01 -4.26789E-13 -1.17626E-12 -3.05149E-13 -8.04912E-13  0.00000E+00  0.00000E+00
  7.500E+01  3.70590E-01 -4.15410E-13 -1.15885E-12 -2.99842E-13 -7.99747E-13  0.00000E+00  0.00000E+00
  7.550E+01  3.74810E-01 -4.04339E-13 -1.14170E-12 -2.94627E-13 -7.94603E-13  0.00000E+00  0.00000E+00
  7.600E+01  3.79039E-01 -3.93565E-13 -1.12483E-12 -2.89503E-13 -7.89478E-13  0.00000E+00  0.00000E+00
  7.650E+01  3.83277E-01 -3.83079E-13 -1.10822E-12 -2.84468E-13 -7.84373E-13  0.00000E+00  0.00000E+00
  7.700E+01  3.87524E-01 -3.72873E-13 -1.09186E-12 -2.79519E-13 -7.79288E-13  0.00000E+00  0.00000E+00
  7.750E+01  3.91780E-01 -3.62937E-13 -1.07576E-12 -2.74656E-13 -7.74222E-13  0.00000E+00  0.00000E+00
  7.800E+01  3.96044E-01 -3.53266E-13 -1.05991E-12 -2.69876E-13 -7.69177E-13  5.11566E-17  0.00000E+00
  7.850E+01  4.00316E-01 -3.43850E-13 -1.04430E-12 -2.65178E-13 -7.64151E-13  0.00000E+00  0.00000E+00
  7.900E+01  4.04596E-01 -3.34683E-13 -1.02893E-12 -2.60560E-13 -7.59144E-13  0.00000E+00  0.00000E+00
  7.950E+01  4.08882E-01 -3.25758E-13 -1.01379E-12 -2.56021E-13 -7.54157E-13  0.00000E+00  0.00000E+00
  8.000E+01  4.13176E-01 -3.17067E-13 -9.98889E-13 -2.51559E-13 -7.49190E-13  0.00000E+00  0.00000E+00
  8.050E+01  4.17476E-01 -3.08604E-13 -9.84210E-13 -2.47173E-13 -7.44242E-13  0.00000E+00  0.00000E+00
  8.100E+01  4.21783E-01 -3.00361E-13 -9.69752E-13 -2.42861E-13 -7.39313E-13  0.00000E+00  0.00000E+00
  8.150E+01  4.26095E-01 -2.92333E-13 -9.55511E-13 -2.38623E-13 -7.34404E-13  0.00000E+00  0.00000E+00
  8.200E+01  4.30413E-01 -2.84514E-13 -9.41484E-13 -2.34455E-13 -7.29514E-13  0.00000E+00  0.00000E+00
  8.250E+01  4.34737E-01 -2.76899E-13 -9.27667E-13 -2.30358E-13 -7.24643E-13  0.00000E+00  0.00000E+00
  8.300E+01  4.39065E-01 -2.69480E-13 -9.14057E-13 -2.26330E-13 -7.19791E-13  0.00000E+00  0.00000E+00
  8.350E+01  4.43398E-01 -2.62254E-13 -9.00648E-13 -2.22369E-13 -7.14957E-13  0.00000E+00  0.00000E+00
  8.400E+01  4.47736E-01 -2.55213E-13 -8.87439E-13 -2.18475E-13 -7.10143E-13  0.00000E+00  0.00000E+00
  8.450E+01  4.52077E-01 -2.48354E-13 -8.74423E-13 -2.14646E-13 -7.05347E-13  0.00000E+00  0.00000E+00
  8.500E+01  4.56422E-01 -2.41671E-13 -8.61599E-13 -2.10881E-13 -7.00570E-13  0.00000E+00  0.00000E+00
  8.550E+01  4.60770E-01 -2.35159E-13 -8.48963E-13 -2.07178E-13 -6.95811E-13  0.00000E+00  0.00000E+00
  8.600E+01  4.65122E-01 -2.28814E-13 -8.36512E-13 -2.03537E-13 -6.91071E-13  0.00000E+00  0.00000E+00
  8.650E+01  4.69476E-01 -2.22631E-13 -8.24243E-13 -1.99957E-13 -6.86349E-13  0.00000E+00  0.00000E+00
  8.700E+01  4.73832E-01 -2.16606E-13 -8.12153E-13 -1.96436E-13 -6.81646E-13  0.00000E+00  0.00000E+00
  8.750E+01  4.78190E-01 -2.10734E-13 -8.00237E-13 -1.92974E-13 -6.76960E-13  0.00000E+00  0.00000E+00
  8.800E+01  4.82550E-01 -2.05012E-13 -7.88494E-13 -1.89569E-13 -6.72292E-13  0.00000E+00  0.00000E+00
  8.850E+01  4.86912E-01 -1.99434E-13 -7.76920E-13 -1.86220E-13 -6.67642E-13  0.00000E+00  0.00000E+00
  8.900E+01  4.91274E-01 -1.93998E-13 -7.65512E-13 -1.82927E-13 -6.63010E-13  0.00000E+00  0.00000E+00
  8.950E+01  4.95637E-01 -1.88700E-13 -7.54267E-13 -1.79688E-13 -6.58396E-13  0.00000E+00  0.00000E+00
  9.000E+01  5.00000E-01 -1.83536E-13 -7.43184E-13 -1.76502E-13 -6.53799E-13  0.00000E+00  0.00000E+00
  9.050E+01  5.04363E-01 -1.78502E-13 -7.32259E-13 -1.73369E-13 -6.49219E-13  0.00000E+00  0.00000E+00
  9.100E+01  5.08726E-01 -1.73595E-13 -7.21489E-13 -1.70287E-13 -6.44657E-13  0.00000E+00  0.00000E+00
  9.150E+01  5.13088E-01 -1.68812E-13 -7.10872E-13 -1.67256E-13 -6.40111E-13  0.00000E+00  0.00000E+00
  9.200E+01  5.17450E-01 -1.64149E-13 -7.00405E-13 -1.64275E-13 -6.35583E-13  0.00000E+00  0.00000E+00
  9.250E+01  5.21810E-01 -1.59603E-13 -6.90085E-13 -1.61343E-13 -6.31072E-13  0.00000E+00  0.00000E+00
  9.300E+01  5.26168E-01 -1.55172E-13 -6.79911E-13 -1.58459E-13 -6.26577E-13  0.00000E+00  0.00000E+00
  9.350E+01  5.30524E-01 -1.50851E-13 -6.69880E-13 -1.55622E-13 -6.22099E-13  0.00000E+00  0.00000E+00
  9.400E+01  5.34878E-01 -1.46640E-13 -6.59990E-13 -1.52832E-13 -6.17638E-13  0.00000E+00  0.00000E+00
  9.450E+01  5.39230E-01 -1.42533E-13 -6.50238E-13 -1.50088E-13 -6.13193E-13  0.00000E+00  0.00000E+00
  9.500E+01  5.43578E-01 -1.38529E-13 -6.40622E-13 -1.47388E-13 -6.08764E-13  0.00000E+00  0.00000E+00
  9.550E+01  5.47923E-01 -1.34626E-13 -6.31140E-13 -1.44733E-13 -6.04352E-13  0.00000E+00  0.00000E+00
  9.600E+01  5.52264E-01 -1.30820E-13 -6.21789E-13 -1.42121E-13 -5.99955E-13  2.31291E-17  0.00000E+00
  9.650E+01  5.56602E-01 -1.27109E-13 -6.12568E-13 -1.39552E-13 -5.95575E-13  2.31262E-17  0.00000E+00
  9.700E+01  5.60935E-01 -1.23490E-13 -6.03475E-13 -1.37025E-13 -5.91210E-13  2.31265E-17  0.00000E+00
  9.750E+01  5.65263E-01 -1.19962E-13 -5.94508E-13 -1.34539E-13 -5.86861E-13  2.31300E-17  0.00000E+00
  9.800E+01  5.69587E-01 -1.16522E-13 -5.85664E-13 -1.32094E-13 -5.82527E-13  0.00000E+00  0.00000E+00
  9.850E+01  5.73905E-01 -1.13168E-13 -5.76942E-13 -1.29689E-13 -5.78209E-13  0.00000E+00  0.00000E+00
  9.900E+01  5.78217E-01 -1.09898E-13 -5.68340E-13 -1.27323E-13 -5.73906E-13  2.31601E-17  0.00000E+00
  9.950E+01  5.82524E-01 -1.06709E-13 -5.59855E-13 -1.24996E-13 -5.69618E-13  0.00000E+00  0.00000E+00
  1.000E+02  5.86824E-01 -1.03599E-13 -5.51487E-13 -1.22707E-13 -5.65345E-13  2.31964E-17  0.00000E+00
  1.005E+02  5.91118E-01 -1.00567E-13 -5.43232E-13 -1.20456E-13 -5.61087E-13  0.00000E+00  0.00000E+00
  1.010E+02  5.95404E-01 -9.76100E-14 -5.35091E-13 -1.18241E-13 -5.56844E-13  2.32456E-17  0.00000E+00
  1.015E+02  5.99684E-01 -9.47271E-14 -5.27061E-13 -1.16063E-13 -5.52615E-13  0.00000E+00  0.00000E+00
  1.020E+02  6.03956E-01 -9.19160E-14 -5.19140E-13 -1.13920E-13 -5.48401E-13  2.33079E-17  0.00000E+00
  1.025E+02  6.08220E-01 -8.91749E-14 -5.11326E-13 -1.11813E-13 -5.44202E-13  2.33440E-17  0.00000E+00
  1.030E+02  6.12476E-01 -8.65020E-14 -5.03619E-13 -1.09740E-13 -5.40016E-13  2.33834E-17  0.00000E+00
  1.035E+02  6.16723E-01 -8.38957E-14 -4.96015E-13 -1.07701E-13 -5.35845E-13  0.00000E+00  0.00000E+00
  1.040E+02  6.20961E-01 -8.13543E-14 -4.88515E-13 -1.05695E-13 -5.31688E-13  2.34722E-17  0.00000E+00
  1.045E+02  6.25190E-01 -7.88764E-14 -4.81116E-13 -1.03723E-13 -5.27545E-13  0.00000E+00  0.00000E+00
  1.050E+02  6.29410E-01 -7.64604E-14 -4.73817E-13 -1.01783E-13 -5.23415E-13  2.35744E-17  0.00000E+00
  1.055E+02  6.33619E-01 -7.41046E-14 -4.66617E-13 -9.98743E-14 -5.19299E-13  2.36306E-17  0.00000E+00
  1.060E+02  6.37819E-01 -7.18076E-14 -4.59514E-13 -9.79974E-14 -5.15197E-13  0.00000E+00  0.00000E+00
  1.065E+02  6.42008E-01 -6.95679E-14 -4.52506E-13 -9.61514E-14 -5.11108E-13  0.00000E+00  0.00000E+00
  1.070E+02  6.46186E-01 -6.73841E-14 -4.45592E-13 -9.43359E-14 -5.07033E-13  2.38199E-17  0.00000E+00
  1.075E+02  6.50353E-01 -6.52549E-14 -4.38771E-13 -9.25504E-14 -5.02970E-13  0.00000E+00  0.00000E+00
  1.080E+02  6.54508E-01 -6.31790E-14 -4.32042E-13 -9.07943E-14 -4.98921E-13  4.79270E-17  0.00000E+00
  1.085E+02  6.58652E-01 -6.11552E-14 -4.25404E-13 -8.90673E-14 -4.94885E-13  4.80812E-17  0.00000E+00
  1.090E+02  6.62784E-01 -5.91821E-14 -4.18855E-13 -8.73688E-14 -4.90861E-13  0.00000E+00  0.00000E+00
  1.095E+02  6.66903E-01 -5.72585E-14 -4.12393E-13 -8.56985E-14 -4.86850E-13  4.84114E-17  0.00000E+00
  1.100E+02  6.71010E-01 -5.53831E-14 -4.06018E-13 -8.40560E-14 -4.82852E-13  0.00000E+00  1.90868E-17
  1.105E+02  6.75104E-01 -5.35547E-14 -3.99728E-13 -8.24407E-14 -4.78866E-13  0.00000E+00  0.00000E+00
  1.110E+02  6.79184E-01 -5.17722E-14 -3.93522E-13 -8.08522E-14 -4.74892E-13  0.00000E+00  1.88312E-17
  1.115E+02  6.83251E-01 -5.00347E-14 -3.87400E-13 -7.92903E-14 -4.70931E-13  0.00000E+00  1.87065E-17
  1.120E+02  6.87303E-01 -4.83411E-14 -3.81360E-13 -7.77543E-14 -4.66982E-13  2.46836E-17  1.85837E-17
  1.125E+02  6.91342E-01 -4.66902E-14 -3.75401E-13 -7.62441E-14 -4.63045E-13  0.00000E+00  1.84629E-17
  1.130E+02  6.95366E-01 -4.50810E-14 -3.69521E-13 -7.47591E-14 -4.59119E-13  2.49016E-17  3.66879E-17
  1.135E+02  6.99375E-01 -4.35124E-14 -3.63721E-13 -7.32989E-14 -4.55206E-13  0.00000E+00  0.00000E+00
  1.140E+02  7.03368E-01 -4.19834E-14 -3.57997E-13 -7.18633E-14 -4.51304E-13  2.51356E-17  1.81117E-17
  1.145E+02  7.07347E-01 -4.04932E-14 -3.52351E-13 -7.04518E-14 -4.47414E-13  5.05176E-17  3.59967E-17
  1.150E+02  7.11309E-01 -3.90409E-14 -3.46780E-13 -6.90640E-14 -4.43535E-13  1.26931E-17  1.78867E-17
  1.155E+02  7.15256E-01 -3.76255E-14 -3.41284E-13 -6.76996E-14 -4.39667E-13  6.37940E-17  1.77769E-17
  1.160E+02  7.19186E-01 -3.62463E-14 -3.35862E-13 -6.63583E-14 -4.35811E-13  5.13068E-17  1.76687E-17
  1.165E+02  7.23099E-01 -3.49022E-14 -3.30512E-13 -6.50397E-14 -4.31965E-13  1.28968E-17  3.51245E-17
  1.170E+02  7.26995E-01 -3.35924E-14 -3.25235E-13 -6.37434E-14 -4.28131E-13  3.89071E-17  1.74575E-17
  1.175E+02  7.30874E-01 -3.23160E-14 -3.20028E-13 -6.24692E-14 -4.24307E-13  3.91306E-17  1.73543E-17
  1.180E+02  7.34736E-01 -3.10723E-14 -3.14891E-13 -6.12166E-14 -4.20495E-13  6.56017E-17  6.90112E-17
  1.185E+02  7.38579E-01 -2.98605E-14 -3.09823E-13 -5.99854E-14 -4.16692E-13  1.31994E-17  1.71528E-17
  1.190E+02  7.42405E-01 -2.86800E-14 -3.04824E-13 -5.87752E-14 -4.12901E-13  6.64044E-17  3.41089E-17
  1.195E+02  7.46212E-01 -2.75299E-14 -2.99893E-13 -5.75857E-14 -4.09120E-13  6.68235E-17  6.78303E-17
  1.200E+02  7.50000E-01 -2.64095E-14 -2.95028E-13 -5.64166E-14 -4.05349E-13  1.34509E-17  5.05866E-17
  1.205E+02  7.53769E-01 -2.53181E-14 -2.90229E-13 -5.52676E-14 -4.01588E-13  4.06190E-17  0.00000E+00
  1.210E+02  7.57519E-01 -2.42549E-14 -2.85494E-13 -5.41384E-14 -3.97838E-13  5.45237E-17  1.66759E-17
  1.215E+02  7.61249E-01 -2.32192E-14 -2.80824E-13 -5.30287E-14 -3.94097E-13  2.74494E-17  4.97548E-17
  1.220E+02  7.64960E-01 -2.22104E-14 -2.76218E-13 -5.19382E-14 -3.90367E-13  1.38211E-17  1.64954E-17
  1.225E+02  7.68650E-01 -2.12281E-14 -2.71674E-13 -5.08666E-14 -3.86646E-13  2.78404E-17  0.00000E+00
  1.230E+02  7.72320E-01 -2.02714E-14 -2.67192E-13 -4.98136E-14 -3.82935E-13  2.80438E-17  3.26408E-17
  1.235E+02  7.75968E-01 -1.93399E-14 -2.62772E-13 -4.87790E-14 -3.79233E-13  1.41264E-17  4.87048E-17
  1.240E+02  7.79596E-01 -1.84328E-14 -2.58412E-13 -4.77624E-14 -3.75541E-13  7.11683E-17  0.00000E+00
  1.245E+02  7.83203E-01 -1.75494E-14 -2.54112E-13 -4.67637E-14 -3.71859E-13  2.86876E-17  1.60680E-17
  1.250E+02  7.86788E-01 -1.66893E-14 -2.49871E-13 -4.57824E-14 -3.68185E-13  2.89137E-17  6.39458E-17
  1.255E+02  7.90351E-01 -1.58519E-14 -2.45688E-13 -4.48184E-14 -3.64521E-13  2.91457E-17  1.59062E-17
  1.260E+02  7.93893E-01 -1.50368E-14 -2.41563E-13 -4.38714E-14 -3.60866E-13  1.46919E-17  1.58272E-17
  1.265E+02  7.97411E-01 -1.42434E-14 -2.37496E-13 -4.29411E-14 -3.57220E-13  1.48139E-17  3.14988E-17
  1.270E+02  8.00908E-01 -1.34712E-14 -2.33485E-13 -4.20274E-14 -3.53582E-13  4.48174E-17  6.26915E-17
  1.275E+02  8.04381E-01 -1.27196E-14 -2.29530E-13 -4.11298E-14 -3.49954E-13  3.76689E-17  0.00000E+00
  1.280E+02  8.07831E-01 -1.19880E-14 -2.25630E-13 -4.02483E-14 -3.46334E-13  0.00000E+00  1.55233E-17
  1.285E+02  8.11257E-01 -1.12760E-14 -2.21785E-13 -3.93824E-14 -3.42722E-13  5.36698E-17  3.09006E-17
  1.290E+02  8.14660E-01 -1.05831E-14 -2.17994E-13 -3.85321E-14 -3.39120E-13  3.86815E-17  4.61354E-17
  1.295E+02  8.18039E-01 -9.90898E-15 -2.14256E-13 -3.76971E-14 -3.35525E-13  1.56145E-17  0.00000E+00
  1.300E+02  8.21394E-01 -9.25320E-15 -2.10571E-13 -3.68770E-14 -3.31939E-13  5.51593E-17  1.52381E-17
  1.305E+02  8.24724E-01 -8.61528E-15 -2.06939E-13 -3.60718E-14 -3.28361E-13  6.36349E-17  1.51696E-17
  1.310E+02  8.28030E-01 -7.99473E-15 -2.03359E-13 -3.52812E-14 -3.24791E-13  8.03067E-18  0.00000E+00
  1.315E+02  8.31310E-01 -7.39106E-15 -1.99829E-13 -3.45048E-14 -3.21229E-13  4.05442E-17  0.00000E+00
  1.320E+02  8.34565E-01 -6.80384E-15 -1.96351E-13 -3.37427E-14 -3.17675E-13  8.59839E-17  2.99409E-17
  1.325E+02  8.37795E-01 -6.23272E-15 -1.92922E-13 -3.29944E-14 -3.14129E-13  2.48130E-17  2.98124E-17
  1.330E+02  8.40999E-01 -5.67739E-15 -1.89543E-13 -3.22598E-14 -3.10590E-13  5.43076E-17  2.96859E-17
  1.335E+02  8.44177E-01 -5.13749E-15 -1.86214E-13 -3.15386E-14 -3.07059E-13  9.70722E-17  0.00000E+00
  1.340E+02  8.47329E-01 -4.61265E-15 -1.82933E-13 -3.08308E-14 -3.03536E-13  6.82333E-17  1.47195E-17
  1.345E+02  8.50455E-01 -4.10242E-15 -1.79701E-13 -3.01359E-14 -3.00020E-13  1.72387E-17  4.39777E-17
  1.350E+02  8.53553E-01 -3.60639E-15 -1.76516E-13 -2.94540E-14 -2.96511E-13  1.17608E-16  1.46000E-17
  1.355E+02  8.56625E-01 -3.12417E-15 -1.73379E-13 -2.87846E-14 -2.93009E-13  1.12280E-16  0.00000E+00
  1.360E+02  8.59670E-01 -2.65545E-15 -1.70288E-13 -2.81277E-14 -2.89515E-13  1.78062E-17  1.44843E-17
  1.365E+02  8.62687E-01 -2.19997E-15 -1.67243E-13 -2.74831E-14 -2.86028E-13  1.08026E-16  0.00000E+00
  1.370E+02  8.65677E-01 -1.75747E-15 -1.64245E-13 -2.68505E-14 -2.82547E-13  1.47934E-16  1.43724E-17
  1.375E+02  8.68639E-01 -1.32764E-15 -1.61292E-13 -2.62297E-14 -2.79074E-13  7.13571E-17  0.00000E+00
  1.380E+02  8.71572E-01 -9.10100E-16 -1.58384E-13 -2.56206E-14 -2.75607E-13  7.33441E-17  2.85283E-17
  1.385E+02  8.74478E-01 -5.04474E-16 -1.55521E-13 -2.50230E-14 -2.72147E-13  1.73721E-16  5.68455E-17
  1.390E+02  8.77355E-01 -1.10406E-16 -1.52702E-13 -2.44367E-14 -2.68694E-13  1.35850E-16  0.00000E+00
  1.395E+02  8.80203E-01  2.72384E-16 -1.49927E-13 -2.38614E-14 -2.65247E-13  1.83897E-17  1.41085E-17
  1.400E+02  8.83022E-01  6.44108E-16 -1.47195E-13 -2.32971E-14 -2.61806E-13  1.71470E-16  5.62332E-17
  1.405E+02  8.85812E-01  1.00495E-15 -1.44506E-13 -2.27435E-14 -2.58372E-13  1.93941E-16  2.80180E-17
  1.410E+02  8.88573E-01  1.35514E-15 -1.41861E-13 -2.22005E-14 -2.54944E-13  5.75230E-17  0.00000E+00
  1.415E+02  8.91304E-01  1.69497E-15 -1.39257E-13 -2.16678E-14 -2.51522E-13  1.34201E-16  5.56515E-17
  1.420E+02  8.94005E-01  2.02481E-15 -1.36696E-13 -2.11454E-14 -2.48107E-13  2.33313E-16  4.15982E-17
  1.425E+02  8.96677E-01  2.34504E-15 -1.34176E-13 -2.06329E-14 -2.44697E-13  1.37608E-16  1.38201E-17
  1.430E+02  8.99318E-01  2.65596E-15 -1.31697E-13 -2.01304E-14 -2.41293E-13  7.88884E-17  0.00000E+00
  1.435E+02  9.01928E-01  2.95779E-15 -1.29258E-13 -1.96375E-14 -2.37895E-13  2.31731E-16  6.86523E-17
  1.440E+02  9.04508E-01  3.25035E-15 -1.26861E-13 -1.91541E-14 -2.34503E-13  2.05069E-16  1.36868E-17
  1.445E+02  9.07058E-01  3.53358E-15 -1.24504E-13 -1.86801E-14 -2.31116E-13  1.09348E-17  0.00000E+00
  1.450E+02  9.09576E-01  3.80845E-15 -1.22187E-13 -1.82152E-14 -2.27735E-13  2.21593E-16  4.08058E-17
  1.455E+02  9.12063E-01  4.07526E-15 -1.19910E-13 -1.77594E-14 -2.24359E-13  2.69462E-16  4.06819E-17
  1.460E+02  9.14519E-01  4.33408E-15 -1.17671E-13 -1.73124E-14 -2.20989E-13  9.67188E-17  1.35201E-17
  1.465E+02  9.16943E-01  4.58498E-15 -1.15471E-13 -1.68742E-14 -2.17624E-13  1.67228E-16  2.69605E-17
  1.470E+02  9.19335E-01  4.82804E-15 -1.13310E-13 -1.64445E-14 -2.14264E-13  2.86415E-16  2.68824E-17
  1.475E+02  9.21696E-01  5.06345E-15 -1.11188E-13 -1.60232E-14 -2.10909E-13  1.65915E-16  6.70143E-17
  1.480E+02  9.24024E-01  5.29148E-15 -1.09104E-13 -1.56101E-14 -2.07560E-13  9.61199E-17  1.33653E-17
  1.485E+02  9.26320E-01  5.51241E-15 -1.07058E-13 -1.52050E-14 -2.04215E-13  2.74099E-16  1.33284E-17
  1.490E+02  9.28584E-01  5.72650E-15 -1.05049E-13 -1.48079E-14 -2.00875E-13  2.40878E-16  5.31687E-17
  1.495E+02  9.30815E-01  5.93394E-15 -1.03077E-13 -1.44186E-14 -1.97540E-13  2.50532E-17  3.97701E-17
  1.500E+02  9.33013E-01  6.13484E-15 -1.01142E-13 -1.40369E-14 -1.94210E-13  2.28670E-16  1.32219E-17
  1.505E+02  9.35178E-01  6.32928E-15 -9.92442E-14 -1.36627E-14 -1.90884E-13  2.57689E-16  2.63756E-17
  1.510E+02  9.37310E-01  6.51739E-15 -9.73829E-14 -1.32958E-14 -1.87563E-13  3.92052E-17  2.63088E-17
  1.515E+02  9.39409E-01  6.69935E-15 -9.55579E-14 -1.29360E-14 -1.84246E-13  1.72323E-16  1.31217E-17
  1.520E+02  9.41474E-01  6.87538E-15 -9.37691E-14 -1.25834E-14 -1.80933E-13  2.82371E-16  2.61793E-17
  1.525E+02  9.43505E-01  7.04572E-15 -9.20158E-14 -1.22376E-14 -1.77625E-13  1.50042E-16  2.61165E-17
  1.530E+02  9.45503E-01  7.21056E-15 -9.02979E-14 -1.18985E-14 -1.74322E-13  9.68625E-17  1.30275E-17
  1.535E+02  9.47467E-01  7.37002E-15 -8.86151E-14 -1.15661E-14 -1.71022E-13  2.80762E-16  1.29974E-17
  1.540E+02  9.49397E-01  7.52415E-15 -8.69674E-14 -1.12401E-14 -1.67726E-13  1.85146E-16  0.00000E+00
  1.545E+02  9.51293E-01  7.67304E-15 -8.53548E-14 -1.09204E-14 -1.64434E-13  7.22450E-17  1.29392E-17
  1.550E+02  9.53154E-01  7.81680E-15 -8.37771E-14 -1.06069E-14 -1.61147E-13  2.49205E-16  0.00000E+00
  1.555E+02  9.54981E-01  7.95563E-15 -8.22339E-14 -1.02995E-14 -1.57863E-13  2.08212E-16  3.86508E-17
  1.560E+02  9.56773E-01  8.08974E-15 -8.07250E-14 -9.99803E-15 -1.54582E-13  4.52655E-17  3.85702E-17
  1.565E+02  9.58530E-01  8.21932E-15 -7.92498E-14 -9.70231E-15 -1.51306E-13  2.60230E-16  2.56610E-17
  1.570E+02  9.60252E-01  8.34447E-15 -7.78083E-14 -9.41223E-15 -1.48033E-13  1.86356E-16  2.56097E-17
  1.575E+02  9.61940E-01  8.46523E-15 -7.64005E-14 -9.12766E-15 -1.44763E-13  3.15087E-17  8.94589E-17
  1.580E+02  9.63592E-01  8.58165E-15 -7.50264E-14 -8.84847E-15 -1.41497E-13  2.39723E-16  7.65326E-17
  1.585E+02  9.65209E-01  8.69381E-15 -7.36858E-14 -8.57453E-15 -1.38234E-13  2.43167E-16  1.27316E-17
  1.590E+02  9.66790E-01  8.80186E-15 -7.23785E-14 -8.30571E-15 -1.34975E-13  3.28859E-17  1.14376E-16
  1.595E+02  9.68336E-01  8.90599E-15 -7.11042E-14 -8.04187E-15 -1.31719E-13  2.16799E-16  1.52230E-16
  1.600E+02  9.69846E-01  9.00638E-15 -6.98625E-14 -7.78289E-15 -1.28465E-13  2.70603E-16  3.79916E-17
  1.605E+02  9.71321E-01  9.10313E-15 -6.86532E-14 -7.52864E-15 -1.25215E-13  8.57514E-17  5.05698E-17
  1.610E+02  9.72759E-01  9.19628E-15 -6.74763E-14 -7.27899E-15 -1.21968E-13  2.60840E-16  1.89324E-16
  1.615E+02  9.74162E-01  9.28582E-15 -6.63319E-14 -7.03381E-15 -1.18723E-13  3.34962E-16  1.63818E-16
  1.620E+02  9.75528E-01  9.37180E-15 -6.52201E-14 -6.79298E-15 -1.15482E-13  1.42966E-16  1.25817E-17
  1.625E+02  9.76858E-01  9.45434E-15 -6.41404E-14 -6.55638E-15 -1.12243E-13  2.35463E-16  2.26128E-16
  1.630E+02  9.78152E-01  9.53361E-15 -6.30928E-14 -6.32387E-15 -1.09007E-13  3.67093E-16  2.63427E-16
  1.635E+02  9.79410E-01  9.60978E-15 -6.20767E-14 -6.09534E-15 -1.05773E-13  1.85969E-16  1.00210E-16
  1.640E+02  9.80631E-01  9.68296E-15 -6.10920E-14 -5.87065E-15 -1.02542E-13  2.26068E-16  2.00142E-16
  1.645E+02  9.81815E-01  9.75315E-15 -6.01387E-14 -5.64970E-15 -9.93129E-14  4.00691E-16  3.49777E-16
  1.650E+02  9.82963E-01  9.82034E-15 -5.92170E-14 -5.43234E-15 -9.60864E-14  2.31852E-16  2.49516E-16
  1.655E+02  9.84074E-01  9.88454E-15 -5.83269E-14 -5.21847E-15 -9.28622E-14  1.17360E-16  6.85306E-17
  1.660E+02  9.85148E-01  9.94581E-15 -5.74682E-14 -5.00797E-15 -8.96401E-14  4.55334E-16  3.79572E-16
  1.665E+02  9.86185E-01  1.00043E-14 -5.66407E-14 -4.80070E-15 -8.64202E-14  3.40545E-16  3.97773E-16
  1.670E+02  9.87185E-01  1.00602E-14 -5.58439E-14 -4.59656E-15 -8.32023E-14  1.01322E-16  8.69147E-17
  1.675E+02  9.88148E-01  1.01137E-14 -5.50778E-14 -4.39542E-15 -7.99863E-14  5.32836E-16  3.47282E-16
  1.680E+02  9.89074E-01  1.01646E-14 -5.43422E-14 -4.19716E-15 -7.67722E-14  4.14390E-16  5.32769E-16
  1.685E+02  9.89962E-01  1.02130E-14 -5.36375E-14 -4.00166E-15 -7.35599E-14  2.09412E-17  3.34195E-16
  1.690E+02  9.90814E-01  1.02589E-14 -5.29636E-14 -3.80881E-15 -7.03493E-14  4.02009E-16  2.16401E-16
  1.695E+02  9.91627E-01  1.03022E-14 -5.23206E-14 -3.61848E-15 -6.71404E-14  5.55629E-16  6.23900E-16
  1.700E+02  9.92404E-01  1.03431E-14 -5.17081E-14 -3.43057E-15 -6.39330E-14  4.31536E-17  5.73982E-16
  1.705E+02  9.93143E-01  1.03818E-14 -5.11258E-14 -3.24495E-15 -6.07272E-14  5.66209E-16  3.08337E-17
  1.710E+02  9.93844E-01  1.04184E-14 -5.05735E-14 -3.06150E-15 -5.75227E-14  6.59141E-16  6.53160E-16
  1.715E+02  9.94508E-01  1.04529E-14 -5.00511E-14 -2.88011E-15 -5.43196E-14  3.54536E-16  8.43551E-16
  1.720E+02  9.95134E-01  1.04852E-14 -4.95589E-14 -2.70067E-15 -5.11178E-14  4.91440E-16  3.63027E-16
  1.725E+02  9.95722E-01  1.05153E-14 -4.90972E-14 -2.52305E-15 -4.79171E-14  8.10349E-16  5.16511E-16
  1.730E+02  9.96273E-01  1.05431E-14 -4.86658E-14 -2.34714E-15 -4.47176E-14  4.08106E-16  1.11842E-15
  1.735E+02  9.96786E-01  1.05687E-14 -4.82647E-14 -2.17284E-15 -4.15191E-14  3.65223E-16  8.22980E-16
  1.740E+02  9.97261E-01  1.05924E-14 -4.78933E-14 -2.00001E-15 -3.83216E-14  8.72895E-16  2.70089E-16
  1.745E+02  9.97698E-01  1.06143E-14 -4.75515E-14 -1.82855E-15 -3.51250E-14  6.46962E-16  1.37433E-15
  1.750E+02  9.98097E-01  1.06343E-14 -4.72391E-14 -1.65834E-15 -3.19292E-14  2.78766E-16  1.47797E-15
  1.755E+02  9.98459E-01  1.06524E-14 -4.69565E-14 -1.48927E-15 -2.87342E-14  8.87099E-16  1.65515E-16
  1.760E+02  9.98782E-01  1.06684E-14 -4.67040E-14 -1.32122E-15 -2.55398E-14  9.37911E-16  1.71583E-15
  1.765E+02  9.99067E-01  1.06823E-14 -4.64817E-14 -1.15408E-15 -2.23460E-14  2.82472E-16  2.60969E-15
  1.770E+02  9.99315E-01  1.06941E-14 -4.62896E-14 -9.87732E-16 -1.91527E-14  1.18095E-15  1.13300E-15
  1.775E+02  9.99524E-01  1.07041E-14 -4.61270E-14 -8.22071E-16 -1.59599E-14  1.23172E-15  2.45529E-15
  1.780E+02  9.99695E-01  1.07124E-14 -4.59937E-14 -6.56977E-16 -1.27675E-14  4.74861E-17  5.83401E-15
  1.785E+02  9.99829E-01  1.07191E-14 -4.58893E-14 -4.92338E-16 -9.57539E-15  1.52238E-15  4.85381E-15
  1.790E+02  9.99924E-01  1.07243E-14 -4.58140E-14 -3.28038E-16 -6.38348E-15  2.14372E-15  6.22420E-15
  1.795E+02  9.99981E-01  1.07274E-14 -4.57685E-14 -1.63963E-16 -3.19171E-15  7.15153E-16  4.43010E-14
  1.800E+02  1.00000E+00  1.07288E-14 -4.57532E-14 -2.30073E-30 -4.47904E-29  5.74664E-14  7.61435E-11
