 #  Scattering amplitudes (in cm)      MU=(1-cos(TH))/2
 #  Z =  79,   projectile: electron
 #  Kinetic energy = 6.10000E+06 eV
 #
 # TH (deg)      MU          Re(F)        Im(F)        Re(G)        Im(G)        ERRF         ERRG 
 #-----------------------------------------------------------------------------------------------------------------
  0.000E+00  0.00000E+00  1.29820E-06  2.06201E-07  0.00000E+00  0.00000E+00  9.78076E-10  0.00000E+00
  1.000E-04  7.61557E-13  1.29819E-06  2.06201E-07  1.04533E-12  1.66042E-13  9.77767E-10  2.58770E-07
  1.250E-04  1.18994E-12  1.29819E-06  2.06201E-07  1.30666E-12  2.07553E-13  9.77593E-10  2.58747E-07
  1.500E-04  1.71346E-12  1.29819E-06  2.06200E-07  1.56798E-12  2.49063E-13  9.77380E-10  2.58719E-07
  1.750E-04  2.33225E-12  1.29819E-06  2.06200E-07  1.82931E-12  2.90574E-13  9.77129E-10  2.58686E-07
  2.000E-04  3.04617E-12  1.29818E-06  2.06200E-07  2.09063E-12  3.32084E-13  9.76839E-10  2.58648E-07
  2.250E-04  3.85530E-12  1.29818E-06  2.06200E-07  2.35195E-12  3.73595E-13  9.76511E-10  2.58605E-07
  2.500E-04  4.75964E-12  1.29817E-06  2.06200E-07  2.61327E-12  4.15105E-13  9.76144E-10  2.58557E-07
  2.750E-04  5.75917E-12  1.29817E-06  2.06200E-07  2.87458E-12  4.56615E-13  9.75738E-10  2.58504E-07
  3.000E-04  6.85391E-12  1.29816E-06  2.06200E-07  3.13590E-12  4.98126E-13  9.75294E-10  2.58446E-07
  3.250E-04  8.04379E-12  1.29815E-06  2.06200E-07  3.39720E-12  5.39636E-13  9.74811E-10  2.58383E-07
  3.500E-04  9.32893E-12  1.29814E-06  2.06200E-07  3.65850E-12  5.81146E-13  9.74290E-10  2.58314E-07
  3.750E-04  1.07092E-11  1.29814E-06  2.06200E-07  3.91980E-12  6.22656E-13  9.73731E-10  2.58241E-07
  4.000E-04  1.21847E-11  1.29813E-06  2.06200E-07  4.18109E-12  6.64166E-13  9.73132E-10  2.58163E-07
  4.250E-04  1.37554E-11  1.29812E-06  2.06199E-07  4.44238E-12  7.05676E-13  9.72496E-10  2.58079E-07
  4.500E-04  1.54213E-11  1.29811E-06  2.06199E-07  4.70366E-12  7.47186E-13  9.71821E-10  2.57991E-07
  4.750E-04  1.71823E-11  1.29810E-06  2.06199E-07  4.96494E-12  7.88695E-13  9.71108E-10  2.57898E-07
  5.000E-04  1.90386E-11  1.29809E-06  2.06199E-07  5.22621E-12  8.30205E-13  9.70357E-10  2.57799E-07
  5.250E-04  2.09900E-11  1.29808E-06  2.06199E-07  5.48747E-12  8.71714E-13  9.69567E-10  2.57696E-07
  5.500E-04  2.30367E-11  1.29806E-06  2.06199E-07  5.74872E-12  9.13224E-13  9.68739E-10  2.57587E-07
  5.750E-04  2.51785E-11  1.29805E-06  2.06198E-07  6.00997E-12  9.54733E-13  9.67873E-10  2.57473E-07
  6.000E-04  2.74156E-11  1.29804E-06  2.06198E-07  6.27121E-12  9.96242E-13  9.66970E-10  2.57355E-07
  6.250E-04  2.97478E-11  1.29803E-06  2.06198E-07  6.53244E-12  1.03775E-12  9.66027E-10  2.57231E-07
  6.500E-04  3.21752E-11  1.29801E-06  2.06198E-07  6.79367E-12  1.07926E-12  9.65047E-10  2.57103E-07
  6.750E-04  3.46979E-11  1.29800E-06  2.06198E-07  7.05488E-12  1.12077E-12  9.64030E-10  2.56969E-07
  7.000E-04  3.73157E-11  1.29798E-06  2.06197E-07  7.31609E-12  1.16228E-12  9.62974E-10  2.56831E-07
  7.250E-04  4.00286E-11  1.29797E-06  2.06197E-07  7.57728E-12  1.20379E-12  9.61880E-10  2.56687E-07
  7.500E-04  4.28368E-11  1.29795E-06  2.06197E-07  7.83847E-12  1.24529E-12  9.60749E-10  2.56539E-07
  7.750E-04  4.57402E-11  1.29793E-06  2.06197E-07  8.09964E-12  1.28680E-12  9.59580E-10  2.56385E-07
  8.000E-04  4.87388E-11  1.29791E-06  2.06196E-07  8.36081E-12  1.32831E-12  9.58373E-10  2.56227E-07
  8.250E-04  5.18325E-11  1.29790E-06  2.06196E-07  8.62197E-12  1.36982E-12  9.57129E-10  2.56063E-07
  8.500E-04  5.50215E-11  1.29788E-06  2.06196E-07  8.88311E-12  1.41133E-12  9.55848E-10  2.55895E-07
  8.750E-04  5.83057E-11  1.29786E-06  2.06195E-07  9.14424E-12  1.45283E-12  9.54529E-10  2.55722E-07
  9.000E-04  6.16850E-11  1.29784E-06  2.06195E-07  9.40536E-12  1.49434E-12  9.53173E-10  2.55543E-07
  9.250E-04  6.51595E-11  1.29782E-06  2.06195E-07  9.66647E-12  1.53585E-12  9.51779E-10  2.55360E-07
  9.500E-04  6.87293E-11  1.29780E-06  2.06194E-07  9.92757E-12  1.57736E-12  9.50348E-10  2.55172E-07
  9.750E-04  7.23943E-11  1.29778E-06  2.06194E-07  1.01887E-11  1.61886E-12  9.48881E-10  2.54979E-07
  1.000E-03  7.61544E-11  1.29775E-06  2.06194E-07  1.04497E-11  1.66037E-12  9.47376E-10  2.54781E-07
  1.250E-03  1.18991E-10  1.29750E-06  2.06190E-07  1.30596E-11  2.07542E-12  9.30316E-10  2.52532E-07
  1.500E-03  1.71347E-10  1.29720E-06  2.06185E-07  1.56679E-11  2.49045E-12  9.09666E-10  2.49802E-07
  1.750E-03  2.33223E-10  1.29684E-06  2.06180E-07  1.82741E-11  2.90545E-12  8.85548E-10  2.46599E-07
  2.000E-03  3.04617E-10  1.29642E-06  2.06173E-07  2.08780E-11  3.32041E-12  8.58100E-10  2.42937E-07
  2.250E-03  3.85531E-10  1.29595E-06  2.06166E-07  2.34792E-11  3.73533E-12  8.27480E-10  2.38830E-07
  2.500E-03  4.75965E-10  1.29543E-06  2.06158E-07  2.60774E-11  4.15020E-12  7.93865E-10  2.34292E-07
  2.750E-03  5.75917E-10  1.29484E-06  2.06149E-07  2.86723E-11  4.56502E-12  7.57449E-10  2.29341E-07
  3.000E-03  6.85389E-10  1.29421E-06  2.06139E-07  3.12635E-11  4.97978E-12  7.18440E-10  2.23995E-07
  3.250E-03  8.04380E-10  1.29352E-06  2.06128E-07  3.38508E-11  5.39449E-12  6.77062E-10  2.18276E-07
  3.500E-03  9.32891E-10  1.29278E-06  2.06117E-07  3.64337E-11  5.80912E-12  6.33552E-10  2.12203E-07
  3.750E-03  1.07092E-09  1.29198E-06  2.06105E-07  3.90121E-11  6.22369E-12  5.88158E-10  2.05800E-07
  4.000E-03  1.21847E-09  1.29113E-06  2.06091E-07  4.15855E-11  6.63817E-12  5.41139E-10  1.99090E-07
  4.250E-03  1.37554E-09  1.29023E-06  2.06077E-07  4.41536E-11  7.05258E-12  4.92760E-10  1.92098E-07
  4.500E-03  1.54213E-09  1.28927E-06  2.06062E-07  4.67162E-11  7.46689E-12  4.43295E-10  1.84850E-07
  4.750E-03  1.71823E-09  1.28826E-06  2.06046E-07  4.92730E-11  7.88112E-12  3.93022E-10  1.77371E-07
  5.000E-03  1.90386E-09  1.28720E-06  2.06030E-07  5.18235E-11  8.29524E-12  3.42223E-10  1.69690E-07
  5.250E-03  2.09900E-09  1.28608E-06  2.06012E-07  5.43676E-11  8.70927E-12  2.91180E-10  1.61834E-07
  5.500E-03  2.30367E-09  1.28492E-06  2.05994E-07  5.69050E-11  9.12318E-12  2.40178E-10  1.53831E-07
  5.750E-03  2.51785E-09  1.28370E-06  2.05975E-07  5.94352E-11  9.53698E-12  1.89495E-10  1.45708E-07
  6.000E-03  2.74156E-09  1.28243E-06  2.05955E-07  6.19581E-11  9.95067E-12  1.39411E-10  1.37495E-07
  6.250E-03  2.97478E-09  1.28112E-06  2.05934E-07  6.44734E-11  1.03642E-11  9.01950E-11  1.29221E-07
  6.500E-03  3.21752E-09  1.27975E-06  2.05912E-07  6.69808E-11  1.07777E-11  4.21127E-11  1.20913E-07
  6.750E-03  3.46978E-09  1.27833E-06  2.05890E-07  6.94799E-11  1.11910E-11  4.58043E-12  1.12600E-07
  7.000E-03  3.73156E-09  1.27687E-06  2.05866E-07  7.19706E-11  1.16041E-11  4.96389E-11  1.04309E-07
  7.250E-03  4.00286E-09  1.27535E-06  2.05842E-07  7.44526E-11  1.20171E-11  9.28288E-11  9.60687E-08
  7.500E-03  4.28368E-09  1.27379E-06  2.05817E-07  7.69255E-11  1.24300E-11  1.33930E-10  8.79054E-08
  7.750E-03  4.57402E-09  1.27218E-06  2.05791E-07  7.93892E-11  1.28427E-11  1.72738E-10  7.98452E-08
  8.000E-03  4.87388E-09  1.27052E-06  2.05764E-07  8.18434E-11  1.32553E-11  2.09061E-10  7.19135E-08
  8.250E-03  5.18326E-09  1.26882E-06  2.05737E-07  8.42878E-11  1.36677E-11  2.42726E-10  6.41348E-08
  8.500E-03  5.50215E-09  1.26707E-06  2.05708E-07  8.67222E-11  1.40799E-11  2.73580E-10  5.65324E-08
  8.750E-03  5.83057E-09  1.26527E-06  2.05679E-07  8.91463E-11  1.44920E-11  3.01485E-10  4.91288E-08
  9.000E-03  6.16850E-09  1.26343E-06  2.05649E-07  9.15599E-11  1.49038E-11  3.26325E-10  4.19451E-08
  9.250E-03  6.51596E-09  1.26155E-06  2.05618E-07  9.39629E-11  1.53155E-11  3.48003E-10  3.50011E-08
  9.500E-03  6.87293E-09  1.25962E-06  2.05586E-07  9.63548E-11  1.57270E-11  3.66445E-10  2.83152E-08
  9.750E-03  7.23942E-09  1.25764E-06  2.05554E-07  9.87357E-11  1.61384E-11  3.81595E-10  2.19046E-08
  1.000E-02  7.61544E-09  1.25563E-06  2.05520E-07  1.01105E-10  1.65495E-11  3.93421E-10  1.57849E-08
  1.250E-02  1.18991E-08  1.23327E-06  2.05141E-07  1.24131E-10  2.06487E-11  3.36663E-10  2.71300E-08
  1.500E-02  1.71347E-08  1.20733E-06  2.04681E-07  1.45823E-10  2.47228E-11  5.63905E-11  3.58363E-08
  1.750E-02  2.33223E-08  1.17846E-06  2.04142E-07  1.66060E-10  2.87673E-11  2.30906E-10  1.98880E-08
  2.000E-02  3.04617E-08  1.14733E-06  2.03525E-07  1.84769E-10  3.27776E-11  3.28082E-10  3.29580E-09
  2.250E-02  3.85531E-08  1.11454E-06  2.02834E-07  2.01924E-10  3.67497E-11  1.82455E-10  1.79822E-08
  2.500E-02  4.75965E-08  1.08065E-06  2.02072E-07  2.17538E-10  4.06794E-11  8.81096E-11  1.74440E-08
  2.750E-02  5.75917E-08  1.04614E-06  2.01240E-07  2.31652E-10  4.45631E-11  2.83924E-10  5.49767E-09
  3.000E-02  6.85389E-08  1.01144E-06  2.00341E-07  2.44328E-10  4.83973E-11  2.65556E-10  7.87503E-09
  3.250E-02  8.04380E-08  9.76874E-07  1.99380E-07  2.55643E-10  5.21789E-11  5.10478E-11  1.36513E-08
  3.500E-02  9.32891E-08  9.42715E-07  1.98359E-07  2.65681E-10  5.59048E-11  1.99448E-10  9.19586E-09
  3.750E-02  1.07092E-07  9.09171E-07  1.97281E-07  2.74530E-10  5.95725E-11  3.00645E-10  1.01899E-09
  4.000E-02  1.21847E-07  8.76401E-07  1.96150E-07  2.82277E-10  6.31797E-11  1.77314E-10  9.27607E-09
  4.250E-02  1.37554E-07  8.44518E-07  1.94968E-07  2.89008E-10  6.67241E-11  8.00104E-11  1.01089E-08
  4.500E-02  1.54213E-07  8.13601E-07  1.93740E-07  2.94806E-10  7.02040E-11  2.80394E-10  3.71882E-09
  4.750E-02  1.71823E-07  7.83697E-07  1.92468E-07  2.99747E-10  7.36178E-11  2.72830E-10  4.72968E-09
  5.000E-02  1.90386E-07  7.54836E-07  1.91156E-07  3.03903E-10  7.69642E-11  5.93394E-11  9.10372E-09
  5.250E-02  2.09900E-07  7.27028E-07  1.89807E-07  3.07343E-10  8.02420E-11  2.03574E-10  6.62632E-09
  5.500E-02  2.30367E-07  7.00269E-07  1.88423E-07  3.10127E-10  8.34503E-11  3.18801E-10  4.42538E-10
  5.750E-02  2.51785E-07  6.74547E-07  1.87009E-07  3.12315E-10  8.65886E-11  1.95664E-10  6.74327E-09
  6.000E-02  2.74156E-07  6.49842E-07  1.85566E-07  3.13958E-10  8.96562E-11  7.90854E-11  7.79917E-09
  6.250E-02  2.97478E-07  6.26128E-07  1.84098E-07  3.15105E-10  9.26529E-11  3.01775E-10  3.14209E-09
  6.500E-02  3.21752E-07  6.03377E-07  1.82606E-07  3.15802E-10  9.55786E-11  3.02181E-10  3.56987E-09
  6.750E-02  3.46978E-07  5.81558E-07  1.81095E-07  3.16089E-10  9.84332E-11  7.32041E-11  7.37627E-09
  7.000E-02  3.73156E-07  5.60638E-07  1.79566E-07  3.16005E-10  1.01217E-10  2.18675E-10  5.63839E-09
  7.250E-02  4.00286E-07  5.40585E-07  1.78021E-07  3.15584E-10  1.03930E-10  3.53935E-10  1.56209E-10
  7.500E-02  4.28368E-07  5.21363E-07  1.76464E-07  3.14858E-10  1.06573E-10  2.24685E-10  5.62992E-09
  7.750E-02  4.57402E-07  5.02942E-07  1.74895E-07  3.13858E-10  1.09147E-10  7.97514E-11  6.79278E-09
  8.000E-02  4.87388E-07  4.85286E-07  1.73317E-07  3.12609E-10  1.11651E-10  3.33958E-10  2.92952E-09
  8.250E-02  5.18325E-07  4.68366E-07  1.71732E-07  3.11137E-10  1.14087E-10  3.42946E-10  2.98005E-09
  8.500E-02  5.50215E-07  4.52148E-07  1.70142E-07  3.09466E-10  1.16456E-10  9.13704E-11  6.54076E-09
  8.750E-02  5.83057E-07  4.36603E-07  1.68547E-07  3.07616E-10  1.18758E-10  2.38524E-10  5.19305E-09
  9.000E-02  6.16850E-07  4.21703E-07  1.66951E-07  3.05606E-10  1.20994E-10  3.98536E-10  4.29357E-11
  9.250E-02  6.51596E-07  4.07417E-07  1.65354E-07  3.03455E-10  1.23166E-10  2.60950E-10  5.03206E-09
  9.500E-02  6.87293E-07  3.93720E-07  1.63758E-07  3.01179E-10  1.25274E-10  8.00384E-11  6.28916E-09
  9.750E-02  7.23942E-07  3.80585E-07  1.62164E-07  2.98792E-10  1.27319E-10  3.72141E-10  2.87064E-09
  1.000E-01  7.61543E-07  3.67987E-07  1.60573E-07  2.96310E-10  1.29302E-10  3.91369E-10  2.61659E-09
  1.250E-01  1.18991E-06  2.66747E-07  1.45052E-07  2.68487E-10  1.46006E-10  5.03938E-10  3.61829E-10
  1.500E-01  1.71347E-06  1.98477E-07  1.30659E-07  2.39727E-10  1.57822E-10  5.00423E-10  3.02415E-09
  1.750E-01  2.33223E-06  1.51091E-07  1.17659E-07  2.12908E-10  1.65807E-10  3.42042E-10  4.91704E-09
  2.000E-01  3.04617E-06  1.17090E-07  1.06058E-07  1.88566E-10  1.70811E-10  3.44314E-11  5.67214E-09
  2.250E-01  3.85531E-06  9.18614E-08  9.57490E-08  1.66430E-10  1.73485E-10  3.66941E-10  5.14255E-09
  2.500E-01  4.75964E-06  7.25775E-08  8.65890E-08  1.46102E-10  1.74321E-10  7.66424E-10  3.44653E-09
  2.750E-01  5.75916E-06  5.74890E-08  7.84372E-08  1.27300E-10  1.73702E-10  1.04931E-09  9.47470E-10
  3.000E-01  6.85388E-06  4.54874E-08  7.11683E-08  1.09881E-10  1.71933E-10  1.11080E-09  1.81254E-09
  3.250E-01  8.04378E-06  3.58416E-08  6.46752E-08  9.37943E-11  1.69269E-10  8.87587E-10  4.21731E-09
  3.500E-01  9.32888E-06  2.80435E-08  5.88675E-08  7.90314E-11  1.65921E-10  3.84101E-10  5.70653E-09
  3.750E-01  1.07092E-05  2.17210E-08  5.36674E-08  6.55849E-11  1.62070E-10  3.15671E-10  5.90632E-09
  4.000E-01  1.21846E-05  1.65893E-08  4.90077E-08  5.34282E-11  1.57866E-10  1.05775E-09  4.72756E-09
  4.250E-01  1.37553E-05  1.24231E-08  4.48288E-08  4.25092E-11  1.53431E-10  1.65020E-09  2.40197E-09
  4.500E-01  1.54212E-05  9.04060E-09  4.10778E-08  3.27528E-11  1.48863E-10  1.91136E-09  5.58838E-10
  4.750E-01  1.71822E-05  6.29403E-09  3.77070E-08  2.40668E-11  1.44241E-10  1.72223E-09  3.47556E-09
  5.000E-01  1.90385E-05  4.06286E-09  3.46740E-08  1.63501E-11  1.39620E-10  1.06786E-09  5.65878E-09
  5.250E-01  2.09899E-05  2.24892E-09  3.19404E-08  9.49884E-12  1.35044E-10  5.49130E-11  6.57372E-09
  5.500E-01  2.30365E-05  7.72560E-10  2.94722E-08  3.41233E-12  1.30543E-10  1.10209E-09  5.97179E-09
  5.750E-01  2.51783E-05 -4.30598E-10  2.72391E-08 -2.00362E-12  1.26137E-10  2.12509E-09  3.95645E-09
  6.000E-01  2.74153E-05 -1.41238E-09  2.52143E-08 -6.83448E-12  1.21838E-10  2.73846E-09  9.66775E-10
  6.250E-01  2.97475E-05 -2.21440E-09  2.33744E-08 -1.11559E-11  1.17654E-10  2.74107E-09  2.31882E-09
  6.500E-01  3.21749E-05 -2.86995E-09  2.16984E-08 -1.50335E-11  1.13588E-10  2.06600E-09  5.13717E-09
  6.750E-01  3.46974E-05 -3.40567E-09  2.01683E-08 -1.85239E-11  1.09639E-10  8.11348E-10  6.81795E-09
  7.000E-01  3.73152E-05 -3.84288E-09  1.87682E-08 -2.16746E-11  1.05808E-10  7.68676E-10  6.94304E-09
  7.250E-01  4.00281E-05 -4.19867E-09  1.74843E-08 -2.45260E-11  1.02090E-10  2.31342E-09  5.44991E-09
  7.500E-01  4.28362E-05 -4.48675E-09  1.63045E-08 -2.71117E-11  9.84848E-11  3.43717E-09  2.65364E-09
  7.750E-01  4.57395E-05 -4.71820E-09  1.52182E-08 -2.94601E-11  9.49877E-11  3.82405E-09  8.19155E-10
  8.000E-01  4.87380E-05 -4.90201E-09  1.42161E-08 -3.15946E-11  9.15959E-11  3.31341E-09  4.17081E-09
  8.250E-01  5.18317E-05 -5.04552E-09  1.32902E-08 -3.35355E-11  8.83065E-11  1.95335E-09  6.61604E-09
  8.500E-01  5.50205E-05 -5.15476E-09  1.24333E-08 -3.52995E-11  8.51165E-11  5.97283E-12  7.56605E-09
  8.750E-01  5.83045E-05 -5.23474E-09  1.16391E-08 -3.69014E-11  8.20233E-11  2.10036E-09  6.77029E-09
  9.000E-01  6.16838E-05 -5.28965E-09  1.09020E-08 -3.83538E-11  7.90245E-11  3.86423E-09  4.38152E-09
  9.250E-01  6.51582E-05 -5.32303E-09  1.02171E-08 -3.96679E-11  7.61178E-11  4.82954E-09  9.27672E-10
  9.500E-01  6.87277E-05 -5.33788E-09  9.58006E-09 -4.08537E-11  7.33009E-11  4.70155E-09  2.80479E-09
  9.750E-01  7.23925E-05 -5.33677E-09  8.98685E-09 -4.19201E-11  7.05719E-11  3.43120E-09  5.95013E-09
  1.000E+00  7.61524E-05 -5.32192E-09  8.43396E-09 -4.28754E-11  6.79286E-11  4.05479E-12  3.53414E-11
  1.100E+00  9.21439E-05 -5.16018E-09  6.56618E-09 -4.57304E-11  5.81746E-11  1.31928E-11  1.70969E-11
  1.200E+00  1.09658E-04 -4.89600E-09  5.13554E-09 -4.73347E-11  4.96364E-11  1.08985E-11  8.00500E-12
  1.300E+00  1.28695E-04 -4.58412E-09  4.02874E-09 -4.80140E-11  4.21839E-11  1.41089E-12  1.42395E-11
  1.400E+00  1.49255E-04 -4.25736E-09  3.16467E-09 -4.80232E-11  3.56853E-11  8.18555E-12  4.33883E-12
  1.500E+00  1.71338E-04 -3.93483E-09  2.48427E-09 -4.75569E-11  3.00137E-11  4.50270E-12  5.72620E-12
  1.600E+00  1.94942E-04 -3.62696E-09  1.94409E-09 -4.67599E-11  2.50527E-11  2.71347E-12  6.39930E-12
  1.700E+00  2.20070E-04 -3.33884E-09  1.51191E-09 -4.57373E-11  2.07002E-11  5.09285E-12  5.62816E-13
  1.800E+00  2.46720E-04 -3.07238E-09  1.16370E-09 -4.45645E-11  1.68687E-11  1.52166E-12  3.81632E-12
  1.900E+00  2.74892E-04 -2.82768E-09  8.81390E-10 -4.32954E-11  1.34847E-11  2.74180E-12  2.95013E-12
  2.000E+00  3.04586E-04 -2.60385E-09  6.51274E-10 -4.19679E-11  1.04867E-11  3.07108E-12  6.06153E-13
  2.100E+00  3.35803E-04 -2.39950E-09  4.62870E-10 -4.06096E-11  7.82339E-12  5.90908E-14  2.47737E-12
  2.200E+00  3.68542E-04 -2.21310E-09  3.08075E-10 -3.92398E-11  5.45211E-12  2.34509E-12  1.28471E-12
  2.300E+00  4.02802E-04 -2.04306E-09  1.80564E-10 -3.78729E-11  3.33690E-12  1.71713E-12  8.92021E-13
  2.400E+00  4.38585E-04 -1.88788E-09  7.53527E-11 -3.65191E-11  1.44732E-12  6.32074E-13  1.56752E-12
  2.500E+00  4.75889E-04 -1.74614E-09 -1.15229E-11 -3.51860E-11 -2.42545E-13  1.82998E-12  4.45466E-13
  2.600E+00  5.14715E-04 -1.61656E-09 -8.32436E-11 -3.38791E-11 -1.75500E-12  8.10521E-13  8.60037E-13
  2.700E+00  5.55063E-04 -1.49797E-09 -1.42381E-10 -3.26024E-11 -3.10934E-12  9.02497E-13  9.52124E-13
  2.800E+00  5.96931E-04 -1.38932E-09 -1.91030E-10 -3.13587E-11 -4.32240E-12  1.32024E-12  2.38101E-14
  2.900E+00  6.40321E-04 -1.28966E-09 -2.30907E-10 -3.01499E-11 -5.40893E-12  2.17598E-13  7.20140E-13
  3.000E+00  6.85233E-04 -1.19814E-09 -2.63426E-10 -2.89772E-11 -6.38191E-12  9.36949E-13  5.39860E-13
  3.100E+00  7.31665E-04 -1.11400E-09 -2.89761E-10 -2.78414E-11 -7.25283E-12  8.69246E-13  1.75087E-13
  3.200E+00  7.79618E-04 -1.03657E-09 -3.10887E-10 -2.67427E-11 -8.03191E-12  1.47577E-13  5.56195E-13
  3.300E+00  8.29092E-04 -9.65219E-10 -3.27619E-10 -2.56811E-11 -8.72820E-12  8.42036E-13  2.66721E-13
  3.400E+00  8.80086E-04 -8.99407E-10 -3.40640E-10 -2.46560E-11 -9.34982E-12  4.96975E-13  2.51968E-13
  3.500E+00  9.32601E-04 -8.38638E-10 -3.50526E-10 -2.36671E-11 -9.90399E-12  3.48873E-13  4.01424E-13
  3.600E+00  9.86636E-04 -7.82464E-10 -3.57760E-10 -2.27135E-11 -1.03972E-11  6.83694E-13  9.07845E-14
  3.700E+00  1.04219E-03 -7.30486E-10 -3.62754E-10 -2.17944E-11 -1.08353E-11  2.08716E-13  2.61058E-13
  3.800E+00  1.09927E-03 -6.82341E-10 -3.65854E-10 -2.09088E-11 -1.12234E-11  4.33434E-13  2.68532E-13
  3.900E+00  1.15786E-03 -6.37701E-10 -3.67354E-10 -2.00558E-11 -1.15662E-11  5.03140E-13  1.67284E-14
  4.000E+00  1.21797E-03 -5.96272E-10 -3.67507E-10 -1.92342E-11 -1.18680E-11  0.00000E+00  2.35474E-13
  4.100E+00  1.27961E-03 -5.57786E-10 -3.66524E-10 -1.84431E-11 -1.21326E-11  4.37320E-13  1.61939E-13
  4.200E+00  1.34276E-03 -5.22001E-10 -3.64590E-10 -1.76814E-11 -1.23633E-11  3.27361E-13  7.70056E-14
  4.300E+00  1.40743E-03 -4.88696E-10 -3.61858E-10 -1.69479E-11 -1.25633E-11  1.36405E-13  1.93891E-13
  4.400E+00  1.47362E-03 -4.57673E-10 -3.58463E-10 -1.62415E-11 -1.27354E-11  3.89229E-13  8.00819E-14
  4.500E+00  1.54133E-03 -4.28751E-10 -3.54517E-10 -1.55614E-11 -1.28820E-11  1.72428E-13  1.03847E-13
  4.600E+00  1.61056E-03 -4.01764E-10 -3.50119E-10 -1.49063E-11 -1.30055E-11  2.12692E-13  1.46349E-13
  4.700E+00  1.68131E-03 -3.76563E-10 -3.45352E-10 -1.42753E-11 -1.31079E-11  3.12275E-13  2.14737E-14
  4.800E+00  1.75357E-03 -3.53011E-10 -3.40287E-10 -1.36675E-11 -1.31911E-11  4.71944E-14  1.09164E-13
  4.900E+00  1.82735E-03 -3.30983E-10 -3.34986E-10 -1.30819E-11 -1.32568E-11  2.40327E-13  1.01000E-13
  5.000E+00  1.90265E-03 -3.10366E-10 -3.29502E-10 -1.25175E-11 -1.33065E-11  2.23701E-13  1.79056E-14
  5.100E+00  1.97947E-03 -2.91054E-10 -3.23878E-10 -1.19736E-11 -1.33417E-11  4.47426E-14  1.00688E-13
  5.200E+00  2.05780E-03 -2.72952E-10 -3.18154E-10 -1.14492E-11 -1.33636E-11  2.32704E-13  6.08202E-14
  5.300E+00  2.13765E-03 -2.55974E-10 -3.12363E-10 -1.09437E-11 -1.33733E-11  1.36246E-13  4.10456E-14
  5.400E+00  2.21902E-03 -2.40039E-10 -3.06533E-10 -1.04561E-11 -1.33721E-11  1.04409E-13  8.42162E-14
  5.500E+00  2.30190E-03 -2.25073E-10 -3.00687E-10 -9.98581E-12 -1.33607E-11  2.00729E-13  2.80253E-14
  5.600E+00  2.38630E-03 -2.11009E-10 -2.94847E-10 -9.53207E-12 -1.33401E-11  5.88878E-14  5.23384E-14
  5.700E+00  2.47222E-03 -1.97784E-10 -2.89029E-10 -9.09422E-12 -1.33112E-11  1.35196E-13  6.41729E-14
  5.800E+00  2.55965E-03 -1.85342E-10 -2.83248E-10 -8.67160E-12 -1.32746E-11  1.55497E-13  2.86143E-15
  5.900E+00  2.64859E-03 -1.73630E-10 -2.77517E-10 -8.26360E-12 -1.32310E-11  3.35476E-15  5.42086E-14
  6.000E+00  2.73905E-03 -1.62598E-10 -2.71846E-10 -7.86964E-12 -1.31811E-11  1.42224E-13  4.38582E-14
  6.100E+00  2.83103E-03 -1.52203E-10 -2.66244E-10 -7.48915E-12 -1.31253E-11  1.05142E-13  1.43788E-14
  6.200E+00  2.92452E-03 -1.42402E-10 -2.60717E-10 -7.12160E-12 -1.30644E-11  4.81830E-14  4.96292E-14
  6.300E+00  3.01952E-03 -1.33157E-10 -2.55271E-10 -6.76647E-12 -1.29986E-11  1.31265E-13  2.53665E-14
  6.400E+00  3.11604E-03 -1.24432E-10 -2.49912E-10 -6.42327E-12 -1.29285E-11  5.64790E-14  2.46729E-14
  6.500E+00  3.21407E-03 -1.16195E-10 -2.44643E-10 -6.09154E-12 -1.28544E-11  7.55985E-14  4.12749E-14
  6.600E+00  3.31362E-03 -1.08415E-10 -2.39466E-10 -5.77083E-12 -1.27768E-11  1.08514E-13  9.72646E-15
  6.700E+00  3.41468E-03 -1.01064E-10 -2.34385E-10 -5.46071E-12 -1.26959E-11  1.44959E-14  2.94096E-14
  6.800E+00  3.51725E-03 -9.41148E-11 -2.29400E-10 -5.16079E-12 -1.26122E-11  8.71266E-14  3.09896E-14
  6.900E+00  3.62133E-03 -8.75435E-11 -2.24513E-10 -4.87067E-12 -1.25258E-11  7.95618E-14  2.38698E-15
  7.000E+00  3.72692E-03 -8.13274E-11 -2.19724E-10 -4.58997E-12 -1.24371E-11  1.82929E-14  2.94798E-14
  7.100E+00  3.83403E-03 -7.54453E-11 -2.15033E-10 -4.31836E-12 -1.23463E-11  8.59705E-14  2.03955E-14
  7.200E+00  3.94265E-03 -6.98769E-11 -2.10440E-10 -4.05548E-12 -1.22536E-11  4.90909E-14  1.08500E-14
  7.300E+00  4.05278E-03 -6.46045E-11 -2.05946E-10 -3.80102E-12 -1.21592E-11  4.07352E-14  2.64958E-14
  7.400E+00  4.16442E-03 -5.96107E-11 -2.01548E-10 -3.55467E-12 -1.20634E-11  7.53969E-14  1.07119E-14
  7.500E+00  4.27757E-03 -5.48790E-11 -1.97246E-10 -3.31612E-12 -1.19662E-11  2.07516E-14  1.56915E-14
  7.600E+00  4.39223E-03 -5.03951E-11 -1.93040E-10 -3.08510E-12 -1.18680E-11  5.26607E-14  2.14572E-14
  7.700E+00  4.50840E-03 -4.61445E-11 -1.88927E-10 -2.86133E-12 -1.17687E-11  5.90699E-14  2.47770E-15
  7.800E+00  4.62608E-03 -4.21142E-11 -1.84906E-10 -2.64456E-12 -1.16687E-11  2.83012E-15  1.75214E-14
  7.900E+00  4.74527E-03 -3.82922E-11 -1.80977E-10 -2.43453E-12 -1.15679E-11  5.58556E-14  1.55138E-14
  8.000E+00  4.86597E-03 -3.46666E-11 -1.77137E-10 -2.23102E-12 -1.14666E-11  4.00839E-14  3.70020E-15
  8.100E+00  4.98817E-03 -3.12267E-11 -1.73384E-10 -2.03378E-12 -1.13648E-11  2.00992E-14  1.69697E-14
  8.200E+00  5.11188E-03 -2.79627E-11 -1.69718E-10 -1.84261E-12 -1.12626E-11  5.17313E-14  9.57985E-15
  8.300E+00  5.23711E-03 -2.48648E-11 -1.66136E-10 -1.65729E-12 -1.11602E-11  2.12810E-14  7.98815E-15
  8.400E+00  5.36383E-03 -2.19242E-11 -1.62637E-10 -1.47762E-12 -1.10575E-11  3.08089E-14  1.47588E-14
  8.500E+00  5.49207E-03 -1.91325E-11 -1.59219E-10 -1.30342E-12 -1.09548E-11  4.28001E-14  4.09092E-15
  8.600E+00  5.62181E-03 -1.64819E-11 -1.55881E-10 -1.13448E-12 -1.08520E-11  4.66527E-15  1.01739E-14
  8.700E+00  5.75306E-03 -1.39650E-11 -1.52620E-10 -9.70647E-13 -1.07493E-11  3.53739E-14  1.14915E-14
  8.800E+00  5.88581E-03 -1.15747E-11 -1.49434E-10 -8.11738E-13 -1.06467E-11  3.12257E-14  4.05522E-16
  8.900E+00  6.02007E-03 -9.30465E-12 -1.46323E-10 -6.57591E-13 -1.05443E-11  8.30370E-15  1.07114E-14
  9.000E+00  6.15583E-03 -7.14851E-12 -1.43283E-10 -5.08050E-13 -1.04420E-11  3.47258E-14  7.84725E-15
  9.100E+00  6.29310E-03 -5.10055E-12 -1.40315E-10 -3.62964E-13 -1.03401E-11  1.89431E-14  3.69675E-15
  9.200E+00  6.43187E-03 -3.15524E-12 -1.37415E-10 -2.22187E-13 -1.02385E-11  1.71019E-14  9.90159E-15
  9.300E+00  6.57214E-03 -1.30741E-12 -1.34583E-10 -8.55797E-14 -1.01372E-11  3.02392E-14  4.24876E-15
  9.400E+00  6.71392E-03  4.47793E-13 -1.31816E-10  4.69916E-14 -1.00363E-11  7.53033E-15  5.72920E-15
  9.500E+00  6.85720E-03  2.11502E-12 -1.29113E-10  1.75656E-13 -9.93585E-12  2.16992E-14  8.23156E-15
  9.600E+00  7.00198E-03  3.69862E-12 -1.26473E-10  3.00539E-13 -9.83587E-12  2.33422E-14  1.08336E-15
  9.700E+00  7.14827E-03  5.20269E-12 -1.23894E-10  4.21758E-13 -9.73638E-12  1.87352E-15  6.60545E-15
  9.800E+00  7.29605E-03  6.63114E-12 -1.21374E-10  5.39431E-13 -9.63742E-12  2.25998E-14  6.06682E-15
  9.900E+00  7.44534E-03  7.98766E-12 -1.18912E-10  6.53666E-13 -9.53901E-12  1.54776E-14  1.36312E-15
  1.000E+01  7.59612E-03  9.27572E-12 -1.16506E-10  7.64572E-13 -9.44117E-12  8.68207E-15  6.54199E-15
  1.025E+01  7.97965E-03  1.22176E-11 -1.10729E-10  1.02793E-12 -9.19920E-12  1.87988E-14  2.57959E-15
  1.050E+01  8.37255E-03  1.47987E-11 -1.05276E-10  1.27262E-12 -8.96121E-12  1.22172E-15  3.98292E-15
  1.075E+01  8.77480E-03  1.70602E-11 -1.00124E-10  1.50002E-12 -8.72740E-12  1.40065E-14  3.75518E-15
  1.100E+01  9.18641E-03  1.90380E-11 -9.52563E-11  1.71139E-12 -8.49793E-12  6.76638E-15  1.46141E-15
  1.125E+01  9.60736E-03  2.07639E-11 -9.06545E-11  1.90787E-12 -8.27293E-12  7.73445E-15  3.55687E-15
  1.150E+01  1.00376E-02  2.22655E-11 -8.63022E-11  2.09053E-12 -8.05246E-12  8.26701E-15  2.66527E-16
  1.175E+01  1.04773E-02  2.35676E-11 -8.21839E-11  2.26033E-12 -7.83657E-12  2.56706E-15  2.58065E-15
  1.200E+01  1.09262E-02  2.46918E-11 -7.82851E-11  2.41817E-12 -7.62528E-12  7.03242E-15  1.28079E-15
  1.225E+01  1.13844E-02  2.56573E-11 -7.45925E-11  2.56487E-12 -7.41859E-12  1.09608E-15  1.40226E-15
  1.250E+01  1.18520E-02  2.64811E-11 -7.10934E-11  2.70119E-12 -7.21648E-12  4.62667E-15  1.45650E-15
  1.275E+01  1.23288E-02  2.71784E-11 -6.77761E-11  2.82781E-12 -7.01893E-12  2.57443E-15  5.37529E-16
  1.300E+01  1.28150E-02  2.77626E-11 -6.46297E-11  2.94539E-12 -6.82587E-12  1.98864E-15  1.44529E-15
  1.325E+01  1.33104E-02  2.82458E-11 -6.16439E-11  3.05453E-12 -6.63725E-12  2.33199E-15  9.92073E-17
  1.350E+01  1.38150E-02  2.86385E-11 -5.88093E-11  3.15576E-12 -6.45302E-12  5.38559E-16  9.54039E-16
  1.375E+01  1.43290E-02  2.89503E-11 -5.61169E-11  3.24961E-12 -6.27310E-12  1.46935E-15  4.59044E-16
  1.400E+01  1.48521E-02  2.91898E-11 -5.35584E-11  3.33654E-12 -6.09740E-12  1.66567E-16  6.18849E-16
  1.425E+01  1.53845E-02  2.93646E-11 -5.11261E-11  3.41699E-12 -5.92586E-12  5.62109E-16  5.11110E-16
  1.450E+01  1.59262E-02  2.94815E-11 -4.88127E-11  3.49138E-12 -5.75839E-12  7.74736E-17  1.64261E-16
  1.475E+01  1.64770E-02  2.95466E-11 -4.66115E-11  3.56007E-12 -5.59491E-12  2.24371E-16  3.16929E-16
  1.500E+01  1.70371E-02  2.95655E-11 -4.45161E-11  3.62343E-12 -5.43532E-12  7.94656E-16  1.52959E-16
  1.525E+01  1.76063E-02  2.95431E-11 -4.25207E-11  3.68178E-12 -5.27954E-12  6.28367E-16  2.95453E-16
  1.550E+01  1.81848E-02  2.94838E-11 -4.06195E-11  3.73542E-12 -5.12748E-12  1.14773E-15  7.13743E-17
  1.575E+01  1.87724E-02  2.93917E-11 -3.88076E-11  3.78464E-12 -4.97906E-12  1.17574E-15  4.14028E-16
  1.600E+01  1.93692E-02  2.92703E-11 -3.70800E-11  3.82971E-12 -4.83418E-12  1.01164E-15  2.66988E-16
  1.625E+01  1.99751E-02  2.91229E-11 -3.54321E-11  3.87088E-12 -4.69276E-12  1.71452E-15  3.87565E-16
  1.650E+01  2.05901E-02  2.89525E-11 -3.38597E-11  3.90837E-12 -4.55472E-12  4.74639E-16  0.00000E+00
  1.675E+01  2.12143E-02  2.87616E-11 -3.23587E-11  3.94241E-12 -4.41996E-12  1.95542E-15  2.42315E-16
  1.700E+01  2.18476E-02  2.85527E-11 -3.09255E-11  3.97320E-12 -4.28841E-12  5.57757E-16  0.00000E+00
  1.725E+01  2.24900E-02  2.83279E-11 -2.95564E-11  4.00092E-12 -4.15999E-12  1.73168E-15  3.41477E-16
  1.750E+01  2.31415E-02  2.80891E-11 -2.82481E-11  4.02577E-12 -4.03461E-12  1.36568E-15  5.51987E-16
  1.775E+01  2.38021E-02  2.78382E-11 -2.69976E-11  4.04789E-12 -3.91219E-12  1.12211E-15  2.14231E-16
  1.800E+01  2.44717E-02  2.75767E-11 -2.58018E-11  4.06746E-12 -3.79266E-12  2.08099E-15  2.07943E-16
  1.825E+01  2.51504E-02  2.73060E-11 -2.46580E-11  4.08462E-12 -3.67594E-12  9.63008E-17  1.00958E-16
  1.850E+01  2.58382E-02  2.70274E-11 -2.35637E-11  4.09950E-12 -3.56197E-12  2.24691E-15  3.92275E-16
  1.875E+01  2.65349E-02  2.67421E-11 -2.25162E-11  4.11224E-12 -3.45066E-12  1.09259E-15  9.52963E-17
  1.900E+01  2.72407E-02  2.64512E-11 -2.15135E-11  4.12295E-12 -3.34194E-12  1.86019E-15  4.63173E-16
  1.925E+01  2.79555E-02  2.61557E-11 -2.05531E-11  4.13176E-12 -3.23576E-12  2.06901E-15  9.00781E-17
  1.950E+01  2.86793E-02  2.58563E-11 -1.96332E-11  4.13877E-12 -3.13203E-12  6.71433E-16  3.50485E-16
  1.975E+01  2.94120E-02  2.55540E-11 -1.87517E-11  4.14409E-12 -3.03071E-12  2.28864E-15  1.70518E-16
  2.000E+01  3.01537E-02  2.52493E-11 -1.79068E-11  4.14780E-12 -2.93172E-12  3.18513E-16  6.63895E-16
  2.025E+01  3.09043E-02  2.49430E-11 -1.70968E-11  4.15000E-12 -2.83500E-12  2.48314E-15  4.84800E-16
  2.050E+01  3.16639E-02  2.46355E-11 -1.63201E-11  4.15078E-12 -2.74049E-12  9.07723E-16  1.57389E-16
  2.075E+01  3.24324E-02  2.43275E-11 -1.55751E-11  4.15021E-12 -2.64814E-12  1.32769E-15  3.06666E-16
  2.100E+01  3.32098E-02  2.40194E-11 -1.48603E-11  4.14837E-12 -2.55789E-12  1.43891E-15  1.49424E-16
  2.125E+01  3.39961E-02  2.37116E-11 -1.41743E-11  4.14533E-12 -2.46969E-12  2.80782E-16  1.45656E-16
  2.150E+01  3.47912E-02  2.34045E-11 -1.35158E-11  4.14117E-12 -2.38348E-12  1.64418E-15  0.00000E+00
  2.175E+01  3.55952E-02  2.30984E-11 -1.28837E-11  4.13593E-12 -2.29921E-12  2.67514E-16  1.38514E-16
  2.200E+01  3.64081E-02  2.27937E-11 -1.22766E-11  4.12969E-12 -2.21682E-12  1.69795E-15  4.05388E-16
  2.225E+01  3.72297E-02  2.24906E-11 -1.16935E-11  4.12251E-12 -2.13628E-12  8.93020E-16  1.31861E-16
  2.250E+01  3.80602E-02  2.21893E-11 -1.11333E-11  4.11442E-12 -2.05754E-12  9.97119E-16  3.86111E-16
  2.275E+01  3.88995E-02  2.18901E-11 -1.05951E-11  4.10550E-12 -1.98054E-12  1.21804E-15  0.00000E+00
  2.300E+01  3.97476E-02  2.15932E-11 -1.00778E-11  4.09577E-12 -1.90524E-12  2.38123E-16  2.45407E-16
  2.325E+01  4.06044E-02  2.12987E-11 -9.58052E-12  4.08530E-12 -1.83161E-12  1.28051E-15  0.00000E+00
  2.350E+01  4.14700E-02  2.10068E-11 -9.10246E-12  4.07412E-12 -1.75959E-12  3.41532E-16  3.51278E-16
  2.375E+01  4.23443E-02  2.07176E-11 -8.64276E-12  4.06227E-12 -1.68915E-12  1.22497E-15  3.43270E-16
  2.400E+01  4.32273E-02  2.04313E-11 -8.20065E-12  4.04980E-12 -1.62025E-12  1.08957E-15  1.11839E-16
  2.425E+01  4.41190E-02  2.01479E-11 -7.77539E-12  4.03674E-12 -1.55285E-12  5.33144E-16  2.18674E-16
  2.450E+01  4.50194E-02  1.98675E-11 -7.36626E-12  4.02312E-12 -1.48691E-12  9.39361E-16  1.06914E-16
  2.475E+01  4.59284E-02  1.95902E-11 -6.97260E-12  4.00898E-12 -1.42240E-12  0.00000E+00  2.09131E-16
  2.500E+01  4.68461E-02  1.93160E-11 -6.59376E-12  3.99434E-12 -1.35928E-12  8.00556E-16  2.04580E-16
  2.550E+01  4.87074E-02  1.87775E-11 -5.87815E-12  3.96373E-12 -1.23707E-12  5.76138E-16  1.95889E-16
  2.600E+01  5.06030E-02  1.82520E-11 -5.21489E-12  3.93148E-12 -1.12002E-12  1.84429E-16  1.87711E-16
  2.650E+01  5.25328E-02  1.77399E-11 -4.59986E-12  3.89781E-12 -1.00790E-12  0.00000E+00  1.80008E-16
  2.700E+01  5.44967E-02  1.72412E-11 -4.02930E-12  3.86290E-12 -9.00456E-13  1.70481E-16  0.00000E+00
  2.750E+01  5.64946E-02  1.67559E-11 -3.49980E-12  3.82690E-12 -7.97478E-13  1.64088E-16  1.65888E-16
  2.800E+01  5.85262E-02  1.62839E-11 -3.00821E-12  3.78995E-12 -6.98755E-13  1.58046E-16  1.59411E-16
  2.850E+01  6.05914E-02  1.58252E-11 -2.55168E-12  3.75220E-12 -6.04092E-13  1.52330E-16  0.00000E+00
  2.900E+01  6.26901E-02  1.53795E-11 -2.12759E-12  3.71377E-12 -5.13303E-13  0.00000E+00  1.47486E-16
  2.950E+01  6.48222E-02  1.49466E-11 -1.73356E-12  3.67475E-12 -4.26211E-13  1.41789E-16  0.00000E+00
  3.000E+01  6.69873E-02  1.45263E-11 -1.36738E-12  3.63524E-12 -3.42650E-13  1.36923E-16  1.36783E-16
  3.050E+01  6.91854E-02  1.41183E-11 -1.02705E-12  3.59535E-12 -2.62464E-13  1.32305E-16  2.63679E-16
  3.100E+01  7.14163E-02  1.37223E-11 -7.10726E-13  3.55514E-12 -1.85503E-13  2.55833E-16  1.27145E-16
  3.150E+01  7.36799E-02  1.33381E-11 -4.16687E-13  3.51468E-12 -1.11626E-13  2.47489E-16  1.22683E-16
  3.200E+01  7.59760E-02  1.29654E-11 -1.43374E-13  3.47405E-12 -4.06984E-14  3.59326E-16  0.00000E+00
  3.250E+01  7.83043E-02  1.26038E-11  1.10668E-13  3.43330E-12  2.74053E-14  3.47988E-16  0.00000E+00
  3.300E+01  8.06647E-02  1.22530E-11  3.46765E-13  3.39248E-12  9.28062E-14  0.00000E+00  0.00000E+00
  3.350E+01  8.30571E-02  1.19128E-11  5.66140E-13  3.35165E-12  1.55618E-13  2.17923E-16  0.00000E+00
  3.400E+01  8.54812E-02  1.15829E-11  7.69934E-13  3.31085E-12  2.15950E-13  2.11372E-16  0.00000E+00
  3.450E+01  8.79369E-02  1.12628E-11  9.59184E-13  3.27011E-12  2.73905E-13  0.00000E+00  0.00000E+00
  3.500E+01  9.04240E-02  1.09524E-11  1.13489E-12  3.22948E-12  3.29580E-13  1.99143E-16  0.00000E+00
  3.550E+01  9.29422E-02  1.06513E-11  1.29792E-12  3.18898E-12  3.83069E-13  3.86867E-16  0.00000E+00
  3.600E+01  9.54915E-02  1.03593E-11  1.44915E-12  3.14865E-12  4.34460E-13  0.00000E+00  0.00000E+00
  3.650E+01  9.80716E-02  1.00760E-11  1.58932E-12  3.10851E-12  4.83837E-13  1.82747E-16  0.00000E+00
  3.700E+01  1.00682E-01  9.80121E-12  1.71918E-12  3.06858E-12  5.31281E-13  1.77744E-16  0.00000E+00
  3.750E+01  1.03323E-01  9.53463E-12  1.83936E-12  3.02889E-12  5.76868E-13  1.72952E-16  0.00000E+00
  3.800E+01  1.05995E-01  9.27600E-12  1.95050E-12  2.98945E-12  6.20671E-13  0.00000E+00  0.00000E+00
  3.850E+01  1.08696E-01  9.02506E-12  2.05318E-12  2.95028E-12  6.62760E-13  1.63956E-16  0.00000E+00
  3.900E+01  1.11427E-01  8.78157E-12  2.14794E-12  2.91140E-12  7.03199E-13  1.59732E-16  0.00000E+00
  3.950E+01  1.14188E-01  8.54529E-12  2.23528E-12  2.87282E-12  7.42053E-13  1.55677E-16  0.00000E+00
  4.000E+01  1.16978E-01  8.31597E-12  2.31566E-12  2.83455E-12  7.79381E-13  0.00000E+00  0.00000E+00
  4.050E+01  1.19797E-01  8.09339E-12  2.38953E-12  2.79660E-12  8.15242E-13  1.48044E-16  0.00000E+00
  4.100E+01  1.22645E-01  7.87735E-12  2.45728E-12  2.75899E-12  8.49690E-13  1.44450E-16  0.00000E+00
  4.150E+01  1.25522E-01  7.66761E-12  2.51929E-12  2.72171E-12  8.82778E-13  0.00000E+00  0.00000E+00
  4.200E+01  1.28428E-01  7.46398E-12  2.57592E-12  2.68478E-12  9.14555E-13  0.00000E+00  0.00000E+00
  4.250E+01  1.31361E-01  7.26626E-12  2.62750E-12  2.64821E-12  9.45069E-13  1.34472E-16  0.00000E+00
  4.300E+01  1.34323E-01  7.07425E-12  2.67435E-12  2.61199E-12  9.74368E-13  1.31393E-16  0.00000E+00
  4.350E+01  1.37313E-01  6.88777E-12  2.71676E-12  2.57613E-12  1.00249E-12  0.00000E+00  0.00000E+00
  4.400E+01  1.40330E-01  6.70664E-12  2.75499E-12  2.54064E-12  1.02949E-12  0.00000E+00  0.00000E+00
  4.450E+01  1.43375E-01  6.53070E-12  2.78929E-12  2.50552E-12  1.05539E-12  1.22821E-16  0.00000E+00
  4.500E+01  1.46447E-01  6.35976E-12  2.81991E-12  2.47077E-12  1.08025E-12  0.00000E+00  0.00000E+00
  4.550E+01  1.49545E-01  6.19368E-12  2.84706E-12  2.43639E-12  1.10409E-12  0.00000E+00  0.00000E+00
  4.600E+01  1.52671E-01  6.03229E-12  2.87097E-12  2.40238E-12  1.12695E-12  0.00000E+00  0.00000E+00
  4.650E+01  1.55823E-01  5.87544E-12  2.89183E-12  2.36875E-12  1.14886E-12  1.12760E-16  0.00000E+00
  4.700E+01  1.59001E-01  5.72299E-12  2.90982E-12  2.33550E-12  1.16986E-12  0.00000E+00  0.00000E+00
  4.750E+01  1.62205E-01  5.57481E-12  2.92512E-12  2.30262E-12  1.18998E-12  0.00000E+00  0.00000E+00
  4.800E+01  1.65435E-01  5.43074E-12  2.93788E-12  2.27011E-12  1.20925E-12  1.06098E-16  0.00000E+00
  4.850E+01  1.68690E-01  5.29068E-12  2.94825E-12  2.23798E-12  1.22769E-12  1.04027E-16  0.00000E+00
  4.900E+01  1.71970E-01  5.15449E-12  2.95640E-12  2.20622E-12  1.24534E-12  0.00000E+00  0.00000E+00
  4.950E+01  1.75276E-01  5.02204E-12  2.96244E-12  2.17483E-12  1.26222E-12  0.00000E+00  0.00000E+00
  5.000E+01  1.78606E-01  4.89322E-12  2.96651E-12  2.14381E-12  1.27836E-12  0.00000E+00  0.00000E+00
  5.050E+01  1.81961E-01  4.76792E-12  2.96873E-12  2.11316E-12  1.29378E-12  0.00000E+00  0.00000E+00
  5.100E+01  1.85340E-01  4.64604E-12  2.96922E-12  2.08288E-12  1.30850E-12  0.00000E+00  0.00000E+00
  5.150E+01  1.88743E-01  4.52746E-12  2.96806E-12  2.05296E-12  1.32255E-12  0.00000E+00  0.00000E+00
  5.200E+01  1.92169E-01  4.41208E-12  2.96537E-12  2.02340E-12  1.33595E-12  0.00000E+00  0.00000E+00
  5.250E+01  1.95619E-01  4.29981E-12  2.96124E-12  1.99420E-12  1.34873E-12  0.00000E+00  0.00000E+00
  5.300E+01  1.99092E-01  4.19055E-12  2.95576E-12  1.96536E-12  1.36089E-12  0.00000E+00  0.00000E+00
  5.350E+01  2.02589E-01  4.08420E-12  2.94902E-12  1.93687E-12  1.37246E-12  0.00000E+00  0.00000E+00
  5.400E+01  2.06107E-01  3.98069E-12  2.94109E-12  1.90873E-12  1.38346E-12  0.00000E+00  0.00000E+00
  5.450E+01  2.09649E-01  3.87993E-12  2.93205E-12  1.88094E-12  1.39391E-12  0.00000E+00  0.00000E+00
  5.500E+01  2.13212E-01  3.78183E-12  2.92196E-12  1.85350E-12  1.40382E-12  0.00000E+00  0.00000E+00
  5.550E+01  2.16797E-01  3.68632E-12  2.91090E-12  1.82640E-12  1.41321E-12  0.00000E+00  0.00000E+00
  5.600E+01  2.20404E-01  3.59331E-12  2.89892E-12  1.79963E-12  1.42210E-12  0.00000E+00  0.00000E+00
  5.650E+01  2.24032E-01  3.50274E-12  2.88609E-12  1.77321E-12  1.43050E-12  0.00000E+00  0.00000E+00
  5.700E+01  2.27680E-01  3.41454E-12  2.87247E-12  1.74711E-12  1.43843E-12  0.00000E+00  0.00000E+00
  5.750E+01  2.31350E-01  3.32862E-12  2.85810E-12  1.72135E-12  1.44590E-12  0.00000E+00  0.00000E+00
  5.800E+01  2.35040E-01  3.24494E-12  2.84304E-12  1.69591E-12  1.45293E-12  0.00000E+00  0.00000E+00
  5.850E+01  2.38751E-01  3.16341E-12  2.82733E-12  1.67079E-12  1.45953E-12  0.00000E+00  0.00000E+00
  5.900E+01  2.42481E-01  3.08399E-12  2.81101E-12  1.64599E-12  1.46571E-12  0.00000E+00  0.00000E+00
  5.950E+01  2.46231E-01  3.00661E-12  2.79413E-12  1.62151E-12  1.47149E-12  0.00000E+00  0.00000E+00
  6.000E+01  2.50000E-01  2.93120E-12  2.77673E-12  1.59734E-12  1.47687E-12  0.00000E+00  0.00000E+00
  6.050E+01  2.53788E-01  2.85772E-12  2.75886E-12  1.57348E-12  1.48187E-12  0.00000E+00  0.00000E+00
  6.100E+01  2.57595E-01  2.78612E-12  2.74053E-12  1.54993E-12  1.48651E-12  0.00000E+00  0.00000E+00
  6.150E+01  2.61421E-01  2.71632E-12  2.72179E-12  1.52668E-12  1.49078E-12  0.00000E+00  0.00000E+00
  6.200E+01  2.65264E-01  2.64830E-12  2.70267E-12  1.50373E-12  1.49471E-12  0.00000E+00  0.00000E+00
  6.250E+01  2.69126E-01  2.58199E-12  2.68319E-12  1.48108E-12  1.49830E-12  0.00000E+00  0.00000E+00
  6.300E+01  2.73005E-01  2.51736E-12  2.66339E-12  1.45872E-12  1.50156E-12  0.00000E+00  0.00000E+00
  6.350E+01  2.76901E-01  2.45434E-12  2.64329E-12  1.43664E-12  1.50450E-12  0.00000E+00  0.00000E+00
  6.400E+01  2.80814E-01  2.39290E-12  2.62293E-12  1.41486E-12  1.50713E-12  0.00000E+00  0.00000E+00
  6.450E+01  2.84744E-01  2.33300E-12  2.60232E-12  1.39335E-12  1.50947E-12  0.00000E+00  0.00000E+00
  6.500E+01  2.88691E-01  2.27458E-12  2.58149E-12  1.37213E-12  1.51151E-12  0.00000E+00  0.00000E+00
  6.550E+01  2.92653E-01  2.21762E-12  2.56045E-12  1.35118E-12  1.51327E-12  0.00000E+00  0.00000E+00
  6.600E+01  2.96632E-01  2.16207E-12  2.53923E-12  1.33051E-12  1.51475E-12  0.00000E+00  0.00000E+00
  6.650E+01  3.00625E-01  2.10790E-12  2.51784E-12  1.31011E-12  1.51597E-12  0.00000E+00  0.00000E+00
  6.700E+01  3.04634E-01  2.05506E-12  2.49631E-12  1.28997E-12  1.51693E-12  0.00000E+00  0.00000E+00
  6.750E+01  3.08658E-01  2.00352E-12  2.47466E-12  1.27009E-12  1.51764E-12  0.00000E+00  0.00000E+00
  6.800E+01  3.12697E-01  1.95325E-12  2.45290E-12  1.25048E-12  1.51810E-12  0.00000E+00  0.00000E+00
  6.850E+01  3.16749E-01  1.90421E-12  2.43105E-12  1.23112E-12  1.51832E-12  0.00000E+00  0.00000E+00
  6.900E+01  3.20816E-01  1.85637E-12  2.40911E-12  1.21202E-12  1.51831E-12  0.00000E+00  0.00000E+00
  6.950E+01  3.24896E-01  1.80970E-12  2.38711E-12  1.19317E-12  1.51808E-12  0.00000E+00  0.00000E+00
  7.000E+01  3.28990E-01  1.76416E-12  2.36504E-12  1.17457E-12  1.51763E-12  0.00000E+00  0.00000E+00
  7.050E+01  3.33097E-01  1.71974E-12  2.34294E-12  1.15621E-12  1.51696E-12  0.00000E+00  0.00000E+00
  7.100E+01  3.37216E-01  1.67639E-12  2.32081E-12  1.13810E-12  1.51609E-12  0.00000E+00  0.00000E+00
  7.150E+01  3.41348E-01  1.63409E-12  2.29868E-12  1.12023E-12  1.51502E-12  0.00000E+00  0.00000E+00
  7.200E+01  3.45492E-01  1.59281E-12  2.27653E-12  1.10259E-12  1.51376E-12  0.00000E+00  0.00000E+00
  7.250E+01  3.49647E-01  1.55253E-12  2.25438E-12  1.08518E-12  1.51230E-12  0.00000E+00  0.00000E+00
  7.300E+01  3.53814E-01  1.51322E-12  2.23223E-12  1.06801E-12  1.51066E-12  0.00000E+00  0.00000E+00
  7.350E+01  3.57992E-01  1.47486E-12  2.21011E-12  1.05106E-12  1.50884E-12  0.00000E+00  0.00000E+00
  7.400E+01  3.62181E-01  1.43742E-12  2.18803E-12  1.03434E-12  1.50685E-12  0.00000E+00  0.00000E+00
  7.450E+01  3.66381E-01  1.40087E-12  2.16598E-12  1.01785E-12  1.50468E-12  0.00000E+00  0.00000E+00
  7.500E+01  3.70590E-01  1.36521E-12  2.14398E-12  1.00157E-12  1.50235E-12  0.00000E+00  0.00000E+00
  7.550E+01  3.74810E-01  1.33039E-12  2.12203E-12  9.85510E-13  1.49987E-12  0.00000E+00  0.00000E+00
  7.600E+01  3.79039E-01  1.29641E-12  2.10013E-12  9.69665E-13  1.49722E-12  0.00000E+00  0.00000E+00
  7.650E+01  3.83277E-01  1.26324E-12  2.07829E-12  9.54032E-13  1.49442E-12  0.00000E+00  0.00000E+00
  7.700E+01  3.87524E-01  1.23086E-12  2.05653E-12  9.38608E-13  1.49148E-12  0.00000E+00  0.00000E+00
  7.750E+01  3.91780E-01  1.19925E-12  2.03484E-12  9.23392E-13  1.48839E-12  0.00000E+00  0.00000E+00
  7.800E+01  3.96044E-01  1.16839E-12  2.01324E-12  9.08380E-13  1.48516E-12  0.00000E+00  0.00000E+00
  7.850E+01  4.00316E-01  1.13827E-12  1.99172E-12  8.93570E-13  1.48179E-12  0.00000E+00  0.00000E+00
  7.900E+01  4.04596E-01  1.10886E-12  1.97029E-12  8.78959E-13  1.47830E-12  0.00000E+00  0.00000E+00
  7.950E+01  4.08882E-01  1.08014E-12  1.94896E-12  8.64546E-13  1.47467E-12  0.00000E+00  0.00000E+00
  8.000E+01  4.13176E-01  1.05211E-12  1.92772E-12  8.50328E-13  1.47092E-12  0.00000E+00  0.00000E+00
  8.050E+01  4.17476E-01  1.02475E-12  1.90659E-12  8.36302E-13  1.46705E-12  0.00000E+00  0.00000E+00
  8.100E+01  4.21783E-01  9.98025E-13  1.88556E-12  8.22466E-13  1.46305E-12  0.00000E+00  0.00000E+00
  8.150E+01  4.26095E-01  9.71936E-13  1.86464E-12  8.08818E-13  1.45895E-12  0.00000E+00  0.00000E+00
  8.200E+01  4.30413E-01  9.46463E-13  1.84384E-12  7.95356E-13  1.45473E-12  0.00000E+00  0.00000E+00
  8.250E+01  4.34737E-01  9.21592E-13  1.82315E-12  7.82077E-13  1.45040E-12  0.00000E+00  0.00000E+00
  8.300E+01  4.39065E-01  8.97308E-13  1.80258E-12  7.68979E-13  1.44596E-12  0.00000E+00  0.00000E+00
  8.350E+01  4.43398E-01  8.73598E-13  1.78213E-12  7.56060E-13  1.44142E-12  0.00000E+00  0.00000E+00
  8.400E+01  4.47736E-01  8.50446E-13  1.76180E-12  7.43318E-13  1.43678E-12  0.00000E+00  0.00000E+00
  8.450E+01  4.52077E-01  8.27840E-13  1.74160E-12  7.30750E-13  1.43205E-12  0.00000E+00  0.00000E+00
  8.500E+01  4.56422E-01  8.05766E-13  1.72153E-12  7.18356E-13  1.42721E-12  0.00000E+00  0.00000E+00
  8.550E+01  4.60770E-01  7.84213E-13  1.70158E-12  7.06131E-13  1.42229E-12  0.00000E+00  0.00000E+00
  8.600E+01  4.65122E-01  7.63167E-13  1.68177E-12  6.94076E-13  1.41727E-12  0.00000E+00  0.00000E+00
  8.650E+01  4.69476E-01  7.42617E-13  1.66209E-12  6.82186E-13  1.41217E-12  0.00000E+00  0.00000E+00
  8.700E+01  4.73832E-01  7.22552E-13  1.64254E-12  6.70462E-13  1.40698E-12  0.00000E+00  0.00000E+00
  8.750E+01  4.78190E-01  7.02959E-13  1.62313E-12  6.58899E-13  1.40170E-12  0.00000E+00  0.00000E+00
  8.800E+01  4.82550E-01  6.83827E-13  1.60385E-12  6.47498E-13  1.39635E-12  0.00000E+00  0.00000E+00
  8.850E+01  4.86912E-01  6.65146E-13  1.58471E-12  6.36255E-13  1.39092E-12  0.00000E+00  0.00000E+00
  8.900E+01  4.91274E-01  6.46905E-13  1.56572E-12  6.25169E-13  1.38541E-12  0.00000E+00  0.00000E+00
  8.950E+01  4.95637E-01  6.29093E-13  1.54686E-12  6.14238E-13  1.37982E-12  0.00000E+00  0.00000E+00
  9.000E+01  5.00000E-01  6.11702E-13  1.52814E-12  6.03459E-13  1.37416E-12  0.00000E+00  0.00000E+00
  9.050E+01  5.04363E-01  5.94721E-13  1.50956E-12  5.92833E-13  1.36844E-12  0.00000E+00  0.00000E+00
  9.100E+01  5.08726E-01  5.78141E-13  1.49112E-12  5.82355E-13  1.36264E-12  0.00000E+00  0.00000E+00
  9.150E+01  5.13088E-01  5.61952E-13  1.47283E-12  5.72026E-13  1.35678E-12  0.00000E+00  0.00000E+00
  9.200E+01  5.17450E-01  5.46145E-13  1.45468E-12  5.61842E-13  1.35085E-12  0.00000E+00  0.00000E+00
  9.250E+01  5.21810E-01  5.30711E-13  1.43667E-12  5.51803E-13  1.34485E-12  0.00000E+00  0.00000E+00
  9.300E+01  5.26168E-01  5.15642E-13  1.41881E-12  5.41906E-13  1.33880E-12  0.00000E+00  0.00000E+00
  9.350E+01  5.30524E-01  5.00930E-13  1.40109E-12  5.32149E-13  1.33268E-12  0.00000E+00  0.00000E+00
  9.400E+01  5.34878E-01  4.86566E-13  1.38352E-12  5.22533E-13  1.32651E-12  0.00000E+00  0.00000E+00
  9.450E+01  5.39230E-01  4.72543E-13  1.36609E-12  5.13053E-13  1.32028E-12  0.00000E+00  0.00000E+00
  9.500E+01  5.43578E-01  4.58852E-13  1.34880E-12  5.03710E-13  1.31400E-12  0.00000E+00  0.00000E+00
  9.550E+01  5.47923E-01  4.45486E-13  1.33166E-12  4.94501E-13  1.30766E-12  0.00000E+00  0.00000E+00
  9.600E+01  5.52264E-01  4.32438E-13  1.31466E-12  4.85424E-13  1.30127E-12  0.00000E+00  0.00000E+00
  9.650E+01  5.56602E-01  4.19700E-13  1.29781E-12  4.76479E-13  1.29483E-12  0.00000E+00  0.00000E+00
  9.700E+01  5.60935E-01  4.07265E-13  1.28110E-12  4.67663E-13  1.28833E-12  0.00000E+00  0.00000E+00
  9.750E+01  5.65263E-01  3.95126E-13  1.26453E-12  4.58976E-13  1.28180E-12  0.00000E+00  0.00000E+00
  9.800E+01  5.69587E-01  3.83278E-13  1.24811E-12  4.50415E-13  1.27521E-12  0.00000E+00  0.00000E+00
  9.850E+01  5.73905E-01  3.71713E-13  1.23183E-12  4.41979E-13  1.26858E-12  0.00000E+00  0.00000E+00
  9.900E+01  5.78217E-01  3.60424E-13  1.21570E-12  4.33667E-13  1.26190E-12  0.00000E+00  0.00000E+00
  9.950E+01  5.82524E-01  3.49405E-13  1.19971E-12  4.25477E-13  1.25518E-12  0.00000E+00  0.00000E+00
  1.000E+02  5.86824E-01  3.38651E-13  1.18386E-12  4.17408E-13  1.24842E-12  0.00000E+00  0.00000E+00
  1.005E+02  5.91118E-01  3.28156E-13  1.16816E-12  4.09458E-13  1.24162E-12  0.00000E+00  0.00000E+00
  1.010E+02  5.95404E-01  3.17913E-13  1.15259E-12  4.01626E-13  1.23478E-12  0.00000E+00  0.00000E+00
  1.015E+02  5.99684E-01  3.07917E-13  1.13717E-12  3.93911E-13  1.22790E-12  0.00000E+00  0.00000E+00
  1.020E+02  6.03956E-01  2.98163E-13  1.12189E-12  3.86311E-13  1.22098E-12  0.00000E+00  0.00000E+00
  1.025E+02  6.08220E-01  2.88644E-13  1.10675E-12  3.78825E-13  1.21403E-12  0.00000E+00  0.00000E+00
  1.030E+02  6.12476E-01  2.79356E-13  1.09175E-12  3.71451E-13  1.20704E-12  0.00000E+00  0.00000E+00
  1.035E+02  6.16723E-01  2.70294E-13  1.07690E-12  3.64189E-13  1.20002E-12  0.00000E+00  0.00000E+00
  1.040E+02  6.20961E-01  2.61452E-13  1.06218E-12  3.57036E-13  1.19296E-12  0.00000E+00  0.00000E+00
  1.045E+02  6.25190E-01  2.52826E-13  1.04760E-12  3.49992E-13  1.18587E-12  0.00000E+00  0.00000E+00
  1.050E+02  6.29410E-01  2.44410E-13  1.03315E-12  3.43056E-13  1.17875E-12  0.00000E+00  0.00000E+00
  1.055E+02  6.33619E-01  2.36200E-13  1.01885E-12  3.36225E-13  1.17160E-12  0.00000E+00  0.00000E+00
  1.060E+02  6.37819E-01  2.28192E-13  1.00468E-12  3.29499E-13  1.16442E-12  0.00000E+00  0.00000E+00
  1.065E+02  6.42008E-01  2.20381E-13  9.90648E-13  3.22877E-13  1.15721E-12  0.00000E+00  0.00000E+00
  1.070E+02  6.46186E-01  2.12761E-13  9.76753E-13  3.16358E-13  1.14997E-12  0.00000E+00  0.00000E+00
  1.075E+02  6.50353E-01  2.05330E-13  9.62992E-13  3.09939E-13  1.14271E-12  0.00000E+00  0.00000E+00
  1.080E+02  6.54508E-01  1.98084E-13  9.49367E-13  3.03621E-13  1.13542E-12  0.00000E+00  0.00000E+00
  1.085E+02  6.58652E-01  1.91016E-13  9.35875E-13  2.97401E-13  1.12810E-12  0.00000E+00  0.00000E+00
  1.090E+02  6.62784E-01  1.84125E-13  9.22516E-13  2.91279E-13  1.12076E-12  0.00000E+00  0.00000E+00
  1.095E+02  6.66903E-01  1.77406E-13  9.09290E-13  2.85254E-13  1.11339E-12  0.00000E+00  0.00000E+00
  1.100E+02  6.71010E-01  1.70855E-13  8.96196E-13  2.79324E-13  1.10600E-12  2.18232E-17  0.00000E+00
  1.105E+02  6.75104E-01  1.64467E-13  8.83234E-13  2.73489E-13  1.09859E-12  2.18934E-17  0.00000E+00
  1.110E+02  6.79184E-01  1.58241E-13  8.70403E-13  2.67746E-13  1.09116E-12  0.00000E+00  0.00000E+00
  1.115E+02  6.83251E-01  1.52171E-13  8.57701E-13  2.62096E-13  1.08370E-12  4.40896E-17  0.00000E+00
  1.120E+02  6.87303E-01  1.46256E-13  8.45128E-13  2.56536E-13  1.07623E-12  2.21261E-17  0.00000E+00
  1.125E+02  6.91342E-01  1.40490E-13  8.32684E-13  2.51067E-13  1.06873E-12  2.22111E-17  0.00000E+00
  1.130E+02  6.95366E-01  1.34871E-13  8.20367E-13  2.45686E-13  1.06122E-12  4.46001E-17  0.00000E+00
  1.135E+02  6.99375E-01  1.29395E-13  8.08178E-13  2.40393E-13  1.05368E-12  2.23928E-17  0.00000E+00
  1.140E+02  7.03368E-01  1.24059E-13  7.96116E-13  2.35187E-13  1.04613E-12  2.24895E-17  0.00000E+00
  1.145E+02  7.07347E-01  1.18860E-13  7.84179E-13  2.30066E-13  1.03856E-12  2.25901E-17  0.00000E+00
  1.150E+02  7.11309E-01  1.13796E-13  7.72368E-13  2.25031E-13  1.03098E-12  4.53897E-17  0.00000E+00
  1.155E+02  7.15256E-01  1.08862E-13  7.60680E-13  2.20079E-13  1.02337E-12  2.28036E-17  0.00000E+00
  1.160E+02  7.19186E-01  1.04056E-13  7.49116E-13  2.15209E-13  1.01575E-12  4.58332E-17  0.00000E+00
  1.165E+02  7.23099E-01  9.93754E-14  7.37675E-13  2.10422E-13  1.00812E-12  2.30338E-17  0.00000E+00
  1.170E+02  7.26995E-01  9.48169E-14  7.26356E-13  2.05715E-13  1.00047E-12  9.26210E-17  0.00000E+00
  1.175E+02  7.30874E-01  9.03779E-14  7.15159E-13  2.01088E-13  9.92802E-13  6.98432E-17  0.00000E+00
  1.180E+02  7.34736E-01  8.60556E-14  7.04083E-13  1.96539E-13  9.85124E-13  4.68226E-17  0.00000E+00
  1.185E+02  7.38579E-01  8.18474E-14  6.93127E-13  1.92069E-13  9.77431E-13  4.70920E-17  0.00000E+00
  1.190E+02  7.42405E-01  7.77508E-14  6.82290E-13  1.87675E-13  9.69726E-13  9.47413E-17  0.00000E+00
  1.195E+02  7.46212E-01  7.37633E-14  6.71571E-13  1.83358E-13  9.62007E-13  2.38293E-17  0.00000E+00
  1.200E+02  7.50000E-01  6.98823E-14  6.60971E-13  1.79115E-13  9.54277E-13  8.39230E-17  0.00000E+00
  1.205E+02  7.53769E-01  6.61054E-14  6.50487E-13  1.74947E-13  9.46534E-13  7.23946E-17  0.00000E+00
  1.210E+02  7.57519E-01  6.24300E-14  6.40121E-13  1.70852E-13  9.38781E-13  0.00000E+00  0.00000E+00
  1.215E+02  7.61249E-01  5.88539E-14  6.29871E-13  1.66829E-13  9.31016E-13  1.22267E-17  0.00000E+00
  1.220E+02  7.64960E-01  5.53750E-14  6.19735E-13  1.62878E-13  9.23240E-13  0.00000E+00  0.00000E+00
  1.225E+02  7.68650E-01  5.19909E-14  6.09714E-13  1.58997E-13  9.15454E-13  1.23978E-17  0.00000E+00
  1.230E+02  7.72320E-01  4.86995E-14  5.99807E-13  1.55186E-13  9.07658E-13  1.24873E-17  0.00000E+00
  1.235E+02  7.75968E-01  4.54987E-14  5.90012E-13  1.51444E-13  8.99853E-13  5.03182E-17  0.00000E+00
  1.240E+02  7.79596E-01  4.23862E-14  5.80330E-13  1.47770E-13  8.92038E-13  3.80236E-17  0.00000E+00
  1.245E+02  7.83203E-01  3.93599E-14  5.70760E-13  1.44163E-13  8.84215E-13  2.55446E-17  0.00000E+00
  1.250E+02  7.86788E-01  3.64180E-14  5.61301E-13  1.40623E-13  8.76383E-13  1.28729E-17  0.00000E+00
  1.255E+02  7.90351E-01  3.35584E-14  5.51953E-13  1.37148E-13  8.68543E-13  1.29765E-17  0.00000E+00
  1.260E+02  7.93893E-01  3.07792E-14  5.42714E-13  1.33737E-13  8.60694E-13  1.30831E-17  0.00000E+00
  1.265E+02  7.97411E-01  2.80787E-14  5.33584E-13  1.30391E-13  8.52839E-13  1.31927E-17  0.00000E+00
  1.270E+02  8.00908E-01  2.54549E-14  5.24562E-13  1.27107E-13  8.44975E-13  1.33054E-17  0.00000E+00
  1.275E+02  8.04381E-01  2.29060E-14  5.15648E-13  1.23886E-13  8.37105E-13  1.34214E-17  0.00000E+00
  1.280E+02  8.07831E-01  2.04300E-14  5.06841E-13  1.20727E-13  8.29228E-13  0.00000E+00  0.00000E+00
  1.285E+02  8.11257E-01  1.80254E-14  4.98141E-13  1.17627E-13  8.21345E-13  2.04946E-17  0.00000E+00
  1.290E+02  8.14660E-01  1.56903E-14  4.89548E-13  1.14588E-13  8.13455E-13  2.75779E-17  0.00000E+00
  1.295E+02  8.18039E-01  1.34233E-14  4.81059E-13  1.11608E-13  8.05559E-13  1.04387E-17  0.00000E+00
  1.300E+02  8.21394E-01  1.12227E-14  4.72674E-13  1.08686E-13  7.97658E-13  3.51281E-18  0.00000E+00
  1.305E+02  8.24724E-01  9.08689E-15  4.64393E-13  1.05822E-13  7.89751E-13  0.00000E+00  0.00000E+00
  1.310E+02  8.28030E-01  7.01424E-15  4.56215E-13  1.03015E-13  7.81839E-13  5.37304E-18  0.00000E+00
  1.315E+02  8.31310E-01  5.00315E-15  4.48141E-13  1.00264E-13  7.73922E-13  5.42707E-18  0.00000E+00
  1.320E+02  8.34565E-01  3.05211E-15  4.40168E-13  9.75681E-14  7.66000E-13  1.27926E-17  0.00000E+00
  1.325E+02  8.37795E-01  1.15968E-15  4.32298E-13  9.49268E-14  7.58074E-13  2.07732E-17  0.00000E+00
  1.330E+02  8.40999E-01 -6.75498E-16  4.24528E-13  9.23394E-14  7.50143E-13  2.21588E-17  0.00000E+00
  1.335E+02  8.44177E-01 -2.45480E-15  4.16859E-13  8.98052E-14  7.42208E-13  1.79173E-17  0.00000E+00
  1.340E+02  8.47329E-01 -4.17963E-15  4.09288E-13  8.73234E-14  7.34269E-13  9.53290E-18  0.00000E+00
  1.345E+02  8.50455E-01 -5.85140E-15  4.01817E-13  8.48934E-14  7.26326E-13  1.92768E-18  0.00000E+00
  1.350E+02  8.53553E-01 -7.47152E-15  3.94445E-13  8.25143E-14  7.18380E-13  1.94933E-17  0.00000E+00
  1.355E+02  8.56625E-01 -9.04131E-15  3.87171E-13  8.01856E-14  7.10430E-13  2.36586E-17  0.00000E+00
  1.360E+02  8.59670E-01 -1.05620E-14  3.79995E-13  7.79065E-14  7.02477E-13  3.19097E-17  0.00000E+00
  1.365E+02  8.62687E-01 -1.20348E-14  3.72916E-13  7.56763E-14  6.94521E-13  4.03550E-17  0.00000E+00
  1.370E+02  8.65677E-01 -1.34608E-14  3.65933E-13  7.34943E-14  6.86562E-13  3.26682E-17  0.00000E+00
  1.375E+02  8.68639E-01 -1.48413E-14  3.59045E-13  7.13599E-14  6.78600E-13  0.00000E+00  0.00000E+00
  1.380E+02  8.71572E-01 -1.61774E-14  3.52253E-13  6.92723E-14  6.70636E-13  8.36666E-18  0.00000E+00
  1.385E+02  8.74478E-01 -1.74705E-14  3.45556E-13  6.72310E-14  6.62669E-13  3.38814E-17  0.00000E+00
  1.390E+02  8.77355E-01 -1.87216E-14  3.38953E-13  6.52352E-14  6.54700E-13  2.57301E-17  0.00000E+00
  1.395E+02  8.80203E-01 -1.99319E-14  3.32444E-13  6.32842E-14  6.46728E-13  3.47430E-17  0.00000E+00
  1.400E+02  8.83022E-01 -2.11023E-14  3.26029E-13  6.13775E-14  6.38755E-13  5.27856E-17  0.00000E+00
  1.405E+02  8.85812E-01 -2.22339E-14  3.19706E-13  5.95143E-14  6.30780E-13  0.00000E+00  0.00000E+00
  1.410E+02  8.88573E-01 -2.33275E-14  3.13475E-13  5.76940E-14  6.22803E-13  0.00000E+00  0.00000E+00
  1.415E+02  8.91304E-01 -2.43844E-14  3.07336E-13  5.59160E-14  6.14824E-13  9.15049E-18  0.00000E+00
  1.420E+02  8.94005E-01 -2.54056E-14  3.01287E-13  5.41797E-14  6.06844E-13  3.70964E-17  0.00000E+00
  1.425E+02  8.96677E-01 -2.63923E-14  2.95330E-13  5.24843E-14  5.98862E-13  3.76031E-17  0.00000E+00
  1.430E+02  8.99318E-01 -2.73451E-14  2.89465E-13  5.08292E-14  5.90879E-13  5.71836E-17  0.00000E+00
  1.435E+02  9.01928E-01 -2.82650E-14  2.83689E-13  4.92139E-14  5.82895E-13  3.86544E-17  0.00000E+00
  1.440E+02  9.04508E-01 -2.91527E-14  2.78002E-13  4.76377E-14  5.74909E-13  1.95999E-17  0.00000E+00
  1.445E+02  9.07058E-01 -3.00095E-14  2.72403E-13  4.60999E-14  5.66923E-13  3.97585E-17  0.00000E+00
  1.450E+02  9.09576E-01 -3.08358E-14  2.66892E-13  4.46001E-14  5.58935E-13  0.00000E+00  0.00000E+00
  1.455E+02  9.12063E-01 -3.16328E-14  2.61471E-13  4.31374E-14  5.50947E-13  4.09170E-17  0.00000E+00
  1.460E+02  9.14519E-01 -3.24015E-14  2.56138E-13  4.17115E-14  5.42958E-13  2.07585E-17  0.00000E+00
  1.465E+02  9.16943E-01 -3.31426E-14  2.50892E-13  4.03215E-14  5.34968E-13  4.21312E-17  0.00000E+00
  1.470E+02  9.19335E-01 -3.38567E-14  2.45732E-13  3.89670E-14  5.26978E-13  6.41400E-17  0.00000E+00
  1.475E+02  9.21696E-01 -3.45445E-14  2.40659E-13  3.76473E-14  5.18987E-13  2.17018E-17  0.00000E+00
  1.480E+02  9.24024E-01 -3.52068E-14  2.35671E-13  3.63618E-14  5.10996E-13  6.60933E-17  0.00000E+00
  1.485E+02  9.26320E-01 -3.58446E-14  2.30769E-13  3.51100E-14  5.03004E-13  6.71038E-17  0.00000E+00
  1.490E+02  9.28584E-01 -3.64585E-14  2.25952E-13  3.38912E-14  4.95012E-13  6.81370E-17  0.00000E+00
  1.495E+02  9.30815E-01 -3.70493E-14  2.21221E-13  3.27049E-14  4.87020E-13  4.61288E-17  0.00000E+00
  1.500E+02  9.33013E-01 -3.76178E-14  2.16574E-13  3.15505E-14  4.79027E-13  2.34242E-17  0.00000E+00
  1.505E+02  9.35178E-01 -3.81644E-14  2.12011E-13  3.04274E-14  4.71034E-13  2.37919E-17  0.00000E+00
  1.510E+02  9.37310E-01 -3.86898E-14  2.07532E-13  2.93350E-14  4.63042E-13  4.83350E-17  0.00000E+00
  1.515E+02  9.39409E-01 -3.91946E-14  2.03135E-13  2.82728E-14  4.55049E-13  2.45510E-17  0.00000E+00
  1.520E+02  9.41474E-01 -3.96795E-14  1.98822E-13  2.72402E-14  4.47056E-13  7.48275E-17  0.00000E+00
  1.525E+02  9.43505E-01 -4.01453E-14  1.94591E-13  2.62365E-14  4.39063E-13  1.01367E-16  1.05718E-17
  1.530E+02  9.45503E-01 -4.05926E-14  1.90443E-13  2.52614E-14  4.31070E-13  0.00000E+00  1.05429E-17
  1.535E+02  9.47467E-01 -4.10219E-14  1.86378E-13  2.43141E-14  4.23077E-13  5.23283E-17  0.00000E+00
  1.540E+02  9.49397E-01 -4.14338E-14  1.82394E-13  2.33941E-14  4.15085E-13  1.32935E-16  0.00000E+00
  1.545E+02  9.51293E-01 -4.18287E-14  1.78491E-13  2.25009E-14  4.07093E-13  5.40354E-17  0.00000E+00
  1.550E+02  9.53154E-01 -4.22072E-14  1.74668E-13  2.16339E-14  3.99101E-13  5.49122E-17  0.00000E+00
  1.555E+02  9.54981E-01 -4.25699E-14  1.70926E-13  2.07926E-14  3.91109E-13  8.37061E-17  2.08156E-17
  1.560E+02  9.56773E-01 -4.29174E-14  1.67265E-13  1.99764E-14  3.83117E-13  5.67106E-17  2.07652E-17
  1.565E+02  9.58530E-01 -4.32501E-14  1.63684E-13  1.91847E-14  3.75126E-13  2.88157E-17  2.07160E-17
  1.570E+02  9.60252E-01 -4.35688E-14  1.60183E-13  1.84171E-14  3.67135E-13  5.85659E-17  0.00000E+00
  1.575E+02  9.61940E-01 -4.38736E-14  1.56762E-13  1.76730E-14  3.59145E-13  0.00000E+00  0.00000E+00
  1.580E+02  9.63592E-01 -4.41651E-14  1.53420E-13  1.69517E-14  3.51155E-13  6.04748E-17  0.00000E+00
  1.585E+02  9.65209E-01 -4.44436E-14  1.50157E-13  1.62529E-14  3.43165E-13  6.14482E-17  1.02654E-17
  1.590E+02  9.66790E-01 -4.47097E-14  1.46971E-13  1.55759E-14  3.35175E-13  0.00000E+00  4.09747E-17
  1.595E+02  9.68336E-01 -4.49638E-14  1.43865E-13  1.49202E-14  3.27187E-13  1.26857E-16  1.02225E-17
  1.600E+02  9.69846E-01 -4.52065E-14  1.40837E-13  1.42854E-14  3.19198E-13  6.44340E-17  1.02019E-17
  1.605E+02  9.71321E-01 -4.54382E-14  1.37887E-13  1.36707E-14  3.11210E-13  1.30896E-16  1.01819E-17
  1.610E+02  9.72759E-01 -4.56591E-14  1.35016E-13  1.30758E-14  3.03223E-13  6.64697E-17  2.03249E-17
  1.615E+02  9.74162E-01 -4.58696E-14  1.32221E-13  1.25001E-14  2.95235E-13  6.74981E-17  1.52153E-17
  1.620E+02  9.75528E-01 -4.60701E-14  1.29503E-13  1.19431E-14  2.87249E-13  0.00000E+00  0.00000E+00
  1.625E+02  9.76858E-01 -4.62609E-14  1.26862E-13  1.14042E-14  2.79263E-13  1.39141E-16  0.00000E+00
  1.630E+02  9.78152E-01 -4.64424E-14  1.24298E-13  1.08830E-14  2.71277E-13  1.41223E-16  2.52250E-17
  1.635E+02  9.79410E-01 -4.66151E-14  1.21811E-13  1.03788E-14  2.63292E-13  1.43308E-16  3.02197E-17
  1.640E+02  9.80631E-01 -4.67793E-14  1.19400E-13  9.89127E-15  2.55307E-13  7.26953E-17  4.52566E-17
  1.645E+02  9.81815E-01 -4.69353E-14  1.17067E-13  9.41977E-15  2.47323E-13  7.37346E-17  6.52686E-17
  1.650E+02  9.82963E-01 -4.70833E-14  1.14808E-13  8.96381E-15  2.39339E-13  1.49540E-16  6.01570E-17
  1.655E+02  9.84074E-01 -4.72235E-14  1.12626E-13  8.52290E-15  2.31356E-13  0.00000E+00  4.50518E-17
  1.660E+02  9.85148E-01 -4.73562E-14  1.10518E-13  8.09650E-15  2.23373E-13  0.00000E+00  0.00000E+00
  1.665E+02  9.86185E-01 -4.74819E-14  1.08486E-13  7.68412E-15  2.15391E-13  0.00000E+00  3.99352E-17
  1.670E+02  9.87185E-01 -4.76007E-14  1.06530E-13  7.28523E-15  2.07409E-13  7.88379E-17  8.97364E-17
  1.675E+02  9.88148E-01 -4.77131E-14  1.04649E-13  6.89934E-15  1.99428E-13  0.00000E+00  1.29456E-16
  1.680E+02  9.89074E-01 -4.78193E-14  1.02843E-13  6.52591E-15  1.91447E-13  8.07970E-17  1.34272E-16
  1.685E+02  9.89962E-01 -4.79193E-14  1.01113E-13  6.16446E-15  1.83467E-13  0.00000E+00  1.14247E-16
  1.690E+02  9.90814E-01 -4.80133E-14  9.94561E-14  5.81447E-15  1.75486E-13  3.30738E-16  4.46557E-17
  1.695E+02  9.91627E-01 -4.81016E-14  9.78737E-14  5.47543E-15  1.67507E-13  0.00000E+00  2.47824E-17
  1.700E+02  9.92404E-01 -4.81844E-14  9.63656E-14  5.14686E-15  1.59528E-13  8.44841E-17  1.23786E-16
  1.705E+02  9.93143E-01 -4.82619E-14  9.49321E-14  4.82823E-15  1.51549E-13  8.53447E-17  1.78081E-16
  1.710E+02  9.93844E-01 -4.83345E-14  9.35733E-14  4.51906E-15  1.43570E-13  0.00000E+00  2.17456E-16
  1.715E+02  9.94508E-01 -4.84023E-14  9.22891E-14  4.21883E-15  1.35592E-13  0.00000E+00  1.97516E-16
  1.720E+02  9.95134E-01 -4.84654E-14  9.10788E-14  3.92703E-15  1.27614E-13  0.00000E+00  1.38149E-16
  1.725E+02  9.95722E-01 -4.85238E-14  8.99419E-14  3.64318E-15  1.19637E-13  1.76949E-16  1.97205E-17
  1.730E+02  9.96273E-01 -4.85776E-14  8.88782E-14  3.36677E-15  1.11659E-13  8.91702E-17  1.28091E-16
  1.735E+02  9.96786E-01 -4.86270E-14  8.78879E-14  3.09730E-15  1.03683E-13  8.98269E-17  2.51089E-16
  1.740E+02  9.97261E-01 -4.86722E-14  8.69715E-14  2.83429E-15  9.57059E-14  1.80885E-16  3.29658E-16
  1.745E+02  9.97698E-01 -4.87136E-14  8.61293E-14  2.57723E-15  8.77295E-14  1.82030E-16  3.49141E-16
  1.750E+02  9.98097E-01 -4.87512E-14  8.53612E-14  2.32561E-15  7.97534E-14  1.83086E-16  2.45747E-16
  1.755E+02  9.98459E-01 -4.87849E-14  8.46666E-14  2.07894E-15  7.17774E-14  9.20250E-17  8.84275E-17
  1.760E+02  9.98782E-01 -4.88148E-14  8.40449E-14  1.83673E-15  6.38017E-14  9.24605E-17  1.37496E-16
  1.765E+02  9.99067E-01 -4.88408E-14  8.34956E-14  1.59847E-15  5.58261E-14  9.28485E-17  3.58340E-16
  1.770E+02  9.99315E-01 -4.88630E-14  8.30190E-14  1.36368E-15  4.78507E-14  2.79563E-16  5.49605E-16
  1.775E+02  9.99524E-01 -4.88816E-14  8.26157E-14  1.13187E-15  3.98754E-14  0.00000E+00  5.93609E-16
  1.780E+02  9.99695E-01 -4.88970E-14  8.22865E-14  9.02536E-16  3.19001E-14  4.68567E-16  4.85572E-16
  1.785E+02  9.99829E-01 -4.89092E-14  8.20316E-14  6.75182E-16  2.39250E-14  9.38971E-17  9.31747E-17
  1.790E+02  9.99924E-01 -4.89181E-14  8.18508E-14  4.49305E-16  1.59500E-14  1.88055E-16  7.20789E-16
  1.795E+02  9.99981E-01 -4.89238E-14  8.17427E-14  2.24409E-16  7.97496E-15  1.88211E-16  2.85353E-15
  1.800E+02  1.00000E+00 -4.89251E-14  8.17073E-14  3.14803E-30  1.11916E-28  9.22486E-15  3.82612E-12
