 #  Scattering amplitudes (in cm)      MU=(1-cos(TH))/2
 #  Z =  47,   projectile: electron
 #  Kinetic energy = 4.90000E+06 eV
 #
 # TH (deg)      MU          Re(F)        Im(F)        Re(G)        Im(G)        ERRF         ERRG 
 #-----------------------------------------------------------------------------------------------------------------
  0.000E+00  0.00000E+00  8.98279E-07  9.41943E-08  0.00000E+00  0.00000E+00  6.29989E-09  0.00000E+00
  1.000E-04  7.61557E-13  8.98276E-07  9.41943E-08  7.09868E-13  7.44413E-14  6.29818E-09  2.15581E-07
  1.250E-04  1.18994E-12  8.98275E-07  9.41943E-08  8.87333E-13  9.30516E-14  6.29722E-09  2.15565E-07
  1.500E-04  1.71346E-12  8.98273E-07  9.41943E-08  1.06480E-12  1.11662E-13  6.29604E-09  2.15545E-07
  1.750E-04  2.33225E-12  8.98271E-07  9.41943E-08  1.24226E-12  1.30272E-13  6.29465E-09  2.15522E-07
  2.000E-04  3.04617E-12  8.98268E-07  9.41942E-08  1.41972E-12  1.48883E-13  6.29305E-09  2.15495E-07
  2.250E-04  3.85530E-12  8.98265E-07  9.41942E-08  1.59718E-12  1.67493E-13  6.29123E-09  2.15464E-07
  2.500E-04  4.75964E-12  8.98262E-07  9.41942E-08  1.77464E-12  1.86103E-13  6.28920E-09  2.15429E-07
  2.750E-04  5.75917E-12  8.98258E-07  9.41941E-08  1.95210E-12  2.04713E-13  6.28696E-09  2.15391E-07
  3.000E-04  6.85391E-12  8.98254E-07  9.41941E-08  2.12955E-12  2.23323E-13  6.28451E-09  2.15350E-07
  3.250E-04  8.04379E-12  8.98249E-07  9.41941E-08  2.30700E-12  2.41934E-13  6.28184E-09  2.15305E-07
  3.500E-04  9.32893E-12  8.98245E-07  9.41940E-08  2.48445E-12  2.60544E-13  6.27896E-09  2.15256E-07
  3.750E-04  1.07092E-11  8.98240E-07  9.41940E-08  2.66189E-12  2.79154E-13  6.27586E-09  2.15204E-07
  4.000E-04  1.21847E-11  8.98234E-07  9.41939E-08  2.83934E-12  2.97764E-13  6.27255E-09  2.15148E-07
  4.250E-04  1.37554E-11  8.98228E-07  9.41939E-08  3.01678E-12  3.16374E-13  6.26903E-09  2.15088E-07
  4.500E-04  1.54213E-11  8.98222E-07  9.41938E-08  3.19421E-12  3.34984E-13  6.26530E-09  2.15025E-07
  4.750E-04  1.71823E-11  8.98216E-07  9.41938E-08  3.37164E-12  3.53594E-13  6.26136E-09  2.14958E-07
  5.000E-04  1.90386E-11  8.98209E-07  9.41937E-08  3.54907E-12  3.72204E-13  6.25720E-09  2.14888E-07
  5.250E-04  2.09900E-11  8.98202E-07  9.41936E-08  3.72650E-12  3.90814E-13  6.25284E-09  2.14814E-07
  5.500E-04  2.30367E-11  8.98194E-07  9.41936E-08  3.90391E-12  4.09424E-13  6.24826E-09  2.14736E-07
  5.750E-04  2.51785E-11  8.98186E-07  9.41935E-08  4.08133E-12  4.28034E-13  6.24347E-09  2.14655E-07
  6.000E-04  2.74156E-11  8.98178E-07  9.41934E-08  4.25874E-12  4.46644E-13  6.23847E-09  2.14570E-07
  6.250E-04  2.97478E-11  8.98169E-07  9.41934E-08  4.43614E-12  4.65253E-13  6.23325E-09  2.14482E-07
  6.500E-04  3.21752E-11  8.98160E-07  9.41933E-08  4.61354E-12  4.83863E-13  6.22783E-09  2.14390E-07
  6.750E-04  3.46979E-11  8.98151E-07  9.41932E-08  4.79094E-12  5.02473E-13  6.22220E-09  2.14295E-07
  7.000E-04  3.73157E-11  8.98141E-07  9.41931E-08  4.96833E-12  5.21083E-13  6.21636E-09  2.14196E-07
  7.250E-04  4.00286E-11  8.98131E-07  9.41930E-08  5.14571E-12  5.39692E-13  6.21030E-09  2.14093E-07
  7.500E-04  4.28368E-11  8.98121E-07  9.41929E-08  5.32309E-12  5.58302E-13  6.20404E-09  2.13987E-07
  7.750E-04  4.57402E-11  8.98110E-07  9.41928E-08  5.50046E-12  5.76911E-13  6.19757E-09  2.13877E-07
  8.000E-04  4.87388E-11  8.98099E-07  9.41927E-08  5.67782E-12  5.95521E-13  6.19089E-09  2.13764E-07
  8.250E-04  5.18325E-11  8.98088E-07  9.41926E-08  5.85518E-12  6.14130E-13  6.18401E-09  2.13647E-07
  8.500E-04  5.50215E-11  8.98076E-07  9.41925E-08  6.03253E-12  6.32739E-13  6.17691E-09  2.13526E-07
  8.750E-04  5.83057E-11  8.98064E-07  9.41924E-08  6.20987E-12  6.51348E-13  6.16961E-09  2.13402E-07
  9.000E-04  6.16850E-11  8.98051E-07  9.41923E-08  6.38721E-12  6.69958E-13  6.16210E-09  2.13275E-07
  9.250E-04  6.51595E-11  8.98039E-07  9.41922E-08  6.56454E-12  6.88567E-13  6.15438E-09  2.13144E-07
  9.500E-04  6.87293E-11  8.98025E-07  9.41921E-08  6.74186E-12  7.07176E-13  6.14646E-09  2.13009E-07
  9.750E-04  7.23943E-11  8.98012E-07  9.41920E-08  6.91917E-12  7.25785E-13  6.13833E-09  2.12871E-07
  1.000E-03  7.61544E-11  8.97998E-07  9.41918E-08  7.09648E-12  7.44394E-13  6.12999E-09  2.12729E-07
  1.250E-03  1.18991E-10  8.97840E-07  9.41904E-08  8.86903E-12  9.30478E-13  6.03541E-09  2.11120E-07
  1.500E-03  1.71347E-10  8.97647E-07  9.41887E-08  1.06406E-11  1.11655E-12  5.92077E-09  2.09164E-07
  1.750E-03  2.33223E-10  8.97419E-07  9.41867E-08  1.24108E-11  1.30262E-12  5.78665E-09  2.06867E-07
  2.000E-03  3.04617E-10  8.97156E-07  9.41843E-08  1.41796E-11  1.48867E-12  5.63370E-09  2.04237E-07
  2.250E-03  3.85531E-10  8.96858E-07  9.41817E-08  1.59468E-11  1.67470E-12  5.46268E-09  2.01283E-07
  2.500E-03  4.75965E-10  8.96526E-07  9.41787E-08  1.77121E-11  1.86072E-12  5.27444E-09  1.98013E-07
  2.750E-03  5.75917E-10  8.96159E-07  9.41754E-08  1.94754E-11  2.04673E-12  5.06991E-09  1.94440E-07
  3.000E-03  6.85389E-10  8.95758E-07  9.41718E-08  2.12363E-11  2.23271E-12  4.85010E-09  1.90573E-07
  3.250E-03  8.04380E-10  8.95322E-07  9.41679E-08  2.29948E-11  2.41867E-12  4.61608E-09  1.86426E-07
  3.500E-03  9.32891E-10  8.94852E-07  9.41637E-08  2.47507E-11  2.60460E-12  4.36901E-09  1.82013E-07
  3.750E-03  1.07092E-09  8.94349E-07  9.41592E-08  2.65037E-11  2.79051E-12  4.11010E-09  1.77346E-07
  4.000E-03  1.21847E-09  8.93811E-07  9.41544E-08  2.82536E-11  2.97639E-12  3.84061E-09  1.72441E-07
  4.250E-03  1.37554E-09  8.93240E-07  9.41492E-08  3.00002E-11  3.16224E-12  3.56186E-09  1.67313E-07
  4.500E-03  1.54213E-09  8.92635E-07  9.41437E-08  3.17435E-11  3.34806E-12  3.27521E-09  1.61979E-07
  4.750E-03  1.71823E-09  8.91998E-07  9.41380E-08  3.34830E-11  3.53385E-12  2.98204E-09  1.56456E-07
  5.000E-03  1.90386E-09  8.91327E-07  9.41319E-08  3.52188E-11  3.71960E-12  2.68377E-09  1.50760E-07
  5.250E-03  2.09900E-09  8.90623E-07  9.41255E-08  3.69506E-11  3.90531E-12  2.38184E-09  1.44910E-07
  5.500E-03  2.30367E-09  8.89887E-07  9.41188E-08  3.86781E-11  4.09099E-12  2.07770E-09  1.38923E-07
  5.750E-03  2.51785E-09  8.89118E-07  9.41118E-08  4.04013E-11  4.27663E-12  1.77278E-09  1.32818E-07
  6.000E-03  2.74156E-09  8.88318E-07  9.41045E-08  4.21199E-11  4.46222E-12  1.46855E-09  1.26614E-07
  6.250E-03  2.97478E-09  8.87485E-07  9.40968E-08  4.38338E-11  4.64777E-12  1.16644E-09  1.20329E-07
  6.500E-03  3.21752E-09  8.86622E-07  9.40889E-08  4.55428E-11  4.83327E-12  8.67849E-10  1.13983E-07
  6.750E-03  3.46978E-09  8.85727E-07  9.40806E-08  4.72467E-11  5.01873E-12  5.74181E-10  1.07593E-07
  7.000E-03  3.73156E-09  8.84800E-07  9.40721E-08  4.89453E-11  5.20413E-12  2.86787E-10  1.01179E-07
  7.250E-03  4.00286E-09  8.83844E-07  9.40632E-08  5.06386E-11  5.38949E-12  6.97913E-12  9.47602E-08
  7.500E-03  4.28368E-09  8.82857E-07  9.40541E-08  5.23262E-11  5.57479E-12  2.63977E-10  8.83542E-08
  7.750E-03  4.57402E-09  8.81840E-07  9.40446E-08  5.40082E-11  5.76003E-12  5.24872E-10  8.19795E-08
  8.000E-03  4.87388E-09  8.80793E-07  9.40348E-08  5.56842E-11  5.94522E-12  7.74558E-10  7.56540E-08
  8.250E-03  5.18326E-09  8.79717E-07  9.40247E-08  5.73542E-11  6.13035E-12  1.01195E-09  6.93952E-08
  8.500E-03  5.50215E-09  8.78612E-07  9.40143E-08  5.90180E-11  6.31542E-12  1.23605E-09  6.32202E-08
  8.750E-03  5.83057E-09  8.77478E-07  9.40036E-08  6.06754E-11  6.50043E-12  1.44591E-09  5.71455E-08
  9.000E-03  6.16850E-09  8.76316E-07  9.39926E-08  6.23263E-11  6.68537E-12  1.64070E-09  5.11869E-08
  9.250E-03  6.51596E-09  8.75126E-07  9.39813E-08  6.39706E-11  6.87025E-12  1.81964E-09  4.53599E-08
  9.500E-03  6.87293E-09  8.73908E-07  9.39696E-08  6.56081E-11  7.05506E-12  1.98207E-09  3.96788E-08
  9.750E-03  7.23942E-09  8.72664E-07  9.39577E-08  6.72388E-11  7.23980E-12  2.12742E-09  3.41577E-08
  1.000E-02  7.61544E-09  8.71392E-07  9.39455E-08  6.88623E-11  7.42447E-12  2.25520E-09  2.88094E-08
  1.250E-02  1.18991E-08  8.57285E-07  9.38066E-08  8.46844E-11  9.26686E-12  2.53321E-09  1.29296E-08
  1.500E-02  1.71347E-08  8.40938E-07  9.36378E-08  9.96836E-11  1.11002E-11  1.25751E-09  3.00199E-08
  1.750E-02  2.33223E-08  8.22777E-07  9.34399E-08  1.13786E-10  1.29229E-11  6.29462E-10  2.52274E-08
  2.000E-02  3.04617E-08  8.03224E-07  9.32133E-08  1.26951E-10  1.47332E-11  1.95238E-09  8.47891E-09
  2.250E-02  3.85531E-08  7.82676E-07  9.29589E-08  1.39166E-10  1.65296E-11  1.96333E-09  8.24109E-09
  2.500E-02  4.75965E-08  7.61491E-07  9.26776E-08  1.50444E-10  1.83107E-11  7.41123E-10  1.62249E-08
  2.750E-02  5.75917E-08  7.39980E-07  9.23701E-08  1.60813E-10  2.00749E-11  8.96028E-10  1.32080E-08
  3.000E-02  6.85389E-08  7.18400E-07  9.20375E-08  1.70317E-10  2.18211E-11  1.90916E-09  3.12976E-09
  3.250E-02  8.04380E-08  6.96960E-07  9.16807E-08  1.79003E-10  2.35478E-11  1.67768E-09  7.02479E-09
  3.500E-02  9.32891E-08  6.75820E-07  9.13006E-08  1.86925E-10  2.52541E-11  3.73480E-10  1.14221E-08
  3.750E-02  1.07092E-07  6.55097E-07  9.08985E-08  1.94136E-10  2.69388E-11  1.15754E-09  8.36898E-09
  4.000E-02  1.21847E-07  6.34877E-07  9.04751E-08  2.00687E-10  2.86009E-11  1.93306E-09  6.73810E-10
  4.250E-02  1.37554E-07  6.15213E-07  9.00317E-08  2.06626E-10  3.02395E-11  1.45667E-09  6.51829E-09
  4.500E-02  1.54213E-07  5.96139E-07  8.95693E-08  2.11997E-10  3.18539E-11  3.40248E-11  8.95694E-09
  4.750E-02  1.71823E-07  5.77669E-07  8.90888E-08  2.16841E-10  3.34432E-11  1.41959E-09  5.66515E-09
  5.000E-02  1.90386E-07  5.59805E-07  8.85914E-08  2.21196E-10  3.50068E-11  1.96256E-09  8.10442E-10
  5.250E-02  2.09900E-07  5.42541E-07  8.80779E-08  2.25093E-10  3.65441E-11  1.23294E-09  6.23573E-09
  5.500E-02  2.30367E-07  5.25866E-07  8.75495E-08  2.28564E-10  3.80546E-11  3.10984E-10  7.36808E-09
  5.750E-02  2.51785E-07  5.09762E-07  8.70071E-08  2.31635E-10  3.95379E-11  1.67593E-09  3.83382E-09
  6.000E-02  2.74156E-07  4.94210E-07  8.64516E-08  2.34333E-10  4.09936E-11  1.96911E-09  1.85440E-09
  6.250E-02  2.97478E-07  4.79191E-07  8.58840E-08  2.36679E-10  4.24213E-11  9.79730E-10  6.02587E-09
  6.500E-02  3.21752E-07  4.64685E-07  8.53052E-08  2.38695E-10  4.38208E-11  6.71071E-10  6.17453E-09
  6.750E-02  3.46978E-07  4.50672E-07  8.47160E-08  2.40400E-10  4.51919E-11  1.91786E-09  2.43310E-09
  7.000E-02  3.73156E-07  4.37133E-07  8.41173E-08  2.41814E-10  4.65345E-11  1.93589E-09  2.65290E-09
  7.250E-02  4.00286E-07  4.24048E-07  8.35099E-08  2.42954E-10  4.78484E-11  6.84749E-10  5.82594E-09
  7.500E-02  4.28368E-07  4.11401E-07  8.28945E-08  2.43836E-10  4.91337E-11  1.04666E-09  5.17626E-09
  7.750E-02  4.57402E-07  3.99176E-07  8.22720E-08  2.44476E-10  5.03902E-11  2.13538E-09  1.27383E-09
  8.000E-02  4.87388E-07  3.87355E-07  8.16431E-08  2.44890E-10  5.16181E-11  1.85052E-09  3.28970E-09
  8.250E-02  5.18325E-07  3.75925E-07  8.10085E-08  2.45090E-10  5.28174E-11  3.42124E-10  5.60297E-09
  8.500E-02  5.50215E-07  3.64870E-07  8.03688E-08  2.45092E-10  5.39883E-11  1.43323E-09  4.27586E-09
  8.750E-02  5.83057E-07  3.54179E-07  7.97247E-08  2.44908E-10  5.51308E-11  2.31698E-09  2.64744E-10
  9.000E-02  6.16850E-07  3.43837E-07  7.90769E-08  2.44550E-10  5.62452E-11  1.70270E-09  3.80269E-09
  9.250E-02  6.51596E-07  3.33834E-07  7.84259E-08  2.44031E-10  5.73317E-11  4.98968E-11  5.33600E-09
  9.500E-02  6.87293E-07  3.24157E-07  7.77723E-08  2.43361E-10  5.83905E-11  1.82247E-09  3.42132E-09
  9.750E-02  7.23942E-07  3.14796E-07  7.71166E-08  2.42553E-10  5.94219E-11  2.44976E-09  6.39941E-10
  1.000E-01  7.61543E-07  3.05740E-07  7.64595E-08  2.41615E-10  6.04262E-11  1.48382E-09  4.20771E-09
  1.250E-01  1.18991E-06  2.29917E-07  6.99025E-08  2.27120E-10  6.90557E-11  2.87468E-09  9.18914E-10
  1.500E-01  1.71347E-06  1.75486E-07  6.36097E-08  2.08022E-10  7.54073E-11  7.82878E-10  4.61415E-09
  1.750E-01  2.33223E-06  1.36360E-07  5.77922E-08  1.88583E-10  7.99300E-11  3.17759E-09  2.94723E-09
  2.000E-01  3.04617E-06  1.08067E-07  5.25397E-08  1.70807E-10  8.30468E-11  4.11795E-09  2.17364E-09
  2.250E-01  3.85531E-06  8.73707E-08  4.78635E-08  1.55357E-10  8.51128E-11  2.48534E-10  4.83854E-09
  2.500E-01  4.75964E-06  7.19708E-08  4.37302E-08  1.42194E-10  8.64037E-11  5.48787E-09  1.86189E-09
  2.750E-01  5.75916E-06  6.02666E-08  4.00849E-08  1.30977E-10  8.71220E-11  4.78187E-09  3.35910E-09
  3.000E-01  6.85388E-06  5.11597E-08  3.68659E-08  1.21293E-10  8.74105E-11  2.29478E-09  4.71764E-09
  3.250E-01  8.04378E-06  4.39043E-08  3.40132E-08  1.12766E-10  8.73680E-11  7.82445E-09  5.62150E-10
  3.500E-01  9.32888E-06  3.79962E-08  3.14730E-08  1.05099E-10  8.70625E-11  4.38175E-09  4.31034E-09
  3.750E-01  1.07092E-05  3.30940E-08  2.91991E-08  9.80781E-11  8.65424E-11  5.20722E-09  4.20096E-09
  4.000E-01  1.21846E-05  2.89639E-08  2.71529E-08  9.15608E-11  8.58435E-11  9.77820E-09  8.40684E-10
  4.250E-01  1.37553E-05  2.54430E-08  2.53028E-08  8.54578E-11  8.49948E-11  2.76067E-09  4.99073E-09
  4.500E-01  1.54212E-05  2.24151E-08  2.36230E-08  7.97166E-11  8.40206E-11  8.76397E-09  3.35931E-09
  4.750E-01  1.71822E-05  1.97945E-08  2.20923E-08  7.43076E-11  8.29426E-11  1.09868E-08  2.26564E-09
  5.000E-01  1.90385E-05  1.75158E-08  2.06935E-08  6.92146E-11  8.17806E-11  1.88203E-10  5.36203E-09
  5.250E-01  2.09899E-05  1.55280E-08  1.94121E-08  6.44276E-11  8.05528E-11  1.26329E-08  2.21671E-09
  5.500E-01  2.30365E-05  1.37893E-08  1.82358E-08  5.99384E-11  7.92756E-11  1.10059E-08  3.63052E-09
  5.750E-01  2.51783E-05  1.22656E-08  1.71541E-08  5.57387E-11  7.79636E-11  4.46808E-09  5.35598E-09
  6.000E-01  2.74153E-05  1.09279E-08  1.61580E-08  5.18187E-11  7.66299E-11  1.62975E-08  8.07260E-10
  6.250E-01  2.97475E-05  9.75141E-09  1.52394E-08  4.81668E-11  7.52854E-11  9.39850E-09  4.82198E-09
  6.500E-01  3.21749E-05  8.71508E-09  1.43912E-08  4.47698E-11  7.39397E-11  9.86105E-09  4.91574E-09
  6.750E-01  3.46974E-05  7.80058E-09  1.36070E-08  4.16132E-11  7.26004E-11  1.91033E-08  7.88714E-10
  7.000E-01  3.73152E-05  6.99210E-09  1.28812E-08  3.86817E-11  7.12739E-11  5.87803E-09  5.71429E-09
  7.250E-01  4.00281E-05  6.27598E-09  1.22085E-08  3.59599E-11  6.99651E-11  1.58946E-08  4.02854E-09
  7.500E-01  4.28362E-05  5.64035E-09  1.15844E-08  3.34322E-11  6.86779E-11  2.03727E-08  2.44839E-09
  7.750E-01  4.57395E-05  5.07494E-09  1.10044E-08  3.10835E-11  6.74150E-11  4.06714E-10  6.19768E-09
  8.000E-01  4.87380E-05  4.57090E-09  1.04649E-08  2.88992E-11  6.61785E-11  2.18875E-08  2.73503E-09
  8.250E-01  5.18317E-05  4.12053E-09  9.96232E-09  2.68658E-11  6.49696E-11  1.95251E-08  4.02674E-09
  8.500E-01  5.50205E-05  3.71719E-09  9.49353E-09  2.49702E-11  6.37891E-11  6.76732E-09  6.19806E-09
  8.750E-01  5.83045E-05  3.35513E-09  9.05569E-09  2.32008E-11  6.26374E-11  2.70361E-08  1.12330E-09
  9.000E-01  6.16838E-05  3.02938E-09  8.64620E-09  2.15465E-11  6.15143E-11  1.61726E-08  5.37756E-09
  9.250E-01  6.51582E-05  2.73562E-09  8.26274E-09  1.99974E-11  6.04196E-11  1.51208E-08  5.68592E-09
  9.500E-01  6.87277E-05  2.47015E-09  7.90317E-09  1.85446E-11  5.93528E-11  3.05122E-08  6.83176E-10
  9.750E-01  7.23925E-05  2.22970E-09  7.56559E-09  1.71797E-11  5.83132E-11  1.01857E-08  6.37012E-09
  1.000E+00  7.61524E-05  2.01148E-09  7.24824E-09  1.58954E-11  5.73002E-11  3.64815E-12  3.49332E-12
  1.100E+00  9.21439E-05  1.31633E-09  6.15178E-09  1.14411E-11  5.34975E-11  1.22617E-12  5.07357E-12
  1.200E+00  1.09658E-04  8.28241E-10  5.27597E-09  7.85165E-12  5.00542E-11  2.04000E-12  2.68134E-12
  1.300E+00  1.28695E-04  4.78273E-10  4.56524E-09  4.90978E-12  4.69224E-11  1.15191E-12  2.26274E-12
  1.400E+00  1.49255E-04  2.23682E-10  3.98061E-09  2.47002E-12  4.40624E-11  1.15166E-12  1.94014E-12
  1.500E+00  1.71338E-04  3.68277E-11  3.49415E-09  4.30848E-13  4.14420E-11  1.00196E-12  9.71735E-13
  1.600E+00  1.94942E-04 -1.00865E-10  3.08540E-09 -1.28201E-12  3.90352E-11  6.25828E-13  1.37358E-12
  1.700E+00  2.20070E-04 -2.02292E-10  2.73903E-09 -2.72528E-12  3.68204E-11  8.39146E-13  3.45535E-13
  1.800E+00  2.46720E-04 -2.76648E-10  2.44334E-09 -3.94374E-12  3.47789E-11  3.01291E-13  9.57702E-13
  1.900E+00  2.74892E-04 -3.30621E-10  2.18923E-09 -4.97362E-12  3.28944E-11  6.84636E-13  3.77551E-14
  2.000E+00  3.04586E-04 -3.69149E-10  1.96955E-09 -5.84469E-12  3.11524E-11  9.73390E-14  6.55494E-13
  2.100E+00  3.35803E-04 -3.95925E-10  1.77859E-09 -6.58160E-12  2.95399E-11  5.45501E-13  1.07537E-13
  2.200E+00  3.68542E-04 -4.13733E-10  1.61176E-09 -7.20489E-12  2.80450E-11  3.00582E-14  4.37040E-13
  2.300E+00  4.02802E-04 -4.24689E-10  1.46532E-09 -7.73176E-12  2.66569E-11  4.23628E-13  1.67345E-13
  2.400E+00  4.38585E-04 -4.30408E-10  1.33621E-09 -8.17658E-12  2.53661E-11  1.07051E-13  2.79710E-13
  2.500E+00  4.75889E-04 -4.32130E-10  1.22191E-09 -8.55145E-12  2.41639E-11  3.18837E-13  1.81033E-13
  2.600E+00  5.14715E-04 -4.30810E-10  1.12032E-09 -8.86653E-12  2.30422E-11  1.49598E-13  1.67693E-13
  2.700E+00  5.55063E-04 -4.27188E-10  1.02971E-09 -9.13039E-12  2.19940E-11  2.30265E-13  1.70591E-13
  2.800E+00  5.96931E-04 -4.21838E-10  9.48602E-10 -9.35024E-12  2.10129E-11  1.68593E-13  8.92852E-14
  2.900E+00  6.40321E-04 -4.15203E-10  8.75766E-10 -9.53220E-12  2.00932E-11  1.56327E-13  1.48683E-13
  3.000E+00  6.85233E-04 -4.07633E-10  8.10156E-10 -9.68146E-12  1.92297E-11  1.71455E-13  3.59870E-14
  3.100E+00  7.31665E-04 -3.99397E-10  7.50883E-10 -9.80243E-12  1.84177E-11  9.63710E-14  1.22331E-13
  3.200E+00  7.79618E-04 -3.90706E-10  6.97187E-10 -9.89887E-12  1.76531E-11  1.63355E-13  7.94527E-16
  3.300E+00  8.29092E-04 -3.81724E-10  6.48418E-10 -9.97398E-12  1.69321E-11  4.83410E-14  9.53555E-14
  3.400E+00  8.80086E-04 -3.72581E-10  6.04012E-10 -1.00305E-11  1.62512E-11  1.48243E-13  2.08494E-14
  3.500E+00  9.32601E-04 -3.63376E-10  5.63486E-10 -1.00709E-11  1.56075E-11  1.11691E-14  7.05314E-14
  3.600E+00  9.86636E-04 -3.54185E-10  5.26419E-10 -1.00971E-11  1.49981E-11  1.28929E-13  3.23570E-14
  3.700E+00  1.04219E-03 -3.45068E-10  4.92443E-10 -1.01110E-11  1.44205E-11  1.67284E-14  4.86702E-14
  3.800E+00  1.09927E-03 -3.36071E-10  4.61239E-10 -1.01140E-11  1.38724E-11  1.07855E-13  3.73644E-14
  3.900E+00  1.15786E-03 -3.27227E-10  4.32526E-10 -1.01075E-11  1.33518E-11  3.63129E-14  3.04477E-14
  4.000E+00  1.21797E-03 -3.18562E-10  4.06058E-10 -1.00927E-11  1.28568E-11  8.58044E-14  3.71742E-14
  4.100E+00  1.27961E-03 -3.10094E-10  3.81617E-10 -1.00705E-11  1.23856E-11  4.90600E-14  1.60925E-14
  4.200E+00  1.34276E-03 -3.01835E-10  3.59011E-10 -1.00419E-11  1.19366E-11  6.46800E-14  3.37397E-14
  4.300E+00  1.40743E-03 -2.93796E-10  3.38069E-10 -1.00077E-11  1.15085E-11  5.59679E-14  4.95386E-15
  4.400E+00  1.47362E-03 -2.85979E-10  3.18641E-10 -9.96855E-12  1.10999E-11  4.51959E-14  2.87744E-14
  4.500E+00  1.54133E-03 -2.78389E-10  3.00590E-10 -9.92504E-12  1.07097E-11  5.82836E-14  2.85133E-15
  4.600E+00  1.61056E-03 -2.71024E-10  2.83797E-10 -9.87774E-12  1.03365E-11  2.75216E-14  2.30210E-14
  4.700E+00  1.68131E-03 -2.63883E-10  2.68153E-10 -9.82712E-12  9.97959E-12  5.72936E-14  8.26191E-15
  4.800E+00  1.75357E-03 -2.56964E-10  2.53562E-10 -9.77361E-12  9.63783E-12  1.26180E-14  1.68003E-14
  4.900E+00  1.82735E-03 -2.50263E-10  2.39937E-10 -9.71758E-12  9.31040E-12  5.34780E-14  1.07827E-14
  5.000E+00  1.90265E-03 -2.43774E-10  2.27199E-10 -9.65936E-12  8.99649E-12  4.64455E-16  1.11133E-14
  5.100E+00  1.97947E-03 -2.37493E-10  2.15276E-10 -9.59926E-12  8.69533E-12  4.71748E-14  1.15316E-14
  5.200E+00  2.05780E-03 -2.31415E-10  2.04106E-10 -9.53755E-12  8.40624E-12  9.86248E-15  6.60278E-15
  5.300E+00  2.13765E-03 -2.25533E-10  1.93630E-10 -9.47446E-12  8.12855E-12  4.01148E-14  1.15676E-14
  5.400E+00  2.21902E-03 -2.19843E-10  1.83795E-10 -9.41020E-12  7.86167E-12  1.67770E-14  2.40153E-15
  5.500E+00  2.30190E-03 -2.14336E-10  1.74554E-10 -9.34497E-12  7.60504E-12  3.24194E-14  1.01991E-14
  5.600E+00  2.38630E-03 -2.09009E-10  1.65862E-10 -9.27895E-12  7.35812E-12  2.16643E-14  8.10770E-16
  5.700E+00  2.47222E-03 -2.03854E-10  1.57680E-10 -9.21227E-12  7.12043E-12  2.45437E-14  8.50409E-15
  5.800E+00  2.55965E-03 -1.98866E-10  1.49971E-10 -9.14508E-12  6.89150E-12  2.42052E-14  2.83011E-15
  5.900E+00  2.64859E-03 -1.94039E-10  1.42702E-10 -9.07751E-12  6.67091E-12  1.69115E-14  6.10370E-15
  6.000E+00  2.73905E-03 -1.89367E-10  1.35843E-10 -9.00966E-12  6.45825E-12  2.57961E-14  4.40129E-15
  6.100E+00  2.83103E-03 -1.84844E-10  1.29366E-10 -8.94163E-12  6.25314E-12  9.91521E-15  3.91475E-15
  6.200E+00  2.92452E-03 -1.80466E-10  1.23244E-10 -8.87352E-12  6.05523E-12  2.48807E-14  5.10403E-15
  6.300E+00  3.01952E-03 -1.76227E-10  1.17454E-10 -8.80540E-12  5.86418E-12  3.91724E-15  1.91222E-15
  6.400E+00  3.11604E-03 -1.72121E-10  1.11975E-10 -8.73734E-12  5.67968E-12  2.31839E-14  5.09212E-15
  6.500E+00  3.21407E-03 -1.68145E-10  1.06787E-10 -8.66941E-12  5.50143E-12  1.63376E-15  7.47478E-16
  6.600E+00  3.31362E-03 -1.64292E-10  1.01869E-10 -8.60166E-12  5.32916E-12  2.07214E-14  4.49204E-15
  6.700E+00  3.41468E-03 -1.60560E-10  9.72070E-11 -8.53415E-12  5.16259E-12  5.88834E-15  1.26468E-15
  6.800E+00  3.51725E-03 -1.56942E-10  9.27833E-11 -8.46692E-12  5.00149E-12  1.76375E-14  3.27192E-15
  6.900E+00  3.62133E-03 -1.53435E-10  8.85837E-11 -8.40002E-12  4.84561E-12  8.56077E-15  2.11717E-15
  7.000E+00  3.72692E-03 -1.50035E-10  8.45945E-11 -8.33348E-12  4.69473E-12  1.39346E-14  2.69826E-15
  7.100E+00  3.83403E-03 -1.46737E-10  8.08031E-11 -8.26732E-12  4.54865E-12  1.09217E-14  2.49634E-15
  7.200E+00  3.94265E-03 -1.43539E-10  7.71978E-11 -8.20159E-12  4.40716E-12  1.06154E-14  1.21300E-15
  7.300E+00  4.05278E-03 -1.40436E-10  7.37676E-11 -8.13631E-12  4.27007E-12  1.19346E-14  2.83025E-15
  7.400E+00  4.16442E-03 -1.37425E-10  7.05023E-11 -8.07149E-12  4.13721E-12  7.11181E-15  3.44077E-16
  7.500E+00  4.27757E-03 -1.34503E-10  6.73926E-11 -8.00716E-12  4.00841E-12  1.25177E-14  2.78970E-15
  7.600E+00  4.39223E-03 -1.31666E-10  6.44296E-11 -7.94333E-12  3.88350E-12  4.16075E-15  5.43032E-16
  7.700E+00  4.50840E-03 -1.28911E-10  6.16050E-11 -7.88003E-12  3.76234E-12  1.15761E-14  2.74929E-15
  7.800E+00  4.62608E-03 -1.26236E-10  5.89112E-11 -7.81726E-12  3.64477E-12  1.12763E-15  1.13287E-15
  7.900E+00  4.74527E-03 -1.23637E-10  5.63410E-11 -7.75503E-12  3.53066E-12  1.06218E-14  2.40814E-15
  8.000E+00  4.86597E-03 -1.21112E-10  5.38876E-11 -7.69336E-12  3.41988E-12  1.60659E-15  1.56465E-15
  8.100E+00  4.98817E-03 -1.18658E-10  5.15449E-11 -7.63224E-12  3.31229E-12  9.22510E-15  1.14404E-15
  8.200E+00  5.11188E-03 -1.16273E-10  4.93068E-11 -7.57169E-12  3.20779E-12  3.22564E-15  2.04541E-15
  8.300E+00  5.23711E-03 -1.13954E-10  4.71679E-11 -7.51172E-12  3.10626E-12  8.28191E-15  7.25565E-16
  8.400E+00  5.36383E-03 -1.11699E-10  4.51230E-11 -7.45232E-12  3.00758E-12  4.68798E-15  2.12400E-15
  8.500E+00  5.49207E-03 -1.09505E-10  4.31672E-11 -7.39350E-12  2.91166E-12  6.47029E-15  1.72764E-16
  8.600E+00  5.62181E-03 -1.07371E-10  4.12959E-11 -7.33526E-12  2.81840E-12  5.70186E-15  2.02413E-15
  8.700E+00  5.75306E-03 -1.05295E-10  3.95050E-11 -7.27760E-12  2.72770E-12  4.51575E-15  4.94197E-16
  8.800E+00  5.88581E-03 -1.03274E-10  3.77903E-11 -7.22052E-12  2.63947E-12  6.17688E-15  2.25291E-15
  8.900E+00  6.02007E-03 -1.01307E-10  3.61480E-11 -7.16403E-12  2.55362E-12  2.87458E-15  1.25793E-15
  9.000E+00  6.15583E-03 -9.93922E-11  3.45746E-11 -7.10812E-12  2.47008E-12  5.62007E-15  1.38316E-15
  9.100E+00  6.29310E-03 -9.75273E-11  3.30667E-11 -7.05278E-12  2.38876E-12  1.23643E-15  1.80295E-15
  9.200E+00  6.43187E-03 -9.57110E-11  3.16212E-11 -6.99802E-12  2.30959E-12  5.77761E-15  7.34596E-16
  9.300E+00  6.57214E-03 -9.39415E-11  3.02349E-11 -6.94384E-12  2.23250E-12  1.31443E-16  1.86811E-15
  9.400E+00  6.71392E-03 -9.22174E-11  2.89052E-11 -6.89023E-12  2.15741E-12  5.27327E-15  7.02930E-16
  9.500E+00  6.85720E-03 -9.05372E-11  2.76293E-11 -6.83719E-12  2.08426E-12  1.38468E-15  1.65084E-15
  9.600E+00  7.00198E-03 -8.88994E-11  2.64047E-11 -6.78471E-12  2.01299E-12  4.55947E-15  2.69298E-16
  9.700E+00  7.14827E-03 -8.73028E-11  2.52290E-11 -6.73279E-12  1.94353E-12  1.56859E-15  1.84546E-15
  9.800E+00  7.29605E-03 -8.57459E-11  2.41000E-11 -6.68143E-12  1.87583E-12  3.54514E-15  2.58152E-16
  9.900E+00  7.44534E-03 -8.42276E-11  2.30155E-11 -6.63061E-12  1.80983E-12  2.19940E-15  1.76984E-15
  1.000E+01  7.59612E-03 -8.27466E-11  2.19736E-11 -6.58035E-12  1.74547E-12  2.72202E-15  1.11454E-15
  1.025E+01  7.97965E-03 -7.91997E-11  1.95424E-11 -6.45705E-12  1.59146E-12  7.55064E-16  1.76582E-15
  1.050E+01  8.37255E-03 -7.58617E-11  1.73381E-11 -6.33706E-12  1.44665E-12  2.87591E-15  8.96335E-16
  1.075E+01  8.77480E-03 -7.27171E-11  1.53367E-11 -6.22029E-12  1.31038E-12  1.95830E-15  6.40550E-16
  1.100E+01  9.18641E-03 -6.97516E-11  1.35171E-11 -6.10666E-12  1.18201E-12  1.86892E-16  2.03671E-15
  1.125E+01  9.60736E-03 -6.69522E-11  1.18610E-11 -5.99608E-12  1.06098E-12  2.14259E-15  7.77925E-16
  1.150E+01  1.00376E-02 -6.43072E-11  1.03519E-11 -5.88845E-12  9.46763E-13  1.19525E-15  1.11535E-15
  1.175E+01  1.04773E-02 -6.18058E-11  8.97540E-12 -5.78369E-12  8.38899E-13  3.26900E-16  8.89256E-16
  1.200E+01  1.09262E-02 -5.94380E-11  7.71861E-12 -5.68171E-12  7.36951E-13  9.39635E-16  1.70314E-16
  1.225E+01  1.13844E-02 -5.71947E-11  6.57012E-12 -5.58242E-12  6.40523E-13  6.00724E-16  9.79435E-16
  1.250E+01  1.18520E-02 -5.50676E-11  5.51976E-12 -5.48574E-12  5.49250E-13  0.00000E+00  1.25272E-15
  1.275E+01  1.23288E-02 -5.30491E-11  4.55844E-12 -5.39158E-12  4.62799E-13  6.92296E-16  1.50333E-16
  1.300E+01  1.28150E-02 -5.11320E-11  3.67801E-12 -5.29987E-12  3.80861E-13  3.99314E-16  1.01106E-15
  1.325E+01  1.33104E-02 -4.93099E-11  2.87121E-12 -5.21051E-12  3.03154E-13  3.84161E-16  6.94388E-16
  1.350E+01  1.38150E-02 -4.75767E-11  2.13147E-12 -5.12344E-12  2.29414E-13  4.93137E-16  1.33627E-16
  1.375E+01  1.43290E-02 -4.59269E-11  1.45291E-12 -5.03858E-12  1.59401E-13  3.56327E-16  3.85995E-16
  1.400E+01  1.48521E-02 -4.43555E-11  8.30240E-13 -4.95585E-12  9.28889E-14  3.43527E-16  6.19846E-16
  1.425E+01  1.53845E-02 -4.28576E-11  2.58661E-13 -4.87520E-12  2.96713E-14  0.00000E+00  0.00000E+00
  1.450E+01  1.59262E-02 -4.14288E-11 -2.66139E-13 -4.79654E-12 -3.04447E-14  0.00000E+00  5.76529E-16
  1.475E+01  1.64770E-02 -4.00651E-11 -7.48081E-13 -4.71981E-12 -8.76381E-14  4.12004E-16  4.45221E-16
  1.500E+01  1.70371E-02 -3.87627E-11 -1.19071E-12 -4.64495E-12 -1.42075E-13  1.99096E-16  0.00000E+00
  1.525E+01  1.76063E-02 -3.75180E-11 -1.59724E-12 -4.57191E-12 -1.93910E-13  1.92531E-16  8.31157E-16
  1.550E+01  1.81848E-02 -3.63279E-11 -1.97060E-12 -4.50061E-12 -2.43289E-13  5.58855E-16  4.01836E-16
  1.575E+01  1.87724E-02 -3.51891E-11 -2.31344E-12 -4.43101E-12 -2.90344E-13  0.00000E+00  5.83130E-16
  1.600E+01  1.93692E-02 -3.40990E-11 -2.62821E-12 -4.36305E-12 -3.35202E-13  1.74672E-16  3.76288E-16
  1.625E+01  1.99751E-02 -3.30548E-11 -2.91709E-12 -4.29668E-12 -3.77981E-13  3.38536E-16  3.64402E-16
  1.650E+01  2.05901E-02 -3.20541E-11 -3.18211E-12 -4.23184E-12 -4.18789E-13  3.28224E-16  1.76530E-16
  1.675E+01  2.12143E-02 -3.10946E-11 -3.42512E-12 -4.16850E-12 -4.57730E-13  1.59188E-16  3.42231E-16
  1.700E+01  2.18476E-02 -3.01740E-11 -3.64780E-12 -4.10659E-12 -4.94900E-13  1.54483E-16  4.97826E-16
  1.725E+01  2.24900E-02 -2.92904E-11 -3.85170E-12 -4.04608E-12 -5.30390E-13  2.99967E-16  3.21990E-16
  1.750E+01  2.31415E-02 -2.84418E-11 -4.03823E-12 -3.98693E-12 -5.64283E-13  1.45679E-16  4.68786E-16
  1.775E+01  2.38021E-02 -2.76266E-11 -4.20870E-12 -3.92909E-12 -5.96660E-13  1.41557E-16  0.00000E+00
  1.800E+01  2.44717E-02 -2.68430E-11 -4.36429E-12 -3.87252E-12 -6.27595E-13  4.12826E-16  1.47391E-16
  1.825E+01  2.51504E-02 -2.60894E-11 -4.50612E-12 -3.81719E-12 -6.57159E-13  1.33824E-16  4.29692E-16
  1.850E+01  2.58382E-02 -2.53644E-11 -4.63518E-12 -3.76305E-12 -6.85418E-13  3.90581E-16  2.78482E-16
  1.875E+01  2.65349E-02 -2.46666E-11 -4.75242E-12 -3.71007E-12 -7.12433E-13  3.80130E-16  2.70825E-16
  1.900E+01  2.72407E-02 -2.39947E-11 -4.85868E-12 -3.65822E-12 -7.38265E-13  1.23365E-16  0.00000E+00
  1.925E+01  2.79555E-02 -2.33475E-11 -4.95477E-12 -3.60746E-12 -7.62968E-13  3.60457E-16  1.28206E-16
  1.950E+01  2.86793E-02 -2.27237E-11 -5.04141E-12 -3.55777E-12 -7.86595E-13  2.34128E-16  0.00000E+00
  1.975E+01  2.94120E-02 -2.21224E-11 -5.11928E-12 -3.50910E-12 -8.09196E-13  0.00000E+00  0.00000E+00
  2.000E+01  3.01537E-02 -2.15425E-11 -5.18900E-12 -3.46144E-12 -8.30816E-13  3.33710E-16  3.55234E-16
  2.025E+01  3.09043E-02 -2.09829E-11 -5.25116E-12 -3.41474E-12 -8.51500E-13  3.25459E-16  0.00000E+00
  2.050E+01  3.16639E-02 -2.04429E-11 -5.30628E-12 -3.36899E-12 -8.71290E-13  2.11676E-16  2.24962E-16
  2.075E+01  3.24324E-02 -1.99215E-11 -5.35486E-12 -3.32416E-12 -8.90226E-13  4.13145E-16  0.00000E+00
  2.100E+01  3.32098E-02 -1.94179E-11 -5.39736E-12 -3.28022E-12 -9.08345E-13  0.00000E+00  2.13954E-16
  2.125E+01  3.39961E-02 -1.89314E-11 -5.43421E-12 -3.23715E-12 -9.25682E-13  1.96910E-16  4.17491E-16
  2.150E+01  3.47912E-02 -1.84611E-11 -5.46580E-12 -3.19493E-12 -9.42272E-13  1.92335E-16  4.07442E-16
  2.175E+01  3.55952E-02 -1.80065E-11 -5.49249E-12 -3.15352E-12 -9.58145E-13  0.00000E+00  3.97745E-16
  2.200E+01  3.64081E-02 -1.75668E-11 -5.51464E-12 -3.11291E-12 -9.73333E-13  1.83656E-16  1.94191E-16
  2.225E+01  3.72297E-02 -1.71414E-11 -5.53255E-12 -3.07308E-12 -9.87865E-13  1.79538E-16  0.00000E+00
  2.250E+01  3.80602E-02 -1.67297E-11 -5.54653E-12 -3.03400E-12 -1.00177E-12  0.00000E+00  3.70607E-16
  2.275E+01  3.88995E-02 -1.63312E-11 -5.55685E-12 -2.99566E-12 -1.01507E-12  1.71714E-16  3.62164E-16
  2.300E+01  3.97476E-02 -1.59453E-11 -5.56375E-12 -2.95803E-12 -1.02779E-12  1.67996E-16  1.77001E-16
  2.325E+01  4.06044E-02 -1.55716E-11 -5.56750E-12 -2.92111E-12 -1.03995E-12  1.64399E-16  1.73053E-16
  2.350E+01  4.14700E-02 -1.52094E-11 -5.56829E-12 -2.88486E-12 -1.05159E-12  1.60919E-16  1.69234E-16
  2.375E+01  4.23443E-02 -1.48584E-11 -5.56635E-12 -2.84928E-12 -1.06271E-12  0.00000E+00  1.65538E-16
  2.400E+01  4.32273E-02 -1.45182E-11 -5.56186E-12 -2.81434E-12 -1.07334E-12  0.00000E+00  3.23917E-16
  2.425E+01  4.41190E-02 -1.41882E-11 -5.55501E-12 -2.78003E-12 -1.08350E-12  1.51131E-16  0.00000E+00
  2.450E+01  4.50194E-02 -1.38682E-11 -5.54595E-12 -2.74633E-12 -1.09321E-12  0.00000E+00  1.55134E-16
  2.475E+01  4.59284E-02 -1.35577E-11 -5.53486E-12 -2.71323E-12 -1.10248E-12  0.00000E+00  1.51880E-16
  2.500E+01  4.68461E-02 -1.32564E-11 -5.52187E-12 -2.68071E-12 -1.11134E-12  0.00000E+00  0.00000E+00
  2.550E+01  4.87074E-02 -1.26799E-11 -5.49074E-12 -2.61737E-12 -1.12786E-12  0.00000E+00  2.85395E-16
  2.600E+01  5.06030E-02 -1.21362E-11 -5.45356E-12 -2.55619E-12 -1.14289E-12  0.00000E+00  2.74047E-16
  2.650E+01  5.25328E-02 -1.16229E-11 -5.41120E-12 -2.49707E-12 -1.15654E-12  0.00000E+00  1.31675E-16
  2.700E+01  5.44967E-02 -1.11379E-11 -5.36442E-12 -2.43992E-12 -1.16892E-12  0.00000E+00  1.26629E-16
  2.750E+01  5.64946E-02 -1.06791E-11 -5.31389E-12 -2.38465E-12 -1.18010E-12  0.00000E+00  1.21863E-16
  2.800E+01  5.85262E-02 -1.02449E-11 -5.26019E-12 -2.33116E-12 -1.19019E-12  0.00000E+00  1.17357E-16
  2.850E+01  6.05914E-02 -9.83355E-12 -5.20383E-12 -2.27938E-12 -1.19926E-12  1.09738E-16  2.26184E-16
  2.900E+01  6.26901E-02 -9.44354E-12 -5.14525E-12 -2.22923E-12 -1.20737E-12  1.06053E-16  1.09052E-16
  2.950E+01  6.48222E-02 -9.07349E-12 -5.08486E-12 -2.18065E-12 -1.21459E-12  0.00000E+00  0.00000E+00
  3.000E+01  6.69873E-02 -8.72211E-12 -5.02300E-12 -2.13356E-12 -1.22099E-12  9.92429E-17  0.00000E+00
  3.050E+01  6.91854E-02 -8.38823E-12 -4.95998E-12 -2.08790E-12 -1.22663E-12  9.60933E-17  0.00000E+00
  3.100E+01  7.14163E-02 -8.07074E-12 -4.89607E-12 -2.04360E-12 -1.23154E-12  0.00000E+00  1.89703E-16
  3.150E+01  7.36799E-02 -7.76864E-12 -4.83150E-12 -2.00063E-12 -1.23578E-12  0.00000E+00  1.83459E-16
  3.200E+01  7.59760E-02 -7.48099E-12 -4.76647E-12 -1.95891E-12 -1.23940E-12  0.00000E+00  0.00000E+00
  3.250E+01  7.83043E-02 -7.20693E-12 -4.70116E-12 -1.91839E-12 -1.24244E-12  0.00000E+00  1.71850E-16
  3.300E+01  8.06647E-02 -6.94564E-12 -4.63574E-12 -1.87904E-12 -1.24492E-12  0.00000E+00  1.66450E-16
  3.350E+01  8.30571E-02 -6.69640E-12 -4.57035E-12 -1.84080E-12 -1.24690E-12  0.00000E+00  0.00000E+00
  3.400E+01  8.54812E-02 -6.45849E-12 -4.50510E-12 -1.80363E-12 -1.24840E-12  0.00000E+00  0.00000E+00
  3.450E+01  8.79369E-02 -6.23129E-12 -4.44011E-12 -1.76750E-12 -1.24945E-12  0.00000E+00  3.03358E-16
  3.500E+01  9.04240E-02 -6.01419E-12 -4.37546E-12 -1.73235E-12 -1.25008E-12  0.00000E+00  0.00000E+00
  3.550E+01  9.29422E-02 -5.80662E-12 -4.31123E-12 -1.69815E-12 -1.25032E-12  0.00000E+00  0.00000E+00
  3.600E+01  9.54915E-02 -5.60805E-12 -4.24749E-12 -1.66487E-12 -1.25019E-12  0.00000E+00  0.00000E+00
  3.650E+01  9.80716E-02 -5.41802E-12 -4.18430E-12 -1.63247E-12 -1.24972E-12  0.00000E+00  0.00000E+00
  3.700E+01  1.00682E-01 -5.23606E-12 -4.12172E-12 -1.60092E-12 -1.24892E-12  0.00000E+00  0.00000E+00
  3.750E+01  1.03323E-01 -5.06174E-12 -4.05979E-12 -1.57019E-12 -1.24782E-12  0.00000E+00  0.00000E+00
  3.800E+01  1.05995E-01 -4.89467E-12 -3.99855E-12 -1.54025E-12 -1.24643E-12  0.00000E+00  1.23966E-16
  3.850E+01  1.08696E-01 -4.73446E-12 -3.93802E-12 -1.51108E-12 -1.24478E-12  0.00000E+00  0.00000E+00
  3.900E+01  1.11427E-01 -4.58078E-12 -3.87823E-12 -1.48264E-12 -1.24287E-12  0.00000E+00  0.00000E+00
  3.950E+01  1.14188E-01 -4.43328E-12 -3.81920E-12 -1.45491E-12 -1.24073E-12  0.00000E+00  0.00000E+00
  4.000E+01  1.16978E-01 -4.29166E-12 -3.76095E-12 -1.42787E-12 -1.23837E-12  0.00000E+00  0.00000E+00
  4.050E+01  1.19797E-01 -4.15563E-12 -3.70350E-12 -1.40149E-12 -1.23580E-12  0.00000E+00  0.00000E+00
  4.100E+01  1.22645E-01 -4.02492E-12 -3.64685E-12 -1.37576E-12 -1.23304E-12  0.00000E+00  0.00000E+00
  4.150E+01  1.25522E-01 -3.89927E-12 -3.59102E-12 -1.35064E-12 -1.23009E-12  0.00000E+00  0.00000E+00
  4.200E+01  1.28428E-01 -3.77844E-12 -3.53600E-12 -1.32612E-12 -1.22698E-12  0.00000E+00  0.00000E+00
  4.250E+01  1.31361E-01 -3.66219E-12 -3.48180E-12 -1.30218E-12 -1.22370E-12  0.00000E+00  0.00000E+00
  4.300E+01  1.34323E-01 -3.55032E-12 -3.42842E-12 -1.27881E-12 -1.22026E-12  0.00000E+00  0.00000E+00
  4.350E+01  1.37313E-01 -3.44261E-12 -3.37585E-12 -1.25597E-12 -1.21669E-12  0.00000E+00  0.00000E+00
  4.400E+01  1.40330E-01 -3.33889E-12 -3.32410E-12 -1.23366E-12 -1.21298E-12  0.00000E+00  0.00000E+00
  4.450E+01  1.43375E-01 -3.23896E-12 -3.27317E-12 -1.21187E-12 -1.20915E-12  0.00000E+00  0.00000E+00
  4.500E+01  1.46447E-01 -3.14267E-12 -3.22304E-12 -1.19056E-12 -1.20520E-12  0.00000E+00  0.00000E+00
  4.550E+01  1.49545E-01 -3.04983E-12 -3.17371E-12 -1.16974E-12 -1.20114E-12  0.00000E+00  0.00000E+00
  4.600E+01  1.52671E-01 -2.96031E-12 -3.12518E-12 -1.14938E-12 -1.19698E-12  0.00000E+00  0.00000E+00
  4.650E+01  1.55823E-01 -2.87396E-12 -3.07743E-12 -1.12947E-12 -1.19272E-12  0.00000E+00  0.00000E+00
  4.700E+01  1.59001E-01 -2.79063E-12 -3.03045E-12 -1.11000E-12 -1.18836E-12  0.00000E+00  0.00000E+00
  4.750E+01  1.62205E-01 -2.71021E-12 -2.98425E-12 -1.09095E-12 -1.18393E-12  0.00000E+00  0.00000E+00
  4.800E+01  1.65435E-01 -2.63256E-12 -2.93880E-12 -1.07232E-12 -1.17941E-12  0.00000E+00  0.00000E+00
  4.850E+01  1.68690E-01 -2.55757E-12 -2.89411E-12 -1.05408E-12 -1.17482E-12  0.00000E+00  0.00000E+00
  4.900E+01  1.71970E-01 -2.48512E-12 -2.85015E-12 -1.03623E-12 -1.17015E-12  0.00000E+00  0.00000E+00
  4.950E+01  1.75276E-01 -2.41512E-12 -2.80692E-12 -1.01876E-12 -1.16543E-12  0.00000E+00  0.00000E+00
  5.000E+01  1.78606E-01 -2.34746E-12 -2.76441E-12 -1.00166E-12 -1.16064E-12  0.00000E+00  0.00000E+00
  5.050E+01  1.81961E-01 -2.28204E-12 -2.72260E-12 -9.84908E-13 -1.15579E-12  0.00000E+00  0.00000E+00
  5.100E+01  1.85340E-01 -2.21878E-12 -2.68149E-12 -9.68506E-13 -1.15090E-12  0.00000E+00  0.00000E+00
  5.150E+01  1.88743E-01 -2.15759E-12 -2.64106E-12 -9.52442E-13 -1.14595E-12  0.00000E+00  0.00000E+00
  5.200E+01  1.92169E-01 -2.09839E-12 -2.60131E-12 -9.36705E-13 -1.14095E-12  0.00000E+00  0.00000E+00
  5.250E+01  1.95619E-01 -2.04109E-12 -2.56222E-12 -9.21287E-13 -1.13592E-12  0.00000E+00  0.00000E+00
  5.300E+01  1.99092E-01 -1.98563E-12 -2.52378E-12 -9.06179E-13 -1.13084E-12  0.00000E+00  0.00000E+00
  5.350E+01  2.02589E-01 -1.93193E-12 -2.48597E-12 -8.91374E-13 -1.12573E-12  0.00000E+00  0.00000E+00
  5.400E+01  2.06107E-01 -1.87993E-12 -2.44880E-12 -8.76862E-13 -1.12058E-12  0.00000E+00  0.00000E+00
  5.450E+01  2.09649E-01 -1.82955E-12 -2.41224E-12 -8.62637E-13 -1.11540E-12  0.00000E+00  0.00000E+00
  5.500E+01  2.13212E-01 -1.78075E-12 -2.37629E-12 -8.48690E-13 -1.11020E-12  0.00000E+00  0.00000E+00
  5.550E+01  2.16797E-01 -1.73346E-12 -2.34094E-12 -8.35016E-13 -1.10496E-12  0.00000E+00  0.00000E+00
  5.600E+01  2.20404E-01 -1.68761E-12 -2.30617E-12 -8.21606E-13 -1.09971E-12  0.00000E+00  0.00000E+00
  5.650E+01  2.24032E-01 -1.64317E-12 -2.27198E-12 -8.08454E-13 -1.09443E-12  0.00000E+00  0.00000E+00
  5.700E+01  2.27680E-01 -1.60008E-12 -2.23834E-12 -7.95554E-13 -1.08913E-12  0.00000E+00  0.00000E+00
  5.750E+01  2.31350E-01 -1.55828E-12 -2.20526E-12 -7.82899E-13 -1.08381E-12  0.00000E+00  0.00000E+00
  5.800E+01  2.35040E-01 -1.51774E-12 -2.17272E-12 -7.70483E-13 -1.07847E-12  0.00000E+00  0.00000E+00
  5.850E+01  2.38751E-01 -1.47841E-12 -2.14072E-12 -7.58300E-13 -1.07312E-12  0.00000E+00  0.00000E+00
  5.900E+01  2.42481E-01 -1.44024E-12 -2.10924E-12 -7.46345E-13 -1.06776E-12  0.00000E+00  0.00000E+00
  5.950E+01  2.46231E-01 -1.40319E-12 -2.07828E-12 -7.34612E-13 -1.06238E-12  0.00000E+00  0.00000E+00
  6.000E+01  2.50000E-01 -1.36723E-12 -2.04781E-12 -7.23095E-13 -1.05700E-12  0.00000E+00  0.00000E+00
  6.050E+01  2.53788E-01 -1.33231E-12 -2.01784E-12 -7.11791E-13 -1.05160E-12  0.00000E+00  0.00000E+00
  6.100E+01  2.57595E-01 -1.29840E-12 -1.98836E-12 -7.00692E-13 -1.04620E-12  0.00000E+00  0.00000E+00
  6.150E+01  2.61421E-01 -1.26546E-12 -1.95935E-12 -6.89796E-13 -1.04079E-12  0.00000E+00  0.00000E+00
  6.200E+01  2.65264E-01 -1.23347E-12 -1.93080E-12 -6.79096E-13 -1.03538E-12  0.00000E+00  0.00000E+00
  6.250E+01  2.69126E-01 -1.20239E-12 -1.90272E-12 -6.68588E-13 -1.02996E-12  0.00000E+00  0.00000E+00
  6.300E+01  2.73005E-01 -1.17218E-12 -1.87509E-12 -6.58269E-13 -1.02453E-12  0.00000E+00  0.00000E+00
  6.350E+01  2.76901E-01 -1.14283E-12 -1.84789E-12 -6.48133E-13 -1.01911E-12  0.00000E+00  0.00000E+00
  6.400E+01  2.80814E-01 -1.11430E-12 -1.82113E-12 -6.38176E-13 -1.01369E-12  0.00000E+00  0.00000E+00
  6.450E+01  2.84744E-01 -1.08656E-12 -1.79479E-12 -6.28395E-13 -1.00826E-12  0.00000E+00  0.00000E+00
  6.500E+01  2.88691E-01 -1.05958E-12 -1.76887E-12 -6.18785E-13 -1.00284E-12  0.00000E+00  0.00000E+00
  6.550E+01  2.92653E-01 -1.03335E-12 -1.74335E-12 -6.09342E-13 -9.97412E-13  0.00000E+00  0.00000E+00
  6.600E+01  2.96632E-01 -1.00785E-12 -1.71824E-12 -6.00064E-13 -9.91990E-13  0.00000E+00  0.00000E+00
  6.650E+01  3.00625E-01 -9.83033E-13 -1.69352E-12 -5.90946E-13 -9.86571E-13  0.00000E+00  0.00000E+00
  6.700E+01  3.04634E-01 -9.58893E-13 -1.66919E-12 -5.81984E-13 -9.81155E-13  0.00000E+00  0.00000E+00
  6.750E+01  3.08658E-01 -9.35404E-13 -1.64524E-12 -5.73176E-13 -9.75744E-13  0.00000E+00  0.00000E+00
  6.800E+01  3.12697E-01 -9.12546E-13 -1.62165E-12 -5.64518E-13 -9.70337E-13  0.00000E+00  0.00000E+00
  6.850E+01  3.16749E-01 -8.90298E-13 -1.59843E-12 -5.56007E-13 -9.64935E-13  0.00000E+00  0.00000E+00
  6.900E+01  3.20816E-01 -8.68644E-13 -1.57557E-12 -5.47639E-13 -9.59539E-13  0.00000E+00  0.00000E+00
  6.950E+01  3.24896E-01 -8.47564E-13 -1.55306E-12 -5.39413E-13 -9.54149E-13  0.00000E+00  0.00000E+00
  7.000E+01  3.28990E-01 -8.27043E-13 -1.53090E-12 -5.31323E-13 -9.48766E-13  0.00000E+00  0.00000E+00
  7.050E+01  3.33097E-01 -8.07060E-13 -1.50907E-12 -5.23369E-13 -9.43391E-13  0.00000E+00  0.00000E+00
  7.100E+01  3.37216E-01 -7.87599E-13 -1.48758E-12 -5.15546E-13 -9.38022E-13  0.00000E+00  0.00000E+00
  7.150E+01  3.41348E-01 -7.68640E-13 -1.46640E-12 -5.07853E-13 -9.32662E-13  0.00000E+00  0.00000E+00
  7.200E+01  3.45492E-01 -7.50173E-13 -1.44555E-12 -5.00287E-13 -9.27310E-13  0.00000E+00  0.00000E+00
  7.250E+01  3.49647E-01 -7.32189E-13 -1.42502E-12 -4.92844E-13 -9.21967E-13  0.00000E+00  0.00000E+00
  7.300E+01  3.53814E-01 -7.14669E-13 -1.40480E-12 -4.85523E-13 -9.16633E-13  0.00000E+00  0.00000E+00
  7.350E+01  3.57992E-01 -6.97594E-13 -1.38487E-12 -4.78321E-13 -9.11308E-13  0.00000E+00  0.00000E+00
  7.400E+01  3.62181E-01 -6.80953E-13 -1.36524E-12 -4.71236E-13 -9.05993E-13  0.00000E+00  0.00000E+00
  7.450E+01  3.66381E-01 -6.64734E-13 -1.34591E-12 -4.64265E-13 -9.00688E-13  0.00000E+00  0.00000E+00
  7.500E+01  3.70590E-01 -6.48926E-13 -1.32686E-12 -4.57406E-13 -8.95393E-13  0.00000E+00  0.00000E+00
  7.550E+01  3.74810E-01 -6.33519E-13 -1.30809E-12 -4.50656E-13 -8.90108E-13  0.00000E+00  0.00000E+00
  7.600E+01  3.79039E-01 -6.18498E-13 -1.28960E-12 -4.44015E-13 -8.84835E-13  0.00000E+00  0.00000E+00
  7.650E+01  3.83277E-01 -6.03854E-13 -1.27139E-12 -4.37479E-13 -8.79572E-13  0.00000E+00  0.00000E+00
  7.700E+01  3.87524E-01 -5.89573E-13 -1.25344E-12 -4.31047E-13 -8.74320E-13  0.00000E+00  0.00000E+00
  7.750E+01  3.91780E-01 -5.75647E-13 -1.23575E-12 -4.24716E-13 -8.69080E-13  0.00000E+00  0.00000E+00
  7.800E+01  3.96044E-01 -5.62065E-13 -1.21831E-12 -4.18485E-13 -8.63850E-13  0.00000E+00  0.00000E+00
  7.850E+01  4.00316E-01 -5.48819E-13 -1.20113E-12 -4.12351E-13 -8.58633E-13  0.00000E+00  0.00000E+00
  7.900E+01  4.04596E-01 -5.35898E-13 -1.18420E-12 -4.06314E-13 -8.53427E-13  0.00000E+00  0.00000E+00
  7.950E+01  4.08882E-01 -5.23295E-13 -1.16752E-12 -4.00370E-13 -8.48234E-13  0.00000E+00  0.00000E+00
  8.000E+01  4.13176E-01 -5.10999E-13 -1.15107E-12 -3.94519E-13 -8.43052E-13  0.00000E+00  0.00000E+00
  8.050E+01  4.17476E-01 -4.99001E-13 -1.13486E-12 -3.88758E-13 -8.37882E-13  0.00000E+00  0.00000E+00
  8.100E+01  4.21783E-01 -4.87295E-13 -1.11888E-12 -3.83086E-13 -8.32725E-13  0.00000E+00  0.00000E+00
  8.150E+01  4.26095E-01 -4.75871E-13 -1.10313E-12 -3.77501E-13 -8.27580E-13  0.00000E+00  0.00000E+00
  8.200E+01  4.30413E-01 -4.64722E-13 -1.08760E-12 -3.72002E-13 -8.22447E-13  0.00000E+00  0.00000E+00
  8.250E+01  4.34737E-01 -4.53842E-13 -1.07229E-12 -3.66586E-13 -8.17327E-13  0.00000E+00  0.00000E+00
  8.300E+01  4.39065E-01 -4.43222E-13 -1.05720E-12 -3.61254E-13 -8.12220E-13  0.00000E+00  0.00000E+00
  8.350E+01  4.43398E-01 -4.32856E-13 -1.04233E-12 -3.56002E-13 -8.07125E-13  0.00000E+00  0.00000E+00
  8.400E+01  4.47736E-01 -4.22737E-13 -1.02766E-12 -3.50830E-13 -8.02043E-13  0.00000E+00  0.00000E+00
  8.450E+01  4.52077E-01 -4.12858E-13 -1.01320E-12 -3.45736E-13 -7.96973E-13  0.00000E+00  0.00000E+00
  8.500E+01  4.56422E-01 -4.03212E-13 -9.98934E-13 -3.40718E-13 -7.91917E-13  0.00000E+00  0.00000E+00
  8.550E+01  4.60770E-01 -3.93794E-13 -9.84871E-13 -3.35776E-13 -7.86873E-13  0.00000E+00  0.00000E+00
  8.600E+01  4.65122E-01 -3.84598E-13 -9.71005E-13 -3.30908E-13 -7.81842E-13  0.00000E+00  0.00000E+00
  8.650E+01  4.69476E-01 -3.75617E-13 -9.57331E-13 -3.26113E-13 -7.76824E-13  0.00000E+00  0.00000E+00
  8.700E+01  4.73832E-01 -3.66848E-13 -9.43846E-13 -3.21389E-13 -7.71818E-13  0.00000E+00  0.00000E+00
  8.750E+01  4.78190E-01 -3.58283E-13 -9.30547E-13 -3.16735E-13 -7.66826E-13  0.00000E+00  0.00000E+00
  8.800E+01  4.82550E-01 -3.49917E-13 -9.17432E-13 -3.12150E-13 -7.61847E-13  0.00000E+00  0.00000E+00
  8.850E+01  4.86912E-01 -3.41745E-13 -9.04496E-13 -3.07633E-13 -7.56880E-13  0.00000E+00  0.00000E+00
  8.900E+01  4.91274E-01 -3.33763E-13 -8.91737E-13 -3.03182E-13 -7.51927E-13  0.00000E+00  0.00000E+00
  8.950E+01  4.95637E-01 -3.25965E-13 -8.79153E-13 -2.98797E-13 -7.46986E-13  0.00000E+00  0.00000E+00
  9.000E+01  5.00000E-01 -3.18348E-13 -8.66741E-13 -2.94476E-13 -7.42058E-13  0.00000E+00  0.00000E+00
  9.050E+01  5.04363E-01 -3.10905E-13 -8.54498E-13 -2.90219E-13 -7.37143E-13  0.00000E+00  0.00000E+00
  9.100E+01  5.08726E-01 -3.03634E-13 -8.42421E-13 -2.86024E-13 -7.32241E-13  0.00000E+00  0.00000E+00
  9.150E+01  5.13088E-01 -2.96529E-13 -8.30507E-13 -2.81889E-13 -7.27352E-13  0.00000E+00  0.00000E+00
  9.200E+01  5.17450E-01 -2.89586E-13 -8.18755E-13 -2.77815E-13 -7.22476E-13  0.00000E+00  0.00000E+00
  9.250E+01  5.21810E-01 -2.82802E-13 -8.07161E-13 -2.73800E-13 -7.17613E-13  0.00000E+00  0.00000E+00
  9.300E+01  5.26168E-01 -2.76172E-13 -7.95722E-13 -2.69843E-13 -7.12762E-13  0.00000E+00  0.00000E+00
  9.350E+01  5.30524E-01 -2.69693E-13 -7.84438E-13 -2.65943E-13 -7.07924E-13  0.00000E+00  0.00000E+00
  9.400E+01  5.34878E-01 -2.63360E-13 -7.73305E-13 -2.62099E-13 -7.03098E-13  0.00000E+00  0.00000E+00
  9.450E+01  5.39230E-01 -2.57171E-13 -7.62322E-13 -2.58310E-13 -6.98286E-13  0.00000E+00  0.00000E+00
  9.500E+01  5.43578E-01 -2.51122E-13 -7.51485E-13 -2.54576E-13 -6.93486E-13  0.00000E+00  0.00000E+00
  9.550E+01  5.47923E-01 -2.45209E-13 -7.40792E-13 -2.50895E-13 -6.88698E-13  0.00000E+00  0.00000E+00
  9.600E+01  5.52264E-01 -2.39428E-13 -7.30242E-13 -2.47267E-13 -6.83923E-13  0.00000E+00  0.00000E+00
  9.650E+01  5.56602E-01 -2.33778E-13 -7.19831E-13 -2.43690E-13 -6.79161E-13  0.00000E+00  0.00000E+00
  9.700E+01  5.60935E-01 -2.28254E-13 -7.09559E-13 -2.40165E-13 -6.74411E-13  0.00000E+00  0.00000E+00
  9.750E+01  5.65263E-01 -2.22854E-13 -6.99423E-13 -2.36689E-13 -6.69673E-13  0.00000E+00  0.00000E+00
  9.800E+01  5.69587E-01 -2.17574E-13 -6.89422E-13 -2.33262E-13 -6.64948E-13  0.00000E+00  0.00000E+00
  9.850E+01  5.73905E-01 -2.12413E-13 -6.79552E-13 -2.29884E-13 -6.60235E-13  0.00000E+00  0.00000E+00
  9.900E+01  5.78217E-01 -2.07366E-13 -6.69812E-13 -2.26554E-13 -6.55534E-13  0.00000E+00  0.00000E+00
  9.950E+01  5.82524E-01 -2.02431E-13 -6.60201E-13 -2.23271E-13 -6.50845E-13  0.00000E+00  0.00000E+00
  1.000E+02  5.86824E-01 -1.97606E-13 -6.50715E-13 -2.20033E-13 -6.46168E-13  0.00000E+00  0.00000E+00
  1.005E+02  5.91118E-01 -1.92888E-13 -6.41354E-13 -2.16842E-13 -6.41504E-13  0.00000E+00  0.00000E+00
  1.010E+02  5.95404E-01 -1.88274E-13 -6.32117E-13 -2.13695E-13 -6.36851E-13  0.00000E+00  0.00000E+00
  1.015E+02  5.99684E-01 -1.83762E-13 -6.23000E-13 -2.10591E-13 -6.32210E-13  0.00000E+00  0.00000E+00
  1.020E+02  6.03956E-01 -1.79350E-13 -6.14003E-13 -2.07532E-13 -6.27581E-13  0.00000E+00  0.00000E+00
  1.025E+02  6.08220E-01 -1.75035E-13 -6.05123E-13 -2.04515E-13 -6.22964E-13  0.00000E+00  0.00000E+00
  1.030E+02  6.12476E-01 -1.70815E-13 -5.96358E-13 -2.01539E-13 -6.18358E-13  0.00000E+00  0.00000E+00
  1.035E+02  6.16723E-01 -1.66688E-13 -5.87708E-13 -1.98606E-13 -6.13764E-13  0.00000E+00  0.00000E+00
  1.040E+02  6.20961E-01 -1.62651E-13 -5.79171E-13 -1.95712E-13 -6.09182E-13  0.00000E+00  0.00000E+00
  1.045E+02  6.25190E-01 -1.58703E-13 -5.70745E-13 -1.92859E-13 -6.04611E-13  0.00000E+00  0.00000E+00
  1.050E+02  6.29410E-01 -1.54842E-13 -5.62429E-13 -1.90046E-13 -6.00051E-13  0.00000E+00  0.00000E+00
  1.055E+02  6.33619E-01 -1.51065E-13 -5.54221E-13 -1.87271E-13 -5.95503E-13  0.00000E+00  0.00000E+00
  1.060E+02  6.37819E-01 -1.47371E-13 -5.46120E-13 -1.84534E-13 -5.90966E-13  0.00000E+00  0.00000E+00
  1.065E+02  6.42008E-01 -1.43757E-13 -5.38123E-13 -1.81835E-13 -5.86440E-13  0.00000E+00  0.00000E+00
  1.070E+02  6.46186E-01 -1.40222E-13 -5.30230E-13 -1.79173E-13 -5.81926E-13  0.00000E+00  0.00000E+00
  1.075E+02  6.50353E-01 -1.36764E-13 -5.22440E-13 -1.76548E-13 -5.77422E-13  0.00000E+00  0.00000E+00
  1.080E+02  6.54508E-01 -1.33382E-13 -5.14751E-13 -1.73958E-13 -5.72929E-13  0.00000E+00  0.00000E+00
  1.085E+02  6.58652E-01 -1.30073E-13 -5.07161E-13 -1.71404E-13 -5.68448E-13  0.00000E+00  0.00000E+00
  1.090E+02  6.62784E-01 -1.26837E-13 -4.99670E-13 -1.68885E-13 -5.63977E-13  0.00000E+00  0.00000E+00
  1.095E+02  6.66903E-01 -1.23670E-13 -4.92276E-13 -1.66400E-13 -5.59516E-13  0.00000E+00  0.00000E+00
  1.100E+02  6.71010E-01 -1.20573E-13 -4.84978E-13 -1.63948E-13 -5.55067E-13  0.00000E+00  0.00000E+00
  1.105E+02  6.75104E-01 -1.17542E-13 -4.77774E-13 -1.61530E-13 -5.50628E-13  0.00000E+00  0.00000E+00
  1.110E+02  6.79184E-01 -1.14578E-13 -4.70663E-13 -1.59145E-13 -5.46199E-13  0.00000E+00  0.00000E+00
  1.115E+02  6.83251E-01 -1.11677E-13 -4.63644E-13 -1.56792E-13 -5.41781E-13  0.00000E+00  0.00000E+00
  1.120E+02  6.87303E-01 -1.08840E-13 -4.56717E-13 -1.54471E-13 -5.37373E-13  0.00000E+00  0.00000E+00
  1.125E+02  6.91342E-01 -1.06064E-13 -4.49879E-13 -1.52182E-13 -5.32975E-13  0.00000E+00  0.00000E+00
  1.130E+02  6.95366E-01 -1.03348E-13 -4.43131E-13 -1.49923E-13 -5.28588E-13  0.00000E+00  0.00000E+00
  1.135E+02  6.99375E-01 -1.00691E-13 -4.36469E-13 -1.47694E-13 -5.24210E-13  0.00000E+00  0.00000E+00
  1.140E+02  7.03368E-01 -9.80911E-14 -4.29894E-13 -1.45496E-13 -5.19843E-13  0.00000E+00  0.00000E+00
  1.145E+02  7.07347E-01 -9.55475E-14 -4.23404E-13 -1.43327E-13 -5.15485E-13  0.00000E+00  0.00000E+00
  1.150E+02  7.11309E-01 -9.30589E-14 -4.16998E-13 -1.41187E-13 -5.11138E-13  0.00000E+00  0.00000E+00
  1.155E+02  7.15256E-01 -9.06242E-14 -4.10676E-13 -1.39076E-13 -5.06800E-13  0.00000E+00  0.00000E+00
  1.160E+02  7.19186E-01 -8.82422E-14 -4.04436E-13 -1.36993E-13 -5.02471E-13  0.00000E+00  0.00000E+00
  1.165E+02  7.23099E-01 -8.59117E-14 -3.98278E-13 -1.34937E-13 -4.98153E-13  0.00000E+00  0.00000E+00
  1.170E+02  7.26995E-01 -8.36314E-14 -3.92200E-13 -1.32909E-13 -4.93844E-13  0.00000E+00  0.00000E+00
  1.175E+02  7.30874E-01 -8.14003E-14 -3.86200E-13 -1.30908E-13 -4.89544E-13  0.00000E+00  0.00000E+00
  1.180E+02  7.34736E-01 -7.92172E-14 -3.80280E-13 -1.28934E-13 -4.85254E-13  0.00000E+00  0.00000E+00
  1.185E+02  7.38579E-01 -7.70814E-14 -3.74436E-13 -1.26985E-13 -4.80973E-13  0.00000E+00  0.00000E+00
  1.190E+02  7.42405E-01 -7.49918E-14 -3.68669E-13 -1.25063E-13 -4.76701E-13  0.00000E+00  0.00000E+00
  1.195E+02  7.46212E-01 -7.29474E-14 -3.62979E-13 -1.23165E-13 -4.72438E-13  0.00000E+00  0.00000E+00
  1.200E+02  7.50000E-01 -7.09472E-14 -3.57362E-13 -1.21293E-13 -4.68184E-13  0.00000E+00  0.00000E+00
  1.205E+02  7.53769E-01 -6.89902E-14 -3.51820E-13 -1.19446E-13 -4.63939E-13  0.00000E+00  0.00000E+00
  1.210E+02  7.57519E-01 -6.70753E-14 -3.46351E-13 -1.17622E-13 -4.59703E-13  0.00000E+00  0.00000E+00
  1.215E+02  7.61249E-01 -6.52017E-14 -3.40953E-13 -1.15823E-13 -4.55476E-13  0.00000E+00  0.00000E+00
  1.220E+02  7.64960E-01 -6.33687E-14 -3.35627E-13 -1.14047E-13 -4.51257E-13  0.00000E+00  0.00000E+00
  1.225E+02  7.68650E-01 -6.15753E-14 -3.30372E-13 -1.12295E-13 -4.47047E-13  0.00000E+00  0.00000E+00
  1.230E+02  7.72320E-01 -5.98209E-14 -3.25187E-13 -1.10565E-13 -4.42846E-13  0.00000E+00  0.00000E+00
  1.235E+02  7.75968E-01 -5.81046E-14 -3.20071E-13 -1.08858E-13 -4.38653E-13  0.00000E+00  0.00000E+00
  1.240E+02  7.79596E-01 -5.64253E-14 -3.15023E-13 -1.07173E-13 -4.34468E-13  0.00000E+00  0.00000E+00
  1.245E+02  7.83203E-01 -5.47823E-14 -3.10043E-13 -1.05510E-13 -4.30292E-13  0.00000E+00  0.00000E+00
  1.250E+02  7.86788E-01 -5.31748E-14 -3.05129E-13 -1.03868E-13 -4.26124E-13  0.00000E+00  0.00000E+00
  1.255E+02  7.90351E-01 -5.16022E-14 -3.00281E-13 -1.02247E-13 -4.21964E-13  0.00000E+00  0.00000E+00
  1.260E+02  7.93893E-01 -5.00638E-14 -2.95498E-13 -1.00648E-13 -4.17812E-13  0.00000E+00  0.00000E+00
  1.265E+02  7.97411E-01 -4.85590E-14 -2.90781E-13 -9.90690E-14 -4.13668E-13  0.00000E+00  0.00000E+00
  1.270E+02  8.00908E-01 -4.70869E-14 -2.86128E-13 -9.75103E-14 -4.09531E-13  0.00000E+00  0.00000E+00
  1.275E+02  8.04381E-01 -4.56468E-14 -2.81538E-13 -9.59715E-14 -4.05403E-13  0.00000E+00  0.00000E+00
  1.280E+02  8.07831E-01 -4.42380E-14 -2.77010E-13 -9.44525E-14 -4.01282E-13  0.00000E+00  0.00000E+00
  1.285E+02  8.11257E-01 -4.28598E-14 -2.72544E-13 -9.29528E-14 -3.97169E-13  0.00000E+00  0.00000E+00
  1.290E+02  8.14660E-01 -4.15116E-14 -2.68140E-13 -9.14721E-14 -3.93064E-13  0.00000E+00  0.00000E+00
  1.295E+02  8.18039E-01 -4.01929E-14 -2.63796E-13 -9.00103E-14 -3.88966E-13  0.00000E+00  0.00000E+00
  1.300E+02  8.21394E-01 -3.89032E-14 -2.59513E-13 -8.85670E-14 -3.84875E-13  0.00000E+00  0.00000E+00
  1.305E+02  8.24724E-01 -3.76419E-14 -2.55289E-13 -8.71418E-14 -3.80792E-13  0.00000E+00  0.00000E+00
  1.310E+02  8.28030E-01 -3.64081E-14 -2.51125E-13 -8.57347E-14 -3.76716E-13  0.00000E+00  0.00000E+00
  1.315E+02  8.31310E-01 -3.52013E-14 -2.47019E-13 -8.43452E-14 -3.72647E-13  0.00000E+00  0.00000E+00
  1.320E+02  8.34565E-01 -3.40210E-14 -2.42970E-13 -8.29731E-14 -3.68585E-13  0.00000E+00  0.00000E+00
  1.325E+02  8.37795E-01 -3.28665E-14 -2.38978E-13 -8.16181E-14 -3.64530E-13  0.00000E+00  0.00000E+00
  1.330E+02  8.40999E-01 -3.17376E-14 -2.35043E-13 -8.02800E-14 -3.60482E-13  0.00000E+00  0.00000E+00
  1.335E+02  8.44177E-01 -3.06337E-14 -2.31165E-13 -7.89585E-14 -3.56440E-13  0.00000E+00  0.00000E+00
  1.340E+02  8.47329E-01 -2.95543E-14 -2.27342E-13 -7.76534E-14 -3.52406E-13  0.00000E+00  0.00000E+00
  1.345E+02  8.50455E-01 -2.84989E-14 -2.23575E-13 -7.63643E-14 -3.48378E-13  0.00000E+00  0.00000E+00
  1.350E+02  8.53553E-01 -2.74667E-14 -2.19861E-13 -7.50911E-14 -3.44357E-13  4.16504E-17  0.00000E+00
  1.355E+02  8.56625E-01 -2.64575E-14 -2.16202E-13 -7.38335E-14 -3.40342E-13  2.80435E-17  0.00000E+00
  1.360E+02  8.59670E-01 -2.54706E-14 -2.12596E-13 -7.25912E-14 -3.36334E-13  1.41631E-17  0.00000E+00
  1.365E+02  8.62687E-01 -2.45057E-14 -2.09044E-13 -7.13641E-14 -3.32332E-13  1.43075E-17  0.00000E+00
  1.370E+02  8.65677E-01 -2.35626E-14 -2.05544E-13 -7.01518E-14 -3.28337E-13  2.89101E-17  0.00000E+00
  1.375E+02  8.68639E-01 -2.26408E-14 -2.02097E-13 -6.89541E-14 -3.24347E-13  1.46058E-17  0.00000E+00
  1.380E+02  8.71572E-01 -2.17397E-14 -1.98701E-13 -6.77709E-14 -3.20364E-13  2.95196E-17  0.00000E+00
  1.385E+02  8.74478E-01 -2.08588E-14 -1.95357E-13 -6.66018E-14 -3.16387E-13  0.00000E+00  0.00000E+00
  1.390E+02  8.77355E-01 -1.99977E-14 -1.92063E-13 -6.54466E-14 -3.12415E-13  4.52331E-17  0.00000E+00
  1.395E+02  8.80203E-01 -1.91560E-14 -1.88819E-13 -6.43052E-14 -3.08450E-13  3.04835E-17  0.00000E+00
  1.400E+02  8.83022E-01 -1.83334E-14 -1.85626E-13 -6.31772E-14 -3.04490E-13  0.00000E+00  0.00000E+00
  1.405E+02  8.85812E-01 -1.75297E-14 -1.82482E-13 -6.20625E-14 -3.00536E-13  3.11604E-17  0.00000E+00
  1.410E+02  8.88573E-01 -1.67444E-14 -1.79388E-13 -6.09608E-14 -2.96588E-13  3.15093E-17  0.00000E+00
  1.415E+02  8.91304E-01 -1.59773E-14 -1.76342E-13 -5.98720E-14 -2.92646E-13  0.00000E+00  0.00000E+00
  1.420E+02  8.94005E-01 -1.52278E-14 -1.73345E-13 -5.87958E-14 -2.88709E-13  3.22286E-17  0.00000E+00
  1.425E+02  8.96677E-01 -1.44954E-14 -1.70395E-13 -5.77320E-14 -2.84777E-13  1.62996E-17  0.00000E+00
  1.430E+02  8.99318E-01 -1.37797E-14 -1.67493E-13 -5.66803E-14 -2.80851E-13  3.29772E-17  0.00000E+00
  1.435E+02  9.01928E-01 -1.30804E-14 -1.64637E-13 -5.56406E-14 -2.76929E-13  1.66814E-17  0.00000E+00
  1.440E+02  9.04508E-01 -1.23977E-14 -1.61829E-13 -5.46127E-14 -2.73014E-13  3.37558E-17  0.00000E+00
  1.445E+02  9.07058E-01 -1.17317E-14 -1.59069E-13 -5.35964E-14 -2.69103E-13  5.97732E-17  0.00000E+00
  1.450E+02  9.09576E-01 -1.10812E-14 -1.56354E-13 -5.25915E-14 -2.65197E-13  8.64104E-18  0.00000E+00
  1.455E+02  9.12063E-01 -1.04456E-14 -1.53685E-13 -5.15977E-14 -2.61296E-13  4.37251E-17  0.00000E+00
  1.460E+02  9.14519E-01 -9.82490E-15 -1.51060E-13 -5.06148E-14 -2.57401E-13  3.54037E-17  0.00000E+00
  1.465E+02  9.16943E-01 -9.21900E-15 -1.48481E-13 -4.96428E-14 -2.53510E-13  3.58352E-17  0.00000E+00
  1.470E+02  9.19335E-01 -8.62774E-15 -1.45947E-13 -4.86813E-14 -2.49623E-13  3.62745E-17  0.00000E+00
  1.475E+02  9.21696E-01 -8.05090E-15 -1.43457E-13 -4.77302E-14 -2.45742E-13  3.67215E-17  0.00000E+00
  1.480E+02  9.24024E-01 -7.48811E-15 -1.41012E-13 -4.67893E-14 -2.41865E-13  3.71763E-17  0.00000E+00
  1.485E+02  9.26320E-01 -6.93899E-15 -1.38611E-13 -4.58584E-14 -2.37992E-13  1.88195E-17  0.00000E+00
  1.490E+02  9.28584E-01 -6.40317E-15 -1.36254E-13 -4.49373E-14 -2.34124E-13  4.76368E-17  0.00000E+00
  1.495E+02  9.30815E-01 -5.88039E-15 -1.33939E-13 -4.40258E-14 -2.30261E-13  5.78817E-17  0.00000E+00
  1.500E+02  9.33013E-01 -5.37049E-15 -1.31667E-13 -4.31238E-14 -2.26401E-13  4.88426E-18  0.00000E+00
  1.505E+02  9.35178E-01 -4.87335E-15 -1.29438E-13 -4.22310E-14 -2.22546E-13  3.95680E-17  0.00000E+00
  1.510E+02  9.37310E-01 -4.38882E-15 -1.27252E-13 -4.13473E-14 -2.18695E-13  4.50782E-17  0.00000E+00
  1.515E+02  9.39409E-01 -3.91665E-15 -1.25108E-13 -4.04725E-14 -2.14849E-13  2.53615E-17  0.00000E+00
  1.520E+02  9.41474E-01 -3.45652E-15 -1.23006E-13 -3.96064E-14 -2.11006E-13  2.05475E-17  0.00000E+00
  1.525E+02  9.43505E-01 -3.00811E-15 -1.20945E-13 -3.87489E-14 -2.07167E-13  4.68211E-17  0.00000E+00
  1.530E+02  9.45503E-01 -2.57114E-15 -1.18926E-13 -3.78997E-14 -2.03332E-13  3.16124E-17  0.00000E+00
  1.535E+02  9.47467E-01 -2.14547E-15 -1.16948E-13 -3.70587E-14 -1.99501E-13  1.60081E-17  0.00000E+00
  1.540E+02  9.49397E-01 -1.73101E-15 -1.15011E-13 -3.62257E-14 -1.95673E-13  3.51271E-17  0.00000E+00
  1.545E+02  9.51293E-01 -1.32765E-15 -1.13114E-13 -3.54006E-14 -1.91849E-13  3.83120E-17  0.00000E+00
  1.550E+02  9.53154E-01 -9.35219E-16 -1.11258E-13 -3.45832E-14 -1.88029E-13  5.54290E-18  0.00000E+00
  1.555E+02  9.54981E-01 -5.53462E-16 -1.09443E-13 -3.37732E-14 -1.84212E-13  2.80671E-17  0.00000E+00
  1.560E+02  9.56773E-01 -1.82077E-16 -1.07668E-13 -3.29706E-14 -1.80399E-13  3.94376E-17  0.00000E+00
  1.565E+02  9.58530E-01  1.79189E-16 -1.05932E-13 -3.21752E-14 -1.76589E-13  2.15876E-17  0.00000E+00
  1.570E+02  9.60252E-01  5.30489E-16 -1.04236E-13 -3.13867E-14 -1.72782E-13  1.16587E-17  0.00000E+00
  1.575E+02  9.61940E-01  8.71886E-16 -1.02579E-13 -3.06051E-14 -1.68978E-13  3.98426E-17  2.15891E-17
  1.580E+02  9.63592E-01  1.20343E-15 -1.00961E-13 -2.98302E-14 -1.65178E-13  3.58585E-17  0.00000E+00
  1.585E+02  9.65209E-01  1.52523E-15 -9.93825E-14 -2.90618E-14 -1.61381E-13  1.51268E-17  0.00000E+00
  1.590E+02  9.66790E-01  1.83749E-15 -9.78431E-14 -2.82997E-14 -1.57586E-13  3.67529E-17  2.14677E-17
  1.595E+02  9.68336E-01  2.14050E-15 -9.63424E-14 -2.75439E-14 -1.53795E-13  4.34043E-17  0.00000E+00
  1.600E+02  9.69846E-01  2.43449E-15 -9.48798E-14 -2.67940E-14 -1.50006E-13  3.13804E-17  2.13918E-17
  1.605E+02  9.71321E-01  2.71961E-15 -9.34553E-14 -2.60500E-14 -1.46221E-13  1.27036E-17  4.27108E-17
  1.610E+02  9.72759E-01  2.99590E-15 -9.20689E-14 -2.53118E-14 -1.42438E-13  6.42774E-17  4.26400E-17
  1.615E+02  9.74162E-01  3.26337E-15 -9.07205E-14 -2.45791E-14 -1.38657E-13  5.85336E-17  2.12856E-17
  1.620E+02  9.75528E-01  3.52208E-15 -8.94103E-14 -2.38517E-14 -1.34879E-13  1.31594E-17  0.00000E+00
  1.625E+02  9.76858E-01  3.77217E-15 -8.81379E-14 -2.31297E-14 -1.31104E-13  7.32117E-17  6.36590E-17
  1.630E+02  9.78152E-01  4.01391E-15 -8.69030E-14 -2.24127E-14 -1.27331E-13  6.73133E-17  2.11882E-17
  1.635E+02  9.79410E-01  4.24752E-15 -8.57053E-14 -2.17006E-14 -1.23561E-13  2.04204E-17  4.23153E-17
  1.640E+02  9.80631E-01  4.47315E-15 -8.45444E-14 -2.09934E-14 -1.19792E-13  6.88190E-17  6.33843E-17
  1.645E+02  9.81815E-01  4.69083E-15 -8.34206E-14 -2.02907E-14 -1.16026E-13  7.65219E-17  2.10995E-17
  1.650E+02  9.82963E-01  4.90051E-15 -8.23338E-14 -1.95926E-14 -1.12262E-13  2.10917E-17  4.21438E-17
  1.655E+02  9.84074E-01  5.10222E-15 -8.12841E-14 -1.88988E-14 -1.08501E-13  6.39351E-17  6.31356E-17
  1.660E+02  9.85148E-01  5.29605E-15 -8.02714E-14 -1.82091E-14 -1.04741E-13  7.17637E-17  0.00000E+00
  1.665E+02  9.86185E-01  5.48222E-15 -7.92953E-14 -1.75235E-14 -1.00983E-13  8.69747E-17  2.09947E-17
  1.670E+02  9.87185E-01  5.66098E-15 -7.83555E-14 -1.68417E-14 -9.72270E-14  4.39102E-17  0.00000E+00
  1.675E+02  9.88148E-01  5.83245E-15 -7.74517E-14 -1.61637E-14 -9.34728E-14  8.86523E-17  2.09479E-17
  1.680E+02  9.89074E-01  5.99666E-15 -7.65840E-14 -1.54893E-14 -8.97204E-14  5.96456E-17  2.09259E-17
  1.685E+02  9.89962E-01  6.15353E-15 -7.57525E-14 -1.48183E-14 -8.59696E-14  4.51336E-17  1.04524E-16
  1.690E+02  9.90814E-01  6.30302E-15 -7.49574E-14 -1.41505E-14 -8.22204E-14  7.58723E-17  2.08847E-17
  1.695E+02  9.91627E-01  6.44519E-15 -7.41986E-14 -1.34860E-14 -7.84727E-14  0.00000E+00  0.00000E+00
  1.700E+02  9.92404E-01  6.58022E-15 -7.34758E-14 -1.28244E-14 -7.47265E-14  7.71180E-17  1.25083E-16
  1.705E+02  9.93143E-01  6.70835E-15 -7.27886E-14 -1.21656E-14 -7.09816E-14  7.77120E-17  1.24979E-16
  1.710E+02  9.93844E-01  6.82973E-15 -7.21367E-14 -1.15096E-14 -6.72381E-14  3.13142E-17  0.00000E+00
  1.715E+02  9.94508E-01  6.94438E-15 -7.15202E-14 -1.08561E-14 -6.34958E-14  1.10371E-16  1.45584E-16
  1.720E+02  9.95134E-01  7.05219E-15 -7.09394E-14 -1.02051E-14 -5.97547E-14  7.93644E-17  2.28613E-16
  1.725E+02  9.95722E-01  7.15304E-15 -7.03943E-14 -9.55628E-15 -5.60147E-14  1.59734E-17  0.00000E+00
  1.730E+02  9.96273E-01  7.24694E-15 -6.98851E-14 -8.90962E-15 -5.22757E-14  9.64115E-17  3.11346E-16
  1.735E+02  9.96786E-01  7.33404E-15 -6.94115E-14 -8.26495E-15 -4.85377E-14  6.46332E-17  3.94143E-16
  1.740E+02  9.97261E-01  7.41459E-15 -6.89730E-14 -7.62211E-15 -4.48006E-14  3.24847E-17  1.24400E-16
  1.745E+02  9.97698E-01  7.48876E-15 -6.85695E-14 -6.98098E-15 -4.10643E-14  1.14245E-16  3.52293E-16
  1.750E+02  9.98097E-01  7.55661E-15 -6.82007E-14 -6.34140E-15 -3.73288E-14  4.91788E-17  7.24983E-16
  1.755E+02  9.98459E-01  7.61796E-15 -6.78671E-14 -5.70324E-15 -3.35939E-14  3.29180E-17  3.10581E-16
  1.760E+02  9.98782E-01  7.67262E-15 -6.75690E-14 -5.06634E-15 -2.98597E-14  2.14741E-16  6.41634E-16
  1.765E+02  9.99067E-01  7.72051E-15 -6.73065E-14 -4.43058E-15 -2.61260E-14  8.28565E-17  1.26217E-15
  1.770E+02  9.99315E-01  7.76170E-15 -6.70795E-14 -3.79580E-15 -2.23928E-14  1.16321E-16  8.48106E-16
  1.775E+02  9.99524E-01  7.79653E-15 -6.68876E-14 -3.16187E-15 -1.86601E-14  2.66501E-16  1.05471E-15
  1.780E+02  9.99695E-01  7.82522E-15 -6.67301E-14 -2.52866E-15 -1.49277E-14  1.16820E-16  3.18421E-15
  1.785E+02  9.99829E-01  7.84796E-15 -6.66069E-14 -1.89600E-15 -1.11955E-14  2.17280E-16  2.97699E-15
  1.790E+02  9.99924E-01  7.86458E-15 -6.65181E-14 -1.26377E-15 -7.46357E-15  3.84841E-16  3.30741E-15
  1.795E+02  9.99981E-01  7.87476E-15 -6.64645E-14 -6.31816E-16 -3.73175E-15  1.67433E-16  2.59821E-14
  1.800E+02  1.00000E+00  7.87844E-15 -6.64465E-14 -8.86624E-30 -5.23691E-29  9.44533E-15  3.55329E-11
